1100,20160112,11, 1,1,       1801 ,,080000,,080000123100,1,,,,,,0,599,1000,112,,,0
1100,20160112,11, 1,1,       1801 ,,080000,080000,080000142300,1,,,,,,0,899,1000,112,899,2000,112
1100,20160112,11, 1,1,       1801 ,,080000,080000,080000260100,1,,,,,,0,829,2000,112,829,2000,112
1100,20160112,11, 1,1,       1801 ,,080000,080000,080000603400,1,,,,,,0,825,2000,112,825,2000,112
1100,20160112,11, 1,1,       1801 ,,080001,080001,080001608600,1,,,,,,0,820,2000,112,820,2000,112
1100,20160112,11, 1,1,       1801 ,,080002,080002,080002125100,1,,,,,,0,820,3000,112,819,2000,112
1100,20160112,11, 1,1,       1801 ,,080002,080002,080002202800,1,,,,,,0,825,4000,112,825,4000,112
1100,20160112,11, 1,1,       1801 ,,080002,080002,080002236500,1,,,,,,0,730,7000,112,730,7000,112
1100,20160112,11, 1,1,       1801 ,,080008,080008,080008585500,1,,,,,,0,731,7000,112,730,8000,112
1100,20160112,11, 1,1,       1801 ,,080008,080008,080008673300,1,,,,,,0,734,7000,112,734,7000,112
1100,20160112,11, 1,1,       1801 ,,080012,080012,080012515900,1,,,,,,0,735,7000,112,735,7000,112
1100,20160112,11, 1,1,       1801 ,,080013,080013,080013641100,1,,,,,,0,734,8000,112,734,8000,112
1100,20160112,11, 1,1,       1801 ,,080022,080022,080022238200,1,,,,,,0,735,8000,112,735,8000,112
1100,20160112,11, 1,1,       1801 ,,080025,080025,080025089400,1,,,,,,0,740,8000,112,740,8000,112
1100,20160112,11, 1,1,       1801 ,,080029,080029,080029599500,1,,,,,,0,741,8000,112,740,9000,112
1100,20160112,11, 1,1,       1801 ,,080030,080030,080030017900,1,,,,,,0,735,10000,112,735,10000,112
1100,20160112,11, 1,1,       1801 ,,080030,080030,080030035400,1,,,,,,0,734,11000,112,734,11000,112
1100,20160112,11, 1,1,       1801 ,,080030,080030,080030558400,1,,,,,,0,740,11000,112,740,11000,112
1100,20160112,11, 1,1,       1801 ,,080032,080032,080032797200,1,,,,,,0,741,11000,112,740,12000,112
1100,20160112,11, 1,1,       1801 ,,080036,080036,080036987700,1,,,,,,0,741,11000,112,740,13000,112
1100,20160112,11, 1,1,       1801 ,,080042,080042,080042012700,1,,,,,,0,740,13000,112,740,13000,112
1100,20160112,11, 1,1,       1801 ,,080046,080046,080046603000,1,,,,,,0,741,13000,112,740,14000,112
1100,20160112,11, 1,1,       1801 ,,080049,080049,080049598500,1,,,,,,0,741,13000,112,740,15000,112
1100,20160112,11, 1,1,       1801 ,,080050,080050,080050087600,1,,,,,,0,736,16000,112,735,17000,112
1100,20160112,11, 1,1,       1801 ,,080054,080054,080054120800,1,,,,,,0,740,16000,112,740,16000,112
1100,20160112,11, 1,1,       1801 ,,080101,080101,080101111600,1,,,,,,0,741,16000,112,740,17000,112
1100,20160112,11, 1,1,       1801 ,,080102,080102,080102608200,1,,,,,,0,741,16000,112,740,18000,112
1100,20160112,11, 1,1,       1801 ,,080105,080105,080105130700,1,,,,,,0,741,16000,112,740,19000,112
1100,20160112,11, 1,1,       1801 ,,080109,080109,080109136500,1,,,,,,0,741,16000,112,741,16000,112
1100,20160112,11, 1,1,       1801 ,,080110,080110,080110625100,1,,,,,,0,749,16000,112,749,17000,112
1100,20160112,11, 1,1,       1801 ,,080121,080121,080121119300,1,,,,,,0,748,18000,112,748,18000,112
1100,20160112,11, 1,1,       1801 ,,080129,080129,080129608600,1,,,,,,0,749,18000,112,749,18000,112
1100,20160112,11, 1,1,       1801 ,,080133,080133,080133291900,1,,,,,,0,749,18000,112,749,19000,112
1100,20160112,11, 1,1,       1801 ,,080134,080134,080134376100,1,,,,,,0,749,19000,112,749,19000,112
1100,20160112,11, 1,1,       1801 ,,080135,080135,080135602500,1,,,,,,0,751,19000,112,750,20000,112
1100,20160112,11, 1,1,       1801 ,,080152,080152,080152628700,1,,,,,,0,746,19000,112,745,20000,112
1100,20160112,11, 1,1,       1801 ,,080157,080157,080157121100,1,,,,,,0,746,19000,112,745,21000,112
1100,20160112,11, 1,1,       1801 ,,080159,080159,080159103700,1,,,,,,0,746,19000,112,745,23000,112
1100,20160112,11, 1,1,       1801 ,,080202,080202,080202603100,1,,,,,,0,746,19000,112,745,24000,112
1100,20160112,11, 1,1,       1801 ,,080203,080203,080203670900,1,,,,,,0,746,19000,112,746,19000,112
1100,20160112,11, 1,1,       1801 ,,080207,080207,080207062900,1,,,,,,0,747,19000,112,746,20000,112
1100,20160112,11, 1,1,       1801 ,,080207,080207,080207543800,1,,,,,,0,747,19000,112,747,19000,112
1100,20160112,11, 1,1,       1801 ,,080212,080212,080212198900,1,,,,,,0,747,20000,112,746,27000,112
1100,20160112,11, 1,1,       1801 ,,080226,080226,080226116600,1,,,,,,0,747,20000,112,747,20000,112
1100,20160112,11, 1,1,       1801 ,,080227,080227,080227102300,1,,,,,,0,747,21000,112,746,28000,112
1100,20160112,11, 1,1,       1801 ,,080228,080228,080228198400,1,,,,,,0,747,21000,112,747,21000,112
1100,20160112,11, 1,1,       1801 ,,080232,080232,080232632600,1,,,,,,0,748,22000,112,747,22000,112
1100,20160112,11, 1,1,       1801 ,,080233,080233,080233099000,1,,,,,,0,747,23000,112,746,30000,112
1100,20160112,11, 1,1,       1801 ,,080233,080233,080233607700,1,,,,,,0,747,24000,112,746,30000,112
1100,20160112,11, 1,1,       1801 ,,080243,080243,080243795800,1,,,,,,0,747,27000,112,746,30000,112
1100,20160112,11, 1,1,       1801 ,,080246,080246,080246626900,1,,,,,,0,747,27000,112,746,31000,112
1100,20160112,11, 1,1,       1801 ,,080249,080249,080249412100,1,,,,,,0,747,27000,112,746,32000,112
1100,20160112,11, 1,1,       1801 ,,080322,080322,080322665100,1,,,,,,0,747,30000,112,746,32000,112
1100,20160112,11, 1,1,       1801 ,,080330,080330,080330023400,1,,,,,,0,746,36000,112,745,48000,112
1100,20160112,11, 1,1,       1801 ,,080334,080334,080334053500,1,,,,,,0,746,37000,112,745,48000,112
1100,20160112,11, 1,1,       1801 ,,080339,080339,080339882900,1,,,,,,0,746,38000,112,745,48000,112
1100,20160112,11, 1,1,       1801 ,,080343,080343,080343185500,1,,,,,,0,746,38000,112,745,49000,112
1100,20160112,11, 1,1,       1801 ,,080346,080346,080346681100,1,,,,,,0,746,39000,112,745,49000,112
1100,20160112,11, 1,1,       1801 ,,080347,080347,080347569900,1,,,,,,0,746,39000,112,745,50000,112
1100,20160112,11, 1,1,       1801 ,,080347,080347,080347612500,1,,,,,,0,746,40000,112,745,50000,112
1100,20160112,11, 1,1,       1801 ,,080355,080355,080355546600,1,,,,,,0,746,41000,112,745,50000,112
1100,20160112,11, 1,1,       1801 ,,080359,080359,080359607300,1,,,,,,0,746,41000,112,745,51000,112
1100,20160112,11, 1,1,       1801 ,,080403,080403,080403638000,1,,,,,,0,746,42000,112,745,51000,112
1100,20160112,11, 1,1,       1801 ,,080409,080409,080409449000,1,,,,,,0,747,42000,112,746,45000,112
1100,20160112,11, 1,1,       1801 ,,080409,080409,080409544100,1,,,,,,0,747,44000,112,746,45000,112
1100,20160112,11, 1,1,       1801 ,,080410,080410,080410631900,1,,,,,,0,747,44000,112,746,46000,112
1100,20160112,11, 1,1,       1801 ,,080413,080413,080413554300,1,,,,,,0,746,46000,112,746,46000,112
1100,20160112,11, 1,1,       1801 ,,080424,080424,080424561900,1,,,,,,0,746,47000,112,745,62000,112
1100,20160112,11, 1,1,       1801 ,,080427,080427,080427629400,1,,,,,,0,746,47000,112,746,47000,112
1100,20160112,11, 1,1,       1801 ,,080432,080432,080432553100,1,,,,,,0,747,47000,112,746,48000,112
1100,20160112,11, 1,1,       1801 ,,080448,080448,080448063500,1,,,,,,0,746,49000,112,745,64000,112
1100,20160112,11, 1,1,       1801 ,,080458,080458,080458050200,1,,,,,,0,746,53000,112,745,64000,112
1100,20160112,11, 1,1,       1801 ,,080459,080459,080459116800,1,,,,,,0,746,53000,112,745,65000,112
1100,20160112,11, 1,1,       1801 ,,080500,080500,080500299600,1,,,,,,0,746,53000,112,745,66000,112
1100,20160112,11, 1,1,       1801 ,,080501,080501,080501138500,1,,,,,,0,746,53000,112,745,68000,112
1100,20160112,11, 1,1,       1801 ,,080501,080501,080501144700,1,,,,,,0,746,53000,112,745,71000,112
1100,20160112,11, 1,1,       1801 ,,080501,080501,080501149500,1,,,,,,0,747,53000,112,746,54000,112
1100,20160112,11, 1,1,       1801 ,,080514,080514,080514117700,1,,,,,,0,746,54000,112,746,54000,112
1100,20160112,11, 1,1,       1801 ,,080517,080517,080517645600,1,,,,,,0,747,54000,112,746,55000,112
1100,20160112,11, 1,1,       1801 ,,080521,080521,080521139800,1,,,,,,0,747,54000,112,746,57000,112
1100,20160112,11, 1,1,       1801 ,,080526,080526,080526835100,1,,,,,,0,746,57000,112,746,57000,112
1100,20160112,11, 1,1,       1801 ,,080529,080529,080529196500,1,,,,,,0,747,57000,112,746,58000,112
1100,20160112,11, 1,1,       1801 ,,080530,080530,080530665600,1,,,,,,0,746,62000,112,745,81000,112
1100,20160112,11, 1,1,       1801 ,,080533,080533,080533188400,1,,,,,,0,746,62000,112,745,82000,112
1100,20160112,11, 1,1,       1801 ,,080534,080534,080534150300,1,,,,,,0,746,62000,112,745,83000,112
1100,20160112,11, 1,1,       1801 ,,080540,080540,080540149000,1,,,,,,0,746,62000,112,745,84000,112
1100,20160112,11, 1,1,       1801 ,,080552,080552,080552409300,1,,,,,,0,747,62000,112,746,64000,112
1100,20160112,11, 1,1,       1801 ,,080555,080555,080555173200,1,,,,,,0,747,63000,112,746,64000,112
1100,20160112,11, 1,1,       1801 ,,080556,080556,080556153300,1,,,,,,0,747,63000,112,746,65000,112
1100,20160112,11, 1,1,       1801 ,,080557,080557,080557637000,1,,,,,,0,747,64000,112,746,65000,112
1100,20160112,11, 1,1,       1801 ,,080604,080604,080604153900,1,,,,,,0,747,64000,112,746,66000,112
1100,20160112,11, 1,1,       1801 ,,080604,080604,080604892300,1,,,,,,0,746,66000,112,746,66000,112
1100,20160112,11, 1,1,       1801 ,,080630,080630,080630033000,1,,,,,,0,746,73000,112,745,94000,112
1100,20160112,11, 1,1,       1801 ,,080701,080701,080701824700,1,,,,,,0,746,73000,112,745,95000,112
1100,20160112,11, 1,1,       1801 ,,080704,080704,080704120100,1,,,,,,0,746,73000,112,745,96000,112
1100,20160112,11, 1,1,       1801 ,,080723,080723,080723510100,1,,,,,,0,746,73000,112,745,95000,112
1100,20160112,11, 1,1,       1801 ,,080758,080758,080758435100,1,,,,,,0,746,73000,112,745,97000,112
1100,20160112,11, 1,1,       1801 ,,080813,080813,080813536700,1,,,,,,0,746,74000,112,745,97000,112
1100,20160112,11, 1,1,       1801 ,,080819,080819,080819764400,1,,,,,,0,746,74000,112,745,94000,112
1100,20160112,11, 1,1,       1801 ,,081221,081221,081221869300,1,,,,,,0,746,74000,112,745,95000,112
1100,20160112,11, 1,1,       1801 ,,081500,081500,081500030800,1,,,,,,0,746,77000,112,745,95000,112
1100,20160112,11, 1,1,       1801 ,,081506,081506,081506356200,1,,,,,,0,746,77000,112,745,96000,112
1100,20160112,11, 1,1,       1801 ,,081527,081527,081527887900,1,,,,,,0,746,79000,112,745,96000,112
1100,20160112,11, 1,1,       1801 ,,081534,081534,081534875200,1,,,,,,0,746,81000,112,745,96000,112
1100,20160112,11, 1,1,       1801 ,,081635,081635,081635138800,1,,,,,,0,746,84000,112,745,96000,112
1100,20160112,11, 1,1,       1801 ,,081736,081736,081736087400,1,,,,,,0,747,84000,112,746,88000,112
1100,20160112,11, 1,1,       1801 ,,081737,081737,081737896200,1,,,,,,0,746,84000,112,745,96000,112
1100,20160112,11, 1,1,       1801 ,,081740,081740,081740339400,1,,,,,,0,747,84000,112,746,88000,112
1100,20160112,11, 1,1,       1801 ,,081742,081742,081742361700,1,,,,,,0,746,84000,112,745,96000,112
1100,20160112,11, 1,1,       1801 ,,081744,081744,081744151500,1,,,,,,0,747,84000,112,746,88000,112
1100,20160112,11, 1,1,       1801 ,,081746,081746,081746989800,1,,,,,,0,746,84000,112,745,96000,112
1100,20160112,11, 1,1,       1801 ,,081911,081911,081911110900,1,,,,,,0,746,84000,112,745,97000,112
1100,20160112,11, 1,1,       1801 ,,081918,081918,081918605400,1,,,,,,0,746,84000,112,745,96000,112
1100,20160112,11, 1,1,       1801 ,,081935,081935,081935593500,1,,,,,,0,746,84000,112,745,97000,112
1100,20160112,11, 1,1,       1801 ,,081954,081954,081954335200,1,,,,,,0,746,87000,112,745,97000,112
1100,20160112,11, 1,1,       1801 ,,082027,082027,082027216300,1,,,,,,0,746,90000,112,745,97000,112
1100,20160112,11, 1,1,       1801 ,,082202,082202,082202507600,1,,,,,,0,746,92000,112,745,97000,112
1100,20160112,11, 1,1,       1801 ,,082215,082215,082215724600,1,,,,,,0,746,93000,112,745,97000,112
1100,20160112,11, 1,1,       1801 ,,082303,082303,082303462000,1,,,,,,0,746,94000,112,745,97000,112
1100,20160112,11, 1,1,       1801 ,,082303,082303,082303594700,1,,,,,,0,746,95000,112,745,97000,112
1100,20160112,11, 1,1,       1801 ,,082319,082319,082319652100,1,,,,,,0,746,95000,112,745,98000,112
1100,20160112,11, 1,1,       1801 ,,082537,082537,082537846600,1,,,,,,0,746,95000,112,745,99000,112
1100,20160112,11, 1,1,       1801 ,,082607,082607,082607057200,1,,,,,,0,746,97000,112,745,99000,112
1100,20160112,11, 1,1,       1801 ,,082716,082716,082716938500,1,,,,,,0,746,97000,112,745,98000,112
1100,20160112,11, 1,1,       1801 ,,082736,082736,082736815200,1,,,,,,0,746,97000,112,745,107000,112
1100,20160112,11, 1,1,       1801 ,,082737,082737,082737855800,1,,,,,,0,746,106000,112,745,107000,112
1100,20160112,11, 1,1,       1801 ,,082831,082831,082831325100,1,,,,,,0,746,106000,112,745,108000,112
1100,20160112,11, 1,1,       1801 ,,082834,082834,082834328600,1,,,,,,0,746,107000,112,745,108000,112
1100,20160112,11, 1,1,       1801 ,,082925,082925,082925904100,1,,,,,,0,745,108000,112,745,108000,112
1100,20160112,11, 1,1,       1801 ,,083000,083000,083000285900,1,,,,,,0,746,108000,112,745,109000,112
1100,20160112,11, 1,1,       1801 ,,083013,083013,083013262100,1,,,,,,0,745,109000,112,745,109000,112
1100,20160112,11, 1,1,       1801 ,,083123,083123,083123742000,1,,,,,,0,745,110000,112,745,109000,112
1100,20160112,11, 1,1,       1801 ,,083148,083148,083148508200,1,,,,,,0,746,110000,112,745,111000,112
1100,20160112,11, 1,1,       1801 ,,083216,083216,083216477600,1,,,,,,0,744,109000,112,743,111000,112
1100,20160112,11, 1,1,       1801 ,,083245,083245,083245878700,1,,,,,,0,743,111000,112,743,111000,112
1100,20160112,11, 1,1,       1801 ,,083254,083254,083254347800,1,,,,,,0,743,111000,112,742,117000,112
1100,20160112,11, 1,1,       1801 ,,083259,083259,083259902900,1,,,,,,0,743,112000,112,742,117000,112
1100,20160112,11, 1,1,       1801 ,,083315,083315,083315059400,1,,,,,,0,743,112000,112,742,118000,112
1100,20160112,11, 1,1,       1801 ,,083325,083325,083325116000,1,,,,,,0,746,113000,112,745,115000,112
1100,20160112,11, 1,1,       1801 ,,083332,083332,083332135900,1,,,,,,0,746,114000,112,745,115000,112
1100,20160112,11, 1,1,       1801 ,,083349,083349,083349336100,1,,,,,,0,746,114000,112,745,116000,112
1100,20160112,11, 1,1,       1801 ,,083440,083440,083440416100,1,,,,,,0,746,114000,112,745,118000,112
1100,20160112,11, 1,1,       1801 ,,083536,083536,083536658100,1,,,,,,0,746,115000,112,745,118000,112
1100,20160112,11, 1,1,       1801 ,,083616,083616,083616225700,1,,,,,,0,742,145000,112,741,148000,112
1100,20160112,11, 1,1,       1801 ,,083627,083627,083627835200,1,,,,,,0,742,145000,112,741,152000,112
1100,20160112,11, 1,1,       1801 ,,083632,083632,083632438600,1,,,,,,0,742,143000,112,741,152000,112
1100,20160112,11, 1,1,       1801 ,,083707,083707,083707037800,1,,,,,,0,742,144000,112,741,152000,112
1100,20160112,11, 1,1,       1801 ,,083737,083737,083737004200,1,,,,,,0,743,144000,112,742,146000,112
1100,20160112,11, 1,1,       1801 ,,083839,083839,083839546200,1,,,,,,0,742,147000,112,741,166000,112
1100,20160112,11, 1,1,       1801 ,,083843,083843,083843010200,1,,,,,,0,742,147000,112,741,165000,112
1100,20160112,11, 1,1,       1801 ,,083902,083902,083902789800,1,,,,,,0,742,149000,112,741,165000,112
1100,20160112,11, 1,1,       1801 ,,083915,083915,083915658600,1,,,,,,0,742,149000,112,741,164000,112
1100,20160112,11, 1,1,       1801 ,,083928,083928,083928904200,1,,,,,,0,742,149000,112,741,165000,112
1100,20160112,11, 1,1,       1801 ,,083948,083948,083948659100,1,,,,,,0,741,169000,112,740,191000,112
1100,20160112,11, 1,1,       1801 ,,083949,083949,083949166400,1,,,,,,0,741,169000,112,740,192000,112
1100,20160112,11, 1,1,       1801 ,,084000,084000,084000156700,1,,,,,,0,741,170000,112,740,192000,112
1100,20160112,11, 1,1,       1801 ,,084002,084002,084002256100,1,,,,,,0,741,171000,112,740,192000,112
1100,20160112,11, 1,1,       1801 ,,084017,084017,084017630200,1,,,,,,0,741,171000,112,740,193000,112
1100,20160112,11, 1,1,       1801 ,,084154,084154,084154451900,1,,,,,,0,741,171000,112,740,192000,112
1100,20160112,11, 1,1,       1801 ,,084221,084221,084221950500,1,,,,,,0,741,171000,112,740,194000,112
1100,20160112,11, 1,1,       1801 ,,084241,084241,084241631900,1,,,,,,0,741,172000,112,740,194000,112
1100,20160112,11, 1,1,       1801 ,,084329,084329,084329248700,1,,,,,,0,741,172000,112,740,195000,112
1100,20160112,11, 1,1,       1801 ,,084349,084349,084349627300,1,,,,,,0,741,172000,112,740,196000,112
1100,20160112,11, 1,1,       1801 ,,084405,084405,084405450300,1,,,,,,0,741,172000,112,740,197000,112
1100,20160112,11, 1,1,       1801 ,,084412,084412,084412392300,1,,,,,,0,741,171000,112,740,197000,112
1100,20160112,11, 1,1,       1801 ,,084419,084419,084419339200,1,,,,,,0,742,151000,112,741,168000,112
1100,20160112,11, 1,1,       1801 ,,084446,084446,084446003900,1,,,,,,0,743,151000,112,742,156000,112
1100,20160112,11, 1,1,       1801 ,,084452,084452,084452445900,1,,,,,,0,746,152000,112,745,157000,112
1100,20160112,11, 1,1,       1801 ,,084500,084500,084500532900,1,,,,,,0,746,152000,112,745,158000,112
1100,20160112,11, 1,1,       1801 ,,084509,084509,084509397000,1,,,,,,0,746,151000,112,745,158000,112
1100,20160112,11, 1,1,       1801 ,,084517,084517,084517700400,1,,,,,,0,746,151000,112,745,163000,112
1100,20160112,11, 1,1,       1801 ,,084544,084544,084544064200,1,,,,,,0,746,151000,112,745,173000,112
1100,20160112,11, 1,1,       1801 ,,084545,084545,084545968900,1,,,,,,0,746,154000,112,745,173000,112
1100,20160112,11, 1,1,       1801 ,,084554,084554,084554341600,1,,,,,,0,746,153000,112,745,173000,112
1100,20160112,11, 1,1,       1801 ,,084658,084658,084658801600,1,,,,,,0,746,156000,112,745,173000,112
1100,20160112,11, 1,1,       1801 ,,084714,084714,084714308900,1,,,,,,0,746,157000,112,745,173000,112
1100,20160112,11, 1,1,       1801 ,,084829,084829,084829645800,1,,,,,,0,746,160000,112,745,173000,112
1100,20160112,11, 1,1,       1801 ,,084833,084833,084833473100,1,,,,,,0,746,161000,112,745,173000,112
1100,20160112,11, 1,1,       1801 ,,084910,084910,084910370300,1,,,,,,0,746,159000,112,745,173000,112
1100,20160112,11, 1,1,       1801 ,,084932,084932,084932852000,1,,,,,,0,746,159000,112,745,174000,112
1100,20160112,11, 1,1,       1801 ,,084955,084955,084955433400,1,,,,,,0,746,156000,112,745,174000,112
1100,20160112,11, 1,1,       1801 ,,085001,085001,085001109600,1,,,,,,0,746,157000,112,745,174000,112
1100,20160112,11, 1,1,       1801 ,,085032,085032,085032943200,1,,,,,,0,745,177000,112,744,185000,112
1100,20160112,11, 1,1,       1801 ,,085039,085039,085039420600,1,,,,,,0,744,190000,112,743,187000,112
1100,20160112,11, 1,1,       1801 ,,085040,085040,085040767400,1,,,,,,0,744,193000,112,743,187000,112
1100,20160112,11, 1,1,       1801 ,,085043,085043,085043125200,1,,,,,,0,744,193000,112,743,188000,112
1100,20160112,11, 1,1,       1801 ,,085120,085120,085120673000,1,,,,,,0,744,198000,112,743,188000,112
1100,20160112,11, 1,1,       1801 ,,085124,085124,085124964500,1,,,,,,0,741,235000,112,740,249000,112
1100,20160112,11, 1,1,       1801 ,,085156,085156,085156545500,1,,,,,,0,741,235000,112,740,248000,112
1100,20160112,11, 1,1,       1801 ,,085238,085238,085238571700,1,,,,,,0,741,235000,112,740,249000,112
1100,20160112,11, 1,1,       1801 ,,085245,085245,085245091200,1,,,,,,0,741,238000,112,740,249000,112
1100,20160112,11, 1,1,       1801 ,,085248,085248,085248868700,1,,,,,,0,742,218000,112,741,219000,112
1100,20160112,11, 1,1,       1801 ,,085256,085256,085256923900,1,,,,,,0,741,234000,112,740,249000,112
1100,20160112,11, 1,1,       1801 ,,085310,085310,085310109500,1,,,,,,0,741,234000,112,740,250000,112
1100,20160112,11, 1,1,       1801 ,,085319,085319,085319847000,1,,,,,,0,742,234000,112,741,242000,112
1100,20160112,11, 1,1,       1801 ,,085321,085321,085321272900,1,,,,,,0,742,234000,112,741,243000,112
1100,20160112,11, 1,1,       1801 ,,085321,085321,085321752000,1,,,,,,0,742,234000,112,741,244000,112
1100,20160112,11, 1,1,       1801 ,,085324,085324,085324130000,1,,,,,,0,742,234000,112,741,245000,112
1100,20160112,11, 1,1,       1801 ,,085330,085330,085330629400,1,,,,,,0,741,234000,112,740,257000,112
1100,20160112,11, 1,1,       1801 ,,085335,085335,085335383300,1,,,,,,0,741,234000,112,740,258000,112
1100,20160112,11, 1,1,       1801 ,,085336,085336,085336309100,1,,,,,,0,741,234000,112,740,259000,112
1100,20160112,11, 1,1,       1801 ,,085340,085340,085340578700,1,,,,,,0,741,234000,112,740,258000,112
1100,20160112,11, 1,1,       1801 ,,085418,085418,085418843900,1,,,,,,0,741,235000,112,740,258000,112
1100,20160112,11, 1,1,       1801 ,,085424,085424,085424162000,1,,,,,,0,741,235000,112,740,267000,112
1100,20160112,11, 1,1,       1801 ,,085428,085428,085428560000,1,,,,,,0,741,235000,112,741,235000,112
1100,20160112,11, 1,1,       1801 ,,085500,085500,085500542200,1,,,,,,0,742,235000,112,741,236000,112
1100,20160112,11, 1,1,       1801 ,,085500,085500,085500905500,1,,,,,,0,742,235000,112,741,238000,112
1100,20160112,11, 1,1,       1801 ,,085501,085501,085501083800,1,,,,,,0,742,236000,112,741,238000,112
1100,20160112,11, 1,1,       1801 ,,085512,085512,085512363600,1,,,,,,0,741,239000,112,740,271000,112
1100,20160112,11, 1,1,       1801 ,,085518,085518,085518770100,1,,,,,,0,741,239000,112,740,270000,112
1100,20160112,11, 1,1,       1801 ,,085524,085524,085524916600,1,,,,,,0,741,241000,112,740,270000,112
1100,20160112,11, 1,1,       1801 ,,085525,085525,085525960600,1,,,,,,0,741,241000,112,740,271000,112
1100,20160112,11, 1,1,       1801 ,,085531,085531,085531950000,1,,,,,,0,741,241000,112,740,270000,112
1100,20160112,11, 1,1,       1801 ,,085547,085547,085547810300,1,,,,,,0,741,241000,112,740,272000,112
1100,20160112,11, 1,1,       1801 ,,085550,085550,085550323600,1,,,,,,0,741,241000,112,740,277000,112
1100,20160112,11, 1,1,       1801 ,,085554,085554,085554832300,1,,,,,,0,741,241000,112,740,275000,112
1100,20160112,11, 1,1,       1801 ,,085608,085608,085608594800,1,,,,,,0,741,243000,112,740,275000,112
1100,20160112,11, 1,1,       1801 ,,085609,085609,085609896500,1,,,,,,0,741,243000,112,740,276000,112
1100,20160112,11, 1,1,       1801 ,,085610,085610,085610257800,1,,,,,,0,742,243000,112,741,261000,112
1100,20160112,11, 1,1,       1801 ,,085611,085611,085611868900,1,,,,,,0,742,245000,112,741,261000,112
1100,20160112,11, 1,1,       1801 ,,085611,085611,085611899500,1,,,,,,0,742,260000,112,741,261000,112
1100,20160112,11, 1,1,       1801 ,,085613,085613,085613454600,1,,,,,,0,742,260000,112,741,263000,112
1100,20160112,11, 1,1,       1801 ,,085614,085614,085614209100,1,,,,,,0,741,264000,112,740,301000,112
1100,20160112,11, 1,1,       1801 ,,085617,085617,085617376100,1,,,,,,0,742,264000,112,741,265000,112
1100,20160112,11, 1,1,       1801 ,,085618,085618,085618204700,1,,,,,,0,742,261000,112,741,265000,112
1100,20160112,11, 1,1,       1801 ,,085620,085620,085620721400,1,,,,,,0,742,261000,112,741,266000,112
1100,20160112,11, 1,1,       1801 ,,085623,085623,085623038900,1,,,,,,0,742,263000,112,741,266000,112
1100,20160112,11, 1,1,       1801 ,,085623,085623,085623078200,1,,,,,,0,742,265000,112,741,266000,112
1100,20160112,11, 1,1,       1801 ,,085623,085623,085623080000,1,,,,,,0,741,268000,112,740,304000,112
1100,20160112,11, 1,1,       1801 ,,085639,085639,085639805600,1,,,,,,0,742,265000,112,741,266000,112
1100,20160112,11, 1,1,       1801 ,,085643,085643,085643907000,1,,,,,,0,742,265000,112,741,268000,112
1100,20160112,11, 1,1,       1801 ,,085650,085650,085650100100,1,,,,,,0,742,249000,112,741,268000,112
1100,20160112,11, 1,1,       1801 ,,085653,085653,085653742000,1,,,,,,0,742,261000,112,741,268000,112
1100,20160112,11, 1,1,       1801 ,,085714,085714,085714902100,1,,,,,,0,741,261000,112,740,283000,112
1100,20160112,11, 1,1,       1801 ,,085716,085716,085716825300,1,,,,,,0,741,261000,112,740,285000,112
1100,20160112,11, 1,1,       1801 ,,085717,085717,085717081000,1,,,,,,0,741,264000,112,740,285000,112
1100,20160112,11, 1,1,       1801 ,,085717,085717,085717168100,1,,,,,,0,741,267000,112,740,285000,112
1100,20160112,11, 1,1,       1801 ,,085744,085744,085744607400,1,,,,,,0,741,267000,112,741,267000,112
1100,20160112,11, 1,1,       1801 ,,085747,085747,085747031700,1,,,,,,0,741,268000,112,740,305000,112
1100,20160112,11, 1,1,       1801 ,,085750,085750,085750714800,1,,,,,,0,741,269000,112,740,305000,112
1100,20160112,11, 1,1,       1801 ,,085752,085752,085752458900,1,,,,,,0,741,271000,112,740,305000,112
1100,20160112,11, 1,1,       1801 ,,085757,085757,085757971800,1,,,,,,0,741,272000,112,740,305000,112
1100,20160112,11, 1,1,       1801 ,,085800,085800,085800110500,1,,,,,,0,741,273000,112,740,305000,112
1100,20160112,11, 1,1,       1801 ,,085801,085801,085801469000,1,,,,,,0,741,274000,112,740,305000,112
1100,20160112,11, 1,1,       1801 ,,085817,085817,085817403700,1,,,,,,0,741,279000,112,740,305000,112
1100,20160112,11, 1,1,       1801 ,,085822,085822,085822497500,1,,,,,,0,741,279000,112,740,304000,112
1100,20160112,11, 1,1,       1801 ,,085824,085824,085824049900,1,,,,,,0,741,277000,112,740,304000,112
1100,20160112,11, 1,1,       1801 ,,085832,085832,085832301500,1,,,,,,0,741,277000,112,740,305000,112
1100,20160112,11, 1,1,       1801 ,,085833,085833,085833135700,1,,,,,,0,741,280000,112,740,305000,112
1100,20160112,11, 1,1,       1801 ,,085834,085834,085834954300,1,,,,,,0,741,280000,112,740,306000,112
1100,20160112,11, 1,1,       1801 ,,085837,085837,085837861900,1,,,,,,0,741,281000,112,740,306000,112
1100,20160112,11, 1,1,       1801 ,,085842,085842,085842637200,1,,,,,,0,741,284000,112,740,306000,112
1100,20160112,11, 1,1,       1801 ,,085908,085908,085908255600,1,,,,,,0,741,284000,112,740,307000,112
1100,20160112,11, 1,1,       1801 ,,085909,085909,085909447800,1,,,,,,0,741,284000,112,740,308000,112
1100,20160112,11, 1,1,       1801 ,,085909,085909,085909518600,1,,,,,,0,741,285000,112,740,308000,112
1100,20160112,11, 1,1,       1801 ,,085909,085909,085909540600,1,,,,,,0,741,286000,112,740,308000,112
1100,20160112,11, 1,1,       1801 ,,085910,085910,085910864000,1,,,,,,0,741,287000,112,740,308000,112
1100,20160112,11, 1,1,       1801 ,,085913,085913,085913081900,1,,,,,,0,741,289000,112,740,308000,112
1100,20160112,11, 1,1,       1801 ,,085919,085919,085919355500,1,,,,,,0,741,289000,112,740,309000,112
1100,20160112,11, 1,1,       1801 ,,085922,085922,085922173000,1,,,,,,0,741,288000,112,740,309000,112
1100,20160112,11, 1,1,       1801 ,,085925,085925,085925320900,1,,,,,,0,741,288000,112,740,310000,112
1100,20160112,11, 1,1,       1801 ,,085927,085927,085927818500,1,,,,,,0,741,288000,112,740,311000,112
1100,20160112,11, 1,1,       1801 ,,085933,085933,085933376300,1,,,,,,0,741,290000,112,740,311000,112
1100,20160112,11, 1,1,       1801 ,,085934,085934,085934553400,1,,,,,,0,741,300000,112,740,311000,112
1100,20160112,11, 1,1,       1801 ,,085939,085939,085939551000,1,,,,,,0,741,300000,112,740,309000,112
1100,20160112,11, 1,1,       1801 ,,085939,085939,085939552700,1,,,,,,0,741,290000,112,740,309000,112
1100,20160112,11, 1,1,       1801 ,,085939,085939,085939623800,1,,,,,,0,741,290000,112,740,307000,112
1100,20160112,11, 1,1,       1801 ,,085939,085939,085939626100,1,,,,,,0,741,300000,112,740,307000,112
1100,20160112,11, 1,1,       1801 ,,085939,085939,085939951000,1,,,,,,0,741,301000,112,740,307000,112
1100,20160112,11, 1,1,       1801 ,,085948,085948,085948104500,1,,,,,,0,741,302000,112,740,307000,112
1100,20160112,11, 1,1,       1801 ,,085949,085949,085949568600,1,,,,,,0,741,302000,112,740,306000,112
1100,20160112,11, 1,1,       1801 ,,085949,085949,085949869900,1,,,,,,0,741,303000,112,740,306000,112
1100,20160112,11, 1,1,       1801 ,,085950,085950,085950180800,1,,,,,,0,741,293000,112,740,306000,112
1100,20160112,11, 1,1,       1801 ,,085950,085950,085950774300,1,,,,,,0,741,303000,112,740,306000,112
1100,20160112,11, 1,1,       1801 ,,085953,085953,085953083200,1,,,,,,0,741,293000,112,740,306000,112
1100,20160112,11, 1,1,       1801 ,,085953,085953,085953085600,1,,,,,,0,741,303000,112,740,306000,112
1100,20160112,11, 1,1,       1801 ,,085953,085953,085953788200,1,,,,,,0,741,304000,112,740,306000,112
1100,20160112,11, 1,1,       1801 ,,085953,085953,085953840700,1,,,,,,0,741,304000,112,740,304000,112
1100,20160112,11, 1,1,       1801 ,,085954,085954,085954014200,1,,,,,,0,741,309000,112,740,304000,112
1100,20160112,11, 1,1,       1801 ,,085955,085955,085955934900,1,,,,,,0,741,309000,112,740,302000,112
1100,20160112,11, 1,1,       1801 ,,085958,085958,085958550900,1,,,,,,0,741,309000,112,740,305000,112
1100,20160112,11, 1,1,       1801 ,,085958,085958,085958552900,1,,,,,,0,740,305000,112,740,305000,112
1100,20160112,11, 1,1,       1801 ,,085958,085958,085958970300,1,,,,,,0,740,318000,112,739,321000,112
1100,20160112,11, 1,1,       1801 ,,085958,085958,085958971000,1,,,,,,0,740,324000,112,739,321000,112
1100,20160112,11, 1,1,       1801 ,,085958,085958,085958972300,1,,,,,,0,740,317000,112,739,321000,112
1100,20160112,11, 1,1,       1801 ,,085958,085958,085958999900,1,,,,,,0,740,327000,112,739,321000,112
1100,20160112,11, 1,1,       1801 ,,085959,085959,085959014500,1,,,,,,0,740,325000,112,739,321000,112
1100,20160112,11, 1,1,       1801 ,,085959,085959,085959042000,1,,,,,,0,740,325000,112,739,320000,112
1100,20160112,11, 1,1,       1801 ,,085959,085959,085959242100,1,,,,,,0,740,325000,112,739,327000,112
1100,20160112,11, 1,1,       1801 ,,085959,085959,085959243500,1,,,,,,0,740,315000,112,739,327000,112
1100,20160112,11, 1,1,       1801 ,,085959,085959,085959268300,1,,,,,,0,740,315000,112,739,328000,112
1100,20160112,11, 1,1,       1801 ,,085959,085959,085959433200,1,,,,,,0,740,316000,112,739,328000,112
1100,20160112,11, 1,1,       1801 ,,085959,085959,085959434500,1,,,,,,0,740,320000,112,739,328000,112
1100,20160112,11, 1,1,       1801 ,,085959,085959,085959887200,1,,,,,,0,740,322000,112,739,328000,112
1100,20160112,11, 1,1,       1801 ,,085959,085959,085959888500,1,,,,,,0,740,318000,112,739,328000,112
1100,20160112,11, 1,1,       1801 ,,090000,090000,090000055300,1,,,,,,0,740,319000,112,739,328000,112
1100,20160112,11, 1,1,       1801 ,,090000,090000,090000056800,1,,,,,,0,740,320000,112,739,328000,112
1100,20160112,11, 1,1,       1801 ,,090000,090000,090000088000,1,,,,,,0,740,320000,112,739,330000,112
1100,20160112,11, 1,1,       1801 ,090000,090000,090000,090000157500,1,740,1,0,314000,0,0,740,1000,128,739,16000,128
1100,20160112,11, 1,1,       1801 ,,090000,090000,090000186600,1,,,,,,0,740,4000,128,739,16000,128
1100,20160112,11, 1,1,       1801 ,,090000,090000,090000197600,1,,,,,,0,740,4000,128,739,17000,128
1100,20160112,11, 1,1,       1801 ,,090000,090000,090000232000,1,,,,,,0,740,4000,128,739,19000,128
1100,20160112,11, 1,1,       1801 ,090000,090000,090000,090000390600,1,740,48,0,1000,0,0,740,3000,128,739,19000,128
1100,20160112,11, 1,1,       1801 ,090000,090000,090000,090000392600,1,740,48,0,3000,0,0,741,1000,128,739,19000,128
1100,20160112,11, 1,1,       1801 ,,090000,090000,090000398600,1,,,,,,0,741,1000,128,740,3000,128
1100,20160112,11, 1,1,       1801 ,,090000,090000,090000399500,1,,,,,,0,741,1000,128,740,6000,128
1100,20160112,11, 1,1,       1801 ,,090000,090000,090000551200,1,,,,,,0,741,1000,128,740,8000,128
1100,20160112,11, 1,1,       1801 ,090000,090000,090000,090000563700,1,740,16,0,3000,0,0,741,1000,128,740,5000,128
1100,20160112,11, 1,1,       1801 ,,090000,090000,090000591200,1,,,,,,0,741,1000,128,740,6000,128
1100,20160112,11, 1,1,       1801 ,,090000,090000,090000697200,1,,,,,,0,741,1000,128,740,7000,128
1100,20160112,11, 1,1,       1801 ,,090000,090000,090000705100,1,,,,,,0,741,1000,128,740,8000,128
1100,20160112,11, 1,1,       1801 ,090000,090000,090000,090000756200,1,741,48,0,1000,0,0,742,44000,128,740,8000,128
1100,20160112,11, 1,1,       1801 ,090000,090000,090000,090000822000,1,740,16,0,1000,0,0,742,44000,128,740,7000,128
1100,20160112,11, 1,1,       1801 ,,090000,090000,090000942100,1,,,,,,0,741,4000,128,740,7000,128
1100,20160112,11, 1,1,       1801 ,090001,090001,090001,090001083500,1,740,16,0,7000,0,0,740,10000,128,739,20000,128
1100,20160112,11, 1,1,       1801 ,090001,090001,090001,090001144600,1,740,48,0,1000,0,0,740,9000,128,739,20000,128
1100,20160112,11, 1,1,       1801 ,090001,090001,090001,090001146400,1,740,48,0,9000,0,0,741,4000,128,739,20000,128
1100,20160112,11, 1,1,       1801 ,,090001,090001,090001395300,1,,,,,,0,741,4000,128,739,20000,128
1100,20160112,11, 1,1,       1801 ,,090001,090001,090001473900,1,,,,,,0,740,3000,128,739,20000,128
1100,20160112,11, 1,1,       1801 ,,090001,090001,090001824300,1,,,,,,0,740,3000,128,739,21000,128
1100,20160112,11, 1,1,       1801 ,,090001,090001,090001834500,1,,,,,,0,740,3000,128,739,22000,128
1100,20160112,11, 1,1,       1801 ,090001,090001,090001,090001835900,1,740,48,0,3000,0,0,741,4000,128,739,22000,128
1100,20160112,11, 1,1,       1801 ,,090001,090001,090001836700,1,,,,,,0,741,4000,128,739,22000,128
1100,20160112,11, 1,1,       1801 ,,090002,090002,090002069500,1,,,,,,0,741,5000,128,739,22000,128
1100,20160112,11, 1,1,       1801 ,,090002,090002,090002252900,1,,,,,,0,741,5000,128,739,23000,128
1100,20160112,11, 1,1,       1801 ,,090002,090002,090002403300,1,,,,,,0,741,5000,128,739,22000,128
1100,20160112,11, 1,1,       1801 ,,090002,090002,090002404200,1,,,,,,0,741,1000,128,739,22000,128
1100,20160112,11, 1,1,       1801 ,,090002,090002,090002405600,1,,,,,,0,741,5000,128,739,22000,128
1100,20160112,11, 1,1,       1801 ,,090002,090002,090002406300,1,,,,,,0,741,9000,128,739,22000,128
1100,20160112,11, 1,1,       1801 ,,090002,090002,090002696000,1,,,,,,0,741,9000,128,740,2000,128
1100,20160112,11, 1,1,       1801 ,090002,090002,090002,090002697300,1,740,16,0,2000,0,0,741,9000,128,739,22000,128
1100,20160112,11, 1,1,       1801 ,,090002,090002,090002700800,1,,,,,,0,740,4000,128,739,22000,128
1100,20160112,11, 1,1,       1801 ,090002,090002,090002,090002715200,1,740,48,0,1000,0,0,740,3000,128,739,22000,128
1100,20160112,11, 1,1,       1801 ,090003,090003,090003,090003162200,1,740,48,0,1000,0,0,740,2000,128,739,22000,128
1100,20160112,11, 1,1,       1801 ,090003,090003,090003,090003274700,1,740,48,0,1000,0,0,740,1000,128,739,22000,128
1100,20160112,11, 1,1,       1801 ,,090003,090003,090003424300,1,,,,,,0,740,1000,128,739,25000,128
1100,20160112,11, 1,1,       1801 ,090003,090003,090003,090003442300,1,739,16,0,1000,0,0,740,1000,128,739,24000,128
1100,20160112,11, 1,1,       1801 ,,090003,090003,090003702300,1,,,,,,0,740,1000,128,739,24000,128
1100,20160112,11, 1,1,       1801 ,090004,090004,090004,090004739000,1,739,16,0,1000,0,0,740,1000,128,739,23000,128
1100,20160112,11, 1,1,       1801 ,,090004,090004,090004888600,1,,,,,,0,740,1000,128,739,23000,128
1100,20160112,11, 1,1,       1801 ,,090005,090005,090005247300,1,,,,,,0,740,1000,128,739,22000,128
1100,20160112,11, 1,1,       1801 ,,090005,090005,090005274200,1,,,,,,0,740,1000,128,739,21000,128
1100,20160112,11, 1,1,       1801 ,090005,090005,090005,090005347200,1,739,16,0,1000,0,0,740,1000,128,739,20000,128
1100,20160112,11, 1,1,       1801 ,,090005,090005,090005849700,1,,,,,,0,740,1000,128,739,20000,128
1100,20160112,11, 1,1,       1801 ,,090009,090009,090009187300,1,,,,,,0,741,14000,128,739,20000,128
1100,20160112,11, 1,1,       1801 ,,090010,090010,090010315900,1,,,,,,0,740,1000,128,739,20000,128
1100,20160112,11, 1,1,       1801 ,,090011,090011,090011762400,1,,,,,,0,740,2000,128,739,20000,128
1100,20160112,11, 1,1,       1801 ,,090014,090014,090014938900,1,,,,,,0,740,2000,128,739,16000,128
1100,20160112,11, 1,1,       1801 ,,090018,090018,090018730500,1,,,,,,0,740,2000,128,739,18000,128
1100,20160112,11, 1,1,       1801 ,090018,090018,090018,090018742500,1,740,48,0,1000,0,0,740,1000,128,739,18000,128
1100,20160112,11, 1,1,       1801 ,,090018,090018,090018743500,1,,,,,,0,740,1000,128,739,18000,128
1100,20160112,11, 1,1,       1801 ,090018,090018,090018,090018744300,1,740,48,0,1000,0,0,741,13000,128,739,18000,128
1100,20160112,11, 1,1,       1801 ,,090018,090018,090018745900,1,,,,,,0,741,13000,128,739,18000,128
1100,20160112,11, 1,1,       1801 ,,090018,090018,090018746600,1,,,,,,0,741,9000,128,739,18000,128
1100,20160112,11, 1,1,       1801 ,,090018,090018,090018747300,1,,,,,,0,741,5000,128,739,18000,128
1100,20160112,11, 1,1,       1801 ,090018,090018,090018,090018758800,1,741,48,0,1000,0,0,741,4000,128,739,18000,128
1100,20160112,11, 1,1,       1801 ,,090018,090018,090018770000,1,,,,,,0,740,1000,128,739,18000,128
1100,20160112,11, 1,1,       1801 ,090021,090021,090021,090021381100,1,740,48,0,1000,0,0,741,7000,128,739,18000,128
1100,20160112,11, 1,1,       1801 ,,090021,090021,090021382800,1,,,,,,0,741,7000,128,740,2000,128
1100,20160112,11, 1,1,       1801 ,,090021,090021,090021384200,1,,,,,,0,741,4000,128,740,2000,128
1100,20160112,11, 1,1,       1801 ,,090021,090021,090021384900,1,,,,,,0,742,35000,128,740,2000,128
1100,20160112,11, 1,1,       1801 ,,090021,090021,090021387700,1,,,,,,0,742,31000,128,740,2000,128
1100,20160112,11, 1,1,       1801 ,,090021,090021,090021388400,1,,,,,,0,742,33000,128,740,2000,128
1100,20160112,11, 1,1,       1801 ,,090021,090021,090021400800,1,,,,,,0,742,33000,128,741,1000,128
1100,20160112,11, 1,1,       1801 ,090021,090021,090021,090021402000,1,741,16,0,1000,0,0,742,33000,128,740,2000,128
1100,20160112,11, 1,1,       1801 ,,090021,090021,090021402700,1,,,,,,0,742,33000,128,740,2000,128
1100,20160112,11, 1,1,       1801 ,,090021,090021,090021404200,1,,,,,,0,742,33000,128,740,5000,128
1100,20160112,11, 1,1,       1801 ,,090021,090021,090021407300,1,,,,,,0,742,33000,128,740,8000,128
1100,20160112,11, 1,1,       1801 ,,090021,090021,090021469300,1,,,,,,0,742,33000,128,740,9000,128
1100,20160112,11, 1,1,       1801 ,,090021,090021,090021602600,1,,,,,,0,742,33000,128,740,10000,128
1100,20160112,11, 1,1,       1801 ,,090021,090021,090021624600,1,,,,,,0,742,34000,128,740,10000,128
1100,20160112,11, 1,1,       1801 ,,090022,090022,090022419200,1,,,,,,0,741,2000,128,740,10000,128
1100,20160112,11, 1,1,       1801 ,090022,090022,090022,090022433200,1,741,48,0,1000,0,0,741,1000,128,740,10000,128
1100,20160112,11, 1,1,       1801 ,,090022,090022,090022434100,1,,,,,,0,741,1000,128,740,10000,128
1100,20160112,11, 1,1,       1801 ,,090022,090022,090022434900,1,,,,,,0,741,1000,128,740,11000,128
1100,20160112,11, 1,1,       1801 ,,090022,090022,090022435600,1,,,,,,0,742,34000,128,740,11000,128
1100,20160112,11, 1,1,       1801 ,090022,090022,090022,090022449900,1,742,48,0,1000,0,0,742,33000,128,740,11000,128
1100,20160112,11, 1,1,       1801 ,,090022,090022,090022519600,1,,,,,,0,742,33000,128,740,11000,128
1100,20160112,11, 1,1,       1801 ,,090022,090022,090022530700,1,,,,,,0,742,33000,128,740,9000,128
1100,20160112,11, 1,1,       1801 ,,090023,090023,090023494000,1,,,,,,0,742,38000,128,740,9000,128
1100,20160112,11, 1,1,       1801 ,,090027,090027,090027301600,1,,,,,,0,742,38000,128,740,12000,128
1100,20160112,11, 1,1,       1801 ,,090029,090029,090029670800,1,,,,,,0,742,38000,128,740,13000,128
1100,20160112,11, 1,1,       1801 ,,090031,090031,090031125000,1,,,,,,0,742,38000,128,740,15000,128
1100,20160112,11, 1,1,       1801 ,,090031,090031,090031185300,1,,,,,,0,742,35000,128,740,15000,128
1100,20160112,11, 1,1,       1801 ,,090033,090033,090033329300,1,,,,,,0,742,36000,128,740,15000,128
1100,20160112,11, 1,1,       1801 ,,090035,090035,090035819400,1,,,,,,0,742,34000,128,740,15000,128
1100,20160112,11, 1,1,       1801 ,,090041,090041,090041776100,1,,,,,,0,742,36000,128,740,15000,128
1100,20160112,11, 1,1,       1801 ,090043,090043,090043,090043294100,1,742,48,0,8000,0,0,742,28000,128,740,15000,128
1100,20160112,11, 1,1,       1801 ,,090043,090043,090043296000,1,,,,,,0,742,28000,128,740,15000,128
1100,20160112,11, 1,1,       1801 ,,090043,090043,090043296700,1,,,,,,0,742,26000,128,740,15000,128
1100,20160112,11, 1,1,       1801 ,,090043,090043,090043306500,1,,,,,,0,742,26000,128,740,17000,128
1100,20160112,11, 1,1,       1801 ,,090043,090043,090043309100,1,,,,,,0,742,26000,128,740,20000,128
1100,20160112,11, 1,1,       1801 ,,090043,090043,090043309700,1,,,,,,0,742,26000,128,740,23000,128
1100,20160112,11, 1,1,       1801 ,,090043,090043,090043319200,1,,,,,,0,742,26000,128,740,26000,128
1100,20160112,11, 1,1,       1801 ,,090043,090043,090043321100,1,,,,,,0,742,26000,128,741,3000,128
1100,20160112,11, 1,1,       1801 ,090043,090043,090043,090043321800,1,742,48,0,5000,0,0,742,21000,128,741,3000,128
1100,20160112,11, 1,1,       1801 ,,090043,090043,090043322800,1,,,,,,0,742,21000,128,741,3000,128
1100,20160112,11, 1,1,       1801 ,,090043,090043,090043323600,1,,,,,,0,742,18000,128,741,3000,128
1100,20160112,11, 1,1,       1801 ,090043,090043,090043,090043324500,1,742,48,0,18000,0,0,743,21000,128,741,3000,128
1100,20160112,11, 1,1,       1801 ,,090043,090043,090043328600,1,,,,,,0,743,21000,128,742,5000,128
1100,20160112,11, 1,1,       1801 ,,090043,090043,090043331100,1,,,,,,0,743,23000,128,742,5000,128
1100,20160112,11, 1,1,       1801 ,,090043,090043,090043331900,1,,,,,,0,743,13000,128,742,5000,128
1100,20160112,11, 1,1,       1801 ,,090043,090043,090043334000,1,,,,,,0,743,9000,128,742,5000,128
1100,20160112,11, 1,1,       1801 ,,090043,090043,090043344400,1,,,,,,0,743,9000,128,742,7000,128
1100,20160112,11, 1,1,       1801 ,,090043,090043,090043345200,1,,,,,,0,743,9000,128,742,8000,128
1100,20160112,11, 1,1,       1801 ,,090043,090043,090043348600,1,,,,,,0,743,9000,128,742,9000,128
1100,20160112,11, 1,1,       1801 ,090043,090043,090043,090043356600,1,743,48,0,5000,0,0,743,4000,128,742,9000,128
1100,20160112,11, 1,1,       1801 ,,090043,090043,090043359500,1,,,,,,0,743,4000,128,742,9000,128
1100,20160112,11, 1,1,       1801 ,,090043,090043,090043361100,1,,,,,,0,743,4000,128,742,11000,128
1100,20160112,11, 1,1,       1801 ,,090043,090043,090043372200,1,,,,,,0,743,4000,128,742,10000,128
1100,20160112,11, 1,1,       1801 ,090043,090043,090043,090043406200,1,743,48,0,1000,0,0,743,3000,128,742,10000,128
1100,20160112,11, 1,1,       1801 ,,090043,090043,090043407900,1,,,,,,0,743,3000,128,742,13000,128
1100,20160112,11, 1,1,       1801 ,090043,090043,090043,090043409200,1,743,48,0,3000,0,0,744,30000,128,742,13000,128
1100,20160112,11, 1,1,       1801 ,,090043,090043,090043410000,1,,,,,,0,744,30000,128,743,1000,128
1100,20160112,11, 1,1,       1801 ,,090043,090043,090043411000,1,,,,,,0,744,32000,128,743,1000,128
1100,20160112,11, 1,1,       1801 ,,090043,090043,090043411800,1,,,,,,0,744,29000,128,743,1000,128
1100,20160112,11, 1,1,       1801 ,,090043,090043,090043412600,1,,,,,,0,744,19000,128,743,1000,128
1100,20160112,11, 1,1,       1801 ,,090043,090043,090043413300,1,,,,,,0,744,19000,128,743,3000,128
1100,20160112,11, 1,1,       1801 ,,090043,090043,090043422300,1,,,,,,0,744,19000,128,743,4000,128
1100,20160112,11, 1,1,       1801 ,,090043,090043,090043426900,1,,,,,,0,744,19000,128,743,6000,128
1100,20160112,11, 1,1,       1801 ,,090043,090043,090043428400,1,,,,,,0,744,19000,128,743,7000,128
1100,20160112,11, 1,1,       1801 ,,090043,090043,090043429100,1,,,,,,0,744,19000,128,743,8000,128
1100,20160112,11, 1,1,       1801 ,090043,090043,090043,090043500800,1,743,16,0,2000,0,0,744,19000,128,743,6000,128
1100,20160112,11, 1,1,       1801 ,,090043,090043,090043511100,1,,,,,,0,744,19000,128,743,6000,128
1100,20160112,11, 1,1,       1801 ,,090043,090043,090043554600,1,,,,,,0,744,19000,128,743,7000,128
1100,20160112,11, 1,1,       1801 ,090043,090043,090043,090043870900,1,743,16,0,2000,0,0,744,19000,128,743,5000,128
1100,20160112,11, 1,1,       1801 ,,090043,090043,090043872600,1,,,,,,0,744,19000,128,743,5000,128
1100,20160112,11, 1,1,       1801 ,,090044,090044,090044179000,1,,,,,,0,744,17000,128,743,5000,128
1100,20160112,11, 1,1,       1801 ,090044,090044,090044,090044199900,1,743,16,0,5000,0,0,744,17000,128,742,9000,128
1100,20160112,11, 1,1,       1801 ,,090044,090044,090044201400,1,,,,,,0,744,19000,128,742,9000,128
1100,20160112,11, 1,1,       1801 ,,090044,090044,090044202300,1,,,,,,0,744,19000,128,743,3000,128
1100,20160112,11, 1,1,       1801 ,090044,090044,090044,090044209200,1,743,16,0,2000,0,0,744,19000,128,743,1000,128
1100,20160112,11, 1,1,       1801 ,090044,090044,090044,090044210300,1,743,16,0,1000,0,0,743,2000,128,742,6000,128
1100,20160112,11, 1,1,       1801 ,090044,090044,090044,090044212200,1,743,48,0,2000,0,0,744,19000,128,742,6000,128
1100,20160112,11, 1,1,       1801 ,,090044,090044,090044214000,1,,,,,,0,744,19000,128,742,8000,128
1100,20160112,11, 1,1,       1801 ,,090044,090044,090044286900,1,,,,,,0,744,19000,128,742,9000,128
1100,20160112,11, 1,1,       1801 ,,090044,090044,090044774700,1,,,,,,0,744,20000,128,742,9000,128
1100,20160112,11, 1,1,       1801 ,,090044,090044,090044791900,1,,,,,,0,744,21000,128,742,9000,128
1100,20160112,11, 1,1,       1801 ,,090045,090045,090045467400,1,,,,,,0,744,21000,128,742,8000,128
1100,20160112,11, 1,1,       1801 ,,090047,090047,090047648400,1,,,,,,0,743,5000,128,742,8000,128
1100,20160112,11, 1,1,       1801 ,,090049,090049,090049969900,1,,,,,,0,743,6000,128,742,8000,128
1100,20160112,11, 1,1,       1801 ,,090049,090049,090049970800,1,,,,,,0,743,7000,128,742,8000,128
1100,20160112,11, 1,1,       1801 ,090050,090050,090050,090050949400,1,742,16,0,8000,0,0,743,7000,128,741,12000,128
1100,20160112,11, 1,1,       1801 ,,090050,090050,090050951500,1,,,,,,0,743,7000,128,742,3000,128
1100,20160112,11, 1,1,       1801 ,,090050,090050,090050953000,1,,,,,,0,743,7000,128,742,5000,128
1100,20160112,11, 1,1,       1801 ,,090054,090054,090054547900,1,,,,,,0,743,7000,128,742,3000,128
1100,20160112,11, 1,1,       1801 ,,090054,090054,090054549500,1,,,,,,0,743,7000,128,741,12000,128
1100,20160112,11, 1,1,       1801 ,,090055,090055,090055261900,1,,,,,,0,743,30000,128,741,12000,128
1100,20160112,11, 1,1,       1801 ,,090055,090055,090055263300,1,,,,,,0,743,30000,128,741,9000,128
1100,20160112,11, 1,1,       1801 ,,090055,090055,090055418900,1,,,,,,0,743,32000,128,741,9000,128
1100,20160112,11, 1,1,       1801 ,,090055,090055,090055761000,1,,,,,,0,743,32000,128,741,10000,128
1100,20160112,11, 1,1,       1801 ,,090056,090056,090056219800,1,,,,,,0,743,32000,128,741,15000,128
1100,20160112,11, 1,1,       1801 ,,090056,090056,090056921100,1,,,,,,0,743,32000,128,741,16000,128
1100,20160112,11, 1,1,       1801 ,,090057,090057,090057478800,1,,,,,,0,743,30000,128,741,16000,128
1100,20160112,11, 1,1,       1801 ,,090057,090057,090057873900,1,,,,,,0,743,32000,128,741,16000,128
1100,20160112,11, 1,1,       1801 ,,090059,090059,090059219200,1,,,,,,0,743,30000,128,741,16000,128
1100,20160112,11, 1,1,       1801 ,,090100,090100,090100031400,1,,,,,,0,743,32000,128,741,16000,128
1100,20160112,11, 1,1,       1801 ,,090101,090101,090101068900,1,,,,,,0,743,30000,128,741,16000,128
1100,20160112,11, 1,1,       1801 ,,090108,090108,090108375000,1,,,,,,0,742,1000,128,741,16000,128
1100,20160112,11, 1,1,       1801 ,090108,090108,090108,090108412300,1,742,48,0,1000,0,0,743,30000,128,741,16000,128
1100,20160112,11, 1,1,       1801 ,,090108,090108,090108413600,1,,,,,,0,743,30000,128,742,2000,128
1100,20160112,11, 1,1,       1801 ,,090108,090108,090108430200,1,,,,,,0,743,30000,128,742,3000,128
1100,20160112,11, 1,1,       1801 ,,090108,090108,090108489200,1,,,,,,0,743,30000,128,742,4000,128
1100,20160112,11, 1,1,       1801 ,,090115,090115,090115220800,1,,,,,,0,743,30000,128,742,9000,128
1100,20160112,11, 1,1,       1801 ,,090116,090116,090116202300,1,,,,,,0,743,27000,128,742,9000,128
1100,20160112,11, 1,1,       1801 ,,090117,090117,090117755500,1,,,,,,0,743,7000,128,742,9000,128
1100,20160112,11, 1,1,       1801 ,090117,090117,090117,090117757000,1,743,48,0,2000,0,0,743,5000,128,742,9000,128
1100,20160112,11, 1,1,       1801 ,,090117,090117,090117757900,1,,,,,,0,743,5000,128,742,8000,128
1100,20160112,11, 1,1,       1801 ,,090117,090117,090117758700,1,,,,,,0,743,5000,128,742,7000,128
1100,20160112,11, 1,1,       1801 ,090117,090117,090117,090117759500,1,743,48,0,5000,0,0,744,20000,128,742,7000,128
1100,20160112,11, 1,1,       1801 ,,090117,090117,090117764700,1,,,,,,0,744,20000,128,743,3000,128
1100,20160112,11, 1,1,       1801 ,,090117,090117,090117765300,1,,,,,,0,744,17000,128,743,3000,128
1100,20160112,11, 1,1,       1801 ,090117,090117,090117,090117766100,1,743,16,0,3000,0,0,744,17000,128,742,7000,128
1100,20160112,11, 1,1,       1801 ,,090117,090117,090117766800,1,,,,,,0,744,17000,128,742,7000,128
1100,20160112,11, 1,1,       1801 ,,090117,090117,090117767500,1,,,,,,0,744,17000,128,742,10000,128
1100,20160112,11, 1,1,       1801 ,,090117,090117,090117768800,1,,,,,,0,744,17000,128,742,12000,128
1100,20160112,11, 1,1,       1801 ,,090117,090117,090117769500,1,,,,,,0,744,17000,128,742,13000,128
1100,20160112,11, 1,1,       1801 ,,090118,090118,090118665100,1,,,,,,0,744,17000,128,742,14000,128
1100,20160112,11, 1,1,       1801 ,,090118,090118,090118761900,1,,,,,,0,744,17000,128,743,1000,128
1100,20160112,11, 1,1,       1801 ,,090118,090118,090118830800,1,,,,,,0,744,18000,128,743,1000,128
1100,20160112,11, 1,1,       1801 ,,090118,090118,090118858800,1,,,,,,0,744,18000,128,743,3000,128
1100,20160112,11, 1,1,       1801 ,,090119,090119,090119081500,1,,,,,,0,744,19000,128,743,3000,128
1100,20160112,11, 1,1,       1801 ,090119,090119,090119,090119401800,1,743,16,0,1000,0,0,744,19000,128,743,2000,128
1100,20160112,11, 1,1,       1801 ,,090119,090119,090119458600,1,,,,,,0,744,19000,128,743,2000,128
1100,20160112,11, 1,1,       1801 ,,090122,090122,090122810000,1,,,,,,0,744,19000,128,743,3000,128
1100,20160112,11, 1,1,       1801 ,090125,090125,090125,090125092100,1,743,16,0,3000,0,0,744,19000,128,742,13000,128
1100,20160112,11, 1,1,       1801 ,,090125,090125,090125436300,1,,,,,,0,744,19000,128,742,13000,128
1100,20160112,11, 1,1,       1801 ,,090126,090126,090126820800,1,,,,,,0,744,39000,128,742,13000,128
1100,20160112,11, 1,1,       1801 ,,090126,090126,090126822200,1,,,,,,0,744,39000,128,742,12000,128
1100,20160112,11, 1,1,       1801 ,,090126,090126,090126828900,1,,,,,,0,744,40000,128,742,12000,128
1100,20160112,11, 1,1,       1801 ,,090127,090127,090127602200,1,,,,,,0,744,39000,128,742,12000,128
1100,20160112,11, 1,1,       1801 ,,090137,090137,090137844900,1,,,,,,0,743,10000,128,742,12000,128
1100,20160112,11, 1,1,       1801 ,,090138,090138,090138579400,1,,,,,,0,743,11000,128,742,12000,128
1100,20160112,11, 1,1,       1801 ,,090138,090138,090138846800,1,,,,,,0,743,12000,128,742,12000,128
1100,20160112,11, 1,1,       1801 ,090140,090140,090140,090140731100,1,743,48,0,1000,0,0,743,11000,128,742,12000,128
1100,20160112,11, 1,1,       1801 ,,090147,090147,090147128400,1,,,,,,0,743,11000,128,742,12000,128
1100,20160112,11, 1,1,       1801 ,,090156,090156,090156803800,1,,,,,,0,743,11000,128,742,13000,128
1100,20160112,11, 1,1,       1801 ,090157,090157,090157,090157261500,1,743,48,0,8000,0,0,743,3000,128,742,13000,128
1100,20160112,11, 1,1,       1801 ,090157,090157,090157,090157263200,1,743,48,0,3000,0,0,744,17000,128,742,13000,128
1100,20160112,11, 1,1,       1801 ,,090157,090157,090157264900,1,,,,,,0,744,17000,128,743,3000,128
1100,20160112,11, 1,1,       1801 ,,090157,090157,090157266500,1,,,,,,0,744,17000,128,743,5000,128
1100,20160112,11, 1,1,       1801 ,,090157,090157,090157301400,1,,,,,,0,744,17000,128,743,3000,128
1100,20160112,11, 1,1,       1801 ,,090157,090157,090157302600,1,,,,,,0,744,17000,128,743,5000,128
1100,20160112,11, 1,1,       1801 ,,090157,090157,090157469800,1,,,,,,0,744,17000,128,743,6000,128
1100,20160112,11, 1,1,       1801 ,,090158,090158,090158212300,1,,,,,,0,744,17000,128,743,3000,128
1100,20160112,11, 1,1,       1801 ,,090158,090158,090158329600,1,,,,,,0,744,18000,128,743,3000,128
1100,20160112,11, 1,1,       1801 ,,090158,090158,090158595700,1,,,,,,0,744,19000,128,743,3000,128
1100,20160112,11, 1,1,       1801 ,090159,090159,090159,090159050300,1,743,16,0,1000,0,0,744,19000,128,743,2000,128
1100,20160112,11, 1,1,       1801 ,,090159,090159,090159069900,1,,,,,,0,744,19000,128,743,1000,128
1100,20160112,11, 1,1,       1801 ,,090200,090200,090200222200,1,,,,,,0,744,19000,128,743,6000,128
1100,20160112,11, 1,1,       1801 ,,090201,090201,090201539700,1,,,,,,0,744,19000,128,743,8000,128
1100,20160112,11, 1,1,       1801 ,,090201,090201,090201550600,1,,,,,,0,744,19000,128,743,10000,128
1100,20160112,11, 1,1,       1801 ,,090201,090201,090201788000,1,,,,,,0,744,19000,128,743,8000,128
1100,20160112,11, 1,1,       1801 ,090202,090202,090202,090202741200,1,743,16,0,1000,0,0,744,19000,128,743,7000,128
1100,20160112,11, 1,1,       1801 ,,090203,090203,090203496800,1,,,,,,0,744,19000,128,743,7000,128
1100,20160112,11, 1,1,       1801 ,090204,090204,090204,090204294400,1,743,16,0,7000,0,0,743,3000,128,742,5000,128
1100,20160112,11, 1,1,       1801 ,,090204,090204,090204296800,1,,,,,,0,743,3000,128,742,5000,128
1100,20160112,11, 1,1,       1801 ,090204,090204,090204,090204324500,1,743,48,0,2000,0,0,743,1000,128,742,5000,128
1100,20160112,11, 1,1,       1801 ,090204,090204,090204,090204325800,1,743,48,0,1000,0,0,744,19000,128,742,5000,128
1100,20160112,11, 1,1,       1801 ,,090204,090204,090204330200,1,,,,,,0,744,19000,128,743,1000,128
1100,20160112,11, 1,1,       1801 ,,090205,090205,090205107300,1,,,,,,0,744,18000,128,743,1000,128
1100,20160112,11, 1,1,       1801 ,,090207,090207,090207569800,1,,,,,,0,744,18000,128,743,2000,128
1100,20160112,11, 1,1,       1801 ,,090209,090209,090209400500,1,,,,,,0,744,18000,128,743,1000,128
1100,20160112,11, 1,1,       1801 ,,090210,090210,090210080000,1,,,,,,0,744,20000,128,743,1000,128
1100,20160112,11, 1,1,       1801 ,090210,090210,090210,090210830500,1,743,16,0,1000,0,0,744,20000,128,742,5000,128
1100,20160112,11, 1,1,       1801 ,,090210,090210,090210833000,1,,,,,,0,743,1000,128,742,5000,128
1100,20160112,11, 1,1,       1801 ,090210,090210,090210,090210842400,1,743,48,0,1000,0,0,744,21000,128,742,5000,128
1100,20160112,11, 1,1,       1801 ,,090211,090211,090211857200,1,,,,,,0,743,1000,128,742,5000,128
1100,20160112,11, 1,1,       1801 ,,090212,090212,090212121100,1,,,,,,0,743,2000,128,742,5000,128
1100,20160112,11, 1,1,       1801 ,,090212,090212,090212137000,1,,,,,,0,743,2000,128,742,7000,128
1100,20160112,11, 1,1,       1801 ,,090220,090220,090220982800,1,,,,,,0,743,5000,128,742,7000,128
1100,20160112,11, 1,1,       1801 ,,090222,090222,090222877000,1,,,,,,0,743,10000,128,742,7000,128
1100,20160112,11, 1,1,       1801 ,,090230,090230,090230924800,1,,,,,,0,743,7000,128,742,7000,128
1100,20160112,11, 1,1,       1801 ,090233,090233,090233,090233378300,1,742,16,0,1000,0,0,743,7000,128,742,6000,128
1100,20160112,11, 1,1,       1801 ,,090233,090233,090233380700,1,,,,,,0,743,7000,128,742,6000,128
1100,20160112,11, 1,1,       1801 ,090246,090246,090246,090246234300,1,743,48,0,1000,0,0,743,6000,128,742,6000,128
1100,20160112,11, 1,1,       1801 ,,090246,090246,090246235800,1,,,,,,0,743,6000,128,742,6000,128
1100,20160112,11, 1,1,       1801 ,090246,090246,090246,090246278600,1,743,48,0,4000,0,0,743,2000,128,742,6000,128
1100,20160112,11, 1,1,       1801 ,090246,090246,090246,090246281000,1,743,48,0,2000,0,0,744,25000,128,742,6000,128
1100,20160112,11, 1,1,       1801 ,,090246,090246,090246282500,1,,,,,,0,744,22000,128,742,6000,128
1100,20160112,11, 1,1,       1801 ,,090246,090246,090246421300,1,,,,,,0,744,22000,128,742,7000,128
1100,20160112,11, 1,1,       1801 ,,090246,090246,090246421900,1,,,,,,0,744,22000,128,743,1000,128
1100,20160112,11, 1,1,       1801 ,090246,090246,090246,090246423100,1,743,16,0,1000,0,0,744,22000,128,742,7000,128
1100,20160112,11, 1,1,       1801 ,,090246,090246,090246423800,1,,,,,,0,744,22000,128,742,7000,128
1100,20160112,11, 1,1,       1801 ,,090246,090246,090246519500,1,,,,,,0,744,22000,128,742,6000,128
1100,20160112,11, 1,1,       1801 ,,090247,090247,090247214000,1,,,,,,0,744,23000,128,742,6000,128
1100,20160112,11, 1,1,       1801 ,,090247,090247,090247470800,1,,,,,,0,744,24000,128,742,6000,128
1100,20160112,11, 1,1,       1801 ,,090247,090247,090247472000,1,,,,,,0,743,1000,128,742,6000,128
1100,20160112,11, 1,1,       1801 ,090247,090247,090247,090247521200,1,743,48,0,1000,0,0,744,28000,128,742,6000,128
1100,20160112,11, 1,1,       1801 ,,090247,090247,090247522100,1,,,,,,0,744,27000,128,742,6000,128
1100,20160112,11, 1,1,       1801 ,,090247,090247,090247611600,1,,,,,,0,744,28000,128,742,6000,128
1100,20160112,11, 1,1,       1801 ,,090247,090247,090247612600,1,,,,,,0,743,1000,128,742,6000,128
1100,20160112,11, 1,1,       1801 ,,090247,090247,090247662600,1,,,,,,0,744,28000,128,742,6000,128
1100,20160112,11, 1,1,       1801 ,,090247,090247,090247665500,1,,,,,,0,743,1000,128,742,6000,128
1100,20160112,11, 1,1,       1801 ,,090247,090247,090247717600,1,,,,,,0,744,28000,128,742,6000,128
1100,20160112,11, 1,1,       1801 ,,090247,090247,090247719100,1,,,,,,0,743,1000,128,742,6000,128
1100,20160112,11, 1,1,       1801 ,,090247,090247,090247769300,1,,,,,,0,744,28000,128,742,6000,128
1100,20160112,11, 1,1,       1801 ,,090247,090247,090247772700,1,,,,,,0,743,1000,128,742,6000,128
1100,20160112,11, 1,1,       1801 ,,090247,090247,090247828600,1,,,,,,0,744,28000,128,742,6000,128
1100,20160112,11, 1,1,       1801 ,,090247,090247,090247830200,1,,,,,,0,743,1000,128,742,6000,128
1100,20160112,11, 1,1,       1801 ,,090247,090247,090247889300,1,,,,,,0,744,28000,128,742,6000,128
1100,20160112,11, 1,1,       1801 ,,090247,090247,090247890700,1,,,,,,0,743,1000,128,742,6000,128
1100,20160112,11, 1,1,       1801 ,,090247,090247,090247945400,1,,,,,,0,744,28000,128,742,6000,128
1100,20160112,11, 1,1,       1801 ,,090247,090247,090247948900,1,,,,,,0,743,1000,128,742,6000,128
1100,20160112,11, 1,1,       1801 ,,090248,090248,090248001500,1,,,,,,0,744,28000,128,742,6000,128
1100,20160112,11, 1,1,       1801 ,,090248,090248,090248004400,1,,,,,,0,743,1000,128,742,6000,128
1100,20160112,11, 1,1,       1801 ,,090248,090248,090248059300,1,,,,,,0,744,28000,128,742,6000,128
1100,20160112,11, 1,1,       1801 ,,090248,090248,090248075500,1,,,,,,0,743,1000,128,742,6000,128
1100,20160112,11, 1,1,       1801 ,,090248,090248,090248128800,1,,,,,,0,744,28000,128,742,6000,128
1100,20160112,11, 1,1,       1801 ,,090248,090248,090248131400,1,,,,,,0,743,1000,128,742,6000,128
1100,20160112,11, 1,1,       1801 ,,090248,090248,090248181400,1,,,,,,0,744,28000,128,742,6000,128
1100,20160112,11, 1,1,       1801 ,,090248,090248,090248186400,1,,,,,,0,743,1000,128,742,6000,128
1100,20160112,11, 1,1,       1801 ,,090248,090248,090248239000,1,,,,,,0,744,28000,128,742,6000,128
1100,20160112,11, 1,1,       1801 ,,090248,090248,090248245400,1,,,,,,0,743,1000,128,742,6000,128
1100,20160112,11, 1,1,       1801 ,,090248,090248,090248299400,1,,,,,,0,744,28000,128,742,6000,128
1100,20160112,11, 1,1,       1801 ,,090248,090248,090248319100,1,,,,,,0,743,1000,128,742,6000,128
1100,20160112,11, 1,1,       1801 ,,090248,090248,090248370500,1,,,,,,0,744,28000,128,742,6000,128
1100,20160112,11, 1,1,       1801 ,,090248,090248,090248376400,1,,,,,,0,743,1000,128,742,6000,128
1100,20160112,11, 1,1,       1801 ,090248,090248,090248,090248380400,1,743,48,0,1000,0,0,744,28000,128,742,6000,128
1100,20160112,11, 1,1,       1801 ,,090249,090249,090249200600,1,,,,,,0,744,25000,128,742,6000,128
1100,20160112,11, 1,1,       1801 ,,090251,090251,090251051800,1,,,,,,0,744,25000,128,742,7000,128
1100,20160112,11, 1,1,       1801 ,,090253,090253,090253131300,1,,,,,,0,744,24000,128,742,7000,128
1100,20160112,11, 1,1,       1801 ,,090253,090253,090253151600,1,,,,,,0,744,25000,128,742,7000,128
1100,20160112,11, 1,1,       1801 ,,090254,090254,090254250900,1,,,,,,0,744,35000,128,742,7000,128
1100,20160112,11, 1,1,       1801 ,,090300,090300,090300859900,1,,,,,,0,743,1000,128,742,7000,128
1100,20160112,11, 1,1,       1801 ,090301,090301,090301,090301813400,1,743,48,0,1000,0,0,744,37000,128,742,7000,128
1100,20160112,11, 1,1,       1801 ,,090302,090302,090302156700,1,,,,,,0,744,34000,128,742,7000,128
1100,20160112,11, 1,1,       1801 ,,090302,090302,090302685300,1,,,,,,0,744,24000,128,742,7000,128
1100,20160112,11, 1,1,       1801 ,,090302,090302,090302829100,1,,,,,,0,744,23000,128,742,7000,128
1100,20160112,11, 1,1,       1801 ,,090303,090303,090303482000,1,,,,,,0,744,21000,128,742,7000,128
1100,20160112,11, 1,1,       1801 ,,090303,090303,090303681000,1,,,,,,0,744,23000,128,742,7000,128
1100,20160112,11, 1,1,       1801 ,,090304,090304,090304163600,1,,,,,,0,744,21000,128,742,7000,128
1100,20160112,11, 1,1,       1801 ,,090304,090304,090304630600,1,,,,,,0,744,21000,128,742,9000,128
1100,20160112,11, 1,1,       1801 ,,090305,090305,090305147400,1,,,,,,0,744,22000,128,742,9000,128
1100,20160112,11, 1,1,       1801 ,,090306,090306,090306045100,1,,,,,,0,744,27000,128,742,9000,128
1100,20160112,11, 1,1,       1801 ,,090306,090306,090306490800,1,,,,,,0,744,29000,128,742,9000,128
1100,20160112,11, 1,1,       1801 ,,090309,090309,090309370800,1,,,,,,0,744,27000,128,742,9000,128
1100,20160112,11, 1,1,       1801 ,,090310,090310,090310330900,1,,,,,,0,744,29000,128,742,9000,128
1100,20160112,11, 1,1,       1801 ,,090310,090310,090310332400,1,,,,,,0,744,30000,128,742,9000,128
1100,20160112,11, 1,1,       1801 ,,090310,090310,090310383500,1,,,,,,0,744,30000,128,742,10000,128
1100,20160112,11, 1,1,       1801 ,,090310,090310,090310384600,1,,,,,,0,744,29000,128,742,10000,128
1100,20160112,11, 1,1,       1801 ,,090310,090310,090310881500,1,,,,,,0,744,30000,128,742,10000,128
1100,20160112,11, 1,1,       1801 ,,090312,090312,090312310800,1,,,,,,0,744,29000,128,742,10000,128
1100,20160112,11, 1,1,       1801 ,,090313,090313,090313621200,1,,,,,,0,744,27000,128,742,10000,128
1100,20160112,11, 1,1,       1801 ,,090313,090313,090313751000,1,,,,,,0,744,29000,128,742,10000,128
1100,20160112,11, 1,1,       1801 ,,090315,090315,090315301200,1,,,,,,0,744,30000,128,742,10000,128
1100,20160112,11, 1,1,       1801 ,,090315,090315,090315416800,1,,,,,,0,744,30000,128,743,1000,128
1100,20160112,11, 1,1,       1801 ,,090315,090315,090315418100,1,,,,,,0,744,29000,128,743,1000,128
1100,20160112,11, 1,1,       1801 ,090315,090315,090315,090315418800,1,743,16,0,1000,0,0,744,29000,128,742,10000,128
1100,20160112,11, 1,1,       1801 ,,090316,090316,090316472000,1,,,,,,0,744,30000,128,742,10000,128
1100,20160112,11, 1,1,       1801 ,,090316,090316,090316881200,1,,,,,,0,744,29000,128,742,10000,128
1100,20160112,11, 1,1,       1801 ,,090321,090321,090321652200,1,,,,,,0,744,30000,128,742,10000,128
1100,20160112,11, 1,1,       1801 ,,090322,090322,090322541600,1,,,,,,0,744,29000,128,742,10000,128
1100,20160112,11, 1,1,       1801 ,,090327,090327,090327980300,1,,,,,,0,744,24000,128,742,10000,128
1100,20160112,11, 1,1,       1801 ,,090328,090328,090328516100,1,,,,,,0,744,24000,128,742,11000,128
1100,20160112,11, 1,1,       1801 ,,090336,090336,090336220100,1,,,,,,0,743,2000,128,742,11000,128
1100,20160112,11, 1,1,       1801 ,,090336,090336,090336227700,1,,,,,,0,743,2000,128,742,12000,128
1100,20160112,11, 1,1,       1801 ,,090336,090336,090336228900,1,,,,,,0,744,27000,128,742,12000,128
1100,20160112,11, 1,1,       1801 ,,090336,090336,090336238700,1,,,,,,0,743,2000,128,742,12000,128
1100,20160112,11, 1,1,       1801 ,,090336,090336,090336259700,1,,,,,,0,744,27000,128,742,12000,128
1100,20160112,11, 1,1,       1801 ,,090336,090336,090336262500,1,,,,,,0,744,30000,128,742,12000,128
1100,20160112,11, 1,1,       1801 ,,090336,090336,090336269100,1,,,,,,0,743,2000,128,742,12000,128
1100,20160112,11, 1,1,       1801 ,090336,090336,090336,090336715100,1,742,16,0,1000,0,0,743,2000,128,742,11000,128
1100,20160112,11, 1,1,       1801 ,,090337,090337,090337378200,1,,,,,,0,743,3000,128,742,11000,128
1100,20160112,11, 1,1,       1801 ,,090338,090338,090338420500,1,,,,,,0,743,4000,128,742,11000,128
1100,20160112,11, 1,1,       1801 ,,090340,090340,090340218900,1,,,,,,0,743,2000,128,742,11000,128
1100,20160112,11, 1,1,       1801 ,090340,090340,090340,090340299300,1,743,48,0,2000,0,0,744,31000,128,742,11000,128
1100,20160112,11, 1,1,       1801 ,,090340,090340,090340311400,1,,,,,,0,744,31000,128,742,11000,128
1100,20160112,11, 1,1,       1801 ,,090341,090341,090341277100,1,,,,,,0,744,32000,128,742,11000,128
1100,20160112,11, 1,1,       1801 ,,090341,090341,090341281200,1,,,,,,0,744,33000,128,742,11000,128
1100,20160112,11, 1,1,       1801 ,,090341,090341,090341480600,1,,,,,,0,743,2000,128,742,11000,128
1100,20160112,11, 1,1,       1801 ,,090341,090341,090341490800,1,,,,,,0,744,33000,128,742,11000,128
1100,20160112,11, 1,1,       1801 ,,090341,090341,090341528900,1,,,,,,0,743,2000,128,742,11000,128
1100,20160112,11, 1,1,       1801 ,,090341,090341,090341538700,1,,,,,,0,744,33000,128,742,11000,128
1100,20160112,11, 1,1,       1801 ,,090341,090341,090341561000,1,,,,,,0,744,30000,128,742,11000,128
1100,20160112,11, 1,1,       1801 ,,090343,090343,090343048800,1,,,,,,0,743,2000,128,742,11000,128
1100,20160112,11, 1,1,       1801 ,,090343,090343,090343059100,1,,,,,,0,744,30000,128,742,11000,128
1100,20160112,11, 1,1,       1801 ,,090343,090343,090343060400,1,,,,,,0,743,2000,128,742,11000,128
1100,20160112,11, 1,1,       1801 ,,090343,090343,090343068700,1,,,,,,0,744,30000,128,742,11000,128
1100,20160112,11, 1,1,       1801 ,,090343,090343,090343120600,1,,,,,,0,743,2000,128,742,11000,128
1100,20160112,11, 1,1,       1801 ,,090343,090343,090343261400,1,,,,,,0,744,30000,128,742,11000,128
1100,20160112,11, 1,1,       1801 ,,090343,090343,090343262700,1,,,,,,0,743,2000,128,742,11000,128
1100,20160112,11, 1,1,       1801 ,,090343,090343,090343360400,1,,,,,,0,744,30000,128,742,11000,128
1100,20160112,11, 1,1,       1801 ,,090343,090343,090343361700,1,,,,,,0,743,2000,128,742,11000,128
1100,20160112,11, 1,1,       1801 ,,090343,090343,090343390500,1,,,,,,0,744,30000,128,742,11000,128
1100,20160112,11, 1,1,       1801 ,,090343,090343,090343457400,1,,,,,,0,743,2000,128,742,11000,128
1100,20160112,11, 1,1,       1801 ,,090343,090343,090343559600,1,,,,,,0,744,30000,128,742,11000,128
1100,20160112,11, 1,1,       1801 ,,090343,090343,090343657200,1,,,,,,0,743,2000,128,742,11000,128
1100,20160112,11, 1,1,       1801 ,,090343,090343,090343688700,1,,,,,,0,744,30000,128,742,11000,128
1100,20160112,11, 1,1,       1801 ,,090343,090343,090343738700,1,,,,,,0,743,2000,128,742,11000,128
1100,20160112,11, 1,1,       1801 ,,090343,090343,090343748700,1,,,,,,0,744,30000,128,742,11000,128
1100,20160112,11, 1,1,       1801 ,,090343,090343,090343750100,1,,,,,,0,743,2000,128,742,11000,128
1100,20160112,11, 1,1,       1801 ,,090343,090343,090343960600,1,,,,,,0,744,30000,128,742,11000,128
1100,20160112,11, 1,1,       1801 ,,090343,090343,090343961900,1,,,,,,0,743,2000,128,742,11000,128
1100,20160112,11, 1,1,       1801 ,,090344,090344,090344059900,1,,,,,,0,744,30000,128,742,11000,128
1100,20160112,11, 1,1,       1801 ,,090344,090344,090344156700,1,,,,,,0,743,2000,128,742,11000,128
1100,20160112,11, 1,1,       1801 ,,090344,090344,090344252700,1,,,,,,0,744,30000,128,742,11000,128
1100,20160112,11, 1,1,       1801 ,,090344,090344,090344350100,1,,,,,,0,743,2000,128,742,11000,128
1100,20160112,11, 1,1,       1801 ,,090344,090344,090344351500,1,,,,,,0,743,2000,128,742,12000,128
1100,20160112,11, 1,1,       1801 ,,090344,090344,090344352100,1,,,,,,0,743,2000,128,742,11000,128
1100,20160112,11, 1,1,       1801 ,,090344,090344,090344445400,1,,,,,,0,744,30000,128,742,11000,128
1100,20160112,11, 1,1,       1801 ,,090344,090344,090344528900,1,,,,,,0,743,2000,128,742,11000,128
1100,20160112,11, 1,1,       1801 ,,090344,090344,090344542900,1,,,,,,0,744,30000,128,742,11000,128
1100,20160112,11, 1,1,       1801 ,,090344,090344,090344550600,1,,,,,,0,743,2000,128,742,11000,128
1100,20160112,11, 1,1,       1801 ,,090344,090344,090344644900,1,,,,,,0,744,30000,128,742,11000,128
1100,20160112,11, 1,1,       1801 ,,090344,090344,090344744700,1,,,,,,0,743,2000,128,742,11000,128
1100,20160112,11, 1,1,       1801 ,,090344,090344,090344845900,1,,,,,,0,744,30000,128,742,11000,128
1100,20160112,11, 1,1,       1801 ,,090346,090346,090346290500,1,,,,,,0,744,57000,128,742,11000,128
1100,20160112,11, 1,1,       1801 ,,090346,090346,090346291800,1,,,,,,0,744,58000,128,742,11000,128
1100,20160112,11, 1,1,       1801 ,,090346,090346,090346319000,1,,,,,,0,743,1000,128,742,11000,128
1100,20160112,11, 1,1,       1801 ,,090346,090346,090346398600,1,,,,,,0,744,58000,128,742,11000,128
1100,20160112,11, 1,1,       1801 ,,090346,090346,090346400400,1,,,,,,0,743,1000,128,742,11000,128
1100,20160112,11, 1,1,       1801 ,,090346,090346,090346468300,1,,,,,,0,744,58000,128,742,11000,128
1100,20160112,11, 1,1,       1801 ,,090346,090346,090346469600,1,,,,,,0,744,57000,128,742,11000,128
1100,20160112,11, 1,1,       1801 ,,090346,090346,090346471000,1,,,,,,0,743,1000,128,742,11000,128
1100,20160112,11, 1,1,       1801 ,,090346,090346,090346487200,1,,,,,,0,743,2000,128,742,11000,128
1100,20160112,11, 1,1,       1801 ,,090346,090346,090346488600,1,,,,,,0,743,3000,128,742,11000,128
1100,20160112,11, 1,1,       1801 ,,090346,090346,090346546600,1,,,,,,0,743,2000,128,742,11000,128
1100,20160112,11, 1,1,       1801 ,,090347,090347,090347954400,1,,,,,,0,743,4000,128,742,11000,128
1100,20160112,11, 1,1,       1801 ,,090348,090348,090348064500,1,,,,,,0,743,4000,128,742,8000,128
1100,20160112,11, 1,1,       1801 ,,090349,090349,090349346600,1,,,,,,0,743,2000,128,742,8000,128
1100,20160112,11, 1,1,       1801 ,090349,090349,090349,090349853000,1,743,48,0,2000,0,0,744,55000,128,742,8000,128
1100,20160112,11, 1,1,       1801 ,,090349,090349,090349854400,1,,,,,,0,743,1000,128,742,8000,128
1100,20160112,11, 1,1,       1801 ,,090349,090349,090349907600,1,,,,,,0,744,55000,128,742,8000,128
1100,20160112,11, 1,1,       1801 ,,090349,090349,090349908800,1,,,,,,0,744,56000,128,742,8000,128
1100,20160112,11, 1,1,       1801 ,,090349,090349,090349909900,1,,,,,,0,743,1000,128,742,8000,128
1100,20160112,11, 1,1,       1801 ,,090349,090349,090349978600,1,,,,,,0,744,56000,128,742,8000,128
1100,20160112,11, 1,1,       1801 ,,090349,090349,090349996600,1,,,,,,0,743,1000,128,742,8000,128
1100,20160112,11, 1,1,       1801 ,,090349,090349,090349997700,1,,,,,,0,743,3000,128,742,8000,128
1100,20160112,11, 1,1,       1801 ,,090350,090350,090350082600,1,,,,,,0,743,2000,128,742,8000,128
1100,20160112,11, 1,1,       1801 ,,090350,090350,090350901800,1,,,,,,0,743,3000,128,742,8000,128
1100,20160112,11, 1,1,       1801 ,,090350,090350,090350904900,1,,,,,,0,743,4000,128,742,8000,128
1100,20160112,11, 1,1,       1801 ,,090352,090352,090352082400,1,,,,,,0,743,9000,128,742,8000,128
1100,20160112,11, 1,1,       1801 ,,090354,090354,090354347000,1,,,,,,0,743,9000,128,742,11000,128
1100,20160112,11, 1,1,       1801 ,090354,090354,090354,090354879100,1,743,48,0,4000,0,0,743,5000,128,742,11000,128
1100,20160112,11, 1,1,       1801 ,,090354,090354,090354881200,1,,,,,,0,743,5000,128,742,11000,128
1100,20160112,11, 1,1,       1801 ,090354,090354,090354,090354882000,1,743,48,0,5000,0,0,744,28000,128,742,11000,128
1100,20160112,11, 1,1,       1801 ,,090354,090354,090354883700,1,,,,,,0,744,28000,128,742,13000,128
1100,20160112,11, 1,1,       1801 ,,090356,090356,090356101900,1,,,,,,0,743,1000,128,742,13000,128
1100,20160112,11, 1,1,       1801 ,090358,090358,090358,090358438800,1,743,48,0,1000,0,0,744,28000,128,742,13000,128
1100,20160112,11, 1,1,       1801 ,,090359,090359,090359180400,1,,,,,,0,744,28000,128,742,13000,128
1100,20160112,11, 1,1,       1801 ,,090359,090359,090359733100,1,,,,,,0,744,29000,128,742,13000,128
1100,20160112,11, 1,1,       1801 ,,090359,090359,090359759100,1,,,,,,0,744,36000,128,742,13000,128
1100,20160112,11, 1,1,       1801 ,,090400,090400,090400867300,1,,,,,,0,743,8000,128,742,13000,128
1100,20160112,11, 1,1,       1801 ,,090403,090403,090403189800,1,,,,,,0,743,8000,128,742,11000,128
1100,20160112,11, 1,1,       1801 ,,090404,090404,090404942900,1,,,,,,0,743,9000,128,742,11000,128
1100,20160112,11, 1,1,       1801 ,090405,090405,090405,090405149900,1,743,48,0,6000,0,0,743,3000,128,742,11000,128
1100,20160112,11, 1,1,       1801 ,,090405,090405,090405522600,1,,,,,,0,743,3000,128,742,13000,128
1100,20160112,11, 1,1,       1801 ,,090407,090407,090407431700,1,,,,,,0,743,5000,128,742,13000,128
1100,20160112,11, 1,1,       1801 ,090408,090408,090408,090408586500,1,742,16,0,2000,0,0,743,5000,128,742,11000,128
1100,20160112,11, 1,1,       1801 ,,090408,090408,090408588000,1,,,,,,0,743,5000,128,742,9000,128
1100,20160112,11, 1,1,       1801 ,090410,090410,090410,090410236400,1,743,48,0,5000,0,0,744,33000,128,742,9000,128
1100,20160112,11, 1,1,       1801 ,,090410,090410,090410237800,1,,,,,,0,744,33000,128,742,11000,128
1100,20160112,11, 1,1,       1801 ,,090410,090410,090410238600,1,,,,,,0,744,30000,128,742,11000,128
1100,20160112,11, 1,1,       1801 ,,090410,090410,090410266600,1,,,,,,0,744,31000,128,742,11000,128
1100,20160112,11, 1,1,       1801 ,,090410,090410,090410379900,1,,,,,,0,744,31000,128,742,9000,128
1100,20160112,11, 1,1,       1801 ,,090410,090410,090410528900,1,,,,,,0,744,31000,128,742,10000,128
1100,20160112,11, 1,1,       1801 ,,090411,090411,090411183400,1,,,,,,0,744,32000,128,742,10000,128
1100,20160112,11, 1,1,       1801 ,,090412,090412,090412831900,1,,,,,,0,744,59000,128,742,10000,128
1100,20160112,11, 1,1,       1801 ,,090412,090412,090412833000,1,,,,,,0,743,1000,128,742,10000,128
1100,20160112,11, 1,1,       1801 ,,090412,090412,090412923600,1,,,,,,0,744,59000,128,742,10000,128
1100,20160112,11, 1,1,       1801 ,,090412,090412,090412959200,1,,,,,,0,743,1000,128,742,10000,128
1100,20160112,11, 1,1,       1801 ,,090413,090413,090413059300,1,,,,,,0,744,59000,128,742,10000,128
1100,20160112,11, 1,1,       1801 ,,090413,090413,090413069400,1,,,,,,0,743,1000,128,742,10000,128
1100,20160112,11, 1,1,       1801 ,,090413,090413,090413126300,1,,,,,,0,744,59000,128,742,10000,128
1100,20160112,11, 1,1,       1801 ,,090413,090413,090413128100,1,,,,,,0,743,1000,128,742,10000,128
1100,20160112,11, 1,1,       1801 ,,090413,090413,090413206500,1,,,,,,0,744,59000,128,742,10000,128
1100,20160112,11, 1,1,       1801 ,,090413,090413,090413219700,1,,,,,,0,743,1000,128,742,10000,128
1100,20160112,11, 1,1,       1801 ,,090413,090413,090413270200,1,,,,,,0,744,59000,128,742,10000,128
1100,20160112,11, 1,1,       1801 ,,090413,090413,090413319500,1,,,,,,0,743,1000,128,742,10000,128
1100,20160112,11, 1,1,       1801 ,,090413,090413,090413383000,1,,,,,,0,744,59000,128,742,10000,128
1100,20160112,11, 1,1,       1801 ,,090413,090413,090413385800,1,,,,,,0,743,1000,128,742,10000,128
1100,20160112,11, 1,1,       1801 ,,090413,090413,090413437800,1,,,,,,0,744,59000,128,742,10000,128
1100,20160112,11, 1,1,       1801 ,,090413,090413,090413464300,1,,,,,,0,743,1000,128,742,10000,128
1100,20160112,11, 1,1,       1801 ,,090413,090413,090413522100,1,,,,,,0,744,59000,128,742,10000,128
1100,20160112,11, 1,1,       1801 ,,090413,090413,090413563500,1,,,,,,0,743,1000,128,742,10000,128
1100,20160112,11, 1,1,       1801 ,,090413,090413,090413619400,1,,,,,,0,744,59000,128,742,10000,128
1100,20160112,11, 1,1,       1801 ,,090413,090413,090413639700,1,,,,,,0,743,1000,128,742,10000,128
1100,20160112,11, 1,1,       1801 ,,090413,090413,090413706700,1,,,,,,0,744,59000,128,742,10000,128
1100,20160112,11, 1,1,       1801 ,,090413,090413,090413732600,1,,,,,,0,743,1000,128,742,10000,128
1100,20160112,11, 1,1,       1801 ,,090413,090413,090413783100,1,,,,,,0,744,59000,128,742,10000,128
1100,20160112,11, 1,1,       1801 ,,090413,090413,090413797800,1,,,,,,0,743,1000,128,742,10000,128
1100,20160112,11, 1,1,       1801 ,,090413,090413,090413929500,1,,,,,,0,744,59000,128,742,10000,128
1100,20160112,11, 1,1,       1801 ,,090413,090413,090413949000,1,,,,,,0,743,1000,128,742,10000,128
1100,20160112,11, 1,1,       1801 ,,090413,090413,090413999400,1,,,,,,0,744,59000,128,742,10000,128
1100,20160112,11, 1,1,       1801 ,,090414,090414,090414010200,1,,,,,,0,743,1000,128,742,10000,128
1100,20160112,11, 1,1,       1801 ,,090414,090414,090414067700,1,,,,,,0,744,59000,128,742,10000,128
1100,20160112,11, 1,1,       1801 ,,090414,090414,090414102700,1,,,,,,0,743,1000,128,742,10000,128
1100,20160112,11, 1,1,       1801 ,,090414,090414,090414159400,1,,,,,,0,744,59000,128,742,10000,128
1100,20160112,11, 1,1,       1801 ,,090414,090414,090414179500,1,,,,,,0,743,1000,128,742,10000,128
1100,20160112,11, 1,1,       1801 ,,090414,090414,090414249400,1,,,,,,0,744,59000,128,742,10000,128
1100,20160112,11, 1,1,       1801 ,,090414,090414,090414270900,1,,,,,,0,743,1000,128,742,10000,128
1100,20160112,11, 1,1,       1801 ,,090414,090414,090414322600,1,,,,,,0,744,59000,128,742,10000,128
1100,20160112,11, 1,1,       1801 ,,090414,090414,090414339500,1,,,,,,0,743,1000,128,742,10000,128
1100,20160112,11, 1,1,       1801 ,,090414,090414,090414466700,1,,,,,,0,744,59000,128,742,10000,128
1100,20160112,11, 1,1,       1801 ,,090414,090414,090414488300,1,,,,,,0,743,1000,128,742,10000,128
1100,20160112,11, 1,1,       1801 ,,090414,090414,090414538400,1,,,,,,0,744,59000,128,742,10000,128
1100,20160112,11, 1,1,       1801 ,,090414,090414,090414539700,1,,,,,,0,743,2000,128,742,10000,128
1100,20160112,11, 1,1,       1801 ,,090414,090414,090414542500,1,,,,,,0,743,2000,128,742,9000,128
1100,20160112,11, 1,1,       1801 ,,090414,090414,090414551900,1,,,,,,0,744,60000,128,742,9000,128
1100,20160112,11, 1,1,       1801 ,,090414,090414,090414553100,1,,,,,,0,743,1000,128,742,9000,128
1100,20160112,11, 1,1,       1801 ,,090414,090414,090414553800,1,,,,,,0,743,3000,128,742,9000,128
1100,20160112,11, 1,1,       1801 ,,090414,090414,090414666600,1,,,,,,0,743,2000,128,742,9000,128
1100,20160112,11, 1,1,       1801 ,090414,090414,090414,090414680400,1,743,48,0,2000,0,0,744,60000,128,742,9000,128
1100,20160112,11, 1,1,       1801 ,,090414,090414,090414682500,1,,,,,,0,743,1000,128,742,9000,128
1100,20160112,11, 1,1,       1801 ,,090414,090414,090414749400,1,,,,,,0,744,59000,128,742,9000,128
1100,20160112,11, 1,1,       1801 ,,090414,090414,090414752700,1,,,,,,0,743,1000,128,742,9000,128
1100,20160112,11, 1,1,       1801 ,,090414,090414,090414820700,1,,,,,,0,744,59000,128,742,9000,128
1100,20160112,11, 1,1,       1801 ,,090414,090414,090414821900,1,,,,,,0,744,60000,128,742,9000,128
1100,20160112,11, 1,1,       1801 ,,090414,090414,090414823100,1,,,,,,0,743,1000,128,742,9000,128
1100,20160112,11, 1,1,       1801 ,,090414,090414,090414875100,1,,,,,,0,744,60000,128,742,9000,128
1100,20160112,11, 1,1,       1801 ,,090414,090414,090414909400,1,,,,,,0,743,1000,128,742,9000,128
1100,20160112,11, 1,1,       1801 ,,090414,090414,090414969400,1,,,,,,0,744,60000,128,742,9000,128
1100,20160112,11, 1,1,       1801 ,,090415,090415,090415019500,1,,,,,,0,743,1000,128,742,9000,128
1100,20160112,11, 1,1,       1801 ,,090415,090415,090415079000,1,,,,,,0,744,60000,128,742,9000,128
1100,20160112,11, 1,1,       1801 ,,090415,090415,090415102700,1,,,,,,0,743,1000,128,742,9000,128
1100,20160112,11, 1,1,       1801 ,,090415,090415,090415159100,1,,,,,,0,744,60000,128,742,9000,128
1100,20160112,11, 1,1,       1801 ,,090415,090415,090415211900,1,,,,,,0,743,1000,128,742,9000,128
1100,20160112,11, 1,1,       1801 ,,090415,090415,090415279400,1,,,,,,0,744,60000,128,742,9000,128
1100,20160112,11, 1,1,       1801 ,,090415,090415,090415307600,1,,,,,,0,743,1000,128,742,9000,128
1100,20160112,11, 1,1,       1801 ,,090415,090415,090415369400,1,,,,,,0,744,60000,128,742,9000,128
1100,20160112,11, 1,1,       1801 ,,090415,090415,090415370600,1,,,,,,0,744,59000,128,742,9000,128
1100,20160112,11, 1,1,       1801 ,,090415,090415,090415371700,1,,,,,,0,743,1000,128,742,9000,128
1100,20160112,11, 1,1,       1801 ,,090415,090415,090415451800,1,,,,,,0,744,59000,128,742,9000,128
1100,20160112,11, 1,1,       1801 ,,090415,090415,090415459400,1,,,,,,0,743,1000,128,742,9000,128
1100,20160112,11, 1,1,       1801 ,,090415,090415,090415513200,1,,,,,,0,744,59000,128,742,9000,128
1100,20160112,11, 1,1,       1801 ,,090415,090415,090415515100,1,,,,,,0,743,1000,128,742,9000,128
1100,20160112,11, 1,1,       1801 ,,090415,090415,090415585900,1,,,,,,0,744,59000,128,742,9000,128
1100,20160112,11, 1,1,       1801 ,,090415,090415,090415590600,1,,,,,,0,743,1000,128,742,9000,128
1100,20160112,11, 1,1,       1801 ,,090415,090415,090415641000,1,,,,,,0,744,59000,128,742,9000,128
1100,20160112,11, 1,1,       1801 ,,090415,090415,090415642900,1,,,,,,0,744,60000,128,742,9000,128
1100,20160112,11, 1,1,       1801 ,,090415,090415,090415644300,1,,,,,,0,743,1000,128,742,9000,128
1100,20160112,11, 1,1,       1801 ,,090415,090415,090415699500,1,,,,,,0,744,60000,128,742,9000,128
1100,20160112,11, 1,1,       1801 ,,090415,090415,090415705600,1,,,,,,0,743,1000,128,742,9000,128
1100,20160112,11, 1,1,       1801 ,090415,090415,090415,090415706900,1,742,16,0,9000,0,0,743,1000,128,741,21000,128
1100,20160112,11, 1,1,       1801 ,,090415,090415,090415707700,1,,,,,,0,743,4000,128,741,21000,128
1100,20160112,11, 1,1,       1801 ,,090415,090415,090415708400,1,,,,,,0,743,6000,128,741,21000,128
1100,20160112,11, 1,1,       1801 ,,090415,090415,090415709200,1,,,,,,0,743,9000,128,741,21000,128
1100,20160112,11, 1,1,       1801 ,,090415,090415,090415709900,1,,,,,,0,743,9000,128,741,18000,128
1100,20160112,11, 1,1,       1801 ,,090415,090415,090415710600,1,,,,,,0,743,9000,128,741,17000,128
1100,20160112,11, 1,1,       1801 ,,090415,090415,090415711900,1,,,,,,0,743,9000,128,741,14000,128
1100,20160112,11, 1,1,       1801 ,,090415,090415,090415712700,1,,,,,,0,742,3000,128,741,14000,128
1100,20160112,11, 1,1,       1801 ,,090415,090415,090415735700,1,,,,,,0,742,3000,128,741,11000,128
1100,20160112,11, 1,1,       1801 ,,090415,090415,090415737900,1,,,,,,0,742,3000,128,741,10000,128
1100,20160112,11, 1,1,       1801 ,,090415,090415,090415761900,1,,,,,,0,742,3000,128,741,12000,128
1100,20160112,11, 1,1,       1801 ,,090416,090416,090416376800,1,,,,,,0,742,4000,128,741,12000,128
1100,20160112,11, 1,1,       1801 ,090419,090419,090419,090419655400,1,742,48,0,4000,0,0,743,15000,128,741,12000,128
1100,20160112,11, 1,1,       1801 ,,090419,090419,090419657200,1,,,,,,0,743,15000,128,741,15000,128
1100,20160112,11, 1,1,       1801 ,,090419,090419,090419661200,1,,,,,,0,743,12000,128,741,15000,128
1100,20160112,11, 1,1,       1801 ,,090419,090419,090419695300,1,,,,,,0,743,12000,128,741,16000,128
1100,20160112,11, 1,1,       1801 ,,090419,090419,090419765500,1,,,,,,0,743,12000,128,741,15000,128
1100,20160112,11, 1,1,       1801 ,,090419,090419,090419814200,1,,,,,,0,743,14000,128,741,15000,128
1100,20160112,11, 1,1,       1801 ,,090419,090419,090419815400,1,,,,,,0,742,3000,128,741,15000,128
1100,20160112,11, 1,1,       1801 ,090425,090425,090425,090425232500,1,742,48,0,3000,0,0,743,14000,128,741,15000,128
1100,20160112,11, 1,1,       1801 ,,090425,090425,090425285600,1,,,,,,0,743,15000,128,741,15000,128
1100,20160112,11, 1,1,       1801 ,,090425,090425,090425287100,1,,,,,,0,742,3000,128,741,15000,128
1100,20160112,11, 1,1,       1801 ,090433,090433,090433,090433703400,1,742,48,0,1000,0,0,742,2000,128,741,15000,128
1100,20160112,11, 1,1,       1801 ,090433,090433,090433,090433705100,1,742,48,0,2000,0,0,743,15000,128,741,15000,128
1100,20160112,11, 1,1,       1801 ,,090435,090435,090435206800,1,,,,,,0,743,15000,128,741,15000,128
1100,20160112,11, 1,1,       1801 ,,090435,090435,090435307700,1,,,,,,0,743,15000,128,741,16000,128
1100,20160112,11, 1,1,       1801 ,,090435,090435,090435308400,1,,,,,,0,743,15000,128,742,1000,128
1100,20160112,11, 1,1,       1801 ,090437,090437,090437,090437130000,1,742,16,0,1000,0,0,743,15000,128,741,23000,128
1100,20160112,11, 1,1,       1801 ,,090437,090437,090437160700,1,,,,,,0,743,15000,128,741,20000,128
1100,20160112,11, 1,1,       1801 ,,090437,090437,090437204600,1,,,,,,0,743,15000,128,741,19000,128
1100,20160112,11, 1,1,       1801 ,,090437,090437,090437739700,1,,,,,,0,743,15000,128,741,18000,128
1100,20160112,11, 1,1,       1801 ,,090438,090438,090438792600,1,,,,,,0,743,18000,128,741,18000,128
1100,20160112,11, 1,1,       1801 ,,090440,090440,090440050000,1,,,,,,0,743,45000,128,741,18000,128
1100,20160112,11, 1,1,       1801 ,,090441,090441,090441690800,1,,,,,,0,742,1000,128,741,18000,128
1100,20160112,11, 1,1,       1801 ,,090441,090441,090441697500,1,,,,,,0,742,4000,128,741,18000,128
1100,20160112,11, 1,1,       1801 ,,090441,090441,090441712500,1,,,,,,0,742,1000,128,741,18000,128
1100,20160112,11, 1,1,       1801 ,,090441,090441,090441739700,1,,,,,,0,743,48000,128,741,18000,128
1100,20160112,11, 1,1,       1801 ,,090445,090445,090445497800,1,,,,,,0,743,49000,128,741,18000,128
1100,20160112,11, 1,1,       1801 ,,090451,090451,090451883300,1,,,,,,0,742,5000,128,741,18000,128
1100,20160112,11, 1,1,       1801 ,,090451,090451,090451884700,1,,,,,,0,742,8000,128,741,18000,128
1100,20160112,11, 1,1,       1801 ,,090452,090452,090452773500,1,,,,,,0,742,9000,128,741,18000,128
1100,20160112,11, 1,1,       1801 ,090452,090452,090452,090452775100,1,741,16,0,10000,0,0,742,9000,128,741,8000,128
1100,20160112,11, 1,1,       1801 ,090452,090452,090452,090452777300,1,741,16,0,8000,0,0,742,9000,128,740,24000,128
1100,20160112,11, 1,1,       1801 ,,090452,090452,090452782000,1,,,,,,0,742,12000,128,740,24000,128
1100,20160112,11, 1,1,       1801 ,,090452,090452,090452782600,1,,,,,,0,742,14000,128,740,24000,128
1100,20160112,11, 1,1,       1801 ,,090452,090452,090452784000,1,,,,,,0,742,15000,128,740,24000,128
1100,20160112,11, 1,1,       1801 ,,090452,090452,090452785300,1,,,,,,0,741,3000,128,740,24000,128
1100,20160112,11, 1,1,       1801 ,,090452,090452,090452786500,1,,,,,,0,741,3000,128,740,21000,128
1100,20160112,11, 1,1,       1801 ,,090452,090452,090452787200,1,,,,,,0,741,3000,128,740,18000,128
1100,20160112,11, 1,1,       1801 ,,090452,090452,090452788000,1,,,,,,0,741,3000,128,740,15000,128
1100,20160112,11, 1,1,       1801 ,,090452,090452,090452788800,1,,,,,,0,741,6000,128,740,15000,128
1100,20160112,11, 1,1,       1801 ,,090452,090452,090452790700,1,,,,,,0,741,6000,128,740,14000,128
1100,20160112,11, 1,1,       1801 ,,090452,090452,090452791500,1,,,,,,0,741,6000,128,740,11000,128
1100,20160112,11, 1,1,       1801 ,,090454,090454,090454848600,1,,,,,,0,741,7000,128,740,11000,128
1100,20160112,11, 1,1,       1801 ,,090503,090503,090503765400,1,,,,,,0,741,29000,128,740,11000,128
1100,20160112,11, 1,1,       1801 ,,090504,090504,090504160800,1,,,,,,0,741,30000,128,740,11000,128
1100,20160112,11, 1,1,       1801 ,,090505,090505,090505545600,1,,,,,,0,741,33000,128,740,11000,128
1100,20160112,11, 1,1,       1801 ,090505,090505,090505,090505547000,1,740,16,0,10000,0,0,741,33000,128,740,1000,128
1100,20160112,11, 1,1,       1801 ,090505,090505,090505,090505549400,1,740,16,0,1000,0,0,741,33000,128,739,28000,128
1100,20160112,11, 1,1,       1801 ,,090505,090505,090505551600,1,,,,,,0,741,35000,128,739,28000,128
1100,20160112,11, 1,1,       1801 ,,090505,090505,090505553300,1,,,,,,0,741,36000,128,739,28000,128
1100,20160112,11, 1,1,       1801 ,,090505,090505,090505561000,1,,,,,,0,740,1000,128,739,28000,128
1100,20160112,11, 1,1,       1801 ,,090505,090505,090505561700,1,,,,,,0,740,1000,128,739,26000,128
1100,20160112,11, 1,1,       1801 ,,090505,090505,090505562400,1,,,,,,0,740,1000,128,739,23000,128
1100,20160112,11, 1,1,       1801 ,,090505,090505,090505563200,1,,,,,,0,740,2000,128,739,23000,128
1100,20160112,11, 1,1,       1801 ,,090505,090505,090505563800,1,,,,,,0,740,2000,128,739,19000,128
1100,20160112,11, 1,1,       1801 ,,090505,090505,090505564600,1,,,,,,0,740,5000,128,739,19000,128
1100,20160112,11, 1,1,       1801 ,,090505,090505,090505565200,1,,,,,,0,740,5000,128,739,16000,128
1100,20160112,11, 1,1,       1801 ,,090505,090505,090505567200,1,,,,,,0,740,5000,128,739,18000,128
1100,20160112,11, 1,1,       1801 ,,090505,090505,090505567800,1,,,,,,0,740,5000,128,739,20000,128
1100,20160112,11, 1,1,       1801 ,,090505,090505,090505569200,1,,,,,,0,740,5000,128,739,18000,128
1100,20160112,11, 1,1,       1801 ,,090505,090505,090505570800,1,,,,,,0,740,5000,128,739,17000,128
1100,20160112,11, 1,1,       1801 ,,090505,090505,090505580500,1,,,,,,0,740,5000,128,739,15000,128
1100,20160112,11, 1,1,       1801 ,,090505,090505,090505585800,1,,,,,,0,740,5000,128,739,12000,128
1100,20160112,11, 1,1,       1801 ,,090505,090505,090505600600,1,,,,,,0,740,5000,128,739,14000,128
1100,20160112,11, 1,1,       1801 ,,090506,090506,090506008500,1,,,,,,0,740,6000,128,739,14000,128
1100,20160112,11, 1,1,       1801 ,,090509,090509,090509215800,1,,,,,,0,740,7000,128,739,14000,128
1100,20160112,11, 1,1,       1801 ,,090511,090511,090511833200,1,,,,,,0,740,7000,128,739,13000,128
1100,20160112,11, 1,1,       1801 ,,090512,090512,090512101700,1,,,,,,0,740,18000,128,739,13000,128
1100,20160112,11, 1,1,       1801 ,,090512,090512,090512944500,1,,,,,,0,740,20000,128,739,13000,128
1100,20160112,11, 1,1,       1801 ,,090513,090513,090513342000,1,,,,,,0,740,20000,128,739,16000,128
1100,20160112,11, 1,1,       1801 ,,090513,090513,090513800800,1,,,,,,0,740,18000,128,739,16000,128
1100,20160112,11, 1,1,       1801 ,,090515,090515,090515133600,1,,,,,,0,740,19000,128,739,16000,128
1100,20160112,11, 1,1,       1801 ,,090515,090515,090515169500,1,,,,,,0,740,21000,128,739,16000,128
1100,20160112,11, 1,1,       1801 ,,090515,090515,090515190700,1,,,,,,0,740,19000,128,739,16000,128
1100,20160112,11, 1,1,       1801 ,,090521,090521,090521136300,1,,,,,,0,740,8000,128,739,16000,128
1100,20160112,11, 1,1,       1801 ,090521,090521,090521,090521137700,1,740,48,0,8000,0,0,741,18000,128,739,16000,128
1100,20160112,11, 1,1,       1801 ,,090521,090521,090521139600,1,,,,,,0,741,17000,128,739,16000,128
1100,20160112,11, 1,1,       1801 ,,090521,090521,090521140400,1,,,,,,0,741,17000,128,739,17000,128
1100,20160112,11, 1,1,       1801 ,,090521,090521,090521142800,1,,,,,,0,741,17000,128,739,19000,128
1100,20160112,11, 1,1,       1801 ,,090521,090521,090521143600,1,,,,,,0,741,17000,128,739,21000,128
1100,20160112,11, 1,1,       1801 ,,090521,090521,090521160900,1,,,,,,0,741,14000,128,739,21000,128
1100,20160112,11, 1,1,       1801 ,,090521,090521,090521229400,1,,,,,,0,740,1000,128,739,21000,128
1100,20160112,11, 1,1,       1801 ,,090521,090521,090521230800,1,,,,,,0,740,5000,128,739,21000,128
1100,20160112,11, 1,1,       1801 ,090521,090521,090521,090521232200,1,740,48,0,1000,0,0,740,4000,128,739,21000,128
1100,20160112,11, 1,1,       1801 ,090521,090521,090521,090521233900,1,740,48,0,4000,0,0,741,14000,128,739,21000,128
1100,20160112,11, 1,1,       1801 ,,090521,090521,090521240800,1,,,,,,0,741,14000,128,740,3000,128
1100,20160112,11, 1,1,       1801 ,,090521,090521,090521242300,1,,,,,,0,741,11000,128,740,3000,128
1100,20160112,11, 1,1,       1801 ,,090522,090522,090522193500,1,,,,,,0,741,11000,128,740,4000,128
1100,20160112,11, 1,1,       1801 ,090524,090524,090524,090524822800,1,740,16,0,2000,0,0,741,11000,128,740,2000,128
1100,20160112,11, 1,1,       1801 ,090527,090527,090527,090527039400,1,740,16,0,2000,0,0,741,11000,128,739,31000,128
1100,20160112,11, 1,1,       1801 ,,090527,090527,090527040900,1,,,,,,0,740,2000,128,739,31000,128
1100,20160112,11, 1,1,       1801 ,,090527,090527,090527041600,1,,,,,,0,740,2000,128,739,27000,128
1100,20160112,11, 1,1,       1801 ,090527,090527,090527,090527042400,1,740,48,0,2000,0,0,741,11000,128,739,27000,128
1100,20160112,11, 1,1,       1801 ,,090527,090527,090527046900,1,,,,,,0,741,11000,128,740,1000,128
1100,20160112,11, 1,1,       1801 ,,090527,090527,090527047600,1,,,,,,0,741,14000,128,740,1000,128
1100,20160112,11, 1,1,       1801 ,,090527,090527,090527056900,1,,,,,,0,741,14000,128,740,2000,128
1100,20160112,11, 1,1,       1801 ,,090527,090527,090527058100,1,,,,,,0,741,14000,128,740,4000,128
1100,20160112,11, 1,1,       1801 ,,090527,090527,090527965800,1,,,,,,0,741,17000,128,740,4000,128
1100,20160112,11, 1,1,       1801 ,,090528,090528,090528501200,1,,,,,,0,741,18000,128,740,4000,128
1100,20160112,11, 1,1,       1801 ,,090528,090528,090528502400,1,,,,,,0,741,15000,128,740,4000,128
1100,20160112,11, 1,1,       1801 ,,090528,090528,090528739400,1,,,,,,0,741,13000,128,740,4000,128
1100,20160112,11, 1,1,       1801 ,,090530,090530,090530049900,1,,,,,,0,741,13000,128,740,6000,128
1100,20160112,11, 1,1,       1801 ,,090530,090530,090530051500,1,,,,,,0,741,10000,128,740,6000,128
1100,20160112,11, 1,1,       1801 ,090530,090530,090530,090530052800,1,741,48,0,10000,0,0,742,24000,128,740,6000,128
1100,20160112,11, 1,1,       1801 ,,090530,090530,090530054400,1,,,,,,0,742,24000,128,740,7000,128
1100,20160112,11, 1,1,       1801 ,,090530,090530,090530055000,1,,,,,,0,742,24000,128,740,8000,128
1100,20160112,11, 1,1,       1801 ,,090530,090530,090530055800,1,,,,,,0,742,22000,128,740,8000,128
1100,20160112,11, 1,1,       1801 ,,090530,090530,090530056600,1,,,,,,0,742,22000,128,741,3000,128
1100,20160112,11, 1,1,       1801 ,,090530,090530,090530057900,1,,,,,,0,742,19000,128,741,3000,128
1100,20160112,11, 1,1,       1801 ,,090530,090530,090530058700,1,,,,,,0,742,19000,128,741,5000,128
1100,20160112,11, 1,1,       1801 ,,090530,090530,090530063000,1,,,,,,0,742,18000,128,741,5000,128
1100,20160112,11, 1,1,       1801 ,,090530,090530,090530064400,1,,,,,,0,742,15000,128,741,5000,128
1100,20160112,11, 1,1,       1801 ,,090530,090530,090530065200,1,,,,,,0,742,12000,128,741,5000,128
1100,20160112,11, 1,1,       1801 ,,090530,090530,090530066000,1,,,,,,0,742,12000,128,741,3000,128
1100,20160112,11, 1,1,       1801 ,,090530,090530,090530137100,1,,,,,,0,742,9000,128,741,3000,128
1100,20160112,11, 1,1,       1801 ,,090530,090530,090530149900,1,,,,,,0,742,9000,128,741,4000,128
1100,20160112,11, 1,1,       1801 ,,090530,090530,090530151500,1,,,,,,0,742,9000,128,741,6000,128
1100,20160112,11, 1,1,       1801 ,,090530,090530,090530152800,1,,,,,,0,742,9000,128,741,8000,128
1100,20160112,11, 1,1,       1801 ,,090530,090530,090530253800,1,,,,,,0,742,9000,128,741,9000,128
1100,20160112,11, 1,1,       1801 ,090530,090530,090530,090530281300,1,742,48,0,1000,0,0,742,8000,128,741,9000,128
1100,20160112,11, 1,1,       1801 ,090530,090530,090530,090530282900,1,742,48,0,1000,0,0,742,7000,128,741,9000,128
1100,20160112,11, 1,1,       1801 ,,090530,090530,090530283800,1,,,,,,0,742,7000,128,741,9000,128
1100,20160112,11, 1,1,       1801 ,,090530,090530,090530284700,1,,,,,,0,742,7000,128,741,10000,128
1100,20160112,11, 1,1,       1801 ,090530,090530,090530,090530285400,1,742,48,0,7000,0,0,743,27000,128,741,10000,128
1100,20160112,11, 1,1,       1801 ,,090530,090530,090530291200,1,,,,,,0,743,27000,128,741,10000,128
1100,20160112,11, 1,1,       1801 ,,090530,090530,090530292900,1,,,,,,0,743,27000,128,742,1000,128
1100,20160112,11, 1,1,       1801 ,,090530,090530,090530293600,1,,,,,,0,743,27000,128,742,3000,128
1100,20160112,11, 1,1,       1801 ,,090530,090530,090530294300,1,,,,,,0,743,27000,128,742,6000,128
1100,20160112,11, 1,1,       1801 ,,090530,090530,090530296400,1,,,,,,0,743,24000,128,742,6000,128
1100,20160112,11, 1,1,       1801 ,090530,090530,090530,090530297400,1,742,16,0,1000,0,0,743,24000,128,742,5000,128
1100,20160112,11, 1,1,       1801 ,,090530,090530,090530298300,1,,,,,,0,743,24000,128,742,5000,128
1100,20160112,11, 1,1,       1801 ,,090530,090530,090530300300,1,,,,,,0,743,21000,128,742,5000,128
1100,20160112,11, 1,1,       1801 ,,090530,090530,090530303900,1,,,,,,0,743,18000,128,742,5000,128
1100,20160112,11, 1,1,       1801 ,,090530,090530,090530311300,1,,,,,,0,743,18000,128,742,6000,128
1100,20160112,11, 1,1,       1801 ,,090530,090530,090530362800,1,,,,,,0,743,15000,128,742,6000,128
1100,20160112,11, 1,1,       1801 ,,090530,090530,090530684600,1,,,,,,0,743,15000,128,742,7000,128
1100,20160112,11, 1,1,       1801 ,,090531,090531,090531246700,1,,,,,,0,743,16000,128,742,7000,128
1100,20160112,11, 1,1,       1801 ,090533,090533,090533,090533294800,1,743,48,0,1000,0,0,743,15000,128,742,7000,128
1100,20160112,11, 1,1,       1801 ,,090533,090533,090533296400,1,,,,,,0,743,15000,128,742,7000,128
1100,20160112,11, 1,1,       1801 ,,090533,090533,090533297100,1,,,,,,0,743,12000,128,742,7000,128
1100,20160112,11, 1,1,       1801 ,,090536,090536,090536968900,1,,,,,,0,743,13000,128,742,7000,128
1100,20160112,11, 1,1,       1801 ,,090537,090537,090537001100,1,,,,,,0,743,11000,128,742,7000,128
1100,20160112,11, 1,1,       1801 ,090546,090546,090546,090546113800,1,742,16,0,1000,0,0,743,11000,128,742,6000,128
1100,20160112,11, 1,1,       1801 ,,090546,090546,090546115600,1,,,,,,0,743,11000,128,742,6000,128
1100,20160112,11, 1,1,       1801 ,,090546,090546,090546152800,1,,,,,,0,743,13000,128,742,6000,128
1100,20160112,11, 1,1,       1801 ,,090549,090549,090549757900,1,,,,,,0,743,14000,128,742,6000,128
1100,20160112,11, 1,1,       1801 ,,090551,090551,090551918800,1,,,,,,0,743,12000,128,742,6000,128
1100,20160112,11, 1,1,       1801 ,,090552,090552,090552378700,1,,,,,,0,743,14000,128,742,6000,128
1100,20160112,11, 1,1,       1801 ,,090559,090559,090559738900,1,,,,,,0,743,12000,128,742,6000,128
1100,20160112,11, 1,1,       1801 ,,090600,090600,090600322400,1,,,,,,0,743,12000,128,742,7000,128
1100,20160112,11, 1,1,       1801 ,,090602,090602,090602558200,1,,,,,,0,743,12000,128,742,8000,128
1100,20160112,11, 1,1,       1801 ,090602,090602,090602,090602774900,1,743,48,0,12000,0,0,744,39000,128,742,8000,128
1100,20160112,11, 1,1,       1801 ,,090602,090602,090602776300,1,,,,,,0,744,39000,128,743,1000,128
1100,20160112,11, 1,1,       1801 ,,090602,090602,090602777700,1,,,,,,0,744,39000,128,743,4000,128
1100,20160112,11, 1,1,       1801 ,,090602,090602,090602779900,1,,,,,,0,744,38000,128,743,4000,128
1100,20160112,11, 1,1,       1801 ,,090602,090602,090602781300,1,,,,,,0,744,35000,128,743,4000,128
1100,20160112,11, 1,1,       1801 ,,090602,090602,090602782000,1,,,,,,0,744,32000,128,743,4000,128
1100,20160112,11, 1,1,       1801 ,,090602,090602,090602795000,1,,,,,,0,744,32000,128,743,5000,128
1100,20160112,11, 1,1,       1801 ,,090602,090602,090602827600,1,,,,,,0,744,32000,128,743,6000,128
1100,20160112,11, 1,1,       1801 ,,090602,090602,090602983700,1,,,,,,0,744,32000,128,743,7000,128
1100,20160112,11, 1,1,       1801 ,,090603,090603,090603213500,1,,,,,,0,744,32000,128,743,11000,128
1100,20160112,11, 1,1,       1801 ,090603,090603,090603,090603214800,1,744,48,0,5000,0,0,744,27000,128,743,11000,128
1100,20160112,11, 1,1,       1801 ,,090603,090603,090603215900,1,,,,,,0,744,27000,128,743,11000,128
1100,20160112,11, 1,1,       1801 ,090603,090603,090603,090603216600,1,744,48,0,27000,0,0,745,26000,128,743,11000,128
1100,20160112,11, 1,1,       1801 ,,090603,090603,090603218700,1,,,,,,0,745,26000,128,743,12000,128
1100,20160112,11, 1,1,       1801 ,,090603,090603,090603221000,1,,,,,,0,745,26000,128,743,14000,128
1100,20160112,11, 1,1,       1801 ,,090603,090603,090603222000,1,,,,,,0,745,26000,128,744,1000,128
1100,20160112,11, 1,1,       1801 ,,090603,090603,090603223400,1,,,,,,0,745,26000,128,744,4000,128
1100,20160112,11, 1,1,       1801 ,,090603,090603,090603224100,1,,,,,,0,745,28000,128,744,4000,128
1100,20160112,11, 1,1,       1801 ,,090603,090603,090603226800,1,,,,,,0,745,25000,128,744,4000,128
1100,20160112,11, 1,1,       1801 ,,090603,090603,090603233400,1,,,,,,0,745,25000,128,744,8000,128
1100,20160112,11, 1,1,       1801 ,,090603,090603,090603234800,1,,,,,,0,745,23000,128,744,8000,128
1100,20160112,11, 1,1,       1801 ,,090603,090603,090603237800,1,,,,,,0,745,23000,128,744,9000,128
1100,20160112,11, 1,1,       1801 ,,090603,090603,090603245900,1,,,,,,0,745,23000,128,744,10000,128
1100,20160112,11, 1,1,       1801 ,,090603,090603,090603396700,1,,,,,,0,745,23000,128,744,11000,128
1100,20160112,11, 1,1,       1801 ,,090604,090604,090604002800,1,,,,,,0,745,24000,128,744,11000,128
1100,20160112,11, 1,1,       1801 ,,090604,090604,090604010900,1,,,,,,0,745,25000,128,744,11000,128
1100,20160112,11, 1,1,       1801 ,,090604,090604,090604427700,1,,,,,,0,745,25000,128,744,12000,128
1100,20160112,11, 1,1,       1801 ,,090605,090605,090605267600,1,,,,,,0,745,25000,128,744,14000,128
1100,20160112,11, 1,1,       1801 ,,090608,090608,090608638900,1,,,,,,0,745,25000,128,744,16000,128
1100,20160112,11, 1,1,       1801 ,,090609,090609,090609886500,1,,,,,,0,745,26000,128,744,16000,128
1100,20160112,11, 1,1,       1801 ,090613,090613,090613,090613999200,1,744,16,0,10000,0,0,745,26000,128,744,6000,128
1100,20160112,11, 1,1,       1801 ,,090614,090614,090614001400,1,,,,,,0,745,26000,128,744,4000,128
1100,20160112,11, 1,1,       1801 ,,090614,090614,090614002300,1,,,,,,0,745,27000,128,744,4000,128
1100,20160112,11, 1,1,       1801 ,090614,090614,090614,090614003800,1,744,16,0,1000,0,0,745,27000,128,744,3000,128
1100,20160112,11, 1,1,       1801 ,,090614,090614,090614004700,1,,,,,,0,745,29000,128,744,3000,128
1100,20160112,11, 1,1,       1801 ,090614,090614,090614,090614005800,1,744,16,0,3000,0,0,745,29000,128,743,18000,128
1100,20160112,11, 1,1,       1801 ,,090614,090614,090614008100,1,,,,,,0,744,2000,128,743,18000,128
1100,20160112,11, 1,1,       1801 ,090614,090614,090614,090614008700,1,744,48,0,2000,0,0,745,29000,128,744,2000,128
1100,20160112,11, 1,1,       1801 ,,090614,090614,090614009500,1,,,,,,0,745,29000,128,743,18000,128
1100,20160112,11, 1,1,       1801 ,,090614,090614,090614010200,1,,,,,,0,745,29000,128,743,22000,128
1100,20160112,11, 1,1,       1801 ,,090614,090614,090614015500,1,,,,,,0,745,29000,128,743,21000,128
1100,20160112,11, 1,1,       1801 ,,090614,090614,090614017000,1,,,,,,0,745,29000,128,743,20000,128
1100,20160112,11, 1,1,       1801 ,,090614,090614,090614018300,1,,,,,,0,745,31000,128,743,20000,128
1100,20160112,11, 1,1,       1801 ,,090614,090614,090614019000,1,,,,,,0,745,31000,128,743,18000,128
1100,20160112,11, 1,1,       1801 ,,090614,090614,090614019800,1,,,,,,0,745,31000,128,743,20000,128
1100,20160112,11, 1,1,       1801 ,,090614,090614,090614021300,1,,,,,,0,745,31000,128,743,16000,128
1100,20160112,11, 1,1,       1801 ,,090614,090614,090614023000,1,,,,,,0,745,31000,128,743,20000,128
1100,20160112,11, 1,1,       1801 ,,090614,090614,090614098600,1,,,,,,0,745,31000,128,743,18000,128
1100,20160112,11, 1,1,       1801 ,,090616,090616,090616048200,1,,,,,,0,745,52000,128,743,18000,128
1100,20160112,11, 1,1,       1801 ,,090617,090617,090617880100,1,,,,,,0,745,52000,128,743,20000,128
1100,20160112,11, 1,1,       1801 ,,090617,090617,090617881800,1,,,,,,0,745,52000,128,743,17000,128
1100,20160112,11, 1,1,       1801 ,,090617,090617,090617891600,1,,,,,,0,745,52000,128,743,15000,128
1100,20160112,11, 1,1,       1801 ,,090619,090619,090619274300,1,,,,,,0,745,52000,128,743,16000,128
1100,20160112,11, 1,1,       1801 ,,090620,090620,090620730000,1,,,,,,0,744,5000,128,743,16000,128
1100,20160112,11, 1,1,       1801 ,,090620,090620,090620731300,1,,,,,,0,744,7000,128,743,16000,128
1100,20160112,11, 1,1,       1801 ,,090620,090620,090620733400,1,,,,,,0,744,8000,128,743,16000,128
1100,20160112,11, 1,1,       1801 ,,090621,090621,090621680700,1,,,,,,0,744,9000,128,743,16000,128
1100,20160112,11, 1,1,       1801 ,,090621,090621,090621684200,1,,,,,,0,744,10000,128,743,16000,128
1100,20160112,11, 1,1,       1801 ,,090621,090621,090621814200,1,,,,,,0,744,10000,128,743,18000,128
1100,20160112,11, 1,1,       1801 ,,090623,090623,090623779300,1,,,,,,0,744,10000,128,743,16000,128
1100,20160112,11, 1,1,       1801 ,,090627,090627,090627281000,1,,,,,,0,744,10000,128,743,15000,128
1100,20160112,11, 1,1,       1801 ,,090628,090628,090628424800,1,,,,,,0,744,11000,128,743,15000,128
1100,20160112,11, 1,1,       1801 ,,090628,090628,090628931700,1,,,,,,0,744,11000,128,743,16000,128
1100,20160112,11, 1,1,       1801 ,,090629,090629,090629490400,1,,,,,,0,744,11000,128,743,15000,128
1100,20160112,11, 1,1,       1801 ,090630,090630,090630,090630448300,1,743,16,0,2000,0,0,744,11000,128,743,13000,128
1100,20160112,11, 1,1,       1801 ,090630,090630,090630,090630449900,1,743,16,0,2000,0,0,744,11000,128,743,11000,128
1100,20160112,11, 1,1,       1801 ,,090630,090630,090630451100,1,,,,,,0,744,11000,128,743,9000,128
1100,20160112,11, 1,1,       1801 ,090630,090630,090630,090630452400,1,743,16,0,1000,0,0,744,11000,128,743,8000,128
1100,20160112,11, 1,1,       1801 ,090630,090630,090630,090630453600,1,743,16,0,1000,0,0,744,11000,128,743,7000,128
1100,20160112,11, 1,1,       1801 ,,090630,090630,090630454900,1,,,,,,0,744,11000,128,743,7000,128
1100,20160112,11, 1,1,       1801 ,090630,090630,090630,090630456200,1,743,16,0,7000,0,0,744,11000,128,742,20000,128
1100,20160112,11, 1,1,       1801 ,,090630,090630,090630458300,1,,,,,,0,744,13000,128,742,20000,128
1100,20160112,11, 1,1,       1801 ,,090630,090630,090630459100,1,,,,,,0,744,14000,128,742,20000,128
1100,20160112,11, 1,1,       1801 ,,090630,090630,090630461500,1,,,,,,0,743,2000,128,742,20000,128
1100,20160112,11, 1,1,       1801 ,,090630,090630,090630462500,1,,,,,,0,743,5000,128,742,20000,128
1100,20160112,11, 1,1,       1801 ,,090630,090630,090630468200,1,,,,,,0,743,5000,128,742,18000,128
1100,20160112,11, 1,1,       1801 ,,090630,090630,090630469600,1,,,,,,0,743,5000,128,742,22000,128
1100,20160112,11, 1,1,       1801 ,090630,090630,090630,090630472200,1,743,48,0,2000,0,0,743,3000,128,742,22000,128
1100,20160112,11, 1,1,       1801 ,090630,090630,090630,090630473400,1,743,48,0,2000,0,0,743,1000,128,742,22000,128
1100,20160112,11, 1,1,       1801 ,,090630,090630,090630474600,1,,,,,,0,743,1000,128,742,22000,128
1100,20160112,11, 1,1,       1801 ,,090630,090630,090630476300,1,,,,,,0,743,1000,128,742,19000,128
1100,20160112,11, 1,1,       1801 ,,090630,090630,090630477500,1,,,,,,0,743,1000,128,742,16000,128
1100,20160112,11, 1,1,       1801 ,090630,090630,090630,090630480400,1,743,48,0,1000,0,0,744,19000,128,743,4000,128
1100,20160112,11, 1,1,       1801 ,,090630,090630,090630482700,1,,,,,,0,744,16000,128,743,4000,128
1100,20160112,11, 1,1,       1801 ,,090630,090630,090630484300,1,,,,,,0,744,13000,128,743,4000,128
1100,20160112,11, 1,1,       1801 ,,090630,090630,090630486700,1,,,,,,0,744,13000,128,743,6000,128
1100,20160112,11, 1,1,       1801 ,,090630,090630,090630487900,1,,,,,,0,744,12000,128,743,6000,128
1100,20160112,11, 1,1,       1801 ,,090630,090630,090630488700,1,,,,,,0,744,12000,128,743,7000,128
1100,20160112,11, 1,1,       1801 ,,090630,090630,090630489300,1,,,,,,0,744,12000,128,743,11000,128
1100,20160112,11, 1,1,       1801 ,,090630,090630,090630490700,1,,,,,,0,744,10000,128,743,11000,128
1100,20160112,11, 1,1,       1801 ,,090630,090630,090630511800,1,,,,,,0,744,12000,128,743,11000,128
1100,20160112,11, 1,1,       1801 ,,090630,090630,090630789400,1,,,,,,0,744,10000,128,743,11000,128
1100,20160112,11, 1,1,       1801 ,,090630,090630,090630791500,1,,,,,,0,744,10000,128,743,7000,128
1100,20160112,11, 1,1,       1801 ,,090630,090630,090630792800,1,,,,,,0,744,10000,128,743,6000,128
1100,20160112,11, 1,1,       1801 ,,090630,090630,090630793500,1,,,,,,0,744,11000,128,743,6000,128
1100,20160112,11, 1,1,       1801 ,,090630,090630,090630794100,1,,,,,,0,744,11000,128,743,4000,128
1100,20160112,11, 1,1,       1801 ,090630,090630,090630,090630849700,1,743,16,0,4000,0,0,744,11000,128,742,12000,128
1100,20160112,11, 1,1,       1801 ,,090630,090630,090630850400,1,,,,,,0,743,2000,128,742,12000,128
1100,20160112,11, 1,1,       1801 ,,090630,090630,090630851900,1,,,,,,0,743,2000,128,742,13000,128
1100,20160112,11, 1,1,       1801 ,,090630,090630,090630852600,1,,,,,,0,743,2000,128,742,15000,128
1100,20160112,11, 1,1,       1801 ,,090630,090630,090630854100,1,,,,,,0,743,2000,128,742,19000,128
1100,20160112,11, 1,1,       1801 ,090630,090630,090630,090630855700,1,743,48,0,2000,0,0,744,16000,128,742,19000,128
1100,20160112,11, 1,1,       1801 ,,090630,090630,090630856400,1,,,,,,0,744,16000,128,743,2000,128
1100,20160112,11, 1,1,       1801 ,,090630,090630,090630857100,1,,,,,,0,744,16000,128,743,5000,128
1100,20160112,11, 1,1,       1801 ,,090630,090630,090630857800,1,,,,,,0,744,14000,128,743,5000,128
1100,20160112,11, 1,1,       1801 ,,090630,090630,090630859400,1,,,,,,0,744,14000,128,743,7000,128
1100,20160112,11, 1,1,       1801 ,,090630,090630,090630860100,1,,,,,,0,744,14000,128,743,8000,128
1100,20160112,11, 1,1,       1801 ,,090630,090630,090630860700,1,,,,,,0,744,13000,128,743,8000,128
1100,20160112,11, 1,1,       1801 ,,090630,090630,090630862000,1,,,,,,0,744,13000,128,743,12000,128
1100,20160112,11, 1,1,       1801 ,,090630,090630,090630863400,1,,,,,,0,744,11000,128,743,12000,128
1100,20160112,11, 1,1,       1801 ,,090630,090630,090630864900,1,,,,,,0,744,8000,128,743,12000,128
1100,20160112,11, 1,1,       1801 ,,090633,090633,090633320700,1,,,,,,0,744,8000,128,743,11000,128
1100,20160112,11, 1,1,       1801 ,,090633,090633,090633460400,1,,,,,,0,744,8000,128,743,7000,128
1100,20160112,11, 1,1,       1801 ,,090633,090633,090633461900,1,,,,,,0,744,8000,128,743,5000,128
1100,20160112,11, 1,1,       1801 ,,090633,090633,090633462800,1,,,,,,0,744,10000,128,743,5000,128
1100,20160112,11, 1,1,       1801 ,090633,090633,090633,090633463700,1,743,16,0,5000,0,0,744,10000,128,742,16000,128
1100,20160112,11, 1,1,       1801 ,,090633,090633,090633464600,1,,,,,,0,744,11000,128,742,16000,128
1100,20160112,11, 1,1,       1801 ,,090633,090633,090633466800,1,,,,,,0,744,11000,128,742,15000,128
1100,20160112,11, 1,1,       1801 ,,090633,090633,090633467600,1,,,,,,0,744,11000,128,742,13000,128
1100,20160112,11, 1,1,       1801 ,,090633,090633,090633468400,1,,,,,,0,744,11000,128,742,15000,128
1100,20160112,11, 1,1,       1801 ,,090633,090633,090633469500,1,,,,,,0,744,11000,128,742,14000,128
1100,20160112,11, 1,1,       1801 ,,090633,090633,090633477300,1,,,,,,0,744,11000,128,742,18000,128
1100,20160112,11, 1,1,       1801 ,,090633,090633,090633478400,1,,,,,,0,744,11000,128,742,16000,128
1100,20160112,11, 1,1,       1801 ,,090633,090633,090633800200,1,,,,,,0,743,1000,128,742,16000,128
1100,20160112,11, 1,1,       1801 ,,090633,090633,090633802500,1,,,,,,0,743,1000,128,742,18000,128
1100,20160112,11, 1,1,       1801 ,090633,090633,090633,090633807100,1,743,48,0,1000,0,0,744,11000,128,742,18000,128
1100,20160112,11, 1,1,       1801 ,,090633,090633,090633807900,1,,,,,,0,744,14000,128,742,18000,128
1100,20160112,11, 1,1,       1801 ,,090633,090633,090633809200,1,,,,,,0,744,14000,128,743,3000,128
1100,20160112,11, 1,1,       1801 ,,090633,090633,090633811100,1,,,,,,0,744,14000,128,743,5000,128
1100,20160112,11, 1,1,       1801 ,,090633,090633,090633812900,1,,,,,,0,744,13000,128,743,5000,128
1100,20160112,11, 1,1,       1801 ,,090633,090633,090633842600,1,,,,,,0,744,10000,128,743,5000,128
1100,20160112,11, 1,1,       1801 ,,090633,090633,090633843800,1,,,,,,0,744,10000,128,743,6000,128
1100,20160112,11, 1,1,       1801 ,,090634,090634,090634120200,1,,,,,,0,744,10000,128,743,5000,128
1100,20160112,11, 1,1,       1801 ,,090634,090634,090634122000,1,,,,,,0,744,10000,128,743,3000,128
1100,20160112,11, 1,1,       1801 ,,090634,090634,090634123300,1,,,,,,0,744,11000,128,743,3000,128
1100,20160112,11, 1,1,       1801 ,,090634,090634,090634321900,1,,,,,,0,744,10000,128,743,3000,128
1100,20160112,11, 1,1,       1801 ,,090634,090634,090634340100,1,,,,,,0,744,10000,128,743,5000,128
1100,20160112,11, 1,1,       1801 ,,090634,090634,090634341300,1,,,,,,0,744,10000,128,743,6000,128
1100,20160112,11, 1,1,       1801 ,,090634,090634,090634580200,1,,,,,,0,744,8000,128,743,6000,128
1100,20160112,11, 1,1,       1801 ,,090637,090637,090637884100,1,,,,,,0,744,9000,128,743,6000,128
1100,20160112,11, 1,1,       1801 ,,090639,090639,090639089300,1,,,,,,0,744,9000,128,743,10000,128
1100,20160112,11, 1,1,       1801 ,,090643,090643,090643577600,1,,,,,,0,744,9000,128,743,12000,128
1100,20160112,11, 1,1,       1801 ,,090644,090644,090644149400,1,,,,,,0,744,9000,128,743,10000,128
1100,20160112,11, 1,1,       1801 ,,090644,090644,090644753300,1,,,,,,0,744,10000,128,743,10000,128
1100,20160112,11, 1,1,       1801 ,,090645,090645,090645451000,1,,,,,,0,744,10000,128,743,11000,128
1100,20160112,11, 1,1,       1801 ,,090645,090645,090645572300,1,,,,,,0,744,11000,128,743,11000,128
1100,20160112,11, 1,1,       1801 ,,090645,090645,090645780100,1,,,,,,0,744,10000,128,743,11000,128
1100,20160112,11, 1,1,       1801 ,,090648,090648,090648072700,1,,,,,,0,744,11000,128,743,11000,128
1100,20160112,11, 1,1,       1801 ,,090648,090648,090648981600,1,,,,,,0,744,11000,128,743,10000,128
1100,20160112,11, 1,1,       1801 ,,090649,090649,090649882300,1,,,,,,0,744,10000,128,743,10000,128
1100,20160112,11, 1,1,       1801 ,,090650,090650,090650931200,1,,,,,,0,744,10000,128,743,8000,128
1100,20160112,11, 1,1,       1801 ,,090650,090650,090650934300,1,,,,,,0,744,12000,128,743,8000,128
1100,20160112,11, 1,1,       1801 ,090650,090650,090650,090650936800,1,743,16,0,5000,0,0,744,12000,128,743,3000,128
1100,20160112,11, 1,1,       1801 ,090650,090650,090650,090650937900,1,743,16,0,3000,0,0,744,12000,128,742,19000,128
1100,20160112,11, 1,1,       1801 ,,090650,090650,090650940000,1,,,,,,0,744,13000,128,742,19000,128
1100,20160112,11, 1,1,       1801 ,,090650,090650,090650940800,1,,,,,,0,743,3000,128,742,19000,128
1100,20160112,11, 1,1,       1801 ,,090650,090650,090650946200,1,,,,,,0,743,3000,128,742,18000,128
1100,20160112,11, 1,1,       1801 ,,090650,090650,090650951000,1,,,,,,0,743,3000,128,742,17000,128
1100,20160112,11, 1,1,       1801 ,,090650,090650,090650958700,1,,,,,,0,743,3000,128,742,19000,128
1100,20160112,11, 1,1,       1801 ,090650,090650,090650,090650999900,1,743,48,0,3000,0,0,744,16000,128,742,19000,128
1100,20160112,11, 1,1,       1801 ,,090651,090651,090651001700,1,,,,,,0,744,16000,128,743,2000,128
1100,20160112,11, 1,1,       1801 ,,090651,090651,090651004900,1,,,,,,0,744,16000,128,743,5000,128
1100,20160112,11, 1,1,       1801 ,,090651,090651,090651005500,1,,,,,,0,744,13000,128,743,5000,128
1100,20160112,11, 1,1,       1801 ,,090651,090651,090651007700,1,,,,,,0,744,13000,128,743,7000,128
1100,20160112,11, 1,1,       1801 ,,090651,090651,090651008300,1,,,,,,0,744,12000,128,743,7000,128
1100,20160112,11, 1,1,       1801 ,,090651,090651,090651029700,1,,,,,,0,744,12000,128,743,8000,128
1100,20160112,11, 1,1,       1801 ,,090651,090651,090651055400,1,,,,,,0,744,12000,128,743,12000,128
1100,20160112,11, 1,1,       1801 ,,090651,090651,090651056700,1,,,,,,0,744,10000,128,743,12000,128
1100,20160112,11, 1,1,       1801 ,,090651,090651,090651074500,1,,,,,,0,744,11000,128,743,12000,128
1100,20160112,11, 1,1,       1801 ,,090652,090652,090652979900,1,,,,,,0,744,11000,128,743,11000,128
1100,20160112,11, 1,1,       1801 ,,090652,090652,090652982500,1,,,,,,0,744,13000,128,743,11000,128
1100,20160112,11, 1,1,       1801 ,,090653,090653,090653008700,1,,,,,,0,744,13000,128,743,7000,128
1100,20160112,11, 1,1,       1801 ,,090653,090653,090653010400,1,,,,,,0,744,13000,128,743,5000,128
1100,20160112,11, 1,1,       1801 ,,090653,090653,090653011400,1,,,,,,0,744,14000,128,743,5000,128
1100,20160112,11, 1,1,       1801 ,,090653,090653,090653448100,1,,,,,,0,744,16000,128,743,5000,128
1100,20160112,11, 1,1,       1801 ,,090654,090654,090654521000,1,,,,,,0,744,15000,128,743,5000,128
1100,20160112,11, 1,1,       1801 ,,090655,090655,090655072300,1,,,,,,0,744,16000,128,743,5000,128
1100,20160112,11, 1,1,       1801 ,,090655,090655,090655141900,1,,,,,,0,744,15000,128,743,5000,128
1100,20160112,11, 1,1,       1801 ,090655,090655,090655,090655793600,1,743,16,0,2000,0,0,744,15000,128,743,3000,128
1100,20160112,11, 1,1,       1801 ,,090655,090655,090655795100,1,,,,,,0,744,16000,128,743,3000,128
1100,20160112,11, 1,1,       1801 ,,090655,090655,090655881300,1,,,,,,0,744,15000,128,743,3000,128
1100,20160112,11, 1,1,       1801 ,,090656,090656,090656029800,1,,,,,,0,744,15000,128,743,5000,128
1100,20160112,11, 1,1,       1801 ,,090656,090656,090656031100,1,,,,,,0,744,15000,128,743,6000,128
1100,20160112,11, 1,1,       1801 ,,090656,090656,090656619400,1,,,,,,0,744,15000,128,743,5000,128
1100,20160112,11, 1,1,       1801 ,,090656,090656,090656620900,1,,,,,,0,744,15000,128,743,3000,128
1100,20160112,11, 1,1,       1801 ,,090658,090658,090658622800,1,,,,,,0,744,13000,128,743,3000,128
1100,20160112,11, 1,1,       1801 ,,090658,090658,090658661600,1,,,,,,0,744,14000,128,743,3000,128
1100,20160112,11, 1,1,       1801 ,,090658,090658,090658751400,1,,,,,,0,744,13000,128,743,3000,128
1100,20160112,11, 1,1,       1801 ,,090659,090659,090659800800,1,,,,,,0,744,13000,128,743,5000,128
1100,20160112,11, 1,1,       1801 ,,090659,090659,090659802200,1,,,,,,0,744,13000,128,743,6000,128
1100,20160112,11, 1,1,       1801 ,,090659,090659,090659803000,1,,,,,,0,744,13000,128,743,10000,128
1100,20160112,11, 1,1,       1801 ,,090700,090700,090700980000,1,,,,,,0,744,12000,128,743,10000,128
1100,20160112,11, 1,1,       1801 ,,090701,090701,090701341100,1,,,,,,0,744,13000,128,743,10000,128
1100,20160112,11, 1,1,       1801 ,,090701,090701,090701691000,1,,,,,,0,744,12000,128,743,10000,128
1100,20160112,11, 1,1,       1801 ,,090701,090701,090701701200,1,,,,,,0,744,10000,128,743,10000,128
1100,20160112,11, 1,1,       1801 ,090703,090703,090703,090703145100,1,744,48,0,1000,0,0,744,9000,128,743,10000,128
1100,20160112,11, 1,1,       1801 ,090703,090703,090703,090703146700,1,744,48,0,9000,0,0,745,30000,128,743,10000,128
1100,20160112,11, 1,1,       1801 ,,090703,090703,090703148000,1,,,,,,0,745,30000,128,743,10000,128
1100,20160112,11, 1,1,       1801 ,,090703,090703,090703151100,1,,,,,,0,745,30000,128,743,11000,128
1100,20160112,11, 1,1,       1801 ,,090703,090703,090703151900,1,,,,,,0,745,30000,128,743,13000,128
1100,20160112,11, 1,1,       1801 ,,090703,090703,090703152600,1,,,,,,0,745,32000,128,743,13000,128
1100,20160112,11, 1,1,       1801 ,,090703,090703,090703153400,1,,,,,,0,745,31000,128,743,13000,128
1100,20160112,11, 1,1,       1801 ,,090703,090703,090703154100,1,,,,,,0,745,31000,128,743,14000,128
1100,20160112,11, 1,1,       1801 ,,090703,090703,090703154900,1,,,,,,0,745,31000,128,743,13000,128
1100,20160112,11, 1,1,       1801 ,,090703,090703,090703155600,1,,,,,,0,745,28000,128,743,13000,128
1100,20160112,11, 1,1,       1801 ,,090703,090703,090703156900,1,,,,,,0,745,25000,128,743,13000,128
1100,20160112,11, 1,1,       1801 ,,090703,090703,090703160500,1,,,,,,0,745,22000,128,743,13000,128
1100,20160112,11, 1,1,       1801 ,,090703,090703,090703161600,1,,,,,,0,745,22000,128,743,14000,128
1100,20160112,11, 1,1,       1801 ,,090703,090703,090703162300,1,,,,,,0,745,22000,128,743,17000,128
1100,20160112,11, 1,1,       1801 ,,090703,090703,090703163700,1,,,,,,0,745,22000,128,744,3000,128
1100,20160112,11, 1,1,       1801 ,,090703,090703,090703164900,1,,,,,,0,745,22000,128,744,5000,128
1100,20160112,11, 1,1,       1801 ,,090703,090703,090703165500,1,,,,,,0,745,22000,128,744,6000,128
1100,20160112,11, 1,1,       1801 ,,090703,090703,090703168300,1,,,,,,0,745,20000,128,744,6000,128
1100,20160112,11, 1,1,       1801 ,,090703,090703,090703169800,1,,,,,,0,745,19000,128,744,6000,128
1100,20160112,11, 1,1,       1801 ,,090703,090703,090703171500,1,,,,,,0,745,19000,128,744,10000,128
1100,20160112,11, 1,1,       1801 ,,090704,090704,090704052200,1,,,,,,0,745,20000,128,744,10000,128
1100,20160112,11, 1,1,       1801 ,,090704,090704,090704319000,1,,,,,,0,745,21000,128,744,10000,128
1100,20160112,11, 1,1,       1801 ,,090709,090709,090709241800,1,,,,,,0,745,21000,128,744,12000,128
1100,20160112,11, 1,1,       1801 ,,090712,090712,090712480700,1,,,,,,0,745,21000,128,744,10000,128
1100,20160112,11, 1,1,       1801 ,,090712,090712,090712501000,1,,,,,,0,745,22000,128,744,10000,128
1100,20160112,11, 1,1,       1801 ,,090716,090716,090716026500,1,,,,,,0,745,21000,128,744,10000,128
1100,20160112,11, 1,1,       1801 ,,090716,090716,090716034500,1,,,,,,0,745,21000,128,744,12000,128
1100,20160112,11, 1,1,       1801 ,,090717,090717,090717352300,1,,,,,,0,745,21000,128,744,18000,128
1100,20160112,11, 1,1,       1801 ,,090720,090720,090720540800,1,,,,,,0,745,21000,128,744,16000,128
1100,20160112,11, 1,1,       1801 ,,090724,090724,090724239700,1,,,,,,0,745,21000,128,744,18000,128
1100,20160112,11, 1,1,       1801 ,,090724,090724,090724301000,1,,,,,,0,745,21000,128,744,16000,128
1100,20160112,11, 1,1,       1801 ,,090728,090728,090728196900,1,,,,,,0,745,22000,128,744,16000,128
1100,20160112,11, 1,1,       1801 ,,090728,090728,090728519100,1,,,,,,0,745,21000,128,744,16000,128
1100,20160112,11, 1,1,       1801 ,090734,090734,090734,090734544700,1,745,48,0,1000,0,0,745,20000,128,744,16000,128
1100,20160112,11, 1,1,       1801 ,,090735,090735,090735715200,1,,,,,,0,745,20000,128,744,16000,128
1100,20160112,11, 1,1,       1801 ,090736,090736,090736,090736744300,1,744,16,0,1000,0,0,745,20000,128,744,15000,128
1100,20160112,11, 1,1,       1801 ,,090736,090736,090736746700,1,,,,,,0,745,21000,128,744,15000,128
1100,20160112,11, 1,1,       1801 ,090738,090738,090738,090738661000,1,745,48,0,5000,0,0,745,16000,128,744,15000,128
1100,20160112,11, 1,1,       1801 ,,090738,090738,090738673600,1,,,,,,0,745,16000,128,744,15000,128
1100,20160112,11, 1,1,       1801 ,,090740,090740,090740207800,1,,,,,,0,745,19000,128,744,15000,128
1100,20160112,11, 1,1,       1801 ,,090746,090746,090746228900,1,,,,,,0,745,18000,128,744,15000,128
1100,20160112,11, 1,1,       1801 ,,090747,090747,090747227400,1,,,,,,0,745,17000,128,744,15000,128
1100,20160112,11, 1,1,       1801 ,,090747,090747,090747881400,1,,,,,,0,745,17000,128,744,16000,128
1100,20160112,11, 1,1,       1801 ,,090747,090747,090747962200,1,,,,,,0,745,18000,128,744,16000,128
1100,20160112,11, 1,1,       1801 ,,090748,090748,090748831800,1,,,,,,0,745,17000,128,744,16000,128
1100,20160112,11, 1,1,       1801 ,,090749,090749,090749636100,1,,,,,,0,745,14000,128,744,16000,128
1100,20160112,11, 1,1,       1801 ,,090751,090751,090751188000,1,,,,,,0,745,14000,128,744,17000,128
1100,20160112,11, 1,1,       1801 ,,090754,090754,090754204700,1,,,,,,0,745,15000,128,744,17000,128
1100,20160112,11, 1,1,       1801 ,,090755,090755,090755103700,1,,,,,,0,745,14000,128,744,17000,128
1100,20160112,11, 1,1,       1801 ,,090755,090755,090755159400,1,,,,,,0,745,15000,128,744,17000,128
1100,20160112,11, 1,1,       1801 ,,090755,090755,090755160700,1,,,,,,0,745,15000,128,744,18000,128
1100,20160112,11, 1,1,       1801 ,,090755,090755,090755668700,1,,,,,,0,745,14000,128,744,18000,128
1100,20160112,11, 1,1,       1801 ,,090755,090755,090755875700,1,,,,,,0,745,15000,128,744,18000,128
1100,20160112,11, 1,1,       1801 ,,090755,090755,090755902300,1,,,,,,0,745,14000,128,744,18000,128
1100,20160112,11, 1,1,       1801 ,,090755,090755,090755911400,1,,,,,,0,745,14000,128,744,23000,128
1100,20160112,11, 1,1,       1801 ,,090756,090756,090756680100,1,,,,,,0,745,15000,128,744,23000,128
1100,20160112,11, 1,1,       1801 ,,090757,090757,090757603700,1,,,,,,0,745,14000,128,744,23000,128
1100,20160112,11, 1,1,       1801 ,,090757,090757,090757693900,1,,,,,,0,745,15000,128,744,23000,128
1100,20160112,11, 1,1,       1801 ,,090757,090757,090757707500,1,,,,,,0,745,14000,128,744,23000,128
1100,20160112,11, 1,1,       1801 ,,090759,090759,090759192100,1,,,,,,0,745,15000,128,744,23000,128
1100,20160112,11, 1,1,       1801 ,,090759,090759,090759721300,1,,,,,,0,745,15000,128,744,24000,128
1100,20160112,11, 1,1,       1801 ,,090801,090801,090801122100,1,,,,,,0,745,14000,128,744,24000,128
1100,20160112,11, 1,1,       1801 ,,090805,090805,090805500500,1,,,,,,0,745,15000,128,744,24000,128
1100,20160112,11, 1,1,       1801 ,,090807,090807,090807800300,1,,,,,,0,745,14000,128,744,24000,128
1100,20160112,11, 1,1,       1801 ,,090810,090810,090810681700,1,,,,,,0,745,14000,128,744,25000,128
1100,20160112,11, 1,1,       1801 ,,090812,090812,090812446500,1,,,,,,0,745,15000,128,744,25000,128
1100,20160112,11, 1,1,       1801 ,,090816,090816,090816143700,1,,,,,,0,745,16000,128,744,25000,128
1100,20160112,11, 1,1,       1801 ,,090817,090817,090817104000,1,,,,,,0,745,15000,128,744,25000,128
1100,20160112,11, 1,1,       1801 ,,090817,090817,090817874500,1,,,,,,0,745,16000,128,744,25000,128
1100,20160112,11, 1,1,       1801 ,,090821,090821,090821255400,1,,,,,,0,745,15000,128,744,25000,128
1100,20160112,11, 1,1,       1801 ,,090821,090821,090821346600,1,,,,,,0,745,16000,128,744,25000,128
1100,20160112,11, 1,1,       1801 ,,090821,090821,090821530300,1,,,,,,0,745,15000,128,744,25000,128
1100,20160112,11, 1,1,       1801 ,,090821,090821,090821798300,1,,,,,,0,745,16000,128,744,25000,128
1100,20160112,11, 1,1,       1801 ,090825,090825,090825,090825906400,1,745,48,0,1000,0,0,745,15000,128,744,25000,128
1100,20160112,11, 1,1,       1801 ,,090828,090828,090828401400,1,,,,,,0,745,15000,128,744,25000,128
1100,20160112,11, 1,1,       1801 ,,090832,090832,090832110900,1,,,,,,0,745,14000,128,744,25000,128
1100,20160112,11, 1,1,       1801 ,,090832,090832,090832237600,1,,,,,,0,745,15000,128,744,25000,128
1100,20160112,11, 1,1,       1801 ,,090832,090832,090832332500,1,,,,,,0,745,14000,128,744,25000,128
1100,20160112,11, 1,1,       1801 ,,090833,090833,090833011000,1,,,,,,0,745,14000,128,744,27000,128
1100,20160112,11, 1,1,       1801 ,,090838,090838,090838774600,1,,,,,,0,745,15000,128,744,27000,128
1100,20160112,11, 1,1,       1801 ,,090839,090839,090839654300,1,,,,,,0,745,14000,128,744,27000,128
1100,20160112,11, 1,1,       1801 ,,090845,090845,090845117700,1,,,,,,0,745,14000,128,744,26000,128
1100,20160112,11, 1,1,       1801 ,,090845,090845,090845150000,1,,,,,,0,745,14000,128,744,24000,128
1100,20160112,11, 1,1,       1801 ,,090845,090845,090845169800,1,,,,,,0,745,14000,128,744,23000,128
1100,20160112,11, 1,1,       1801 ,,090848,090848,090848980900,1,,,,,,0,745,15000,128,744,23000,128
1100,20160112,11, 1,1,       1801 ,,090852,090852,090852412500,1,,,,,,0,745,16000,128,744,23000,128
1100,20160112,11, 1,1,       1801 ,,090854,090854,090854715600,1,,,,,,0,745,15000,128,744,23000,128
1100,20160112,11, 1,1,       1801 ,,090856,090856,090856749500,1,,,,,,0,745,17000,128,744,23000,128
1100,20160112,11, 1,1,       1801 ,,090856,090856,090856764400,1,,,,,,0,745,18000,128,744,23000,128
1100,20160112,11, 1,1,       1801 ,,090856,090856,090856765800,1,,,,,,0,745,18000,128,744,22000,128
1100,20160112,11, 1,1,       1801 ,,090858,090858,090858561500,1,,,,,,0,745,16000,128,744,22000,128
1100,20160112,11, 1,1,       1801 ,,090859,090859,090859220400,1,,,,,,0,745,18000,128,744,22000,128
1100,20160112,11, 1,1,       1801 ,,090859,090859,090859240600,1,,,,,,0,745,18000,128,744,20000,128
1100,20160112,11, 1,1,       1801 ,,090859,090859,090859241800,1,,,,,,0,745,18000,128,744,19000,128
1100,20160112,11, 1,1,       1801 ,,090859,090859,090859559900,1,,,,,,0,745,16000,128,744,19000,128
1100,20160112,11, 1,1,       1801 ,,090859,090859,090859602700,1,,,,,,0,745,15000,128,744,19000,128
1100,20160112,11, 1,1,       1801 ,,090902,090902,090902791300,1,,,,,,0,745,16000,128,744,19000,128
1100,20160112,11, 1,1,       1801 ,,090904,090904,090904306300,1,,,,,,0,745,17000,128,744,19000,128
1100,20160112,11, 1,1,       1801 ,,090904,090904,090904629200,1,,,,,,0,745,17000,128,744,20000,128
1100,20160112,11, 1,1,       1801 ,,090904,090904,090904731800,1,,,,,,0,745,17000,128,744,24000,128
1100,20160112,11, 1,1,       1801 ,,090904,090904,090904979700,1,,,,,,0,745,16000,128,744,24000,128
1100,20160112,11, 1,1,       1801 ,,090905,090905,090905001600,1,,,,,,0,745,16000,128,744,26000,128
1100,20160112,11, 1,1,       1801 ,,090905,090905,090905452600,1,,,,,,0,745,16000,128,744,27000,128
1100,20160112,11, 1,1,       1801 ,,090905,090905,090905542300,1,,,,,,0,745,16000,128,744,26000,128
1100,20160112,11, 1,1,       1801 ,,090909,090909,090909308600,1,,,,,,0,745,15000,128,744,26000,128
1100,20160112,11, 1,1,       1801 ,090909,090909,090909,090909310100,1,745,48,0,7000,0,0,745,8000,128,744,26000,128
1100,20160112,11, 1,1,       1801 ,090909,090909,090909,090909311800,1,745,48,0,8000,0,0,746,20000,128,744,26000,128
1100,20160112,11, 1,1,       1801 ,,090909,090909,090909312700,1,,,,,,0,746,20000,128,744,26000,128
1100,20160112,11, 1,1,       1801 ,,090909,090909,090909313600,1,,,,,,0,746,20000,128,744,27000,128
1100,20160112,11, 1,1,       1801 ,,090909,090909,090909314300,1,,,,,,0,746,20000,128,745,1000,128
1100,20160112,11, 1,1,       1801 ,,090909,090909,090909316000,1,,,,,,0,746,20000,128,745,4000,128
1100,20160112,11, 1,1,       1801 ,,090909,090909,090909316800,1,,,,,,0,746,20000,128,745,9000,128
1100,20160112,11, 1,1,       1801 ,,090909,090909,090909322200,1,,,,,,0,746,20000,128,745,11000,128
1100,20160112,11, 1,1,       1801 ,,090909,090909,090909325000,1,,,,,,0,746,20000,128,745,13000,128
1100,20160112,11, 1,1,       1801 ,,090909,090909,090909327700,1,,,,,,0,746,14000,128,745,13000,128
1100,20160112,11, 1,1,       1801 ,,090909,090909,090909331200,1,,,,,,0,746,16000,128,745,13000,128
1100,20160112,11, 1,1,       1801 ,,090909,090909,090909333300,1,,,,,,0,746,12000,128,745,13000,128
1100,20160112,11, 1,1,       1801 ,,090909,090909,090909334600,1,,,,,,0,746,12000,128,745,20000,128
1100,20160112,11, 1,1,       1801 ,,090909,090909,090909339300,1,,,,,,0,746,12000,128,745,21000,128
1100,20160112,11, 1,1,       1801 ,,090909,090909,090909340000,1,,,,,,0,746,11000,128,745,21000,128
1100,20160112,11, 1,1,       1801 ,,090909,090909,090909342500,1,,,,,,0,746,8000,128,745,21000,128
1100,20160112,11, 1,1,       1801 ,,090909,090909,090909344600,1,,,,,,0,746,6000,128,745,21000,128
1100,20160112,11, 1,1,       1801 ,,090909,090909,090909345400,1,,,,,,0,746,3000,128,745,21000,128
1100,20160112,11, 1,1,       1801 ,090909,090909,090909,090909346100,1,746,48,0,3000,0,0,747,24000,128,746,2000,128
1100,20160112,11, 1,1,       1801 ,,090909,090909,090909346900,1,,,,,,0,747,24000,128,746,2000,128
1100,20160112,11, 1,1,       1801 ,,090909,090909,090909354400,1,,,,,,0,747,24000,128,746,3000,128
1100,20160112,11, 1,1,       1801 ,,090909,090909,090909355100,1,,,,,,0,747,24000,128,746,5000,128
1100,20160112,11, 1,1,       1801 ,,090909,090909,090909360600,1,,,,,,0,747,18000,128,746,5000,128
1100,20160112,11, 1,1,       1801 ,,090909,090909,090909362000,1,,,,,,0,747,20000,128,746,5000,128
1100,20160112,11, 1,1,       1801 ,,090909,090909,090909365400,1,,,,,,0,747,20000,128,746,12000,128
1100,20160112,11, 1,1,       1801 ,,090909,090909,090909367400,1,,,,,,0,747,17000,128,746,12000,128
1100,20160112,11, 1,1,       1801 ,090909,090909,090909,090909371900,1,746,16,0,2000,0,0,747,17000,128,746,10000,128
1100,20160112,11, 1,1,       1801 ,090909,090909,090909,090909372800,1,746,16,0,2000,0,0,747,17000,128,746,8000,128
1100,20160112,11, 1,1,       1801 ,090909,090909,090909,090909373900,1,746,16,0,2000,0,0,747,17000,128,746,6000,128
1100,20160112,11, 1,1,       1801 ,,090909,090909,090909374900,1,,,,,,0,747,17000,128,746,6000,128
1100,20160112,11, 1,1,       1801 ,,090909,090909,090909375600,1,,,,,,0,747,17000,128,746,7000,128
1100,20160112,11, 1,1,       1801 ,,090909,090909,090909377600,1,,,,,,0,747,14000,128,746,7000,128
1100,20160112,11, 1,1,       1801 ,,090909,090909,090909378900,1,,,,,,0,747,13000,128,746,7000,128
1100,20160112,11, 1,1,       1801 ,,090909,090909,090909381200,1,,,,,,0,747,14000,128,746,7000,128
1100,20160112,11, 1,1,       1801 ,,090909,090909,090909381900,1,,,,,,0,747,16000,128,746,7000,128
1100,20160112,11, 1,1,       1801 ,,090909,090909,090909551200,1,,,,,,0,747,16000,128,746,8000,128
1100,20160112,11, 1,1,       1801 ,,090909,090909,090909552300,1,,,,,,0,747,16000,128,746,10000,128
1100,20160112,11, 1,1,       1801 ,,090909,090909,090909614800,1,,,,,,0,747,16000,128,746,11000,128
1100,20160112,11, 1,1,       1801 ,,090910,090910,090910130300,1,,,,,,0,747,17000,128,746,11000,128
1100,20160112,11, 1,1,       1801 ,,090910,090910,090910654000,1,,,,,,0,747,18000,128,746,11000,128
1100,20160112,11, 1,1,       1801 ,,090910,090910,090910939500,1,,,,,,0,747,18000,128,746,9000,128
1100,20160112,11, 1,1,       1801 ,,090911,090911,090911348200,1,,,,,,0,747,17000,128,746,9000,128
1100,20160112,11, 1,1,       1801 ,090911,090911,090911,090911510400,1,746,16,0,1000,0,0,747,17000,128,746,8000,128
1100,20160112,11, 1,1,       1801 ,090911,090911,090911,090911512000,1,746,16,0,8000,0,0,747,17000,128,745,27000,128
1100,20160112,11, 1,1,       1801 ,,090911,090911,090911514300,1,,,,,,0,747,17000,128,745,27000,128
1100,20160112,11, 1,1,       1801 ,,090911,090911,090911515100,1,,,,,,0,747,17000,128,745,26000,128
1100,20160112,11, 1,1,       1801 ,,090911,090911,090911516000,1,,,,,,0,747,18000,128,745,26000,128
1100,20160112,11, 1,1,       1801 ,,090911,090911,090911517500,1,,,,,,0,746,4000,128,745,26000,128
1100,20160112,11, 1,1,       1801 ,,090911,090911,090911518100,1,,,,,,0,746,4000,128,745,25000,128
1100,20160112,11, 1,1,       1801 ,090911,090911,090911,090911519000,1,746,48,0,4000,0,0,747,18000,128,746,3000,128
1100,20160112,11, 1,1,       1801 ,090911,090911,090911,090911519900,1,746,16,0,2000,0,0,747,18000,128,746,1000,128
1100,20160112,11, 1,1,       1801 ,090911,090911,090911,090911521100,1,746,16,0,1000,0,0,747,18000,128,745,25000,128
1100,20160112,11, 1,1,       1801 ,,090911,090911,090911522000,1,,,,,,0,747,18000,128,745,25000,128
1100,20160112,11, 1,1,       1801 ,,090911,090911,090911523700,1,,,,,,0,747,19000,128,745,25000,128
1100,20160112,11, 1,1,       1801 ,,090911,090911,090911524400,1,,,,,,0,747,19000,128,745,22000,128
1100,20160112,11, 1,1,       1801 ,,090911,090911,090911525200,1,,,,,,0,747,19000,128,745,21000,128
1100,20160112,11, 1,1,       1801 ,,090911,090911,090911526100,1,,,,,,0,747,19000,128,745,22000,128
1100,20160112,11, 1,1,       1801 ,,090911,090911,090911527600,1,,,,,,0,747,19000,128,746,7000,128
1100,20160112,11, 1,1,       1801 ,090911,090911,090911,090911528300,1,746,16,0,3000,0,0,747,19000,128,746,4000,128
1100,20160112,11, 1,1,       1801 ,,090911,090911,090911529300,1,,,,,,0,747,17000,128,746,4000,128
1100,20160112,11, 1,1,       1801 ,,090911,090911,090911531700,1,,,,,,0,747,18000,128,746,4000,128
1100,20160112,11, 1,1,       1801 ,,090911,090911,090911534300,1,,,,,,0,747,18000,128,745,22000,128
1100,20160112,11, 1,1,       1801 ,,090911,090911,090911536500,1,,,,,,0,747,18000,128,745,29000,128
1100,20160112,11, 1,1,       1801 ,,090911,090911,090911537100,1,,,,,,0,747,17000,128,745,29000,128
1100,20160112,11, 1,1,       1801 ,,090911,090911,090911537900,1,,,,,,0,747,17000,128,745,32000,128
1100,20160112,11, 1,1,       1801 ,,090911,090911,090911549200,1,,,,,,0,747,20000,128,745,32000,128
1100,20160112,11, 1,1,       1801 ,,090911,090911,090911550600,1,,,,,,0,747,20000,128,745,29000,128
1100,20160112,11, 1,1,       1801 ,,090911,090911,090911580200,1,,,,,,0,747,21000,128,745,29000,128
1100,20160112,11, 1,1,       1801 ,,090912,090912,090912307600,1,,,,,,0,747,21000,128,746,2000,128
1100,20160112,11, 1,1,       1801 ,,090912,090912,090912309000,1,,,,,,0,747,21000,128,746,3000,128
1100,20160112,11, 1,1,       1801 ,,090912,090912,090912309900,1,,,,,,0,747,21000,128,746,10000,128
1100,20160112,11, 1,1,       1801 ,,090912,090912,090912311300,1,,,,,,0,747,20000,128,746,10000,128
1100,20160112,11, 1,1,       1801 ,,090912,090912,090912312100,1,,,,,,0,747,20000,128,746,12000,128
1100,20160112,11, 1,1,       1801 ,,090912,090912,090912381100,1,,,,,,0,747,18000,128,746,12000,128
1100,20160112,11, 1,1,       1801 ,090913,090913,090913,090913283800,1,746,16,0,12000,0,0,747,18000,128,745,24000,128
1100,20160112,11, 1,1,       1801 ,,090913,090913,090913285600,1,,,,,,0,747,19000,128,745,24000,128
1100,20160112,11, 1,1,       1801 ,,090913,090913,090913287600,1,,,,,,0,747,19000,128,745,22000,128
1100,20160112,11, 1,1,       1801 ,,090913,090913,090913289100,1,,,,,,0,747,21000,128,745,22000,128
1100,20160112,11, 1,1,       1801 ,,090913,090913,090913289900,1,,,,,,0,747,21000,128,745,21000,128
1100,20160112,11, 1,1,       1801 ,,090913,090913,090913290600,1,,,,,,0,747,21000,128,745,20000,128
1100,20160112,11, 1,1,       1801 ,,090913,090913,090913292300,1,,,,,,0,747,21000,128,745,27000,128
1100,20160112,11, 1,1,       1801 ,,090913,090913,090913293700,1,,,,,,0,746,2000,128,745,27000,128
1100,20160112,11, 1,1,       1801 ,,090913,090913,090913296300,1,,,,,,0,746,2000,128,745,28000,128
1100,20160112,11, 1,1,       1801 ,,090913,090913,090913299700,1,,,,,,0,746,5000,128,745,28000,128
1100,20160112,11, 1,1,       1801 ,,090913,090913,090913301000,1,,,,,,0,746,5000,128,745,25000,128
1100,20160112,11, 1,1,       1801 ,,090913,090913,090913302300,1,,,,,,0,746,5000,128,745,24000,128
1100,20160112,11, 1,1,       1801 ,,090913,090913,090913359600,1,,,,,,0,746,6000,128,745,24000,128
1100,20160112,11, 1,1,       1801 ,,090913,090913,090913374300,1,,,,,,0,746,6000,128,745,21000,128
1100,20160112,11, 1,1,       1801 ,,090915,090915,090915329300,1,,,,,,0,746,7000,128,745,21000,128
1100,20160112,11, 1,1,       1801 ,,090915,090915,090915855900,1,,,,,,0,746,8000,128,745,21000,128
1100,20160112,11, 1,1,       1801 ,,090919,090919,090919120700,1,,,,,,0,746,5000,128,745,21000,128
1100,20160112,11, 1,1,       1801 ,,090919,090919,090919121900,1,,,,,,0,746,4000,128,745,21000,128
1100,20160112,11, 1,1,       1801 ,,090919,090919,090919123500,1,,,,,,0,746,2000,128,745,21000,128
1100,20160112,11, 1,1,       1801 ,,090919,090919,090919124700,1,,,,,,0,746,2000,128,745,22000,128
1100,20160112,11, 1,1,       1801 ,090919,090919,090919,090919126100,1,746,48,0,1000,0,0,746,1000,128,745,22000,128
1100,20160112,11, 1,1,       1801 ,090919,090919,090919,090919127100,1,746,48,0,1000,0,0,747,18000,128,745,22000,128
1100,20160112,11, 1,1,       1801 ,,090919,090919,090919127900,1,,,,,,0,747,17000,128,745,22000,128
1100,20160112,11, 1,1,       1801 ,,090919,090919,090919130700,1,,,,,,0,747,17000,128,746,1000,128
1100,20160112,11, 1,1,       1801 ,,090919,090919,090919136400,1,,,,,,0,747,17000,128,746,2000,128
1100,20160112,11, 1,1,       1801 ,,090919,090919,090919138000,1,,,,,,0,747,17000,128,746,4000,128
1100,20160112,11, 1,1,       1801 ,,090919,090919,090919138600,1,,,,,,0,747,17000,128,746,6000,128
1100,20160112,11, 1,1,       1801 ,,090919,090919,090919140400,1,,,,,,0,747,14000,128,746,6000,128
1100,20160112,11, 1,1,       1801 ,,090919,090919,090919142200,1,,,,,,0,747,14000,128,746,13000,128
1100,20160112,11, 1,1,       1801 ,,090919,090919,090919143900,1,,,,,,0,747,13000,128,746,13000,128
1100,20160112,11, 1,1,       1801 ,,090919,090919,090919148700,1,,,,,,0,747,10000,128,746,13000,128
1100,20160112,11, 1,1,       1801 ,,090919,090919,090919154700,1,,,,,,0,747,10000,128,746,16000,128
1100,20160112,11, 1,1,       1801 ,,090919,090919,090919405800,1,,,,,,0,747,10000,128,746,17000,128
1100,20160112,11, 1,1,       1801 ,,090920,090920,090920006900,1,,,,,,0,747,11000,128,746,17000,128
1100,20160112,11, 1,1,       1801 ,,090920,090920,090920271600,1,,,,,,0,747,12000,128,746,17000,128
1100,20160112,11, 1,1,       1801 ,,090920,090920,090920450000,1,,,,,,0,747,13000,128,746,17000,128
1100,20160112,11, 1,1,       1801 ,,090920,090920,090920490500,1,,,,,,0,747,16000,128,746,17000,128
1100,20160112,11, 1,1,       1801 ,,090922,090922,090922070000,1,,,,,,0,747,16000,128,746,16000,128
1100,20160112,11, 1,1,       1801 ,,090922,090922,090922071600,1,,,,,,0,747,16000,128,746,14000,128
1100,20160112,11, 1,1,       1801 ,090922,090922,090922,090922109500,1,746,16,0,2000,0,0,747,16000,128,746,12000,128
1100,20160112,11, 1,1,       1801 ,090922,090922,090922,090922111100,1,746,16,0,11000,0,0,747,16000,128,746,1000,128
1100,20160112,11, 1,1,       1801 ,090922,090922,090922,090922112400,1,746,16,0,1000,0,0,747,16000,128,745,26000,128
1100,20160112,11, 1,1,       1801 ,,090922,090922,090922113300,1,,,,,,0,747,16000,128,745,26000,128
1100,20160112,11, 1,1,       1801 ,,090922,090922,090922114500,1,,,,,,0,746,1000,128,745,26000,128
1100,20160112,11, 1,1,       1801 ,,090922,090922,090922115200,1,,,,,,0,746,3000,128,745,26000,128
1100,20160112,11, 1,1,       1801 ,,090922,090922,090922116900,1,,,,,,0,746,3000,128,745,25000,128
1100,20160112,11, 1,1,       1801 ,,090922,090922,090922121500,1,,,,,,0,746,4000,128,745,25000,128
1100,20160112,11, 1,1,       1801 ,,090922,090922,090922123200,1,,,,,,0,746,4000,128,745,32000,128
1100,20160112,11, 1,1,       1801 ,,090922,090922,090922124500,1,,,,,,0,746,4000,128,745,31000,128
1100,20160112,11, 1,1,       1801 ,,090922,090922,090922126200,1,,,,,,0,746,4000,128,745,28000,128
1100,20160112,11, 1,1,       1801 ,,090922,090922,090922127000,1,,,,,,0,746,7000,128,745,28000,128
1100,20160112,11, 1,1,       1801 ,,090922,090922,090922127600,1,,,,,,0,746,7000,128,745,25000,128
1100,20160112,11, 1,1,       1801 ,090922,090922,090922,090922553600,1,745,16,0,25000,0,0,746,7000,128,744,23000,128
1100,20160112,11, 1,1,       1801 ,,090922,090922,090922555300,1,,,,,,0,746,7000,128,744,22000,128
1100,20160112,11, 1,1,       1801 ,,090922,090922,090922556600,1,,,,,,0,746,9000,128,744,22000,128
1100,20160112,11, 1,1,       1801 ,,090922,090922,090922557400,1,,,,,,0,746,9000,128,744,21000,128
1100,20160112,11, 1,1,       1801 ,,090922,090922,090922558200,1,,,,,,0,746,10000,128,744,21000,128
1100,20160112,11, 1,1,       1801 ,,090922,090922,090922561800,1,,,,,,0,746,11000,128,744,21000,128
1100,20160112,11, 1,1,       1801 ,,090922,090922,090922562600,1,,,,,,0,746,11000,128,744,19000,128
1100,20160112,11, 1,1,       1801 ,,090922,090922,090922563500,1,,,,,,0,746,11000,128,744,26000,128
1100,20160112,11, 1,1,       1801 ,,090922,090922,090922564100,1,,,,,,0,746,10000,128,744,26000,128
1100,20160112,11, 1,1,       1801 ,,090922,090922,090922565800,1,,,,,,0,746,10000,128,744,24000,128
1100,20160112,11, 1,1,       1801 ,,090922,090922,090922566500,1,,,,,,0,746,10000,128,744,21000,128
1100,20160112,11, 1,1,       1801 ,,090922,090922,090922567200,1,,,,,,0,746,10000,128,744,18000,128
1100,20160112,11, 1,1,       1801 ,,090922,090922,090922568600,1,,,,,,0,746,10000,128,744,20000,128
1100,20160112,11, 1,1,       1801 ,,090922,090922,090922569300,1,,,,,,0,746,10000,128,744,18000,128
1100,20160112,11, 1,1,       1801 ,,090922,090922,090922757200,1,,,,,,0,746,10000,128,744,17000,128
1100,20160112,11, 1,1,       1801 ,,090923,090923,090923848300,1,,,,,,0,746,10000,128,744,18000,128
1100,20160112,11, 1,1,       1801 ,,090923,090923,090923849500,1,,,,,,0,746,10000,128,744,22000,128
1100,20160112,11, 1,1,       1801 ,,090923,090923,090923850700,1,,,,,,0,746,9000,128,744,22000,128
1100,20160112,11, 1,1,       1801 ,,090923,090923,090923851400,1,,,,,,0,746,9000,128,745,3000,128
1100,20160112,11, 1,1,       1801 ,,090923,090923,090923854800,1,,,,,,0,746,9000,128,745,5000,128
1100,20160112,11, 1,1,       1801 ,090923,090923,090923,090923855500,1,745,16,0,3000,0,0,746,9000,128,745,2000,128
1100,20160112,11, 1,1,       1801 ,,090923,090923,090923856500,1,,,,,,0,746,9000,128,745,2000,128
1100,20160112,11, 1,1,       1801 ,,090923,090923,090923857900,1,,,,,,0,746,9000,128,745,3000,128
1100,20160112,11, 1,1,       1801 ,090923,090923,090923,090923858500,1,745,16,0,2000,0,0,746,9000,128,745,1000,128
1100,20160112,11, 1,1,       1801 ,,090923,090923,090923905100,1,,,,,,0,746,9000,128,744,28000,128
1100,20160112,11, 1,1,       1801 ,,090923,090923,090923907700,1,,,,,,0,746,9000,128,745,3000,128
1100,20160112,11, 1,1,       1801 ,090924,090924,090924,090924233400,1,745,16,0,2000,0,0,746,9000,128,745,1000,128
1100,20160112,11, 1,1,       1801 ,090924,090924,090924,090924527600,1,745,16,0,1000,0,0,746,9000,128,744,28000,128
1100,20160112,11, 1,1,       1801 ,,090924,090924,090924529700,1,,,,,,0,746,10000,128,744,28000,128
1100,20160112,11, 1,1,       1801 ,,090924,090924,090924542700,1,,,,,,0,746,10000,128,744,27000,128
1100,20160112,11, 1,1,       1801 ,,090924,090924,090924552200,1,,,,,,0,746,10000,128,744,26000,128
1100,20160112,11, 1,1,       1801 ,,090924,090924,090924871200,1,,,,,,0,746,10000,128,744,27000,128
1100,20160112,11, 1,1,       1801 ,,090925,090925,090925216200,1,,,,,,0,746,11000,128,744,27000,128
1100,20160112,11, 1,1,       1801 ,,090925,090925,090925465800,1,,,,,,0,746,12000,128,744,27000,128
1100,20160112,11, 1,1,       1801 ,,090925,090925,090925968800,1,,,,,,0,746,12000,128,744,26000,128
1100,20160112,11, 1,1,       1801 ,,090925,090925,090925970400,1,,,,,,0,746,12000,128,744,23000,128
1100,20160112,11, 1,1,       1801 ,,090925,090925,090925971600,1,,,,,,0,746,12000,128,744,22000,128
1100,20160112,11, 1,1,       1801 ,,090926,090926,090926180900,1,,,,,,0,746,12000,128,744,23000,128
1100,20160112,11, 1,1,       1801 ,,090926,090926,090926281300,1,,,,,,0,746,12000,128,744,24000,128
1100,20160112,11, 1,1,       1801 ,,090926,090926,090926648300,1,,,,,,0,746,11000,128,744,24000,128
1100,20160112,11, 1,1,       1801 ,,090927,090927,090927018700,1,,,,,,0,746,11000,128,744,25000,128
1100,20160112,11, 1,1,       1801 ,,090928,090928,090928148300,1,,,,,,0,746,12000,128,744,25000,128
1100,20160112,11, 1,1,       1801 ,,090928,090928,090928161400,1,,,,,,0,746,12000,128,744,24000,128
1100,20160112,11, 1,1,       1801 ,,090928,090928,090928592900,1,,,,,,0,746,12000,128,744,23000,128
1100,20160112,11, 1,1,       1801 ,,090930,090930,090930202100,1,,,,,,0,746,11000,128,744,23000,128
1100,20160112,11, 1,1,       1801 ,,090930,090930,090930202900,1,,,,,,0,746,11000,128,744,24000,128
1100,20160112,11, 1,1,       1801 ,,090930,090930,090930253000,1,,,,,,0,746,11000,128,744,25000,128
1100,20160112,11, 1,1,       1801 ,,090932,090932,090932851800,1,,,,,,0,746,12000,128,744,25000,128
1100,20160112,11, 1,1,       1801 ,,090932,090932,090932853000,1,,,,,,0,746,12000,128,744,24000,128
1100,20160112,11, 1,1,       1801 ,,090932,090932,090932862200,1,,,,,,0,746,12000,128,744,23000,128
1100,20160112,11, 1,1,       1801 ,,090933,090933,090933441800,1,,,,,,0,746,12000,128,744,24000,128
1100,20160112,11, 1,1,       1801 ,,090933,090933,090933482500,1,,,,,,0,746,12000,128,744,23000,128
1100,20160112,11, 1,1,       1801 ,,090933,090933,090933549600,1,,,,,,0,746,11000,128,744,23000,128
1100,20160112,11, 1,1,       1801 ,,090933,090933,090933550400,1,,,,,,0,746,11000,128,744,24000,128
1100,20160112,11, 1,1,       1801 ,,090935,090935,090935281900,1,,,,,,0,746,11000,128,744,25000,128
1100,20160112,11, 1,1,       1801 ,,090937,090937,090937411000,1,,,,,,0,746,11000,128,744,24000,128
1100,20160112,11, 1,1,       1801 ,,090938,090938,090938242600,1,,,,,,0,746,11000,128,744,25000,128
1100,20160112,11, 1,1,       1801 ,,090939,090939,090939381700,1,,,,,,0,746,11000,128,744,24000,128
1100,20160112,11, 1,1,       1801 ,,090939,090939,090939383100,1,,,,,,0,746,11000,128,744,23000,128
1100,20160112,11, 1,1,       1801 ,,090939,090939,090939564500,1,,,,,,0,746,11000,128,744,24000,128
1100,20160112,11, 1,1,       1801 ,,090941,090941,090941649500,1,,,,,,0,746,11000,128,745,2000,128
1100,20160112,11, 1,1,       1801 ,,090941,090941,090941651200,1,,,,,,0,746,11000,128,745,4000,128
1100,20160112,11, 1,1,       1801 ,,090941,090941,090941651800,1,,,,,,0,746,11000,128,745,5000,128
1100,20160112,11, 1,1,       1801 ,,090941,090941,090941653900,1,,,,,,0,746,10000,128,745,5000,128
1100,20160112,11, 1,1,       1801 ,,090941,090941,090941654700,1,,,,,,0,746,8000,128,745,5000,128
1100,20160112,11, 1,1,       1801 ,,090941,090941,090941655500,1,,,,,,0,746,8000,128,745,12000,128
1100,20160112,11, 1,1,       1801 ,,090941,090941,090941657300,1,,,,,,0,746,8000,128,745,16000,128
1100,20160112,11, 1,1,       1801 ,,090941,090941,090941664300,1,,,,,,0,746,5000,128,745,16000,128
1100,20160112,11, 1,1,       1801 ,,090941,090941,090941665900,1,,,,,,0,746,5000,128,745,17000,128
1100,20160112,11, 1,1,       1801 ,,090941,090941,090941668800,1,,,,,,0,746,4000,128,745,17000,128
1100,20160112,11, 1,1,       1801 ,,090941,090941,090941670600,1,,,,,,0,746,2000,128,745,17000,128
1100,20160112,11, 1,1,       1801 ,090941,090941,090941,090941671500,1,746,48,0,1000,0,0,746,1000,128,745,17000,128
1100,20160112,11, 1,1,       1801 ,090941,090941,090941,090941673400,1,746,48,0,1000,0,0,747,22000,128,745,17000,128
1100,20160112,11, 1,1,       1801 ,,090941,090941,090941675300,1,,,,,,0,747,22000,128,746,1000,128
1100,20160112,11, 1,1,       1801 ,,090941,090941,090941677300,1,,,,,,0,747,22000,128,746,3000,128
1100,20160112,11, 1,1,       1801 ,,090941,090941,090941678200,1,,,,,,0,747,20000,128,746,3000,128
1100,20160112,11, 1,1,       1801 ,,090941,090941,090941681000,1,,,,,,0,747,17000,128,746,3000,128
1100,20160112,11, 1,1,       1801 ,,090941,090941,090941686600,1,,,,,,0,747,16000,128,746,3000,128
1100,20160112,11, 1,1,       1801 ,,090941,090941,090941687500,1,,,,,,0,747,16000,128,746,4000,128
1100,20160112,11, 1,1,       1801 ,,090941,090941,090941689100,1,,,,,,0,747,13000,128,746,4000,128
1100,20160112,11, 1,1,       1801 ,,090941,090941,090941690000,1,,,,,,0,747,13000,128,746,2000,128
1100,20160112,11, 1,1,       1801 ,,090941,090941,090941690900,1,,,,,,0,747,13000,128,746,4000,128
1100,20160112,11, 1,1,       1801 ,,090941,090941,090941691700,1,,,,,,0,747,10000,128,746,4000,128
1100,20160112,11, 1,1,       1801 ,,090941,090941,090941705300,1,,,,,,0,747,12000,128,746,4000,128
1100,20160112,11, 1,1,       1801 ,090941,090941,090941,090941737900,1,746,16,0,3000,0,0,747,12000,128,746,1000,128
1100,20160112,11, 1,1,       1801 ,,090941,090941,090941739800,1,,,,,,0,747,12000,128,745,25000,128
1100,20160112,11, 1,1,       1801 ,,090941,090941,090941741600,1,,,,,,0,747,12000,128,745,24000,128
1100,20160112,11, 1,1,       1801 ,,090941,090941,090941751800,1,,,,,,0,747,12000,128,746,7000,128
1100,20160112,11, 1,1,       1801 ,,090941,090941,090941761700,1,,,,,,0,747,12000,128,745,17000,128
1100,20160112,11, 1,1,       1801 ,,090941,090941,090941762500,1,,,,,,0,747,12000,128,745,23000,128
1100,20160112,11, 1,1,       1801 ,,090941,090941,090941763200,1,,,,,,0,747,12000,128,745,22000,128
1100,20160112,11, 1,1,       1801 ,,090941,090941,090941764000,1,,,,,,0,747,13000,128,745,22000,128
1100,20160112,11, 1,1,       1801 ,,090941,090941,090941764700,1,,,,,,0,747,13000,128,746,1000,128
1100,20160112,11, 1,1,       1801 ,,090941,090941,090941765500,1,,,,,,0,747,12000,128,746,1000,128
1100,20160112,11, 1,1,       1801 ,090942,090942,090942,090942002900,1,746,16,0,1000,0,0,747,12000,128,745,21000,128
1100,20160112,11, 1,1,       1801 ,,090942,090942,090942004200,1,,,,,,0,747,12000,128,745,22000,128
1100,20160112,11, 1,1,       1801 ,,090942,090942,090942891600,1,,,,,,0,747,13000,128,745,22000,128
1100,20160112,11, 1,1,       1801 ,,090943,090943,090943141500,1,,,,,,0,747,14000,128,745,22000,128
1100,20160112,11, 1,1,       1801 ,,090943,090943,090943188600,1,,,,,,0,747,15000,128,745,22000,128
1100,20160112,11, 1,1,       1801 ,,090943,090943,090943461200,1,,,,,,0,747,13000,128,745,22000,128
1100,20160112,11, 1,1,       1801 ,,090943,090943,090943479800,1,,,,,,0,747,13000,128,746,2000,128
1100,20160112,11, 1,1,       1801 ,,090943,090943,090943483700,1,,,,,,0,747,13000,128,746,4000,128
1100,20160112,11, 1,1,       1801 ,,090943,090943,090943485400,1,,,,,,0,747,12000,128,746,4000,128
1100,20160112,11, 1,1,       1801 ,,090943,090943,090943490800,1,,,,,,0,747,13000,128,746,4000,128
1100,20160112,11, 1,1,       1801 ,,090943,090943,090943491400,1,,,,,,0,747,13000,128,746,11000,128
1100,20160112,11, 1,1,       1801 ,,090945,090945,090945969300,1,,,,,,0,747,13000,128,746,9000,128
1100,20160112,11, 1,1,       1801 ,,090945,090945,090945971100,1,,,,,,0,747,13000,128,746,7000,128
1100,20160112,11, 1,1,       1801 ,,090945,090945,090945972800,1,,,,,,0,747,15000,128,746,7000,128
1100,20160112,11, 1,1,       1801 ,,090945,090945,090945973600,1,,,,,,0,747,15000,128,745,18000,128
1100,20160112,11, 1,1,       1801 ,,090945,090945,090945974400,1,,,,,,0,747,15000,128,745,25000,128
1100,20160112,11, 1,1,       1801 ,,090945,090945,090945976000,1,,,,,,0,747,15000,128,745,24000,128
1100,20160112,11, 1,1,       1801 ,,090945,090945,090945977500,1,,,,,,0,747,16000,128,745,24000,128
1100,20160112,11, 1,1,       1801 ,,090945,090945,090945978900,1,,,,,,0,747,17000,128,745,24000,128
1100,20160112,11, 1,1,       1801 ,,090945,090945,090945979700,1,,,,,,0,747,16000,128,745,24000,128
1100,20160112,11, 1,1,       1801 ,,090946,090946,090946074600,1,,,,,,0,747,16000,128,745,23000,128
1100,20160112,11, 1,1,       1801 ,,090947,090947,090947609200,1,,,,,,0,747,14000,128,745,23000,128
1100,20160112,11, 1,1,       1801 ,,090948,090948,090948401600,1,,,,,,0,747,14000,128,745,24000,128
1100,20160112,11, 1,1,       1801 ,,090948,090948,090948402200,1,,,,,,0,747,13000,128,745,24000,128
1100,20160112,11, 1,1,       1801 ,,090948,090948,090948403200,1,,,,,,0,747,13000,128,745,25000,128
1100,20160112,11, 1,1,       1801 ,,090948,090948,090948748100,1,,,,,,0,747,15000,128,745,25000,128
1100,20160112,11, 1,1,       1801 ,,090948,090948,090948749400,1,,,,,,0,747,15000,128,745,24000,128
1100,20160112,11, 1,1,       1801 ,,090949,090949,090949310700,1,,,,,,0,747,15000,128,745,25000,128
1100,20160112,11, 1,1,       1801 ,,090949,090949,090949879500,1,,,,,,0,747,13000,128,745,25000,128
1100,20160112,11, 1,1,       1801 ,,090949,090949,090949881800,1,,,,,,0,747,13000,128,746,2000,128
1100,20160112,11, 1,1,       1801 ,,090949,090949,090949885700,1,,,,,,0,747,13000,128,746,4000,128
1100,20160112,11, 1,1,       1801 ,,090949,090949,090949887300,1,,,,,,0,747,12000,128,746,4000,128
1100,20160112,11, 1,1,       1801 ,,090949,090949,090949888400,1,,,,,,0,747,12000,128,746,11000,128
1100,20160112,11, 1,1,       1801 ,,090951,090951,090951273000,1,,,,,,0,747,13000,128,746,11000,128
1100,20160112,11, 1,1,       1801 ,,090951,090951,090951274400,1,,,,,,0,747,13000,128,746,9000,128
1100,20160112,11, 1,1,       1801 ,,090951,090951,090951289300,1,,,,,,0,747,15000,128,746,9000,128
1100,20160112,11, 1,1,       1801 ,090953,090953,090953,090953087100,1,746,16,0,9000,0,0,747,15000,128,745,18000,128
1100,20160112,11, 1,1,       1801 ,,090953,090953,090953089600,1,,,,,,0,747,15000,128,745,18000,128
1100,20160112,11, 1,1,       1801 ,,090953,090953,090953090800,1,,,,,,0,747,16000,128,745,18000,128
1100,20160112,11, 1,1,       1801 ,,090953,090953,090953093000,1,,,,,,0,747,16000,128,745,17000,128
1100,20160112,11, 1,1,       1801 ,,090953,090953,090953094200,1,,,,,,0,747,16000,128,745,18000,128
1100,20160112,11, 1,1,       1801 ,,090953,090953,090953096200,1,,,,,,0,747,16000,128,745,17000,128
1100,20160112,11, 1,1,       1801 ,,090953,090953,090953097400,1,,,,,,0,747,16000,128,745,24000,128
1100,20160112,11, 1,1,       1801 ,,090953,090953,090953100700,1,,,,,,0,746,5000,128,745,24000,128
1100,20160112,11, 1,1,       1801 ,,090953,090953,090953102800,1,,,,,,0,746,6000,128,745,24000,128
1100,20160112,11, 1,1,       1801 ,,090953,090953,090953104800,1,,,,,,0,746,8000,128,745,24000,128
1100,20160112,11, 1,1,       1801 ,090953,090953,090953,090953164900,1,745,16,0,24000,0,0,746,8000,128,744,19000,128
1100,20160112,11, 1,1,       1801 ,,090953,090953,090953166400,1,,,,,,0,746,8000,128,744,18000,128
1100,20160112,11, 1,1,       1801 ,,090953,090953,090953167200,1,,,,,,0,746,10000,128,744,18000,128
1100,20160112,11, 1,1,       1801 ,,090953,090953,090953168100,1,,,,,,0,746,11000,128,744,18000,128
1100,20160112,11, 1,1,       1801 ,,090953,090953,090953169800,1,,,,,,0,746,11000,128,744,16000,128
1100,20160112,11, 1,1,       1801 ,,090953,090953,090953173200,1,,,,,,0,746,11000,128,745,1000,128
1100,20160112,11, 1,1,       1801 ,090953,090953,090953,090953176400,1,745,16,0,1000,0,0,746,11000,128,744,17000,128
1100,20160112,11, 1,1,       1801 ,,090953,090953,090953177200,1,,,,,,0,746,11000,128,744,17000,128
1100,20160112,11, 1,1,       1801 ,,090953,090953,090953178800,1,,,,,,0,745,1000,128,744,17000,128
1100,20160112,11, 1,1,       1801 ,,090953,090953,090953179800,1,,,,,,0,745,3000,128,744,17000,128
1100,20160112,11, 1,1,       1801 ,090953,090953,090953,090953184700,1,745,48,0,3000,0,0,746,11000,128,744,17000,128
1100,20160112,11, 1,1,       1801 ,,090953,090953,090953185700,1,,,,,,0,746,11000,128,745,7000,128
1100,20160112,11, 1,1,       1801 ,,090953,090953,090953189300,1,,,,,,0,746,11000,128,745,8000,128
1100,20160112,11, 1,1,       1801 ,,090953,090953,090953191800,1,,,,,,0,746,10000,128,745,8000,128
1100,20160112,11, 1,1,       1801 ,,090953,090953,090953198800,1,,,,,,0,746,10000,128,745,1000,128
1100,20160112,11, 1,1,       1801 ,,090953,090953,090953200200,1,,,,,,0,746,11000,128,745,1000,128
1100,20160112,11, 1,1,       1801 ,,090953,090953,090953201000,1,,,,,,0,746,10000,128,745,1000,128
1100,20160112,11, 1,1,       1801 ,,090953,090953,090953217900,1,,,,,,0,746,10000,128,744,18000,128
1100,20160112,11, 1,1,       1801 ,,090953,090953,090953219100,1,,,,,,0,746,11000,128,744,18000,128
1100,20160112,11, 1,1,       1801 ,,090953,090953,090953251900,1,,,,,,0,746,11000,128,744,25000,128
1100,20160112,11, 1,1,       1801 ,,090953,090953,090953253000,1,,,,,,0,746,11000,128,744,26000,128
1100,20160112,11, 1,1,       1801 ,,090953,090953,090953253600,1,,,,,,0,746,10000,128,744,26000,128
1100,20160112,11, 1,1,       1801 ,,090953,090953,090953282500,1,,,,,,0,745,1000,128,744,26000,128
1100,20160112,11, 1,1,       1801 ,,090953,090953,090953283600,1,,,,,,0,745,1000,128,744,25000,128
1100,20160112,11, 1,1,       1801 ,090953,090953,090953,090953284300,1,745,48,0,1000,0,0,746,10000,128,744,25000,128
1100,20160112,11, 1,1,       1801 ,,090953,090953,090953286100,1,,,,,,0,746,10000,128,744,25000,128
1100,20160112,11, 1,1,       1801 ,,090953,090953,090953286900,1,,,,,,0,746,10000,128,744,26000,128
1100,20160112,11, 1,1,       1801 ,,090953,090953,090953696700,1,,,,,,0,746,11000,128,744,26000,128
1100,20160112,11, 1,1,       1801 ,,090954,090954,090954332900,1,,,,,,0,746,12000,128,744,26000,128
1100,20160112,11, 1,1,       1801 ,,090954,090954,090954592200,1,,,,,,0,746,13000,128,744,26000,128
1100,20160112,11, 1,1,       1801 ,,090955,090955,090955011400,1,,,,,,0,746,13000,128,744,25000,128
1100,20160112,11, 1,1,       1801 ,,090955,090955,090955041400,1,,,,,,0,746,14000,128,744,25000,128
1100,20160112,11, 1,1,       1801 ,,090955,090955,090955061900,1,,,,,,0,746,14000,128,744,26000,128
1100,20160112,11, 1,1,       1801 ,,090955,090955,090955062600,1,,,,,,0,746,13000,128,744,26000,128
1100,20160112,11, 1,1,       1801 ,,090955,090955,090955511500,1,,,,,,0,746,13000,128,744,25000,128
1100,20160112,11, 1,1,       1801 ,,090955,090955,090955751100,1,,,,,,0,746,13000,128,744,26000,128
1100,20160112,11, 1,1,       1801 ,,090957,090957,090957521300,1,,,,,,0,746,13000,128,744,25000,128
1100,20160112,11, 1,1,       1801 ,,090957,090957,090957522600,1,,,,,,0,746,14000,128,744,25000,128
1100,20160112,11, 1,1,       1801 ,,090957,090957,090957524100,1,,,,,,0,746,13000,128,744,25000,128
1100,20160112,11, 1,1,       1801 ,,090957,090957,090957524900,1,,,,,,0,746,13000,128,744,26000,128
1100,20160112,11, 1,1,       1801 ,,090957,090957,090957525600,1,,,,,,0,746,13000,128,744,25000,128
1100,20160112,11, 1,1,       1801 ,,090957,090957,090957541600,1,,,,,,0,746,14000,128,744,25000,128
1100,20160112,11, 1,1,       1801 ,,090957,090957,090957591600,1,,,,,,0,746,13000,128,744,25000,128
1100,20160112,11, 1,1,       1801 ,,090957,090957,090957593000,1,,,,,,0,746,13000,128,744,26000,128
1100,20160112,11, 1,1,       1801 ,,090957,090957,090957594400,1,,,,,,0,746,13000,128,744,25000,128
1100,20160112,11, 1,1,       1801 ,,090957,090957,090957631100,1,,,,,,0,746,13000,128,744,26000,128
1100,20160112,11, 1,1,       1801 ,,090958,090958,090958105400,1,,,,,,0,746,13000,128,744,27000,128
1100,20160112,11, 1,1,       1801 ,,090958,090958,090958165700,1,,,,,,0,746,8000,128,744,27000,128
1100,20160112,11, 1,1,       1801 ,,090958,090958,090958167100,1,,,,,,0,746,8000,128,745,3000,128
1100,20160112,11, 1,1,       1801 ,,090958,090958,090958168300,1,,,,,,0,746,8000,128,745,4000,128
1100,20160112,11, 1,1,       1801 ,090958,090958,090958,090958169600,1,745,16,0,3000,0,0,746,8000,128,745,1000,128
1100,20160112,11, 1,1,       1801 ,,090958,090958,090958170500,1,,,,,,0,746,8000,128,745,3000,128
1100,20160112,11, 1,1,       1801 ,090958,090958,090958,090958172000,1,745,16,0,1000,0,0,746,8000,128,745,2000,128
1100,20160112,11, 1,1,       1801 ,090958,090958,090958,090958173000,1,745,16,0,1000,0,0,746,8000,128,745,1000,128
1100,20160112,11, 1,1,       1801 ,090958,090958,090958,090958173900,1,745,16,0,1000,0,0,746,8000,128,744,27000,128
1100,20160112,11, 1,1,       1801 ,,090958,090958,090958175600,1,,,,,,0,746,8000,128,744,26000,128
1100,20160112,11, 1,1,       1801 ,,090958,090958,090958181200,1,,,,,,0,746,8000,128,744,24000,128
1100,20160112,11, 1,1,       1801 ,,090958,090958,090958230600,1,,,,,,0,746,8000,128,744,23000,128
1100,20160112,11, 1,1,       1801 ,,090958,090958,090958589600,1,,,,,,0,746,8000,128,745,2000,128
1100,20160112,11, 1,1,       1801 ,,090958,090958,090958590500,1,,,,,,0,746,6000,128,745,2000,128
1100,20160112,11, 1,1,       1801 ,,090958,090958,090958591400,1,,,,,,0,746,6000,128,745,4000,128
1100,20160112,11, 1,1,       1801 ,,090958,090958,090958592800,1,,,,,,0,746,5000,128,745,4000,128
1100,20160112,11, 1,1,       1801 ,,090958,090958,090958775300,1,,,,,,0,746,5000,128,745,2000,128
1100,20160112,11, 1,1,       1801 ,,091000,091000,091000121500,1,,,,,,0,746,7000,128,745,2000,128
1100,20160112,11, 1,1,       1801 ,,091000,091000,091000126200,1,,,,,,0,746,7000,128,744,24000,128
1100,20160112,11, 1,1,       1801 ,,091000,091000,091000127500,1,,,,,,0,746,7000,128,744,22000,128
1100,20160112,11, 1,1,       1801 ,,091000,091000,091000142500,1,,,,,,0,746,7000,128,744,21000,128
1100,20160112,11, 1,1,       1801 ,,091001,091001,091001703900,1,,,,,,0,746,8000,128,744,21000,128
1100,20160112,11, 1,1,       1801 ,,091002,091002,091002611000,1,,,,,,0,746,8000,128,745,2000,128
1100,20160112,11, 1,1,       1801 ,,091002,091002,091002614600,1,,,,,,0,746,7000,128,745,2000,128
1100,20160112,11, 1,1,       1801 ,,091004,091004,091004931200,1,,,,,,0,746,7000,128,744,24000,128
1100,20160112,11, 1,1,       1801 ,,091004,091004,091004932600,1,,,,,,0,746,7000,128,744,22000,128
1100,20160112,11, 1,1,       1801 ,,091006,091006,091006477900,1,,,,,,0,745,1000,128,744,22000,128
1100,20160112,11, 1,1,       1801 ,,091006,091006,091006480600,1,,,,,,0,745,1000,128,744,21000,128
1100,20160112,11, 1,1,       1801 ,091006,091006,091006,091006481400,1,745,48,0,1000,0,0,746,7000,128,744,21000,128
1100,20160112,11, 1,1,       1801 ,,091006,091006,091006482100,1,,,,,,0,746,10000,128,744,21000,128
1100,20160112,11, 1,1,       1801 ,,091006,091006,091006482700,1,,,,,,0,746,10000,128,744,20000,128
1100,20160112,11, 1,1,       1801 ,,091006,091006,091006484800,1,,,,,,0,746,10000,128,744,21000,128
1100,20160112,11, 1,1,       1801 ,,091006,091006,091006676500,1,,,,,,0,745,1000,128,744,21000,128
1100,20160112,11, 1,1,       1801 ,,091006,091006,091006677700,1,,,,,,0,745,1000,128,744,20000,128
1100,20160112,11, 1,1,       1801 ,,091006,091006,091006678500,1,,,,,,0,745,2000,128,744,20000,128
1100,20160112,11, 1,1,       1801 ,,091006,091006,091006680200,1,,,,,,0,745,4000,128,744,20000,128
1100,20160112,11, 1,1,       1801 ,,091006,091006,091006681400,1,,,,,,0,745,4000,128,744,19000,128
1100,20160112,11, 1,1,       1801 ,,091006,091006,091006806300,1,,,,,,0,745,5000,128,744,19000,128
1100,20160112,11, 1,1,       1801 ,,091007,091007,091007073400,1,,,,,,0,745,6000,128,744,19000,128
1100,20160112,11, 1,1,       1801 ,,091008,091008,091008541200,1,,,,,,0,745,6000,128,744,16000,128
1100,20160112,11, 1,1,       1801 ,,091008,091008,091008542500,1,,,,,,0,745,6000,128,744,18000,128
1100,20160112,11, 1,1,       1801 ,,091008,091008,091008543200,1,,,,,,0,745,6000,128,744,16000,128
1100,20160112,11, 1,1,       1801 ,,091009,091009,091009690700,1,,,,,,0,745,7000,128,744,16000,128
1100,20160112,11, 1,1,       1801 ,,091014,091014,091014280000,1,,,,,,0,745,9000,128,744,16000,128
1100,20160112,11, 1,1,       1801 ,,091014,091014,091014295500,1,,,,,,0,745,10000,128,744,16000,128
1100,20160112,11, 1,1,       1801 ,,091014,091014,091014370800,1,,,,,,0,745,10000,128,744,14000,128
1100,20160112,11, 1,1,       1801 ,,091014,091014,091014382800,1,,,,,,0,745,10000,128,744,7000,128
1100,20160112,11, 1,1,       1801 ,091014,091014,091014,091014384800,1,744,16,0,2000,0,0,745,10000,128,744,5000,128
1100,20160112,11, 1,1,       1801 ,091014,091014,091014,091014385900,1,744,16,0,4000,0,0,745,10000,128,744,1000,128
1100,20160112,11, 1,1,       1801 ,091014,091014,091014,091014387500,1,744,16,0,1000,0,0,744,1000,128,743,18000,128
1100,20160112,11, 1,1,       1801 ,,091014,091014,091014388700,1,,,,,,0,744,2000,128,743,18000,128
1100,20160112,11, 1,1,       1801 ,,091014,091014,091014403600,1,,,,,,0,744,5000,128,743,18000,128
1100,20160112,11, 1,1,       1801 ,,091014,091014,091014415800,1,,,,,,0,744,5000,128,743,16000,128
1100,20160112,11, 1,1,       1801 ,,091014,091014,091014420600,1,,,,,,0,744,5000,128,743,15000,128
1100,20160112,11, 1,1,       1801 ,,091014,091014,091014423000,1,,,,,,0,744,5000,128,743,14000,128
1100,20160112,11, 1,1,       1801 ,,091014,091014,091014424200,1,,,,,,0,744,21000,128,743,14000,128
1100,20160112,11, 1,1,       1801 ,,091014,091014,091014425800,1,,,,,,0,744,21000,128,743,13000,128
1100,20160112,11, 1,1,       1801 ,,091014,091014,091014428400,1,,,,,,0,744,21000,128,743,10000,128
1100,20160112,11, 1,1,       1801 ,,091014,091014,091014430200,1,,,,,,0,744,21000,128,743,8000,128
1100,20160112,11, 1,1,       1801 ,,091014,091014,091014432000,1,,,,,,0,744,22000,128,743,8000,128
1100,20160112,11, 1,1,       1801 ,,091014,091014,091014432800,1,,,,,,0,744,22000,128,743,5000,128
1100,20160112,11, 1,1,       1801 ,,091014,091014,091014433600,1,,,,,,0,744,22000,128,743,2000,128
1100,20160112,11, 1,1,       1801 ,,091014,091014,091014503600,1,,,,,,0,744,23000,128,743,2000,128
1100,20160112,11, 1,1,       1801 ,,091014,091014,091014537300,1,,,,,,0,744,28000,128,743,2000,128
1100,20160112,11, 1,1,       1801 ,,091014,091014,091014538000,1,,,,,,0,744,33000,128,743,2000,128
1100,20160112,11, 1,1,       1801 ,091014,091014,091014,091014538800,1,743,16,0,2000,0,0,744,33000,128,742,16000,128
1100,20160112,11, 1,1,       1801 ,,091014,091014,091014542500,1,,,,,,0,744,34000,128,742,16000,128
1100,20160112,11, 1,1,       1801 ,,091014,091014,091014543200,1,,,,,,0,744,35000,128,742,16000,128
1100,20160112,11, 1,1,       1801 ,,091014,091014,091014545000,1,,,,,,0,744,37000,128,742,16000,128
1100,20160112,11, 1,1,       1801 ,,091014,091014,091014546600,1,,,,,,0,744,37000,128,742,15000,128
1100,20160112,11, 1,1,       1801 ,,091014,091014,091014547500,1,,,,,,0,744,37000,128,742,12000,128
1100,20160112,11, 1,1,       1801 ,,091014,091014,091014548600,1,,,,,,0,744,37000,128,742,22000,128
1100,20160112,11, 1,1,       1801 ,,091014,091014,091014549400,1,,,,,,0,743,3000,128,742,22000,128
1100,20160112,11, 1,1,       1801 ,,091014,091014,091014550900,1,,,,,,0,743,5000,128,742,22000,128
1100,20160112,11, 1,1,       1801 ,091014,091014,091014,091014553500,1,743,48,0,3000,0,0,743,2000,128,742,22000,128
1100,20160112,11, 1,1,       1801 ,,091014,091014,091014554400,1,,,,,,0,743,3000,128,742,22000,128
1100,20160112,11, 1,1,       1801 ,091014,091014,091014,091014558200,1,743,48,0,1000,0,0,743,2000,128,742,22000,128
1100,20160112,11, 1,1,       1801 ,,091014,091014,091014559100,1,,,,,,0,743,2000,128,742,22000,128
1100,20160112,11, 1,1,       1801 ,091014,091014,091014,091014569200,1,743,48,0,2000,0,0,744,37000,128,742,22000,128
1100,20160112,11, 1,1,       1801 ,,091014,091014,091014571800,1,,,,,,0,744,37000,128,742,22000,128
1100,20160112,11, 1,1,       1801 ,,091014,091014,091014573100,1,,,,,,0,744,35000,128,742,22000,128
1100,20160112,11, 1,1,       1801 ,,091014,091014,091014573800,1,,,,,,0,744,37000,128,742,22000,128
1100,20160112,11, 1,1,       1801 ,,091014,091014,091014685600,1,,,,,,0,744,21000,128,742,22000,128
1100,20160112,11, 1,1,       1801 ,,091014,091014,091014686800,1,,,,,,0,744,20000,128,742,22000,128
1100,20160112,11, 1,1,       1801 ,,091014,091014,091014687600,1,,,,,,0,744,18000,128,742,22000,128
1100,20160112,11, 1,1,       1801 ,,091014,091014,091014752800,1,,,,,,0,744,18000,128,742,23000,128
1100,20160112,11, 1,1,       1801 ,,091014,091014,091014851600,1,,,,,,0,744,18000,128,742,22000,128
1100,20160112,11, 1,1,       1801 ,,091014,091014,091014981000,1,,,,,,0,744,19000,128,742,22000,128
1100,20160112,11, 1,1,       1801 ,,091015,091015,091015122400,1,,,,,,0,743,1000,128,742,22000,128
1100,20160112,11, 1,1,       1801 ,091015,091015,091015,091015125400,1,743,48,0,1000,0,0,744,18000,128,742,22000,128
1100,20160112,11, 1,1,       1801 ,,091015,091015,091015126200,1,,,,,,0,744,20000,128,742,22000,128
1100,20160112,11, 1,1,       1801 ,,091015,091015,091015194200,1,,,,,,0,744,20000,128,742,23000,128
1100,20160112,11, 1,1,       1801 ,,091015,091015,091015390300,1,,,,,,0,744,21000,128,742,23000,128
1100,20160112,11, 1,1,       1801 ,,091015,091015,091015391700,1,,,,,,0,744,22000,128,742,23000,128
1100,20160112,11, 1,1,       1801 ,,091015,091015,091015392300,1,,,,,,0,744,23000,128,742,23000,128
1100,20160112,11, 1,1,       1801 ,,091016,091016,091016168600,1,,,,,,0,744,24000,128,742,23000,128
1100,20160112,11, 1,1,       1801 ,,091016,091016,091016572700,1,,,,,,0,744,23000,128,742,23000,128
1100,20160112,11, 1,1,       1801 ,,091016,091016,091016574000,1,,,,,,0,744,22000,128,742,23000,128
1100,20160112,11, 1,1,       1801 ,,091016,091016,091016591400,1,,,,,,0,744,22000,128,742,24000,128
1100,20160112,11, 1,1,       1801 ,,091016,091016,091016622000,1,,,,,,0,744,22000,128,742,25000,128
1100,20160112,11, 1,1,       1801 ,,091016,091016,091016623500,1,,,,,,0,744,24000,128,742,25000,128
1100,20160112,11, 1,1,       1801 ,,091016,091016,091016624700,1,,,,,,0,744,24000,128,742,24000,128
1100,20160112,11, 1,1,       1801 ,,091017,091017,091017133000,1,,,,,,0,744,24000,128,742,23000,128
1100,20160112,11, 1,1,       1801 ,,091017,091017,091017147900,1,,,,,,0,744,25000,128,742,23000,128
1100,20160112,11, 1,1,       1801 ,,091017,091017,091017149000,1,,,,,,0,744,26000,128,742,23000,128
1100,20160112,11, 1,1,       1801 ,,091017,091017,091017557000,1,,,,,,0,744,25000,128,742,23000,128
1100,20160112,11, 1,1,       1801 ,,091017,091017,091017559300,1,,,,,,0,744,24000,128,742,23000,128
1100,20160112,11, 1,1,       1801 ,,091019,091019,091019444300,1,,,,,,0,743,1000,128,742,23000,128
1100,20160112,11, 1,1,       1801 ,,091019,091019,091019445600,1,,,,,,0,743,3000,128,742,23000,128
1100,20160112,11, 1,1,       1801 ,,091019,091019,091019447000,1,,,,,,0,743,4000,128,742,23000,128
1100,20160112,11, 1,1,       1801 ,,091019,091019,091019449000,1,,,,,,0,743,5000,128,742,23000,128
1100,20160112,11, 1,1,       1801 ,,091019,091019,091019581500,1,,,,,,0,743,5000,128,742,20000,128
1100,20160112,11, 1,1,       1801 ,,091019,091019,091019970800,1,,,,,,0,743,4000,128,742,20000,128
1100,20160112,11, 1,1,       1801 ,,091019,091019,091019972400,1,,,,,,0,743,3000,128,742,20000,128
1100,20160112,11, 1,1,       1801 ,,091019,091019,091019973500,1,,,,,,0,743,1000,128,742,20000,128
1100,20160112,11, 1,1,       1801 ,091019,091019,091019,091019974400,1,743,48,0,1000,0,0,744,16000,128,742,20000,128
1100,20160112,11, 1,1,       1801 ,,091019,091019,091019975500,1,,,,,,0,744,15000,128,742,20000,128
1100,20160112,11, 1,1,       1801 ,,091019,091019,091019976700,1,,,,,,0,744,15000,128,742,21000,128
1100,20160112,11, 1,1,       1801 ,,091020,091020,091020558200,1,,,,,,0,744,12000,128,742,21000,128
1100,20160112,11, 1,1,       1801 ,,091020,091020,091020560100,1,,,,,,0,744,15000,128,742,21000,128
1100,20160112,11, 1,1,       1801 ,,091021,091021,091021192500,1,,,,,,0,744,15000,128,742,20000,128
1100,20160112,11, 1,1,       1801 ,,091022,091022,091022502100,1,,,,,,0,744,16000,128,742,20000,128
1100,20160112,11, 1,1,       1801 ,,091022,091022,091022792500,1,,,,,,0,744,15000,128,742,20000,128
1100,20160112,11, 1,1,       1801 ,,091022,091022,091022793400,1,,,,,,0,744,15000,128,742,21000,128
1100,20160112,11, 1,1,       1801 ,,091022,091022,091022848500,1,,,,,,0,744,15000,128,742,22000,128
1100,20160112,11, 1,1,       1801 ,,091023,091023,091023230500,1,,,,,,0,744,15000,128,742,21000,128
1100,20160112,11, 1,1,       1801 ,,091024,091024,091024331100,1,,,,,,0,744,15000,128,742,22000,128
1100,20160112,11, 1,1,       1801 ,,091024,091024,091024390200,1,,,,,,0,744,15000,128,743,1000,128
1100,20160112,11, 1,1,       1801 ,,091024,091024,091024391600,1,,,,,,0,744,15000,128,743,5000,128
1100,20160112,11, 1,1,       1801 ,,091024,091024,091024392300,1,,,,,,0,744,15000,128,743,7000,128
1100,20160112,11, 1,1,       1801 ,,091024,091024,091024393700,1,,,,,,0,744,12000,128,743,7000,128
1100,20160112,11, 1,1,       1801 ,,091024,091024,091024397400,1,,,,,,0,744,11000,128,743,7000,128
1100,20160112,11, 1,1,       1801 ,,091024,091024,091024399200,1,,,,,,0,744,11000,128,743,17000,128
1100,20160112,11, 1,1,       1801 ,,091024,091024,091024401300,1,,,,,,0,744,9000,128,743,17000,128
1100,20160112,11, 1,1,       1801 ,,091026,091026,091026873500,1,,,,,,0,744,10000,128,743,17000,128
1100,20160112,11, 1,1,       1801 ,,091028,091028,091028876000,1,,,,,,0,744,9000,128,743,17000,128
1100,20160112,11, 1,1,       1801 ,,091029,091029,091029819800,1,,,,,,0,744,10000,128,743,17000,128
1100,20160112,11, 1,1,       1801 ,,091030,091030,091030121100,1,,,,,,0,744,12000,128,743,17000,128
1100,20160112,11, 1,1,       1801 ,,091030,091030,091030829200,1,,,,,,0,744,14000,128,743,17000,128
1100,20160112,11, 1,1,       1801 ,,091030,091030,091030833600,1,,,,,,0,744,14000,128,743,7000,128
1100,20160112,11, 1,1,       1801 ,,091030,091030,091030836300,1,,,,,,0,744,14000,128,743,6000,128
1100,20160112,11, 1,1,       1801 ,,091030,091030,091030837400,1,,,,,,0,744,14000,128,743,4000,128
1100,20160112,11, 1,1,       1801 ,091030,091030,091030,091030838700,1,743,16,0,2000,0,0,744,14000,128,743,2000,128
1100,20160112,11, 1,1,       1801 ,,091030,091030,091030840100,1,,,,,,0,744,15000,128,743,2000,128
1100,20160112,11, 1,1,       1801 ,091030,091030,091030,091030841300,1,743,16,0,2000,0,0,744,15000,128,742,18000,128
1100,20160112,11, 1,1,       1801 ,,091030,091030,091030847400,1,,,,,,0,744,15000,128,742,18000,128
1100,20160112,11, 1,1,       1801 ,,091030,091030,091030849900,1,,,,,,0,744,15000,128,742,15000,128
1100,20160112,11, 1,1,       1801 ,,091030,091030,091030850900,1,,,,,,0,744,15000,128,742,14000,128
1100,20160112,11, 1,1,       1801 ,,091030,091030,091030887200,1,,,,,,0,744,15000,128,742,24000,128
1100,20160112,11, 1,1,       1801 ,,091030,091030,091030888500,1,,,,,,0,744,14000,128,742,24000,128
1100,20160112,11, 1,1,       1801 ,,091030,091030,091030890000,1,,,,,,0,744,14000,128,742,25000,128
1100,20160112,11, 1,1,       1801 ,,091035,091035,091035842900,1,,,,,,0,744,14000,128,742,26000,128
1100,20160112,11, 1,1,       1801 ,,091036,091036,091036501300,1,,,,,,0,744,14000,128,743,1000,128
1100,20160112,11, 1,1,       1801 ,,091036,091036,091036503300,1,,,,,,0,744,14000,128,743,3000,128
1100,20160112,11, 1,1,       1801 ,,091036,091036,091036506600,1,,,,,,0,744,14000,128,743,4000,128
1100,20160112,11, 1,1,       1801 ,,091036,091036,091036612700,1,,,,,,0,744,14000,128,743,3000,128
1100,20160112,11, 1,1,       1801 ,,091037,091037,091037197600,1,,,,,,0,744,14000,128,743,1000,128
1100,20160112,11, 1,1,       1801 ,,091037,091037,091037940500,1,,,,,,0,744,15000,128,743,1000,128
1100,20160112,11, 1,1,       1801 ,,091038,091038,091038053800,1,,,,,,0,744,15000,128,743,3000,128
1100,20160112,11, 1,1,       1801 ,,091038,091038,091038055000,1,,,,,,0,744,15000,128,743,4000,128
1100,20160112,11, 1,1,       1801 ,,091038,091038,091038263500,1,,,,,,0,744,14000,128,743,4000,128
1100,20160112,11, 1,1,       1801 ,,091038,091038,091038811800,1,,,,,,0,744,12000,128,743,4000,128
1100,20160112,11, 1,1,       1801 ,,091040,091040,091040021500,1,,,,,,0,744,14000,128,743,4000,128
1100,20160112,11, 1,1,       1801 ,,091040,091040,091040203300,1,,,,,,0,744,15000,128,743,4000,128
1100,20160112,11, 1,1,       1801 ,,091040,091040,091040750300,1,,,,,,0,744,15000,128,743,3000,128
1100,20160112,11, 1,1,       1801 ,,091040,091040,091040751800,1,,,,,,0,744,15000,128,743,1000,128
1100,20160112,11, 1,1,       1801 ,,091042,091042,091042623200,1,,,,,,0,744,15000,128,743,3000,128
1100,20160112,11, 1,1,       1801 ,,091042,091042,091042624300,1,,,,,,0,744,15000,128,743,4000,128
1100,20160112,11, 1,1,       1801 ,,091042,091042,091042625500,1,,,,,,0,744,14000,128,743,4000,128
1100,20160112,11, 1,1,       1801 ,,091045,091045,091045781200,1,,,,,,0,744,15000,128,743,4000,128
1100,20160112,11, 1,1,       1801 ,,091046,091046,091046356000,1,,,,,,0,744,14000,128,743,4000,128
1100,20160112,11, 1,1,       1801 ,,091046,091046,091046680200,1,,,,,,0,744,15000,128,743,4000,128
1100,20160112,11, 1,1,       1801 ,,091046,091046,091046979700,1,,,,,,0,744,14000,128,743,4000,128
1100,20160112,11, 1,1,       1801 ,,091047,091047,091047079200,1,,,,,,0,744,12000,128,743,4000,128
1100,20160112,11, 1,1,       1801 ,,091047,091047,091047081700,1,,,,,,0,744,12000,128,743,14000,128
1100,20160112,11, 1,1,       1801 ,,091048,091048,091048448500,1,,,,,,0,744,11000,128,743,14000,128
1100,20160112,11, 1,1,       1801 ,,091050,091050,091050879500,1,,,,,,0,744,11000,128,743,15000,128
1100,20160112,11, 1,1,       1801 ,091053,091053,091053,091053930600,1,743,16,0,1000,0,0,744,11000,128,743,14000,128
1100,20160112,11, 1,1,       1801 ,,091053,091053,091053966700,1,,,,,,0,744,12000,128,743,14000,128
1100,20160112,11, 1,1,       1801 ,,091053,091053,091053970100,1,,,,,,0,744,14000,128,743,14000,128
1100,20160112,11, 1,1,       1801 ,,091053,091053,091053972900,1,,,,,,0,744,14000,128,743,13000,128
1100,20160112,11, 1,1,       1801 ,,091053,091053,091053977600,1,,,,,,0,744,14000,128,743,11000,128
1100,20160112,11, 1,1,       1801 ,,091053,091053,091053999300,1,,,,,,0,744,14000,128,743,1000,128
1100,20160112,11, 1,1,       1801 ,,091054,091054,091054001900,1,,,,,,0,744,15000,128,743,1000,128
1100,20160112,11, 1,1,       1801 ,091054,091054,091054,091054009800,1,743,16,0,1000,0,0,744,15000,128,742,21000,128
1100,20160112,11, 1,1,       1801 ,,091054,091054,091054011600,1,,,,,,0,743,2000,128,742,21000,128
1100,20160112,11, 1,1,       1801 ,,091054,091054,091054013000,1,,,,,,0,743,3000,128,742,21000,128
1100,20160112,11, 1,1,       1801 ,,091054,091054,091054017400,1,,,,,,0,743,3000,128,742,19000,128
1100,20160112,11, 1,1,       1801 ,,091054,091054,091054019800,1,,,,,,0,743,5000,128,742,19000,128
1100,20160112,11, 1,1,       1801 ,,091054,091054,091054021100,1,,,,,,0,743,5000,128,742,16000,128
1100,20160112,11, 1,1,       1801 ,,091054,091054,091054022900,1,,,,,,0,743,5000,128,742,13000,128
1100,20160112,11, 1,1,       1801 ,,091054,091054,091054024200,1,,,,,,0,743,5000,128,742,12000,128
1100,20160112,11, 1,1,       1801 ,091054,091054,091054,091054026500,1,743,48,0,5000,0,0,744,16000,128,742,12000,128
1100,20160112,11, 1,1,       1801 ,,091054,091054,091054028300,1,,,,,,0,744,16000,128,742,12000,128
1100,20160112,11, 1,1,       1801 ,,091054,091054,091054029900,1,,,,,,0,743,1000,128,742,12000,128
1100,20160112,11, 1,1,       1801 ,,091054,091054,091054034700,1,,,,,,0,743,1000,128,742,11000,128
1100,20160112,11, 1,1,       1801 ,,091054,091054,091054036800,1,,,,,,0,743,1000,128,742,10000,128
1100,20160112,11, 1,1,       1801 ,,091054,091054,091054047500,1,,,,,,0,743,1000,128,742,12000,128
1100,20160112,11, 1,1,       1801 ,,091054,091054,091054048900,1,,,,,,0,743,1000,128,742,14000,128
1100,20160112,11, 1,1,       1801 ,,091054,091054,091054050500,1,,,,,,0,744,16000,128,742,14000,128
1100,20160112,11, 1,1,       1801 ,,091054,091054,091054053400,1,,,,,,0,743,1000,128,742,14000,128
1100,20160112,11, 1,1,       1801 ,,091054,091054,091054069500,1,,,,,,0,744,15000,128,742,14000,128
1100,20160112,11, 1,1,       1801 ,,091054,091054,091054085300,1,,,,,,0,743,1000,128,742,14000,128
1100,20160112,11, 1,1,       1801 ,,091054,091054,091054130200,1,,,,,,0,743,3000,128,742,14000,128
1100,20160112,11, 1,1,       1801 ,,091054,091054,091054131400,1,,,,,,0,743,4000,128,742,14000,128
1100,20160112,11, 1,1,       1801 ,,091054,091054,091054132600,1,,,,,,0,743,4000,128,742,11000,128
1100,20160112,11, 1,1,       1801 ,,091054,091054,091054194300,1,,,,,,0,743,4000,128,742,21000,128
1100,20160112,11, 1,1,       1801 ,,091054,091054,091054228200,1,,,,,,0,743,6000,128,742,21000,128
1100,20160112,11, 1,1,       1801 ,091054,091054,091054,091054244000,1,742,16,0,12000,0,0,743,6000,128,742,9000,128
1100,20160112,11, 1,1,       1801 ,,091054,091054,091054246500,1,,,,,,0,743,7000,128,742,9000,128
1100,20160112,11, 1,1,       1801 ,,091054,091054,091054247600,1,,,,,,0,743,9000,128,742,9000,128
1100,20160112,11, 1,1,       1801 ,,091054,091054,091054248700,1,,,,,,0,743,8000,128,742,9000,128
1100,20160112,11, 1,1,       1801 ,,091054,091054,091054271200,1,,,,,,0,743,8000,128,741,20000,128
1100,20160112,11, 1,1,       1801 ,,091054,091054,091054272600,1,,,,,,0,743,9000,128,741,20000,128
1100,20160112,11, 1,1,       1801 ,,091054,091054,091054274800,1,,,,,,0,743,9000,128,741,19000,128
1100,20160112,11, 1,1,       1801 ,,091054,091054,091054322800,1,,,,,,0,743,9000,128,741,29000,128
1100,20160112,11, 1,1,       1801 ,,091054,091054,091054447900,1,,,,,,0,743,8000,128,741,29000,128
1100,20160112,11, 1,1,       1801 ,,091054,091054,091054449300,1,,,,,,0,743,8000,128,741,30000,128
1100,20160112,11, 1,1,       1801 ,,091054,091054,091054522500,1,,,,,,0,743,9000,128,741,30000,128
1100,20160112,11, 1,1,       1801 ,,091054,091054,091054523600,1,,,,,,0,743,9000,128,741,29000,128
1100,20160112,11, 1,1,       1801 ,,091054,091054,091054542200,1,,,,,,0,743,8000,128,741,29000,128
1100,20160112,11, 1,1,       1801 ,,091054,091054,091054543700,1,,,,,,0,743,8000,128,741,30000,128
1100,20160112,11, 1,1,       1801 ,,091054,091054,091054629000,1,,,,,,0,743,6000,128,741,30000,128
1100,20160112,11, 1,1,       1801 ,,091054,091054,091054630600,1,,,,,,0,743,6000,128,742,1000,128
1100,20160112,11, 1,1,       1801 ,,091054,091054,091054631800,1,,,,,,0,743,6000,128,742,2000,128
1100,20160112,11, 1,1,       1801 ,,091054,091054,091054632600,1,,,,,,0,743,6000,128,742,4000,128
1100,20160112,11, 1,1,       1801 ,,091054,091054,091054633500,1,,,,,,0,743,4000,128,742,4000,128
1100,20160112,11, 1,1,       1801 ,,091054,091054,091054635200,1,,,,,,0,743,2000,128,742,4000,128
1100,20160112,11, 1,1,       1801 ,,091054,091054,091054765700,1,,,,,,0,743,4000,128,742,4000,128
1100,20160112,11, 1,1,       1801 ,,091054,091054,091054767000,1,,,,,,0,743,4000,128,742,3000,128
1100,20160112,11, 1,1,       1801 ,,091054,091054,091054767700,1,,,,,,0,743,6000,128,742,3000,128
1100,20160112,11, 1,1,       1801 ,,091056,091056,091056197700,1,,,,,,0,743,7000,128,742,3000,128
1100,20160112,11, 1,1,       1801 ,,091056,091056,091056711200,1,,,,,,0,743,8000,128,742,3000,128
1100,20160112,11, 1,1,       1801 ,091057,091057,091057,091057380800,1,743,48,0,1000,0,0,743,7000,128,742,3000,128
1100,20160112,11, 1,1,       1801 ,,091057,091057,091057395000,1,,,,,,0,743,5000,128,742,3000,128
1100,20160112,11, 1,1,       1801 ,,091057,091057,091057578700,1,,,,,,0,743,7000,128,742,3000,128
1100,20160112,11, 1,1,       1801 ,,091057,091057,091057580800,1,,,,,,0,743,9000,128,742,3000,128
1100,20160112,11, 1,1,       1801 ,,091102,091102,091102727700,1,,,,,,0,743,9000,128,742,5000,128
1100,20160112,11, 1,1,       1801 ,091102,091102,091102,091102823000,1,743,48,0,2000,0,0,743,7000,128,742,5000,128
1100,20160112,11, 1,1,       1801 ,091102,091102,091102,091102825500,1,743,48,0,7000,0,0,744,28000,128,742,5000,128
1100,20160112,11, 1,1,       1801 ,,091102,091102,091102828300,1,,,,,,0,744,27000,128,742,5000,128
1100,20160112,11, 1,1,       1801 ,,091102,091102,091102829400,1,,,,,,0,744,27000,128,742,6000,128
1100,20160112,11, 1,1,       1801 ,,091102,091102,091102831200,1,,,,,,0,744,27000,128,742,7000,128
1100,20160112,11, 1,1,       1801 ,,091102,091102,091102832900,1,,,,,,0,744,25000,128,742,7000,128
1100,20160112,11, 1,1,       1801 ,,091102,091102,091102833800,1,,,,,,0,744,22000,128,742,7000,128
1100,20160112,11, 1,1,       1801 ,,091102,091102,091102834500,1,,,,,,0,744,20000,128,742,7000,128
1100,20160112,11, 1,1,       1801 ,,091102,091102,091102835300,1,,,,,,0,744,22000,128,742,7000,128
1100,20160112,11, 1,1,       1801 ,,091102,091102,091102836200,1,,,,,,0,744,22000,128,742,8000,128
1100,20160112,11, 1,1,       1801 ,,091102,091102,091102837100,1,,,,,,0,744,22000,128,742,14000,128
1100,20160112,11, 1,1,       1801 ,,091102,091102,091102838600,1,,,,,,0,744,19000,128,742,14000,128
1100,20160112,11, 1,1,       1801 ,,091102,091102,091102857000,1,,,,,,0,744,16000,128,742,14000,128
1100,20160112,11, 1,1,       1801 ,,091102,091102,091102858200,1,,,,,,0,744,18000,128,742,14000,128
1100,20160112,11, 1,1,       1801 ,,091102,091102,091102885800,1,,,,,,0,744,15000,128,742,14000,128
1100,20160112,11, 1,1,       1801 ,,091103,091103,091103329400,1,,,,,,0,744,15000,128,742,13000,128
1100,20160112,11, 1,1,       1801 ,,091103,091103,091103331800,1,,,,,,0,744,15000,128,742,12000,128
1100,20160112,11, 1,1,       1801 ,,091103,091103,091103333300,1,,,,,,0,744,15000,128,742,11000,128
1100,20160112,11, 1,1,       1801 ,,091103,091103,091103342200,1,,,,,,0,744,16000,128,742,11000,128
1100,20160112,11, 1,1,       1801 ,,091103,091103,091103537100,1,,,,,,0,744,18000,128,742,11000,128
1100,20160112,11, 1,1,       1801 ,,091103,091103,091103732500,1,,,,,,0,744,19000,128,742,11000,128
1100,20160112,11, 1,1,       1801 ,,091103,091103,091103802700,1,,,,,,0,744,19000,128,742,12000,128
1100,20160112,11, 1,1,       1801 ,,091103,091103,091103803900,1,,,,,,0,744,18000,128,742,12000,128
1100,20160112,11, 1,1,       1801 ,,091103,091103,091103904600,1,,,,,,0,744,19000,128,742,12000,128
1100,20160112,11, 1,1,       1801 ,,091103,091103,091103947900,1,,,,,,0,744,20000,128,742,12000,128
1100,20160112,11, 1,1,       1801 ,,091103,091103,091103998800,1,,,,,,0,744,21000,128,742,12000,128
1100,20160112,11, 1,1,       1801 ,,091104,091104,091104345100,1,,,,,,0,744,21000,128,742,14000,128
1100,20160112,11, 1,1,       1801 ,,091104,091104,091104346300,1,,,,,,0,744,20000,128,742,14000,128
1100,20160112,11, 1,1,       1801 ,,091105,091105,091105029900,1,,,,,,0,744,20000,128,742,13000,128
1100,20160112,11, 1,1,       1801 ,,091105,091105,091105031300,1,,,,,,0,744,21000,128,742,13000,128
1100,20160112,11, 1,1,       1801 ,,091107,091107,091107913900,1,,,,,,0,744,19000,128,742,13000,128
1100,20160112,11, 1,1,       1801 ,,091108,091108,091108141500,1,,,,,,0,744,18000,128,742,13000,128
1100,20160112,11, 1,1,       1801 ,,091108,091108,091108264000,1,,,,,,0,744,18000,128,742,14000,128
1100,20160112,11, 1,1,       1801 ,,091108,091108,091108265300,1,,,,,,0,744,18000,128,742,15000,128
1100,20160112,11, 1,1,       1801 ,,091109,091109,091109351500,1,,,,,,0,744,18000,128,742,14000,128
1100,20160112,11, 1,1,       1801 ,,091110,091110,091110933000,1,,,,,,0,744,17000,128,742,14000,128
1100,20160112,11, 1,1,       1801 ,,091111,091111,091111332400,1,,,,,,0,744,17000,128,742,15000,128
1100,20160112,11, 1,1,       1801 ,,091111,091111,091111380300,1,,,,,,0,744,15000,128,742,15000,128
1100,20160112,11, 1,1,       1801 ,,091111,091111,091111571400,1,,,,,,0,744,17000,128,742,15000,128
1100,20160112,11, 1,1,       1801 ,,091111,091111,091111575400,1,,,,,,0,744,17000,128,742,18000,128
1100,20160112,11, 1,1,       1801 ,,091111,091111,091111614800,1,,,,,,0,744,18000,128,742,18000,128
1100,20160112,11, 1,1,       1801 ,,091111,091111,091111631600,1,,,,,,0,744,18000,128,742,17000,128
1100,20160112,11, 1,1,       1801 ,,091111,091111,091111632600,1,,,,,,0,744,18000,128,742,16000,128
1100,20160112,11, 1,1,       1801 ,,091111,091111,091111665100,1,,,,,,0,744,17000,128,742,16000,128
1100,20160112,11, 1,1,       1801 ,,091111,091111,091111667800,1,,,,,,0,744,18000,128,742,16000,128
1100,20160112,11, 1,1,       1801 ,,091111,091111,091111717900,1,,,,,,0,744,17000,128,742,16000,128
1100,20160112,11, 1,1,       1801 ,,091111,091111,091111720000,1,,,,,,0,744,18000,128,742,16000,128
1100,20160112,11, 1,1,       1801 ,,091111,091111,091111762000,1,,,,,,0,744,19000,128,742,16000,128
1100,20160112,11, 1,1,       1801 ,,091111,091111,091111770100,1,,,,,,0,744,18000,128,742,16000,128
1100,20160112,11, 1,1,       1801 ,,091111,091111,091111771500,1,,,,,,0,744,19000,128,742,16000,128
1100,20160112,11, 1,1,       1801 ,,091111,091111,091111822500,1,,,,,,0,744,18000,128,742,16000,128
1100,20160112,11, 1,1,       1801 ,,091111,091111,091111824300,1,,,,,,0,744,19000,128,742,16000,128
1100,20160112,11, 1,1,       1801 ,,091111,091111,091111874500,1,,,,,,0,744,18000,128,742,16000,128
1100,20160112,11, 1,1,       1801 ,,091111,091111,091111876300,1,,,,,,0,744,19000,128,742,16000,128
1100,20160112,11, 1,1,       1801 ,,091111,091111,091111926800,1,,,,,,0,744,18000,128,742,16000,128
1100,20160112,11, 1,1,       1801 ,,091111,091111,091111928400,1,,,,,,0,744,19000,128,742,16000,128
1100,20160112,11, 1,1,       1801 ,,091111,091111,091111979000,1,,,,,,0,744,18000,128,742,16000,128
1100,20160112,11, 1,1,       1801 ,,091111,091111,091111981400,1,,,,,,0,744,19000,128,742,16000,128
1100,20160112,11, 1,1,       1801 ,,091112,091112,091112036100,1,,,,,,0,744,18000,128,742,16000,128
1100,20160112,11, 1,1,       1801 ,,091112,091112,091112038100,1,,,,,,0,744,19000,128,742,16000,128
1100,20160112,11, 1,1,       1801 ,,091112,091112,091112092100,1,,,,,,0,744,18000,128,742,16000,128
1100,20160112,11, 1,1,       1801 ,,091112,091112,091112099000,1,,,,,,0,744,19000,128,742,16000,128
1100,20160112,11, 1,1,       1801 ,,091112,091112,091112153300,1,,,,,,0,744,18000,128,742,16000,128
1100,20160112,11, 1,1,       1801 ,,091112,091112,091112159300,1,,,,,,0,744,19000,128,742,16000,128
1100,20160112,11, 1,1,       1801 ,,091112,091112,091112209500,1,,,,,,0,744,18000,128,742,16000,128
1100,20160112,11, 1,1,       1801 ,,091112,091112,091112222200,1,,,,,,0,744,19000,128,742,16000,128
1100,20160112,11, 1,1,       1801 ,,091112,091112,091112273600,1,,,,,,0,744,18000,128,742,16000,128
1100,20160112,11, 1,1,       1801 ,,091112,091112,091112285400,1,,,,,,0,744,19000,128,742,16000,128
1100,20160112,11, 1,1,       1801 ,,091112,091112,091112344300,1,,,,,,0,744,18000,128,742,16000,128
1100,20160112,11, 1,1,       1801 ,,091112,091112,091112359600,1,,,,,,0,744,19000,128,742,16000,128
1100,20160112,11, 1,1,       1801 ,,091112,091112,091112411100,1,,,,,,0,744,18000,128,742,16000,128
1100,20160112,11, 1,1,       1801 ,,091112,091112,091112419600,1,,,,,,0,744,19000,128,742,16000,128
1100,20160112,11, 1,1,       1801 ,,091112,091112,091112479600,1,,,,,,0,744,18000,128,742,16000,128
1100,20160112,11, 1,1,       1801 ,,091112,091112,091112489600,1,,,,,,0,744,19000,128,742,16000,128
1100,20160112,11, 1,1,       1801 ,,091112,091112,091112549500,1,,,,,,0,744,18000,128,742,16000,128
1100,20160112,11, 1,1,       1801 ,,091112,091112,091112551500,1,,,,,,0,744,19000,128,742,16000,128
1100,20160112,11, 1,1,       1801 ,,091112,091112,091112601600,1,,,,,,0,744,18000,128,742,16000,128
1100,20160112,11, 1,1,       1801 ,,091112,091112,091112603200,1,,,,,,0,744,19000,128,742,16000,128
1100,20160112,11, 1,1,       1801 ,,091112,091112,091112669600,1,,,,,,0,744,18000,128,742,16000,128
1100,20160112,11, 1,1,       1801 ,,091112,091112,091112679600,1,,,,,,0,744,19000,128,742,16000,128
1100,20160112,11, 1,1,       1801 ,,091112,091112,091112729500,1,,,,,,0,744,18000,128,742,16000,128
1100,20160112,11, 1,1,       1801 ,,091112,091112,091112734700,1,,,,,,0,744,19000,128,742,16000,128
1100,20160112,11, 1,1,       1801 ,,091112,091112,091112789700,1,,,,,,0,744,18000,128,742,16000,128
1100,20160112,11, 1,1,       1801 ,,091112,091112,091112799700,1,,,,,,0,744,19000,128,742,16000,128
1100,20160112,11, 1,1,       1801 ,,091112,091112,091112817600,1,,,,,,0,744,19000,128,742,13000,128
1100,20160112,11, 1,1,       1801 ,,091112,091112,091112819000,1,,,,,,0,744,19000,128,742,11000,128
1100,20160112,11, 1,1,       1801 ,,091112,091112,091112919700,1,,,,,,0,744,18000,128,742,11000,128
1100,20160112,11, 1,1,       1801 ,,091112,091112,091112921200,1,,,,,,0,744,19000,128,742,11000,128
1100,20160112,11, 1,1,       1801 ,,091112,091112,091112975200,1,,,,,,0,744,18000,128,742,11000,128
1100,20160112,11, 1,1,       1801 ,,091112,091112,091112979600,1,,,,,,0,744,19000,128,742,11000,128
1100,20160112,11, 1,1,       1801 ,,091113,091113,091113049600,1,,,,,,0,744,18000,128,742,11000,128
1100,20160112,11, 1,1,       1801 ,,091113,091113,091113051300,1,,,,,,0,744,19000,128,742,11000,128
1100,20160112,11, 1,1,       1801 ,091113,091113,091113,091113120000,1,742,16,0,10000,0,0,744,19000,128,742,1000,128
1100,20160112,11, 1,1,       1801 ,,091113,091113,091113121900,1,,,,,,0,743,1000,128,742,1000,128
1100,20160112,11, 1,1,       1801 ,,091113,091113,091113122600,1,,,,,,0,743,3000,128,742,1000,128
1100,20160112,11, 1,1,       1801 ,,091113,091113,091113123800,1,,,,,,0,743,4000,128,742,1000,128
1100,20160112,11, 1,1,       1801 ,,091113,091113,091113124400,1,,,,,,0,743,7000,128,742,1000,128
1100,20160112,11, 1,1,       1801 ,,091113,091113,091113125100,1,,,,,,0,743,10000,128,742,1000,128
1100,20160112,11, 1,1,       1801 ,,091113,091113,091113126400,1,,,,,,0,743,10000,128,741,23000,128
1100,20160112,11, 1,1,       1801 ,,091113,091113,091113127100,1,,,,,,0,743,11000,128,741,23000,128
1100,20160112,11, 1,1,       1801 ,,091113,091113,091113127700,1,,,,,,0,743,13000,128,741,23000,128
1100,20160112,11, 1,1,       1801 ,,091113,091113,091113128300,1,,,,,,0,743,13000,128,741,29000,128
1100,20160112,11, 1,1,       1801 ,,091113,091113,091113130300,1,,,,,,0,743,14000,128,741,29000,128
1100,20160112,11, 1,1,       1801 ,,091113,091113,091113131700,1,,,,,,0,743,14000,128,741,28000,128
1100,20160112,11, 1,1,       1801 ,,091113,091113,091113132400,1,,,,,,0,743,15000,128,741,28000,128
1100,20160112,11, 1,1,       1801 ,,091113,091113,091113133100,1,,,,,,0,743,15000,128,741,27000,128
1100,20160112,11, 1,1,       1801 ,,091113,091113,091113134500,1,,,,,,0,743,14000,128,741,27000,128
1100,20160112,11, 1,1,       1801 ,,091113,091113,091113147900,1,,,,,,0,743,14000,128,741,28000,128
1100,20160112,11, 1,1,       1801 ,,091114,091114,091114121300,1,,,,,,0,743,13000,128,741,28000,128
1100,20160112,11, 1,1,       1801 ,,091114,091114,091114286300,1,,,,,,0,743,14000,128,741,28000,128
1100,20160112,11, 1,1,       1801 ,,091115,091115,091115166400,1,,,,,,0,743,15000,128,741,28000,128
1100,20160112,11, 1,1,       1801 ,,091115,091115,091115432000,1,,,,,,0,743,16000,128,741,28000,128
1100,20160112,11, 1,1,       1801 ,,091120,091120,091120442100,1,,,,,,0,743,16000,128,741,27000,128
1100,20160112,11, 1,1,       1801 ,,091120,091120,091120472100,1,,,,,,0,743,17000,128,741,27000,128
1100,20160112,11, 1,1,       1801 ,,091120,091120,091120473800,1,,,,,,0,743,17000,128,741,24000,128
1100,20160112,11, 1,1,       1801 ,,091120,091120,091120475700,1,,,,,,0,743,17000,128,741,21000,128
1100,20160112,11, 1,1,       1801 ,,091120,091120,091120480000,1,,,,,,0,743,17000,128,741,19000,128
1100,20160112,11, 1,1,       1801 ,,091120,091120,091120563300,1,,,,,,0,743,17000,128,741,16000,128
1100,20160112,11, 1,1,       1801 ,,091120,091120,091120842200,1,,,,,,0,743,17000,128,741,18000,128
1100,20160112,11, 1,1,       1801 ,,091120,091120,091120862500,1,,,,,,0,743,16000,128,741,18000,128
1100,20160112,11, 1,1,       1801 ,,091121,091121,091121162000,1,,,,,,0,743,16000,128,741,24000,128
1100,20160112,11, 1,1,       1801 ,,091121,091121,091121163200,1,,,,,,0,743,16000,128,741,25000,128
1100,20160112,11, 1,1,       1801 ,,091122,091122,091122096400,1,,,,,,0,743,17000,128,741,25000,128
1100,20160112,11, 1,1,       1801 ,,091122,091122,091122231600,1,,,,,,0,743,17000,128,741,24000,128
1100,20160112,11, 1,1,       1801 ,,091122,091122,091122232500,1,,,,,,0,743,17000,128,741,22000,128
1100,20160112,11, 1,1,       1801 ,,091122,091122,091122271900,1,,,,,,0,743,18000,128,741,22000,128
1100,20160112,11, 1,1,       1801 ,,091122,091122,091122289600,1,,,,,,0,743,18000,128,741,24000,128
1100,20160112,11, 1,1,       1801 ,,091122,091122,091122291000,1,,,,,,0,743,17000,128,741,24000,128
1100,20160112,11, 1,1,       1801 ,,091122,091122,091122332100,1,,,,,,0,743,17000,128,741,25000,128
1100,20160112,11, 1,1,       1801 ,,091122,091122,091122363600,1,,,,,,0,743,17000,128,741,24000,128
1100,20160112,11, 1,1,       1801 ,,091124,091124,091124449800,1,,,,,,0,743,17000,128,741,22000,128
1100,20160112,11, 1,1,       1801 ,,091126,091126,091126089500,1,,,,,,0,743,17000,128,741,24000,128
1100,20160112,11, 1,1,       1801 ,,091126,091126,091126191300,1,,,,,,0,743,17000,128,741,25000,128
1100,20160112,11, 1,1,       1801 ,,091126,091126,091126272100,1,,,,,,0,743,17000,128,741,26000,128
1100,20160112,11, 1,1,       1801 ,,091126,091126,091126280900,1,,,,,,0,743,17000,128,741,25000,128
1100,20160112,11, 1,1,       1801 ,,091126,091126,091126403800,1,,,,,,0,743,17000,128,741,26000,128
1100,20160112,11, 1,1,       1801 ,,091126,091126,091126405000,1,,,,,,0,743,17000,128,741,27000,128
1100,20160112,11, 1,1,       1801 ,,091127,091127,091127991500,1,,,,,,0,743,17000,128,741,26000,128
1100,20160112,11, 1,1,       1801 ,,091128,091128,091128965400,1,,,,,,0,743,17000,128,741,27000,128
1100,20160112,11, 1,1,       1801 ,,091128,091128,091128967300,1,,,,,,0,743,17000,128,741,30000,128
1100,20160112,11, 1,1,       1801 ,,091129,091129,091129130100,1,,,,,,0,743,17000,128,741,28000,128
1100,20160112,11, 1,1,       1801 ,,091129,091129,091129141500,1,,,,,,0,743,17000,128,741,27000,128
1100,20160112,11, 1,1,       1801 ,,091129,091129,091129143100,1,,,,,,0,743,17000,128,741,26000,128
1100,20160112,11, 1,1,       1801 ,,091129,091129,091129872000,1,,,,,,0,743,17000,128,741,27000,128
1100,20160112,11, 1,1,       1801 ,,091129,091129,091129882200,1,,,,,,0,743,17000,128,741,29000,128
1100,20160112,11, 1,1,       1801 ,,091129,091129,091129894500,1,,,,,,0,743,17000,128,741,30000,128
1100,20160112,11, 1,1,       1801 ,,091134,091134,091134054500,1,,,,,,0,743,16000,128,741,30000,128
1100,20160112,11, 1,1,       1801 ,,091134,091134,091134061700,1,,,,,,0,743,15000,128,741,30000,128
1100,20160112,11, 1,1,       1801 ,,091138,091138,091138432300,1,,,,,,0,743,15000,128,741,29000,128
1100,20160112,11, 1,1,       1801 ,,091138,091138,091138732600,1,,,,,,0,743,15000,128,741,30000,128
1100,20160112,11, 1,1,       1801 ,,091138,091138,091138936400,1,,,,,,0,743,15000,128,741,29000,128
1100,20160112,11, 1,1,       1801 ,,091139,091139,091139761600,1,,,,,,0,743,16000,128,741,29000,128
1100,20160112,11, 1,1,       1801 ,,091141,091141,091141534400,1,,,,,,0,743,15000,128,741,29000,128
1100,20160112,11, 1,1,       1801 ,,091141,091141,091141897500,1,,,,,,0,743,15000,128,741,30000,128
1100,20160112,11, 1,1,       1801 ,,091143,091143,091143459600,1,,,,,,0,743,15000,128,741,29000,128
1100,20160112,11, 1,1,       1801 ,,091143,091143,091143502400,1,,,,,,0,743,15000,128,741,28000,128
1100,20160112,11, 1,1,       1801 ,,091143,091143,091143504400,1,,,,,,0,743,15000,128,741,26000,128
1100,20160112,11, 1,1,       1801 ,,091143,091143,091143631600,1,,,,,,0,743,16000,128,741,26000,128
1100,20160112,11, 1,1,       1801 ,,091143,091143,091143821000,1,,,,,,0,743,15000,128,741,26000,128
1100,20160112,11, 1,1,       1801 ,,091143,091143,091143971700,1,,,,,,0,743,15000,128,741,28000,128
1100,20160112,11, 1,1,       1801 ,,091144,091144,091144631700,1,,,,,,0,743,15000,128,741,29000,128
1100,20160112,11, 1,1,       1801 ,,091144,091144,091144879600,1,,,,,,0,743,15000,128,741,27000,128
1100,20160112,11, 1,1,       1801 ,,091144,091144,091144881200,1,,,,,,0,743,15000,128,741,26000,128
1100,20160112,11, 1,1,       1801 ,,091145,091145,091145019500,1,,,,,,0,743,15000,128,741,28000,128
1100,20160112,11, 1,1,       1801 ,,091147,091147,091147188800,1,,,,,,0,743,16000,128,741,28000,128
1100,20160112,11, 1,1,       1801 ,,091150,091150,091150379900,1,,,,,,0,743,16000,128,741,26000,128
1100,20160112,11, 1,1,       1801 ,,091150,091150,091150582000,1,,,,,,0,743,16000,128,741,28000,128
1100,20160112,11, 1,1,       1801 ,091153,091153,091153,091153236300,1,741,16,0,1000,0,0,743,16000,128,741,27000,128
1100,20160112,11, 1,1,       1801 ,,091153,091153,091153237800,1,,,,,,0,743,17000,128,741,27000,128
1100,20160112,11, 1,1,       1801 ,,091153,091153,091153238400,1,,,,,,0,742,1000,128,741,27000,128
1100,20160112,11, 1,1,       1801 ,,091153,091153,091153239700,1,,,,,,0,742,1000,128,741,25000,128
1100,20160112,11, 1,1,       1801 ,,091153,091153,091153241700,1,,,,,,0,742,3000,128,741,25000,128
1100,20160112,11, 1,1,       1801 ,,091153,091153,091153242400,1,,,,,,0,742,3000,128,741,19000,128
1100,20160112,11, 1,1,       1801 ,,091153,091153,091153243100,1,,,,,,0,742,3000,128,741,16000,128
1100,20160112,11, 1,1,       1801 ,,091153,091153,091153247200,1,,,,,,0,742,4000,128,741,16000,128
1100,20160112,11, 1,1,       1801 ,,091153,091153,091153247900,1,,,,,,0,742,4000,128,741,15000,128
1100,20160112,11, 1,1,       1801 ,,091153,091153,091153248700,1,,,,,,0,742,5000,128,741,15000,128
1100,20160112,11, 1,1,       1801 ,,091154,091154,091154682900,1,,,,,,0,742,6000,128,741,15000,128
1100,20160112,11, 1,1,       1801 ,091157,091157,091157,091157201500,1,741,16,0,1000,0,0,742,6000,128,741,14000,128
1100,20160112,11, 1,1,       1801 ,,091157,091157,091157203100,1,,,,,,0,742,6000,128,741,14000,128
1100,20160112,11, 1,1,       1801 ,,091203,091203,091203495900,1,,,,,,0,742,6000,128,741,15000,128
1100,20160112,11, 1,1,       1801 ,,091204,091204,091204170100,1,,,,,,0,742,8000,128,741,15000,128
1100,20160112,11, 1,1,       1801 ,,091204,091204,091204340200,1,,,,,,0,742,8000,128,741,14000,128
1100,20160112,11, 1,1,       1801 ,,091204,091204,091204539300,1,,,,,,0,742,6000,128,741,14000,128
1100,20160112,11, 1,1,       1801 ,,091204,091204,091204541700,1,,,,,,0,742,6000,128,741,8000,128
1100,20160112,11, 1,1,       1801 ,,091204,091204,091204590800,1,,,,,,0,742,6000,128,741,9000,128
1100,20160112,11, 1,1,       1801 ,,091206,091206,091206123000,1,,,,,,0,742,6000,128,741,17000,128
1100,20160112,11, 1,1,       1801 ,,091206,091206,091206217100,1,,,,,,0,742,5000,128,741,17000,128
1100,20160112,11, 1,1,       1801 ,,091206,091206,091206222900,1,,,,,,0,742,4000,128,741,17000,128
1100,20160112,11, 1,1,       1801 ,,091206,091206,091206225100,1,,,,,,0,742,2000,128,741,17000,128
1100,20160112,11, 1,1,       1801 ,,091206,091206,091206226300,1,,,,,,0,742,2000,128,741,19000,128
1100,20160112,11, 1,1,       1801 ,,091206,091206,091206324500,1,,,,,,0,742,2000,128,741,20000,128
1100,20160112,11, 1,1,       1801 ,091206,091206,091206,091206342200,1,742,48,0,1000,0,0,742,1000,128,741,20000,128
1100,20160112,11, 1,1,       1801 ,091206,091206,091206,091206343600,1,742,48,0,1000,0,0,743,24000,128,741,20000,128
1100,20160112,11, 1,1,       1801 ,,091206,091206,091206344400,1,,,,,,0,743,24000,128,742,2000,128
1100,20160112,11, 1,1,       1801 ,,091206,091206,091206346700,1,,,,,,0,743,21000,128,742,2000,128
1100,20160112,11, 1,1,       1801 ,,091206,091206,091206351700,1,,,,,,0,743,18000,128,742,2000,128
1100,20160112,11, 1,1,       1801 ,,091206,091206,091206353100,1,,,,,,0,743,18000,128,742,3000,128
1100,20160112,11, 1,1,       1801 ,,091206,091206,091206411100,1,,,,,,0,743,15000,128,742,3000,128
1100,20160112,11, 1,1,       1801 ,,091206,091206,091206446700,1,,,,,,0,743,14000,128,742,3000,128
1100,20160112,11, 1,1,       1801 ,,091207,091207,091207166000,1,,,,,,0,743,15000,128,742,3000,128
1100,20160112,11, 1,1,       1801 ,091208,091208,091208,091208403000,1,742,16,0,1000,0,0,743,15000,128,742,2000,128
1100,20160112,11, 1,1,       1801 ,,091208,091208,091208404400,1,,,,,,0,743,15000,128,742,1000,128
1100,20160112,11, 1,1,       1801 ,,091208,091208,091208523800,1,,,,,,0,743,16000,128,742,1000,128
1100,20160112,11, 1,1,       1801 ,,091208,091208,091208600100,1,,,,,,0,743,17000,128,742,1000,128
1100,20160112,11, 1,1,       1801 ,,091208,091208,091208869100,1,,,,,,0,743,17000,128,741,29000,128
1100,20160112,11, 1,1,       1801 ,,091208,091208,091208870400,1,,,,,,0,743,17000,128,741,27000,128
1100,20160112,11, 1,1,       1801 ,,091208,091208,091208872500,1,,,,,,0,743,18000,128,741,27000,128
1100,20160112,11, 1,1,       1801 ,,091209,091209,091209060800,1,,,,,,0,743,18000,128,741,26000,128
1100,20160112,11, 1,1,       1801 ,,091209,091209,091209091200,1,,,,,,0,743,18000,128,741,25000,128
1100,20160112,11, 1,1,       1801 ,,091209,091209,091209117100,1,,,,,,0,743,18000,128,741,26000,128
1100,20160112,11, 1,1,       1801 ,,091209,091209,091209141200,1,,,,,,0,743,18000,128,741,27000,128
1100,20160112,11, 1,1,       1801 ,,091211,091211,091211730900,1,,,,,,0,743,18000,128,741,26000,128
1100,20160112,11, 1,1,       1801 ,,091211,091211,091211919700,1,,,,,,0,743,18000,128,742,1000,128
1100,20160112,11, 1,1,       1801 ,,091212,091212,091212863000,1,,,,,,0,743,18000,128,742,3000,128
1100,20160112,11, 1,1,       1801 ,,091212,091212,091212863800,1,,,,,,0,743,18000,128,742,4000,128
1100,20160112,11, 1,1,       1801 ,,091213,091213,091213339300,1,,,,,,0,743,18000,128,742,3000,128
1100,20160112,11, 1,1,       1801 ,,091213,091213,091213340700,1,,,,,,0,743,18000,128,742,1000,128
1100,20160112,11, 1,1,       1801 ,091213,091213,091213,091213818200,1,742,16,0,1000,0,0,743,18000,128,741,28000,131
1100,20160112,11, 1,1,       1801 ,091213,091213,091213,091213818200,2,741,16,0,2000,0,0,743,18000,128,741,26000,128
1100,20160112,11, 1,1,       1801 ,,091213,091213,091213820300,1,,,,,,0,743,18000,128,741,26000,128
1100,20160112,11, 1,1,       1801 ,,091213,091213,091213821700,1,,,,,,0,743,19000,128,741,26000,128
1100,20160112,11, 1,1,       1801 ,,091213,091213,091213822300,1,,,,,,0,743,19000,128,741,25000,128
1100,20160112,11, 1,1,       1801 ,,091214,091214,091214447800,1,,,,,,0,743,18000,128,741,25000,128
1100,20160112,11, 1,1,       1801 ,,091214,091214,091214475700,1,,,,,,0,743,18000,128,741,26000,128
1100,20160112,11, 1,1,       1801 ,,091214,091214,091214482100,1,,,,,,0,743,18000,128,741,25000,128
1100,20160112,11, 1,1,       1801 ,,091214,091214,091214488300,1,,,,,,0,743,18000,128,741,26000,128
1100,20160112,11, 1,1,       1801 ,,091214,091214,091214501400,1,,,,,,0,743,18000,128,741,27000,128
1100,20160112,11, 1,1,       1801 ,,091214,091214,091214518400,1,,,,,,0,743,18000,128,741,26000,128
1100,20160112,11, 1,1,       1801 ,,091215,091215,091215280900,1,,,,,,0,743,18000,128,741,27000,128
1100,20160112,11, 1,1,       1801 ,,091217,091217,091217361300,1,,,,,,0,743,18000,128,741,26000,128
1100,20160112,11, 1,1,       1801 ,,091217,091217,091217373400,1,,,,,,0,743,18000,128,741,25000,128
1100,20160112,11, 1,1,       1801 ,,091217,091217,091217790400,1,,,,,,0,743,18000,128,741,26000,128
1100,20160112,11, 1,1,       1801 ,,091218,091218,091218225000,1,,,,,,0,743,18000,128,741,25000,128
1100,20160112,11, 1,1,       1801 ,,091218,091218,091218542100,1,,,,,,0,743,17000,128,741,25000,128
1100,20160112,11, 1,1,       1801 ,,091218,091218,091218570700,1,,,,,,0,743,17000,128,741,24000,128
1100,20160112,11, 1,1,       1801 ,,091218,091218,091218572000,1,,,,,,0,743,17000,128,741,23000,128
1100,20160112,11, 1,1,       1801 ,,091218,091218,091218585500,1,,,,,,0,743,17000,128,741,24000,128
1100,20160112,11, 1,1,       1801 ,,091218,091218,091218774900,1,,,,,,0,743,17000,128,741,23000,128
1100,20160112,11, 1,1,       1801 ,,091218,091218,091218779600,1,,,,,,0,743,18000,128,741,23000,128
1100,20160112,11, 1,1,       1801 ,,091218,091218,091218829600,1,,,,,,0,743,17000,128,741,23000,128
1100,20160112,11, 1,1,       1801 ,,091218,091218,091218856800,1,,,,,,0,743,18000,128,741,23000,128
1100,20160112,11, 1,1,       1801 ,,091218,091218,091218907000,1,,,,,,0,743,17000,128,741,23000,128
1100,20160112,11, 1,1,       1801 ,,091221,091221,091221412100,1,,,,,,0,743,17000,128,741,24000,128
1100,20160112,11, 1,1,       1801 ,,091221,091221,091221414400,1,,,,,,0,743,17000,128,741,25000,128
1100,20160112,11, 1,1,       1801 ,,091221,091221,091221427700,1,,,,,,0,743,17000,128,741,28000,128
1100,20160112,11, 1,1,       1801 ,,091221,091221,091221964300,1,,,,,,0,743,18000,128,741,28000,128
1100,20160112,11, 1,1,       1801 ,,091222,091222,091222943600,1,,,,,,0,743,18000,128,742,1000,128
1100,20160112,11, 1,1,       1801 ,,091222,091222,091222946500,1,,,,,,0,743,18000,128,742,9000,128
1100,20160112,11, 1,1,       1801 ,,091222,091222,091222947900,1,,,,,,0,743,18000,128,742,11000,128
1100,20160112,11, 1,1,       1801 ,,091227,091227,091227540700,1,,,,,,0,743,15000,128,742,11000,128
1100,20160112,11, 1,1,       1801 ,,091227,091227,091227822200,1,,,,,,0,743,14000,128,742,11000,128
1100,20160112,11, 1,1,       1801 ,,091227,091227,091227826500,1,,,,,,0,743,13000,128,742,11000,128
1100,20160112,11, 1,1,       1801 ,,091227,091227,091227831300,1,,,,,,0,743,11000,128,742,11000,128
1100,20160112,11, 1,1,       1801 ,,091228,091228,091228889900,1,,,,,,0,743,12000,128,742,11000,128
1100,20160112,11, 1,1,       1801 ,,091228,091228,091228892000,1,,,,,,0,743,11000,128,742,11000,128
1100,20160112,11, 1,1,       1801 ,,091228,091228,091228912700,1,,,,,,0,743,10000,128,742,11000,128
1100,20160112,11, 1,1,       1801 ,,091228,091228,091228922000,1,,,,,,0,743,11000,128,742,11000,128
1100,20160112,11, 1,1,       1801 ,,091228,091228,091228961000,1,,,,,,0,743,10000,128,742,11000,128
1100,20160112,11, 1,1,       1801 ,,091229,091229,091229302900,1,,,,,,0,743,11000,128,742,11000,128
1100,20160112,11, 1,1,       1801 ,,091230,091230,091230314400,1,,,,,,0,743,13000,128,742,11000,128
1100,20160112,11, 1,1,       1801 ,,091230,091230,091230317900,1,,,,,,0,743,14000,128,742,11000,128
1100,20160112,11, 1,1,       1801 ,,091231,091231,091231061800,1,,,,,,0,743,15000,128,742,11000,128
1100,20160112,11, 1,1,       1801 ,,091231,091231,091231710600,1,,,,,,0,743,17000,128,742,11000,128
1100,20160112,11, 1,1,       1801 ,,091238,091238,091238074900,1,,,,,,0,743,17000,128,742,9000,128
1100,20160112,11, 1,1,       1801 ,,091238,091238,091238555200,1,,,,,,0,743,17000,128,742,1000,128
1100,20160112,11, 1,1,       1801 ,,091238,091238,091238556400,1,,,,,,0,743,18000,128,742,1000,128
1100,20160112,11, 1,1,       1801 ,091238,091238,091238,091238557000,1,742,16,0,1000,0,0,743,18000,128,741,19000,128
1100,20160112,11, 1,1,       1801 ,,091238,091238,091238559700,1,,,,,,0,743,18000,128,741,19000,128
1100,20160112,11, 1,1,       1801 ,,091238,091238,091238560400,1,,,,,,0,742,1000,128,741,19000,128
1100,20160112,11, 1,1,       1801 ,,091238,091238,091238561800,1,,,,,,0,742,1000,128,741,16000,128
1100,20160112,11, 1,1,       1801 ,,091238,091238,091238563300,1,,,,,,0,742,2000,128,741,16000,128
1100,20160112,11, 1,1,       1801 ,,091238,091238,091238564000,1,,,,,,0,742,2000,128,741,14000,128
1100,20160112,11, 1,1,       1801 ,,091238,091238,091238564700,1,,,,,,0,742,2000,128,741,22000,128
1100,20160112,11, 1,1,       1801 ,,091238,091238,091238565400,1,,,,,,0,742,2000,128,741,21000,128
1100,20160112,11, 1,1,       1801 ,,091238,091238,091238566800,1,,,,,,0,742,4000,128,741,21000,128
1100,20160112,11, 1,1,       1801 ,,091238,091238,091238567400,1,,,,,,0,742,4000,128,741,23000,128
1100,20160112,11, 1,1,       1801 ,,091238,091238,091238569500,1,,,,,,0,742,5000,128,741,23000,128
1100,20160112,11, 1,1,       1801 ,,091238,091238,091238570200,1,,,,,,0,742,5000,128,741,20000,128
1100,20160112,11, 1,1,       1801 ,,091238,091238,091238571000,1,,,,,,0,742,5000,128,741,19000,128
1100,20160112,11, 1,1,       1801 ,,091239,091239,091239001000,1,,,,,,0,742,6000,128,741,19000,128
1100,20160112,11, 1,1,       1801 ,,091239,091239,091239010500,1,,,,,,0,742,8000,128,741,19000,128
1100,20160112,11, 1,1,       1801 ,,091239,091239,091239410000,1,,,,,,0,742,9000,128,741,19000,128
1100,20160112,11, 1,1,       1801 ,,091239,091239,091239411500,1,,,,,,0,742,9000,128,741,16000,128
1100,20160112,11, 1,1,       1801 ,,091239,091239,091239720600,1,,,,,,0,742,9000,128,741,14000,128
1100,20160112,11, 1,1,       1801 ,,091243,091243,091243512800,1,,,,,,0,742,9000,128,741,16000,128
1100,20160112,11, 1,1,       1801 ,,091243,091243,091243655800,1,,,,,,0,742,8000,128,741,16000,128
1100,20160112,11, 1,1,       1801 ,,091246,091246,091246541900,1,,,,,,0,742,8000,128,741,17000,128
1100,20160112,11, 1,1,       1801 ,,091246,091246,091246820800,1,,,,,,0,742,10000,128,741,17000,128
1100,20160112,11, 1,1,       1801 ,,091246,091246,091246824200,1,,,,,,0,742,10000,128,741,16000,128
1100,20160112,11, 1,1,       1801 ,091246,091246,091246,091246869500,1,741,16,0,16000,0,0,741,1000,128,740,59000,128
1100,20160112,11, 1,1,       1801 ,,091246,091246,091246872000,1,,,,,,0,741,1000,128,740,59000,128
1100,20160112,11, 1,1,       1801 ,,091246,091246,091246876000,1,,,,,,0,741,1000,128,740,57000,128
1100,20160112,11, 1,1,       1801 ,091246,091246,091246,091246880100,1,741,48,0,1000,0,0,742,11000,128,740,57000,128
1100,20160112,11, 1,1,       1801 ,,091246,091246,091246881300,1,,,,,,0,742,11000,128,740,57000,128
1100,20160112,11, 1,1,       1801 ,,091246,091246,091246882100,1,,,,,,0,742,11000,128,740,54000,128
1100,20160112,11, 1,1,       1801 ,,091246,091246,091246884000,1,,,,,,0,741,1000,128,740,54000,128
1100,20160112,11, 1,1,       1801 ,,091246,091246,091246885900,1,,,,,,0,741,1000,128,740,53000,128
1100,20160112,11, 1,1,       1801 ,,091246,091246,091246887000,1,,,,,,0,741,1000,128,740,50000,128
1100,20160112,11, 1,1,       1801 ,091246,091246,091246,091246888100,1,741,48,0,1000,0,0,742,15000,128,740,50000,128
1100,20160112,11, 1,1,       1801 ,,091246,091246,091246889200,1,,,,,,0,742,18000,128,740,50000,128
1100,20160112,11, 1,1,       1801 ,,091246,091246,091246890000,1,,,,,,0,742,18000,128,741,8000,128
1100,20160112,11, 1,1,       1801 ,,091246,091246,091246892600,1,,,,,,0,742,19000,128,741,8000,128
1100,20160112,11, 1,1,       1801 ,,091246,091246,091246894000,1,,,,,,0,742,19000,128,741,11000,128
1100,20160112,11, 1,1,       1801 ,,091246,091246,091246895400,1,,,,,,0,742,18000,128,741,11000,128
1100,20160112,11, 1,1,       1801 ,,091246,091246,091246896200,1,,,,,,0,742,18000,128,741,14000,128
1100,20160112,11, 1,1,       1801 ,091246,091246,091246,091246897000,1,741,16,0,1000,0,0,742,18000,128,741,13000,128
1100,20160112,11, 1,1,       1801 ,,091246,091246,091246898100,1,,,,,,0,742,19000,128,741,13000,128
1100,20160112,11, 1,1,       1801 ,,091246,091246,091246901700,1,,,,,,0,742,18000,128,741,13000,128
1100,20160112,11, 1,1,       1801 ,,091246,091246,091246904200,1,,,,,,0,742,18000,128,741,10000,128
1100,20160112,11, 1,1,       1801 ,,091246,091246,091246917400,1,,,,,,0,742,18000,128,741,3000,128
1100,20160112,11, 1,1,       1801 ,,091246,091246,091246932300,1,,,,,,0,742,19000,128,741,3000,128
1100,20160112,11, 1,1,       1801 ,,091247,091247,091247136300,1,,,,,,0,742,22000,128,741,3000,128
1100,20160112,11, 1,1,       1801 ,,091247,091247,091247160900,1,,,,,,0,742,19000,128,741,3000,128
1100,20160112,11, 1,1,       1801 ,091247,091247,091247,091247254900,1,741,16,0,2000,0,0,742,17000,128,741,1000,128
1100,20160112,11, 1,1,       1801 ,,091247,091247,091247350400,1,,,,,,0,742,17000,128,741,1000,128
1100,20160112,11, 1,1,       1801 ,,091248,091248,091248258000,1,,,,,,0,742,14000,128,741,1000,128
1100,20160112,11, 1,1,       1801 ,,091248,091248,091248259200,1,,,,,,0,742,13000,128,741,1000,128
1100,20160112,11, 1,1,       1801 ,,091248,091248,091248259900,1,,,,,,0,742,13000,128,741,3000,128
1100,20160112,11, 1,1,       1801 ,091248,091248,091248,091248621100,1,741,16,0,3000,0,0,742,13000,128,740,50000,128
1100,20160112,11, 1,1,       1801 ,,091248,091248,091248622600,1,,,,,,0,742,13000,128,740,50000,128
1100,20160112,11, 1,1,       1801 ,,091248,091248,091248624000,1,,,,,,0,742,13000,128,740,48000,128
1100,20160112,11, 1,1,       1801 ,,091248,091248,091248626400,1,,,,,,0,742,13000,128,740,56000,128
1100,20160112,11, 1,1,       1801 ,,091248,091248,091248647700,1,,,,,,0,742,13000,128,740,57000,128
1100,20160112,11, 1,1,       1801 ,,091249,091249,091249208700,1,,,,,,0,742,13000,128,741,1000,128
1100,20160112,11, 1,1,       1801 ,,091249,091249,091249210600,1,,,,,,0,742,13000,128,741,4000,128
1100,20160112,11, 1,1,       1801 ,,091249,091249,091249211400,1,,,,,,0,742,13000,128,741,5000,128
1100,20160112,11, 1,1,       1801 ,,091249,091249,091249259000,1,,,,,,0,742,13000,128,741,4000,128
1100,20160112,11, 1,1,       1801 ,,091249,091249,091249650300,1,,,,,,0,742,13000,128,741,3000,128
1100,20160112,11, 1,1,       1801 ,,091249,091249,091249749400,1,,,,,,0,742,13000,128,741,4000,128
1100,20160112,11, 1,1,       1801 ,,091250,091250,091250069300,1,,,,,,0,742,11000,128,741,4000,128
1100,20160112,11, 1,1,       1801 ,,091250,091250,091250764000,1,,,,,,0,742,10000,128,741,4000,128
1100,20160112,11, 1,1,       1801 ,,091251,091251,091251383200,1,,,,,,0,742,12000,128,741,4000,128
1100,20160112,11, 1,1,       1801 ,,091251,091251,091251385000,1,,,,,,0,742,13000,128,741,4000,128
1100,20160112,11, 1,1,       1801 ,,091251,091251,091251576800,1,,,,,,0,742,14000,128,741,4000,128
1100,20160112,11, 1,1,       1801 ,,091254,091254,091254073400,1,,,,,,0,742,16000,128,741,4000,128
1100,20160112,11, 1,1,       1801 ,,091258,091258,091258849200,1,,,,,,0,742,16000,128,741,6000,128
1100,20160112,11, 1,1,       1801 ,091300,091300,091300,091300536700,1,741,16,0,1000,0,0,742,16000,128,741,5000,128
1100,20160112,11, 1,1,       1801 ,,091301,091301,091301158200,1,,,,,,0,742,17000,128,741,5000,128
1100,20160112,11, 1,1,       1801 ,,091304,091304,091304784900,1,,,,,,0,742,17000,128,741,3000,128
1100,20160112,11, 1,1,       1801 ,,091306,091306,091306549000,1,,,,,,0,742,20000,128,741,3000,128
1100,20160112,11, 1,1,       1801 ,091306,091306,091306,091306550500,1,741,16,0,3000,0,0,742,20000,128,740,63000,128
1100,20160112,11, 1,1,       1801 ,,091306,091306,091306552000,1,,,,,,0,742,20000,128,740,61000,128
1100,20160112,11, 1,1,       1801 ,,091306,091306,091306554000,1,,,,,,0,742,20000,128,740,60000,128
1100,20160112,11, 1,1,       1801 ,,091306,091306,091306555500,1,,,,,,0,742,22000,128,740,60000,128
1100,20160112,11, 1,1,       1801 ,,091306,091306,091306556800,1,,,,,,0,742,22000,128,740,59000,128
1100,20160112,11, 1,1,       1801 ,,091309,091309,091309091800,1,,,,,,0,742,20000,128,740,59000,128
1100,20160112,11, 1,1,       1801 ,,091309,091309,091309431400,1,,,,,,0,742,20000,128,741,1000,128
1100,20160112,11, 1,1,       1801 ,,091310,091310,091310759100,1,,,,,,0,742,18000,128,741,1000,128
1100,20160112,11, 1,1,       1801 ,,091317,091317,091317258000,1,,,,,,0,742,18000,128,741,2000,128
1100,20160112,11, 1,1,       1801 ,,091322,091322,091322005400,1,,,,,,0,742,18000,128,741,11000,128
1100,20160112,11, 1,1,       1801 ,,091322,091322,091322006800,1,,,,,,0,742,18000,128,741,2000,128
1100,20160112,11, 1,1,       1801 ,,091324,091324,091324993500,1,,,,,,0,742,18000,128,741,3000,128
1100,20160112,11, 1,1,       1801 ,,091331,091331,091331582200,1,,,,,,0,742,18000,128,741,12000,128
1100,20160112,11, 1,1,       1801 ,,091331,091331,091331951400,1,,,,,,0,742,18000,128,741,14000,128
1100,20160112,11, 1,1,       1801 ,,091331,091331,091331952600,1,,,,,,0,742,17000,128,741,14000,128
1100,20160112,11, 1,1,       1801 ,,091331,091331,091331971000,1,,,,,,0,742,15000,128,741,14000,128
1100,20160112,11, 1,1,       1801 ,,091331,091331,091331973400,1,,,,,,0,742,11000,128,741,14000,128
1100,20160112,11, 1,1,       1801 ,,091331,091331,091331974500,1,,,,,,0,742,10000,128,741,14000,128
1100,20160112,11, 1,1,       1801 ,,091331,091331,091331975500,1,,,,,,0,742,9000,128,741,14000,128
1100,20160112,11, 1,1,       1801 ,091331,091331,091331,091331978400,1,742,48,0,1000,0,0,742,8000,128,741,14000,128
1100,20160112,11, 1,1,       1801 ,091331,091331,091331,091331979400,1,742,48,0,8000,0,0,743,43000,128,741,14000,128
1100,20160112,11, 1,1,       1801 ,,091331,091331,091331980800,1,,,,,,0,743,43000,128,741,14000,128
1100,20160112,11, 1,1,       1801 ,,091331,091331,091331982200,1,,,,,,0,743,43000,128,742,1000,128
1100,20160112,11, 1,1,       1801 ,,091331,091331,091331986900,1,,,,,,0,743,42000,128,742,1000,128
1100,20160112,11, 1,1,       1801 ,,091331,091331,091331988500,1,,,,,,0,743,41000,128,742,1000,128
1100,20160112,11, 1,1,       1801 ,,091331,091331,091331996000,1,,,,,,0,743,42000,128,742,1000,128
1100,20160112,11, 1,1,       1801 ,,091332,091332,091332085900,1,,,,,,0,743,39000,128,742,1000,128
1100,20160112,11, 1,1,       1801 ,,091332,091332,091332448200,1,,,,,,0,743,39000,128,742,2000,128
1100,20160112,11, 1,1,       1801 ,,091332,091332,091332761200,1,,,,,,0,743,39000,128,742,1000,128
1100,20160112,11, 1,1,       1801 ,091333,091333,091333,091333033400,1,742,16,0,1000,0,0,743,39000,128,741,26000,128
1100,20160112,11, 1,1,       1801 ,,091333,091333,091333034900,1,,,,,,0,743,39000,128,741,25000,128
1100,20160112,11, 1,1,       1801 ,,091333,091333,091333035600,1,,,,,,0,743,39000,128,741,23000,128
1100,20160112,11, 1,1,       1801 ,,091333,091333,091333036400,1,,,,,,0,742,3000,128,741,23000,128
1100,20160112,11, 1,1,       1801 ,,091333,091333,091333039100,1,,,,,,0,742,5000,128,741,23000,128
1100,20160112,11, 1,1,       1801 ,,091333,091333,091333039800,1,,,,,,0,742,6000,128,741,23000,128
1100,20160112,11, 1,1,       1801 ,,091333,091333,091333041100,1,,,,,,0,742,6000,128,741,20000,128
1100,20160112,11, 1,1,       1801 ,,091333,091333,091333041900,1,,,,,,0,742,6000,128,741,19000,128
1100,20160112,11, 1,1,       1801 ,091333,091333,091333,091333042700,1,742,48,0,5000,0,0,742,1000,128,741,19000,128
1100,20160112,11, 1,1,       1801 ,,091333,091333,091333043800,1,,,,,,0,742,1000,128,741,16000,128
1100,20160112,11, 1,1,       1801 ,,091333,091333,091333045200,1,,,,,,0,742,1000,128,741,18000,128
1100,20160112,11, 1,1,       1801 ,,091333,091333,091333081100,1,,,,,,0,743,39000,128,741,18000,128
1100,20160112,11, 1,1,       1801 ,,091333,091333,091333082300,1,,,,,,0,743,40000,128,741,18000,128
1100,20160112,11, 1,1,       1801 ,,091333,091333,091333083000,1,,,,,,0,743,39000,128,741,18000,128
1100,20160112,11, 1,1,       1801 ,,091333,091333,091333215100,1,,,,,,0,743,40000,128,741,18000,128
1100,20160112,11, 1,1,       1801 ,,091337,091337,091337170000,1,,,,,,0,742,2000,128,741,18000,128
1100,20160112,11, 1,1,       1801 ,,091337,091337,091337173400,1,,,,,,0,742,4000,128,741,18000,128
1100,20160112,11, 1,1,       1801 ,,091337,091337,091337174200,1,,,,,,0,742,7000,128,741,18000,128
1100,20160112,11, 1,1,       1801 ,,091337,091337,091337176600,1,,,,,,0,742,7000,128,741,16000,128
1100,20160112,11, 1,1,       1801 ,,091337,091337,091337177400,1,,,,,,0,742,8000,128,741,16000,128
1100,20160112,11, 1,1,       1801 ,,091337,091337,091337178100,1,,,,,,0,742,9000,128,741,16000,128
1100,20160112,11, 1,1,       1801 ,,091337,091337,091337179700,1,,,,,,0,742,9000,128,741,13000,128
1100,20160112,11, 1,1,       1801 ,,091338,091338,091338408300,1,,,,,,0,742,10000,128,741,13000,128
1100,20160112,11, 1,1,       1801 ,,091346,091346,091346880600,1,,,,,,0,742,9000,128,741,13000,128
1100,20160112,11, 1,1,       1801 ,,091347,091347,091347161500,1,,,,,,0,742,8000,128,741,13000,128
1100,20160112,11, 1,1,       1801 ,,091347,091347,091347199600,1,,,,,,0,742,8000,128,741,15000,128
1100,20160112,11, 1,1,       1801 ,,091347,091347,091347202300,1,,,,,,0,742,6000,128,741,15000,128
1100,20160112,11, 1,1,       1801 ,,091347,091347,091347741100,1,,,,,,0,742,6000,128,741,13000,128
1100,20160112,11, 1,1,       1801 ,,091348,091348,091348000900,1,,,,,,0,742,8000,128,741,13000,128
1100,20160112,11, 1,1,       1801 ,,091348,091348,091348002100,1,,,,,,0,742,9000,128,741,13000,128
1100,20160112,11, 1,1,       1801 ,,091354,091354,091354802400,1,,,,,,0,742,10000,128,741,13000,128
1100,20160112,11, 1,1,       1801 ,,091357,091357,091357196600,1,,,,,,0,742,9000,128,741,13000,128
1100,20160112,11, 1,1,       1801 ,,091357,091357,091357342900,1,,,,,,0,742,10000,128,741,13000,128
1100,20160112,11, 1,1,       1801 ,091401,091401,091401,091401227800,1,741,16,0,2000,0,0,742,10000,128,741,11000,128
1100,20160112,11, 1,1,       1801 ,,091401,091401,091401229800,1,,,,,,0,742,10000,128,741,11000,128
1100,20160112,11, 1,1,       1801 ,,091403,091403,091403205200,1,,,,,,0,742,9000,128,741,11000,128
1100,20160112,11, 1,1,       1801 ,,091403,091403,091403932600,1,,,,,,0,742,10000,128,741,11000,128
1100,20160112,11, 1,1,       1801 ,,091404,091404,091404050400,1,,,,,,0,742,9000,128,741,11000,128
1100,20160112,11, 1,1,       1801 ,,091404,091404,091404178900,1,,,,,,0,742,10000,128,741,11000,128
1100,20160112,11, 1,1,       1801 ,,091408,091408,091408706100,1,,,,,,0,742,11000,128,741,11000,128
1100,20160112,11, 1,1,       1801 ,,091412,091412,091412301100,1,,,,,,0,742,11000,128,741,9000,128
1100,20160112,11, 1,1,       1801 ,,091412,091412,091412303900,1,,,,,,0,742,11000,128,740,56000,128
1100,20160112,11, 1,1,       1801 ,,091412,091412,091412304900,1,,,,,,0,742,11000,128,740,66000,128
1100,20160112,11, 1,1,       1801 ,,091412,091412,091412307100,1,,,,,,0,742,11000,128,740,65000,128
1100,20160112,11, 1,1,       1801 ,,091412,091412,091412309700,1,,,,,,0,742,11000,128,740,64000,128
1100,20160112,11, 1,1,       1801 ,,091412,091412,091412310600,1,,,,,,0,742,11000,128,740,65000,128
1100,20160112,11, 1,1,       1801 ,,091412,091412,091412336100,1,,,,,,0,742,11000,128,740,62000,128
1100,20160112,11, 1,1,       1801 ,,091413,091413,091413229700,1,,,,,,0,742,11000,128,741,1000,128
1100,20160112,11, 1,1,       1801 ,,091413,091413,091413231500,1,,,,,,0,742,11000,128,741,3000,128
1100,20160112,11, 1,1,       1801 ,,091413,091413,091413233200,1,,,,,,0,742,11000,128,741,13000,128
1100,20160112,11, 1,1,       1801 ,,091413,091413,091413234600,1,,,,,,0,742,8000,128,741,13000,128
1100,20160112,11, 1,1,       1801 ,,091413,091413,091413236300,1,,,,,,0,742,7000,128,741,13000,128
1100,20160112,11, 1,1,       1801 ,091413,091413,091413,091413272500,1,741,16,0,1000,0,0,742,7000,128,741,12000,128
1100,20160112,11, 1,1,       1801 ,,091413,091413,091413274700,1,,,,,,0,742,8000,128,741,12000,128
1100,20160112,11, 1,1,       1801 ,,091416,091416,091416369600,1,,,,,,0,742,11000,128,741,12000,128
1100,20160112,11, 1,1,       1801 ,,091416,091416,091416371800,1,,,,,,0,742,11000,128,741,2000,128
1100,20160112,11, 1,1,       1801 ,,091416,091416,091416672400,1,,,,,,0,742,11000,128,740,52000,128
1100,20160112,11, 1,1,       1801 ,,091416,091416,091416676300,1,,,,,,0,742,11000,128,740,50000,128
1100,20160112,11, 1,1,       1801 ,,091416,091416,091416677200,1,,,,,,0,742,11000,128,740,49000,128
1100,20160112,11, 1,1,       1801 ,,091416,091416,091416678200,1,,,,,,0,742,11000,128,740,59000,128
1100,20160112,11, 1,1,       1801 ,,091416,091416,091416689600,1,,,,,,0,742,11000,128,741,1000,128
1100,20160112,11, 1,1,       1801 ,,091416,091416,091416691200,1,,,,,,0,742,11000,128,741,3000,128
1100,20160112,11, 1,1,       1801 ,,091416,091416,091416694400,1,,,,,,0,742,11000,128,741,13000,128
1100,20160112,11, 1,1,       1801 ,,091426,091426,091426594700,1,,,,,,0,742,10000,128,741,13000,128
1100,20160112,11, 1,1,       1801 ,,091426,091426,091426640800,1,,,,,,0,742,11000,128,741,13000,128
1100,20160112,11, 1,1,       1801 ,,091430,091430,091430021300,1,,,,,,0,742,10000,128,741,13000,128
1100,20160112,11, 1,1,       1801 ,,091430,091430,091430023000,1,,,,,,0,742,10000,128,741,15000,128
1100,20160112,11, 1,1,       1801 ,,091430,091430,091430025700,1,,,,,,0,742,9000,128,741,15000,128
1100,20160112,11, 1,1,       1801 ,,091430,091430,091430035000,1,,,,,,0,742,7000,128,741,15000,128
1100,20160112,11, 1,1,       1801 ,,091430,091430,091430036700,1,,,,,,0,742,5000,128,741,15000,128
1100,20160112,11, 1,1,       1801 ,,091430,091430,091430659600,1,,,,,,0,742,8000,128,741,15000,128
1100,20160112,11, 1,1,       1801 ,,091430,091430,091430660900,1,,,,,,0,742,10000,128,741,15000,128
1100,20160112,11, 1,1,       1801 ,,091435,091435,091435409800,1,,,,,,0,742,11000,128,741,15000,128
1100,20160112,11, 1,1,       1801 ,,091438,091438,091438857800,1,,,,,,0,742,12000,128,741,15000,128
1100,20160112,11, 1,1,       1801 ,,091441,091441,091441289800,1,,,,,,0,742,12000,128,741,14000,128
1100,20160112,11, 1,1,       1801 ,,091441,091441,091441290700,1,,,,,,0,742,12000,128,741,12000,128
1100,20160112,11, 1,1,       1801 ,,091441,091441,091441293300,1,,,,,,0,742,13000,128,741,12000,128
1100,20160112,11, 1,1,       1801 ,,091443,091443,091443550300,1,,,,,,0,742,13000,128,741,2000,128
1100,20160112,11, 1,1,       1801 ,,091443,091443,091443551600,1,,,,,,0,742,15000,128,741,2000,128
1100,20160112,11, 1,1,       1801 ,,091443,091443,091443552900,1,,,,,,0,742,15000,128,740,51000,128
1100,20160112,11, 1,1,       1801 ,,091443,091443,091443554300,1,,,,,,0,742,15000,128,740,49000,128
1100,20160112,11, 1,1,       1801 ,,091443,091443,091443557100,1,,,,,,0,741,1000,128,740,49000,128
1100,20160112,11, 1,1,       1801 ,,091443,091443,091443558500,1,,,,,,0,741,1000,128,740,59000,128
1100,20160112,11, 1,1,       1801 ,,091443,091443,091443559200,1,,,,,,0,741,1000,128,740,58000,128
1100,20160112,11, 1,1,       1801 ,,091443,091443,091443563100,1,,,,,,0,741,1000,128,740,55000,128
1100,20160112,11, 1,1,       1801 ,,091443,091443,091443565300,1,,,,,,0,741,2000,128,740,55000,128
1100,20160112,11, 1,1,       1801 ,091443,091443,091443,091443566000,1,741,48,0,1000,0,0,741,1000,128,740,55000,128
1100,20160112,11, 1,1,       1801 ,,091443,091443,091443566900,1,,,,,,0,741,1000,128,740,54000,128
1100,20160112,11, 1,1,       1801 ,091443,091443,091443,091443568500,1,741,48,0,1000,0,0,742,15000,128,740,54000,128
1100,20160112,11, 1,1,       1801 ,,091443,091443,091443569300,1,,,,,,0,742,15000,128,741,2000,128
1100,20160112,11, 1,1,       1801 ,,091443,091443,091443570700,1,,,,,,0,742,15000,128,741,5000,128
1100,20160112,11, 1,1,       1801 ,,091443,091443,091443572100,1,,,,,,0,742,15000,128,741,6000,128
1100,20160112,11, 1,1,       1801 ,,091443,091443,091443575800,1,,,,,,0,742,15000,128,741,7000,128
1100,20160112,11, 1,1,       1801 ,,091443,091443,091443577500,1,,,,,,0,742,15000,128,741,17000,128
1100,20160112,11, 1,1,       1801 ,,091443,091443,091443578900,1,,,,,,0,742,13000,128,741,17000,128
1100,20160112,11, 1,1,       1801 ,,091443,091443,091443579900,1,,,,,,0,742,16000,128,741,17000,128
1100,20160112,11, 1,1,       1801 ,,091443,091443,091443581500,1,,,,,,0,742,16000,128,741,7000,128
1100,20160112,11, 1,1,       1801 ,,091443,091443,091443662200,1,,,,,,0,742,16000,128,741,6000,128
1100,20160112,11, 1,1,       1801 ,,091445,091445,091445019200,1,,,,,,0,742,18000,128,741,6000,128
1100,20160112,11, 1,1,       1801 ,,091445,091445,091445020500,1,,,,,,0,742,18000,128,741,3000,128
1100,20160112,11, 1,1,       1801 ,,091445,091445,091445021200,1,,,,,,0,742,15000,128,741,3000,128
1100,20160112,11, 1,1,       1801 ,,091448,091448,091448218900,1,,,,,,0,742,18000,128,741,3000,128
1100,20160112,11, 1,1,       1801 ,,091448,091448,091448226700,1,,,,,,0,742,18000,128,741,2000,128
1100,20160112,11, 1,1,       1801 ,,091454,091454,091454498100,1,,,,,,0,742,19000,128,741,2000,128
1100,20160112,11, 1,1,       1801 ,,091456,091456,091456919200,1,,,,,,0,742,19000,128,740,51000,128
1100,20160112,11, 1,1,       1801 ,,091456,091456,091456921100,1,,,,,,0,742,19000,128,740,49000,128
1100,20160112,11, 1,1,       1801 ,,091456,091456,091456924600,1,,,,,,0,742,19000,128,740,59000,128
1100,20160112,11, 1,1,       1801 ,,091456,091456,091456925200,1,,,,,,0,742,19000,128,740,58000,128
1100,20160112,11, 1,1,       1801 ,,091458,091458,091458622900,1,,,,,,0,742,19000,128,740,60000,128
1100,20160112,11, 1,1,       1801 ,,091458,091458,091458718400,1,,,,,,0,742,19000,128,741,1000,128
1100,20160112,11, 1,1,       1801 ,,091458,091458,091458721700,1,,,,,,0,742,19000,128,741,3000,128
1100,20160112,11, 1,1,       1801 ,,091501,091501,091501312400,1,,,,,,0,742,18000,128,741,3000,128
1100,20160112,11, 1,1,       1801 ,,091501,091501,091501765400,1,,,,,,0,742,16000,128,741,3000,128
1100,20160112,11, 1,1,       1801 ,,091501,091501,091501766100,1,,,,,,0,742,16000,128,741,10000,128
1100,20160112,11, 1,1,       1801 ,,091501,091501,091501767500,1,,,,,,0,742,15000,128,741,10000,128
1100,20160112,11, 1,1,       1801 ,,091502,091502,091502713200,1,,,,,,0,742,14000,128,741,10000,128
1100,20160112,11, 1,1,       1801 ,,091504,091504,091504248800,1,,,,,,0,742,14000,128,741,11000,128
1100,20160112,11, 1,1,       1801 ,,091505,091505,091505159100,1,,,,,,0,742,14000,128,741,13000,128
1100,20160112,11, 1,1,       1801 ,,091505,091505,091505199000,1,,,,,,0,742,12000,128,741,13000,128
1100,20160112,11, 1,1,       1801 ,,091506,091506,091506179100,1,,,,,,0,742,12000,128,741,11000,128
1100,20160112,11, 1,1,       1801 ,,091506,091506,091506180700,1,,,,,,0,742,14000,128,741,11000,128
1100,20160112,11, 1,1,       1801 ,091508,091508,091508,091508230100,1,741,16,0,3000,0,0,742,14000,128,741,8000,128
1100,20160112,11, 1,1,       1801 ,091508,091508,091508,091508242600,1,741,16,0,1000,0,0,742,14000,128,741,7000,128
1100,20160112,11, 1,1,       1801 ,,091508,091508,091508244700,1,,,,,,0,742,14000,128,741,1000,128
1100,20160112,11, 1,1,       1801 ,,091508,091508,091508245400,1,,,,,,0,742,15000,128,741,1000,128
1100,20160112,11, 1,1,       1801 ,,091508,091508,091508246700,1,,,,,,0,742,17000,128,741,1000,128
1100,20160112,11, 1,1,       1801 ,,091508,091508,091508349000,1,,,,,,0,742,17000,128,741,8000,128
1100,20160112,11, 1,1,       1801 ,,091508,091508,091508350400,1,,,,,,0,742,15000,128,741,8000,128
1100,20160112,11, 1,1,       1801 ,,091508,091508,091508352200,1,,,,,,0,742,14000,128,741,8000,128
1100,20160112,11, 1,1,       1801 ,,091508,091508,091508942300,1,,,,,,0,742,15000,128,741,8000,128
1100,20160112,11, 1,1,       1801 ,,091508,091508,091508944300,1,,,,,,0,742,16000,128,741,8000,128
1100,20160112,11, 1,1,       1801 ,,091511,091511,091511594200,1,,,,,,0,742,16000,128,741,9000,128
1100,20160112,11, 1,1,       1801 ,,091514,091514,091514233900,1,,,,,,0,742,16000,128,741,11000,128
1100,20160112,11, 1,1,       1801 ,,091515,091515,091515150400,1,,,,,,0,742,15000,128,741,11000,128
1100,20160112,11, 1,1,       1801 ,,091518,091518,091518192000,1,,,,,,0,742,15000,128,741,13000,128
1100,20160112,11, 1,1,       1801 ,,091518,091518,091518195200,1,,,,,,0,742,14000,128,741,13000,128
1100,20160112,11, 1,1,       1801 ,,091518,091518,091518388500,1,,,,,,0,742,15000,128,741,13000,128
1100,20160112,11, 1,1,       1801 ,091520,091520,091520,091520754800,1,741,16,0,1000,0,0,742,15000,128,741,12000,128
1100,20160112,11, 1,1,       1801 ,091520,091520,091520,091520808700,1,741,16,0,1000,0,0,742,15000,128,741,11000,128
1100,20160112,11, 1,1,       1801 ,,091520,091520,091520810400,1,,,,,,0,742,15000,128,741,11000,128
1100,20160112,11, 1,1,       1801 ,,091520,091520,091520811100,1,,,,,,0,742,16000,128,741,11000,128
1100,20160112,11, 1,1,       1801 ,,091520,091520,091520912400,1,,,,,,0,742,15000,128,741,11000,128
1100,20160112,11, 1,1,       1801 ,,091521,091521,091521442000,1,,,,,,0,742,15000,128,741,12000,128
1100,20160112,11, 1,1,       1801 ,,091521,091521,091521582500,1,,,,,,0,742,13000,128,741,12000,128
1100,20160112,11, 1,1,       1801 ,,091521,091521,091521839300,1,,,,,,0,742,15000,128,741,12000,128
1100,20160112,11, 1,1,       1801 ,,091523,091523,091523142500,1,,,,,,0,742,15000,128,741,11000,128
1100,20160112,11, 1,1,       1801 ,,091523,091523,091523144300,1,,,,,,0,742,15000,128,741,14000,128
1100,20160112,11, 1,1,       1801 ,,091523,091523,091523828000,1,,,,,,0,742,15000,128,741,15000,128
1100,20160112,11, 1,1,       1801 ,,091526,091526,091526153400,1,,,,,,0,742,15000,128,741,16000,128
1100,20160112,11, 1,1,       1801 ,,091526,091526,091526154900,1,,,,,,0,742,13000,128,741,16000,128
1100,20160112,11, 1,1,       1801 ,,091526,091526,091526620600,1,,,,,,0,742,13000,128,741,15000,128
1100,20160112,11, 1,1,       1801 ,,091526,091526,091526640200,1,,,,,,0,742,13000,128,741,16000,128
1100,20160112,11, 1,1,       1801 ,,091526,091526,091526902300,1,,,,,,0,742,13000,128,741,15000,128
1100,20160112,11, 1,1,       1801 ,,091527,091527,091527072900,1,,,,,,0,742,15000,128,741,15000,128
1100,20160112,11, 1,1,       1801 ,,091530,091530,091530218500,1,,,,,,0,742,16000,128,741,15000,128
1100,20160112,11, 1,1,       1801 ,,091530,091530,091530615600,1,,,,,,0,742,14000,128,741,15000,128
1100,20160112,11, 1,1,       1801 ,,091530,091530,091530622000,1,,,,,,0,742,14000,128,741,16000,128
1100,20160112,11, 1,1,       1801 ,,091531,091531,091531237600,1,,,,,,0,742,16000,128,741,16000,128
1100,20160112,11, 1,1,       1801 ,,091531,091531,091531238400,1,,,,,,0,742,18000,128,741,16000,128
1100,20160112,11, 1,1,       1801 ,,091531,091531,091531609000,1,,,,,,0,742,18000,128,741,15000,128
1100,20160112,11, 1,1,       1801 ,091533,091533,091533,091533264100,1,741,16,0,1000,0,0,742,18000,128,741,14000,128
1100,20160112,11, 1,1,       1801 ,,091535,091535,091535890800,1,,,,,,0,742,18000,128,741,15000,128
1100,20160112,11, 1,1,       1801 ,,091536,091536,091536655300,1,,,,,,0,742,18000,128,741,14000,128
1100,20160112,11, 1,1,       1801 ,,091537,091537,091537991000,1,,,,,,0,742,18000,128,741,15000,128
1100,20160112,11, 1,1,       1801 ,,091539,091539,091539022600,1,,,,,,0,742,18000,128,741,14000,128
1100,20160112,11, 1,1,       1801 ,,091540,091540,091540865100,1,,,,,,0,742,18000,128,741,15000,128
1100,20160112,11, 1,1,       1801 ,091542,091542,091542,091542420000,1,742,48,0,4000,0,0,742,14000,128,741,15000,128
1100,20160112,11, 1,1,       1801 ,091542,091542,091542,091542421800,1,742,48,0,14000,0,0,743,25000,128,741,15000,128
1100,20160112,11, 1,1,       1801 ,,091542,091542,091542423300,1,,,,,,0,743,24000,128,741,15000,128
1100,20160112,11, 1,1,       1801 ,,091542,091542,091542427200,1,,,,,,0,743,24000,128,742,10000,128
1100,20160112,11, 1,1,       1801 ,,091542,091542,091542430000,1,,,,,,0,743,24000,128,742,12000,128
1100,20160112,11, 1,1,       1801 ,,091542,091542,091542432100,1,,,,,,0,743,23000,128,742,12000,128
1100,20160112,11, 1,1,       1801 ,,091542,091542,091542433200,1,,,,,,0,743,22000,128,742,12000,128
1100,20160112,11, 1,1,       1801 ,,091542,091542,091542435100,1,,,,,,0,743,20000,128,742,12000,128
1100,20160112,11, 1,1,       1801 ,,091542,091542,091542437900,1,,,,,,0,743,21000,128,742,12000,128
1100,20160112,11, 1,1,       1801 ,,091542,091542,091542442700,1,,,,,,0,743,18000,128,742,12000,128
1100,20160112,11, 1,1,       1801 ,,091542,091542,091542446400,1,,,,,,0,743,17000,128,742,12000,128
1100,20160112,11, 1,1,       1801 ,,091542,091542,091542447300,1,,,,,,0,743,14000,128,742,12000,128
1100,20160112,11, 1,1,       1801 ,,091542,091542,091542448200,1,,,,,,0,743,12000,128,742,12000,128
1100,20160112,11, 1,1,       1801 ,091542,091542,091542,091542449300,1,742,16,0,3000,0,0,743,12000,128,742,9000,128
1100,20160112,11, 1,1,       1801 ,,091542,091542,091542450600,1,,,,,,0,743,12000,128,742,12000,128
1100,20160112,11, 1,1,       1801 ,,091542,091542,091542452800,1,,,,,,0,743,12000,128,742,15000,128
1100,20160112,11, 1,1,       1801 ,,091542,091542,091542453700,1,,,,,,0,743,10000,128,742,15000,128
1100,20160112,11, 1,1,       1801 ,,091542,091542,091542455300,1,,,,,,0,743,10000,128,742,16000,128
1100,20160112,11, 1,1,       1801 ,091542,091542,091542,091542456600,1,743,48,0,10000,0,0,744,32000,128,742,16000,128
1100,20160112,11, 1,1,       1801 ,,091542,091542,091542458500,1,,,,,,0,744,32000,128,742,16000,128
1100,20160112,11, 1,1,       1801 ,,091542,091542,091542460600,1,,,,,,0,744,32000,128,742,17000,128
1100,20160112,11, 1,1,       1801 ,,091542,091542,091542462800,1,,,,,,0,744,31000,128,742,17000,128
1100,20160112,11, 1,1,       1801 ,,091542,091542,091542464300,1,,,,,,0,743,1000,128,742,17000,128
1100,20160112,11, 1,1,       1801 ,,091542,091542,091542466300,1,,,,,,0,743,1000,128,742,20000,128
1100,20160112,11, 1,1,       1801 ,,091542,091542,091542472000,1,,,,,,0,744,31000,128,742,20000,128
1100,20160112,11, 1,1,       1801 ,,091542,091542,091542490000,1,,,,,,0,744,32000,128,742,20000,128
1100,20160112,11, 1,1,       1801 ,,091542,091542,091542624100,1,,,,,,0,744,26000,128,742,20000,128
1100,20160112,11, 1,1,       1801 ,,091542,091542,091542737800,1,,,,,,0,744,26000,128,742,21000,128
1100,20160112,11, 1,1,       1801 ,,091543,091543,091543247800,1,,,,,,0,744,26000,128,742,20000,128
1100,20160112,11, 1,1,       1801 ,,091543,091543,091543250400,1,,,,,,0,744,26000,128,742,21000,128
1100,20160112,11, 1,1,       1801 ,,091543,091543,091543711200,1,,,,,,0,744,27000,128,742,21000,128
1100,20160112,11, 1,1,       1801 ,,091543,091543,091543749700,1,,,,,,0,744,28000,128,742,21000,128
1100,20160112,11, 1,1,       1801 ,,091543,091543,091543750900,1,,,,,,0,744,28000,128,742,20000,128
1100,20160112,11, 1,1,       1801 ,,091543,091543,091543951600,1,,,,,,0,743,2000,128,742,20000,128
1100,20160112,11, 1,1,       1801 ,,091543,091543,091543955700,1,,,,,,0,743,4000,128,742,20000,128
1100,20160112,11, 1,1,       1801 ,,091543,091543,091543958800,1,,,,,,0,743,5000,128,742,20000,128
1100,20160112,11, 1,1,       1801 ,,091543,091543,091543959600,1,,,,,,0,743,3000,128,742,20000,128
1100,20160112,11, 1,1,       1801 ,,091543,091543,091543960900,1,,,,,,0,743,3000,128,742,19000,128
1100,20160112,11, 1,1,       1801 ,,091548,091548,091548922600,1,,,,,,0,743,4000,128,742,19000,128
1100,20160112,11, 1,1,       1801 ,,091548,091548,091548924100,1,,,,,,0,743,5000,128,742,19000,128
1100,20160112,11, 1,1,       1801 ,,091551,091551,091551161300,1,,,,,,0,743,5000,128,742,17000,128
1100,20160112,11, 1,1,       1801 ,,091551,091551,091551217300,1,,,,,,0,743,7000,128,742,17000,128
1100,20160112,11, 1,1,       1801 ,,091555,091555,091555351500,1,,,,,,0,743,5000,128,742,17000,128
1100,20160112,11, 1,1,       1801 ,,091555,091555,091555360100,1,,,,,,0,743,5000,128,742,19000,128
1100,20160112,11, 1,1,       1801 ,,091555,091555,091555370400,1,,,,,,0,743,4000,128,742,19000,128
1100,20160112,11, 1,1,       1801 ,,091555,091555,091555371600,1,,,,,,0,743,2000,128,742,19000,128
1100,20160112,11, 1,1,       1801 ,,091555,091555,091555374300,1,,,,,,0,743,2000,128,742,20000,128
1100,20160112,11, 1,1,       1801 ,,091555,091555,091555442700,1,,,,,,0,743,2000,128,742,19000,128
1100,20160112,11, 1,1,       1801 ,,091555,091555,091555748900,1,,,,,,0,743,3000,128,742,19000,128
1100,20160112,11, 1,1,       1801 ,,091555,091555,091555749600,1,,,,,,0,743,5000,128,742,19000,128
1100,20160112,11, 1,1,       1801 ,,091556,091556,091556990900,1,,,,,,0,743,6000,128,742,19000,128
1100,20160112,11, 1,1,       1801 ,,091557,091557,091557459800,1,,,,,,0,743,6000,128,742,17000,128
1100,20160112,11, 1,1,       1801 ,,091600,091600,091600254000,1,,,,,,0,743,7000,128,742,17000,128
1100,20160112,11, 1,1,       1801 ,091600,091600,091600,091600344600,1,743,48,0,5000,0,0,743,2000,128,742,17000,128
1100,20160112,11, 1,1,       1801 ,,091600,091600,091600346500,1,,,,,,0,743,2000,128,742,19000,128
1100,20160112,11, 1,1,       1801 ,,091600,091600,091600449500,1,,,,,,0,743,3000,128,742,19000,128
1100,20160112,11, 1,1,       1801 ,,091600,091600,091600450200,1,,,,,,0,743,5000,128,742,19000,128
1100,20160112,11, 1,1,       1801 ,,091600,091600,091600703500,1,,,,,,0,743,5000,128,742,17000,128
1100,20160112,11, 1,1,       1801 ,,091601,091601,091601503200,1,,,,,,0,743,7000,128,742,17000,128
1100,20160112,11, 1,1,       1801 ,,091601,091601,091601504800,1,,,,,,0,743,7000,128,742,14000,128
1100,20160112,11, 1,1,       1801 ,,091601,091601,091601506000,1,,,,,,0,743,7000,128,742,16000,128
1100,20160112,11, 1,1,       1801 ,091601,091601,091601,091601545400,1,742,16,0,1000,0,0,743,7000,128,742,15000,128
1100,20160112,11, 1,1,       1801 ,,091601,091601,091601546900,1,,,,,,0,743,7000,128,742,15000,128
1100,20160112,11, 1,1,       1801 ,,091601,091601,091601735000,1,,,,,,0,743,6000,128,742,15000,128
1100,20160112,11, 1,1,       1801 ,091601,091601,091601,091601748200,1,742,16,0,1000,0,0,743,6000,128,742,14000,128
1100,20160112,11, 1,1,       1801 ,,091603,091603,091603069900,1,,,,,,0,743,4000,128,742,14000,128
1100,20160112,11, 1,1,       1801 ,,091610,091610,091610383700,1,,,,,,0,743,4000,128,742,16000,128
1100,20160112,11, 1,1,       1801 ,,091616,091616,091616490500,1,,,,,,0,743,3000,128,742,16000,128
1100,20160112,11, 1,1,       1801 ,,091616,091616,091616491900,1,,,,,,0,743,2000,128,742,16000,128
1100,20160112,11, 1,1,       1801 ,,091617,091617,091617372700,1,,,,,,0,743,2000,128,742,17000,128
1100,20160112,11, 1,1,       1801 ,,091617,091617,091617960100,1,,,,,,0,743,3000,128,742,17000,128
1100,20160112,11, 1,1,       1801 ,,091617,091617,091617963100,1,,,,,,0,743,3000,128,742,16000,128
1100,20160112,11, 1,1,       1801 ,,091617,091617,091617969900,1,,,,,,0,743,3000,128,742,14000,128
1100,20160112,11, 1,1,       1801 ,,091617,091617,091617971500,1,,,,,,0,743,5000,128,742,14000,128
1100,20160112,11, 1,1,       1801 ,,091617,091617,091617973000,1,,,,,,0,743,6000,128,742,14000,128
1100,20160112,11, 1,1,       1801 ,,091618,091618,091618081500,1,,,,,,0,743,4000,128,742,14000,128
1100,20160112,11, 1,1,       1801 ,,091620,091620,091620590000,1,,,,,,0,743,4000,128,742,16000,128
1100,20160112,11, 1,1,       1801 ,,091620,091620,091620614000,1,,,,,,0,743,3000,128,742,16000,128
1100,20160112,11, 1,1,       1801 ,,091620,091620,091620615500,1,,,,,,0,743,2000,128,742,16000,128
1100,20160112,11, 1,1,       1801 ,,091620,091620,091620662100,1,,,,,,0,743,2000,128,742,17000,128
1100,20160112,11, 1,1,       1801 ,,091620,091620,091620680100,1,,,,,,0,744,29000,128,742,17000,128
1100,20160112,11, 1,1,       1801 ,,091620,091620,091620681600,1,,,,,,0,744,27000,128,742,17000,128
1100,20160112,11, 1,1,       1801 ,,091620,091620,091620695100,1,,,,,,0,744,27000,128,742,18000,128
1100,20160112,11, 1,1,       1801 ,,091620,091620,091620711500,1,,,,,,0,744,24000,128,742,18000,128
1100,20160112,11, 1,1,       1801 ,,091620,091620,091620713700,1,,,,,,0,744,24000,128,742,20000,128
1100,20160112,11, 1,1,       1801 ,,091620,091620,091620716100,1,,,,,,0,744,24000,128,742,23000,128
1100,20160112,11, 1,1,       1801 ,,091620,091620,091620720500,1,,,,,,0,744,22000,128,742,23000,128
1100,20160112,11, 1,1,       1801 ,,091621,091621,091621466500,1,,,,,,0,744,22000,128,743,1000,128
1100,20160112,11, 1,1,       1801 ,,091621,091621,091621469800,1,,,,,,0,744,21000,128,743,1000,128
1100,20160112,11, 1,1,       1801 ,,091621,091621,091621471300,1,,,,,,0,744,20000,128,743,1000,128
1100,20160112,11, 1,1,       1801 ,,091621,091621,091621472000,1,,,,,,0,744,17000,128,743,1000,128
1100,20160112,11, 1,1,       1801 ,,091621,091621,091621472800,1,,,,,,0,744,14000,128,743,1000,128
1100,20160112,11, 1,1,       1801 ,,091621,091621,091621474800,1,,,,,,0,744,16000,128,743,1000,128
1100,20160112,11, 1,1,       1801 ,,091621,091621,091621476200,1,,,,,,0,744,16000,128,743,3000,128
1100,20160112,11, 1,1,       1801 ,,091621,091621,091621477400,1,,,,,,0,744,16000,128,743,4000,128
1100,20160112,11, 1,1,       1801 ,,091621,091621,091621564600,1,,,,,,0,744,16000,128,743,3000,128
1100,20160112,11, 1,1,       1801 ,,091621,091621,091621639100,1,,,,,,0,744,16000,128,743,4000,128
1100,20160112,11, 1,1,       1801 ,,091622,091622,091622194700,1,,,,,,0,744,15000,128,743,4000,128
1100,20160112,11, 1,1,       1801 ,,091622,091622,091622196800,1,,,,,,0,744,15000,128,743,8000,128
1100,20160112,11, 1,1,       1801 ,,091623,091623,091623466700,1,,,,,,0,744,16000,128,743,8000,128
1100,20160112,11, 1,1,       1801 ,,091623,091623,091623758900,1,,,,,,0,744,21000,128,743,8000,128
1100,20160112,11, 1,1,       1801 ,,091623,091623,091623760800,1,,,,,,0,744,21000,128,743,4000,128
1100,20160112,11, 1,1,       1801 ,,091623,091623,091623761900,1,,,,,,0,744,21000,128,743,2000,128
1100,20160112,11, 1,1,       1801 ,,091623,091623,091623762600,1,,,,,,0,744,21000,128,743,1000,128
1100,20160112,11, 1,1,       1801 ,,091623,091623,091623831200,1,,,,,,0,744,22000,128,743,1000,128
1100,20160112,11, 1,1,       1801 ,091623,091623,091623,091623839600,1,743,16,0,1000,0,0,744,22000,128,742,28000,128
1100,20160112,11, 1,1,       1801 ,,091623,091623,091623840500,1,,,,,,0,743,2000,128,742,28000,128
1100,20160112,11, 1,1,       1801 ,,091623,091623,091623842100,1,,,,,,0,743,5000,128,742,28000,128
1100,20160112,11, 1,1,       1801 ,,091623,091623,091623845100,1,,,,,,0,743,5000,128,742,25000,128
1100,20160112,11, 1,1,       1801 ,,091623,091623,091623845800,1,,,,,,0,743,5000,128,742,23000,128
1100,20160112,11, 1,1,       1801 ,,091623,091623,091623846600,1,,,,,,0,743,5000,128,742,27000,128
1100,20160112,11, 1,1,       1801 ,,091623,091623,091623847900,1,,,,,,0,743,5000,128,742,26000,128
1100,20160112,11, 1,1,       1801 ,,091623,091623,091623848600,1,,,,,,0,743,6000,128,742,26000,128
1100,20160112,11, 1,1,       1801 ,,091623,091623,091623849300,1,,,,,,0,743,6000,128,742,23000,128
1100,20160112,11, 1,1,       1801 ,,091623,091623,091623851300,1,,,,,,0,743,7000,128,742,23000,128
1100,20160112,11, 1,1,       1801 ,,091623,091623,091623854800,1,,,,,,0,743,7000,128,742,20000,128
1100,20160112,11, 1,1,       1801 ,,091623,091623,091623860700,1,,,,,,0,743,7000,128,742,17000,128
1100,20160112,11, 1,1,       1801 ,,091623,091623,091623923800,1,,,,,,0,743,7000,128,742,18000,128
1100,20160112,11, 1,1,       1801 ,,091627,091627,091627991000,1,,,,,,0,743,6000,128,742,18000,128
1100,20160112,11, 1,1,       1801 ,,091627,091627,091627992500,1,,,,,,0,743,5000,128,742,18000,128
1100,20160112,11, 1,1,       1801 ,,091628,091628,091628008500,1,,,,,,0,743,6000,128,742,18000,128
1100,20160112,11, 1,1,       1801 ,,091629,091629,091629322300,1,,,,,,0,743,7000,128,742,18000,128
1100,20160112,11, 1,1,       1801 ,,091629,091629,091629329800,1,,,,,,0,743,7000,128,742,16000,128
1100,20160112,11, 1,1,       1801 ,,091631,091631,091631825500,1,,,,,,0,743,7000,128,742,12000,128
1100,20160112,11, 1,1,       1801 ,,091636,091636,091636189400,1,,,,,,0,743,7000,128,742,14000,128
1100,20160112,11, 1,1,       1801 ,,091636,091636,091636193000,1,,,,,,0,743,7000,128,742,18000,128
1100,20160112,11, 1,1,       1801 ,,091636,091636,091636193900,1,,,,,,0,743,7000,128,742,14000,128
1100,20160112,11, 1,1,       1801 ,,091639,091639,091639342900,1,,,,,,0,743,8000,128,742,14000,128
1100,20160112,11, 1,1,       1801 ,,091639,091639,091639362900,1,,,,,,0,743,8000,128,742,15000,128
1100,20160112,11, 1,1,       1801 ,,091639,091639,091639364500,1,,,,,,0,743,8000,128,742,19000,128
1100,20160112,11, 1,1,       1801 ,,091639,091639,091639463400,1,,,,,,0,743,8000,128,742,15000,128
1100,20160112,11, 1,1,       1801 ,,091643,091643,091643370500,1,,,,,,0,743,8000,128,742,16000,128
1100,20160112,11, 1,1,       1801 ,,091643,091643,091643372600,1,,,,,,0,743,8000,128,742,20000,128
1100,20160112,11, 1,1,       1801 ,,091643,091643,091643605000,1,,,,,,0,743,7000,128,742,20000,128
1100,20160112,11, 1,1,       1801 ,,091643,091643,091643623500,1,,,,,,0,743,7000,128,742,19000,128
1100,20160112,11, 1,1,       1801 ,091643,091643,091643,091643628700,1,743,48,0,1000,0,0,743,6000,128,742,19000,128
1100,20160112,11, 1,1,       1801 ,,091644,091644,091644633800,1,,,,,,0,743,7000,128,742,19000,128
1100,20160112,11, 1,1,       1801 ,,091645,091645,091645621100,1,,,,,,0,743,6000,128,742,19000,128
1100,20160112,11, 1,1,       1801 ,,091647,091647,091647939400,1,,,,,,0,743,5000,128,742,19000,128
1100,20160112,11, 1,1,       1801 ,,091648,091648,091648246700,1,,,,,,0,743,4000,128,742,19000,128
1100,20160112,11, 1,1,       1801 ,,091651,091651,091651749500,1,,,,,,0,743,6000,128,742,19000,128
1100,20160112,11, 1,1,       1801 ,,091651,091651,091651771100,1,,,,,,0,743,7000,128,742,19000,128
1100,20160112,11, 1,1,       1801 ,,091651,091651,091651772700,1,,,,,,0,743,8000,128,742,19000,128
1100,20160112,11, 1,1,       1801 ,,091706,091706,091706286600,1,,,,,,0,743,8000,128,742,15000,128
1100,20160112,11, 1,1,       1801 ,,091708,091708,091708789300,1,,,,,,0,743,8000,128,742,14000,128
1100,20160112,11, 1,1,       1801 ,,091708,091708,091708792200,1,,,,,,0,743,8000,128,742,11000,128
1100,20160112,11, 1,1,       1801 ,,091708,091708,091708795100,1,,,,,,0,743,9000,128,742,11000,128
1100,20160112,11, 1,1,       1801 ,,091708,091708,091708797300,1,,,,,,0,743,9000,128,742,9000,128
1100,20160112,11, 1,1,       1801 ,,091708,091708,091708799600,1,,,,,,0,743,11000,128,742,9000,128
1100,20160112,11, 1,1,       1801 ,091708,091708,091708,091708801200,1,742,16,0,9000,0,0,743,11000,128,741,66000,128
1100,20160112,11, 1,1,       1801 ,,091708,091708,091708802900,1,,,,,,0,743,11000,128,741,65000,128
1100,20160112,11, 1,1,       1801 ,,091708,091708,091708806100,1,,,,,,0,743,12000,128,741,65000,128
1100,20160112,11, 1,1,       1801 ,,091708,091708,091708806800,1,,,,,,0,743,12000,128,741,61000,128
1100,20160112,11, 1,1,       1801 ,,091708,091708,091708807500,1,,,,,,0,742,2000,128,741,61000,128
1100,20160112,11, 1,1,       1801 ,,091708,091708,091708810000,1,,,,,,0,742,2000,128,741,66000,128
1100,20160112,11, 1,1,       1801 ,,091708,091708,091708810800,1,,,,,,0,742,2000,128,741,67000,128
1100,20160112,11, 1,1,       1801 ,,091708,091708,091708812100,1,,,,,,0,742,2000,128,741,64000,128
1100,20160112,11, 1,1,       1801 ,,091708,091708,091708812800,1,,,,,,0,742,2000,128,741,63000,128
1100,20160112,11, 1,1,       1801 ,,091708,091708,091708814200,1,,,,,,0,742,3000,128,741,63000,128
1100,20160112,11, 1,1,       1801 ,,091708,091708,091708815600,1,,,,,,0,742,5000,128,741,63000,128
1100,20160112,11, 1,1,       1801 ,,091708,091708,091708816200,1,,,,,,0,742,5000,128,741,60000,128
1100,20160112,11, 1,1,       1801 ,,091708,091708,091708817600,1,,,,,,0,742,5000,128,741,58000,128
1100,20160112,11, 1,1,       1801 ,,091708,091708,091708819000,1,,,,,,0,742,6000,128,741,58000,128
1100,20160112,11, 1,1,       1801 ,,091708,091708,091708821300,1,,,,,,0,742,6000,128,741,57000,128
1100,20160112,11, 1,1,       1801 ,,091708,091708,091708822100,1,,,,,,0,742,6000,128,741,58000,128
1100,20160112,11, 1,1,       1801 ,,091708,091708,091708822800,1,,,,,,0,742,4000,128,741,58000,128
1100,20160112,11, 1,1,       1801 ,,091708,091708,091708823800,1,,,,,,0,742,4000,128,741,57000,128
1100,20160112,11, 1,1,       1801 ,091708,091708,091708,091708825400,1,742,48,0,1000,0,0,742,3000,128,741,57000,128
1100,20160112,11, 1,1,       1801 ,,091708,091708,091708826300,1,,,,,,0,742,3000,128,741,54000,128
1100,20160112,11, 1,1,       1801 ,,091708,091708,091708827700,1,,,,,,0,742,3000,128,741,55000,128
1100,20160112,11, 1,1,       1801 ,,091708,091708,091708835700,1,,,,,,0,742,3000,128,741,52000,128
1100,20160112,11, 1,1,       1801 ,,091708,091708,091708844300,1,,,,,,0,742,3000,128,741,51000,128
1100,20160112,11, 1,1,       1801 ,,091708,091708,091708929100,1,,,,,,0,742,4000,128,741,51000,128
1100,20160112,11, 1,1,       1801 ,,091713,091713,091713747000,1,,,,,,0,742,6000,128,741,51000,128
1100,20160112,11, 1,1,       1801 ,,091713,091713,091713750500,1,,,,,,0,742,6000,128,741,48000,128
1100,20160112,11, 1,1,       1801 ,,091719,091719,091719509700,1,,,,,,0,742,6000,128,741,47000,128
1100,20160112,11, 1,1,       1801 ,,091719,091719,091719692000,1,,,,,,0,742,6000,128,741,45000,128
1100,20160112,11, 1,1,       1801 ,,091719,091719,091719693000,1,,,,,,0,742,8000,128,741,45000,128
1100,20160112,11, 1,1,       1801 ,,091720,091720,091720061800,1,,,,,,0,742,6000,128,741,45000,128
1100,20160112,11, 1,1,       1801 ,,091720,091720,091720551400,1,,,,,,0,742,5000,128,741,45000,128
1100,20160112,11, 1,1,       1801 ,,091721,091721,091721230300,1,,,,,,0,742,6000,128,741,45000,128
1100,20160112,11, 1,1,       1801 ,,091722,091722,091722002700,1,,,,,,0,742,6000,128,741,37000,128
1100,20160112,11, 1,1,       1801 ,,091724,091724,091724940200,1,,,,,,0,742,6000,128,741,32000,128
1100,20160112,11, 1,1,       1801 ,091728,091728,091728,091728030600,1,742,48,0,3000,0,0,742,3000,128,741,32000,128
1100,20160112,11, 1,1,       1801 ,,091728,091728,091728032200,1,,,,,,0,742,3000,128,741,35000,128
1100,20160112,11, 1,1,       1801 ,,091728,091728,091728034100,1,,,,,,0,742,3000,128,741,40000,128
1100,20160112,11, 1,1,       1801 ,,091728,091728,091728141700,1,,,,,,0,742,4000,128,741,40000,128
1100,20160112,11, 1,1,       1801 ,,091728,091728,091728142700,1,,,,,,0,742,6000,128,741,40000,128
1100,20160112,11, 1,1,       1801 ,,091728,091728,091728144900,1,,,,,,0,742,6000,128,741,35000,128
1100,20160112,11, 1,1,       1801 ,,091728,091728,091728146500,1,,,,,,0,742,6000,128,741,34000,128
1100,20160112,11, 1,1,       1801 ,,091728,091728,091728255900,1,,,,,,0,742,8000,128,741,34000,128
1100,20160112,11, 1,1,       1801 ,091728,091728,091728,091728257600,1,741,16,0,23000,0,0,742,8000,128,741,11000,128
1100,20160112,11, 1,1,       1801 ,091728,091728,091728,091728261200,1,741,16,0,11000,0,0,742,8000,128,740,62000,128
1100,20160112,11, 1,1,       1801 ,,091728,091728,091728273300,1,,,,,,0,741,11000,128,740,62000,128
1100,20160112,11, 1,1,       1801 ,,091728,091728,091728284000,1,,,,,,0,741,13000,128,740,62000,128
1100,20160112,11, 1,1,       1801 ,,091728,091728,091728285300,1,,,,,,0,741,13000,128,740,60000,128
1100,20160112,11, 1,1,       1801 ,,091728,091728,091728290700,1,,,,,,0,741,15000,128,740,60000,128
1100,20160112,11, 1,1,       1801 ,,091728,091728,091728291700,1,,,,,,0,741,16000,128,740,60000,128
1100,20160112,11, 1,1,       1801 ,,091728,091728,091728292700,1,,,,,,0,741,16000,128,740,59000,128
1100,20160112,11, 1,1,       1801 ,,091728,091728,091728296200,1,,,,,,0,741,16000,128,740,64000,128
1100,20160112,11, 1,1,       1801 ,,091728,091728,091728298300,1,,,,,,0,741,16000,128,740,61000,128
1100,20160112,11, 1,1,       1801 ,,091728,091728,091728300200,1,,,,,,0,741,16000,128,740,57000,128
1100,20160112,11, 1,1,       1801 ,,091728,091728,091728301100,1,,,,,,0,741,16000,128,740,55000,128
1100,20160112,11, 1,1,       1801 ,,091728,091728,091728304300,1,,,,,,0,741,17000,128,740,55000,128
1100,20160112,11, 1,1,       1801 ,,091728,091728,091728305200,1,,,,,,0,741,17000,128,740,56000,128
1100,20160112,11, 1,1,       1801 ,,091728,091728,091728306100,1,,,,,,0,741,17000,128,740,61000,128
1100,20160112,11, 1,1,       1801 ,,091728,091728,091728306900,1,,,,,,0,741,15000,128,740,61000,128
1100,20160112,11, 1,1,       1801 ,,091728,091728,091728553800,1,,,,,,0,741,17000,128,740,61000,128
1100,20160112,11, 1,1,       1801 ,,091728,091728,091728660500,1,,,,,,0,741,17000,128,740,58000,128
1100,20160112,11, 1,1,       1801 ,,091728,091728,091728662600,1,,,,,,0,741,17000,128,740,57000,128
1100,20160112,11, 1,1,       1801 ,,091729,091729,091729110400,1,,,,,,0,741,20000,128,740,57000,128
1100,20160112,11, 1,1,       1801 ,,091729,091729,091729129400,1,,,,,,0,741,20000,128,740,56000,128
1100,20160112,11, 1,1,       1801 ,,091729,091729,091729131100,1,,,,,,0,741,20000,128,740,53000,128
1100,20160112,11, 1,1,       1801 ,,091729,091729,091729132800,1,,,,,,0,741,20000,128,740,48000,128
1100,20160112,11, 1,1,       1801 ,,091729,091729,091729134900,1,,,,,,0,741,20000,128,740,53000,128
1100,20160112,11, 1,1,       1801 ,,091729,091729,091729212000,1,,,,,,0,741,9000,128,740,53000,128
1100,20160112,11, 1,1,       1801 ,,091729,091729,091729214700,1,,,,,,0,741,11000,128,740,53000,128
1100,20160112,11, 1,1,       1801 ,,091729,091729,091729231200,1,,,,,,0,741,9000,128,740,53000,128
1100,20160112,11, 1,1,       1801 ,,091730,091730,091730192100,1,,,,,,0,741,8000,128,740,53000,128
1100,20160112,11, 1,1,       1801 ,,091732,091732,091732375100,1,,,,,,0,741,12000,128,740,53000,128
1100,20160112,11, 1,1,       1801 ,,091735,091735,091735043400,1,,,,,,0,741,13000,128,740,53000,128
1100,20160112,11, 1,1,       1801 ,,091735,091735,091735413600,1,,,,,,0,741,13000,128,740,52000,128
1100,20160112,11, 1,1,       1801 ,,091737,091737,091737475600,1,,,,,,0,741,13000,128,740,53000,128
1100,20160112,11, 1,1,       1801 ,,091739,091739,091739181700,1,,,,,,0,741,10000,128,740,53000,128
1100,20160112,11, 1,1,       1801 ,091743,091743,091743,091743072900,1,741,48,0,1000,0,0,741,9000,128,740,53000,128
1100,20160112,11, 1,1,       1801 ,,091743,091743,091743075300,1,,,,,,0,741,8000,128,740,53000,128
1100,20160112,11, 1,1,       1801 ,091749,091749,091749,091749771000,1,740,16,0,1000,0,0,741,8000,128,740,52000,128
1100,20160112,11, 1,1,       1801 ,,091749,091749,091749772500,1,,,,,,0,741,8000,128,740,52000,128
1100,20160112,11, 1,1,       1801 ,091749,091749,091749,091749942300,1,740,16,0,1000,0,0,741,8000,128,740,51000,128
1100,20160112,11, 1,1,       1801 ,,091750,091750,091750226700,1,,,,,,0,741,9000,128,740,51000,128
1100,20160112,11, 1,1,       1801 ,,091752,091752,091752504900,1,,,,,,0,741,9000,128,740,50000,128
1100,20160112,11, 1,1,       1801 ,,091754,091754,091754460800,1,,,,,,0,741,8000,128,740,50000,128
1100,20160112,11, 1,1,       1801 ,,091755,091755,091755008000,1,,,,,,0,741,9000,128,740,50000,128
1100,20160112,11, 1,1,       1801 ,,091755,091755,091755100900,1,,,,,,0,741,8000,128,740,50000,128
1100,20160112,11, 1,1,       1801 ,,091755,091755,091755131600,1,,,,,,0,741,9000,128,740,50000,128
1100,20160112,11, 1,1,       1801 ,,091756,091756,091756738000,1,,,,,,0,741,8000,128,740,50000,128
1100,20160112,11, 1,1,       1801 ,,091756,091756,091756942900,1,,,,,,0,741,9000,128,740,50000,128
1100,20160112,11, 1,1,       1801 ,,091759,091759,091759741100,1,,,,,,0,741,8000,128,740,50000,128
1100,20160112,11, 1,1,       1801 ,,091802,091802,091802622300,1,,,,,,0,741,8000,128,740,52000,128
1100,20160112,11, 1,1,       1801 ,,091802,091802,091802639700,1,,,,,,0,741,7000,128,740,52000,128
1100,20160112,11, 1,1,       1801 ,,091802,091802,091802641800,1,,,,,,0,741,7000,128,740,53000,128
1100,20160112,11, 1,1,       1801 ,,091802,091802,091802643300,1,,,,,,0,741,6000,128,740,53000,128
1100,20160112,11, 1,1,       1801 ,091802,091802,091802,091802653200,1,741,48,0,1000,0,0,741,5000,128,740,53000,128
1100,20160112,11, 1,1,       1801 ,091802,091802,091802,091802654900,1,741,48,0,1000,0,0,741,4000,128,740,53000,128
1100,20160112,11, 1,1,       1801 ,091802,091802,091802,091802656100,1,741,48,0,4000,0,0,742,53000,128,741,1000,128
1100,20160112,11, 1,1,       1801 ,,091802,091802,091802657400,1,,,,,,0,742,53000,128,741,1000,128
1100,20160112,11, 1,1,       1801 ,091802,091802,091802,091802660300,1,741,16,0,1000,0,0,742,53000,128,740,58000,128
1100,20160112,11, 1,1,       1801 ,,091802,091802,091802661300,1,,,,,,0,742,53000,128,740,58000,128
1100,20160112,11, 1,1,       1801 ,,091802,091802,091802662300,1,,,,,,0,742,50000,128,740,58000,128
1100,20160112,11, 1,1,       1801 ,,091802,091802,091802666200,1,,,,,,0,742,48000,128,740,58000,128
1100,20160112,11, 1,1,       1801 ,,091802,091802,091802667400,1,,,,,,0,742,44000,128,740,58000,128
1100,20160112,11, 1,1,       1801 ,,091802,091802,091802668300,1,,,,,,0,742,44000,128,740,59000,128
1100,20160112,11, 1,1,       1801 ,,091802,091802,091802669200,1,,,,,,0,742,44000,128,740,57000,128
1100,20160112,11, 1,1,       1801 ,,091802,091802,091802670200,1,,,,,,0,742,40000,128,740,57000,128
1100,20160112,11, 1,1,       1801 ,,091802,091802,091802672200,1,,,,,,0,741,3000,128,740,57000,128
1100,20160112,11, 1,1,       1801 ,,091802,091802,091802673100,1,,,,,,0,741,4000,128,740,57000,128
1100,20160112,11, 1,1,       1801 ,,091802,091802,091802676200,1,,,,,,0,741,4000,128,740,59000,128
1100,20160112,11, 1,1,       1801 ,,091802,091802,091802678100,1,,,,,,0,741,5000,128,740,59000,128
1100,20160112,11, 1,1,       1801 ,,091802,091802,091802681100,1,,,,,,0,741,7000,128,740,59000,128
1100,20160112,11, 1,1,       1801 ,,091802,091802,091802682300,1,,,,,,0,741,7000,128,740,58000,128
1100,20160112,11, 1,1,       1801 ,,091802,091802,091802736400,1,,,,,,0,741,7000,128,740,61000,128
1100,20160112,11, 1,1,       1801 ,,091802,091802,091802737000,1,,,,,,0,741,7000,128,740,62000,128
1100,20160112,11, 1,1,       1801 ,,091802,091802,091802785800,1,,,,,,0,741,7000,128,740,59000,128
1100,20160112,11, 1,1,       1801 ,,091802,091802,091802891300,1,,,,,,0,741,7000,128,740,57000,128
1100,20160112,11, 1,1,       1801 ,,091802,091802,091802901400,1,,,,,,0,741,7000,128,740,56000,128
1100,20160112,11, 1,1,       1801 ,,091802,091802,091802923500,1,,,,,,0,741,8000,128,740,56000,128
1100,20160112,11, 1,1,       1801 ,,091803,091803,091803231200,1,,,,,,0,741,8000,128,740,55000,128
1100,20160112,11, 1,1,       1801 ,091805,091805,091805,091805350000,1,741,48,0,2000,0,0,741,6000,128,740,55000,128
1100,20160112,11, 1,1,       1801 ,,091805,091805,091805352000,1,,,,,,0,741,4000,128,740,55000,128
1100,20160112,11, 1,1,       1801 ,,091805,091805,091805353300,1,,,,,,0,741,4000,128,740,56000,128
1100,20160112,11, 1,1,       1801 ,,091805,091805,091805354400,1,,,,,,0,741,4000,128,740,58000,128
1100,20160112,11, 1,1,       1801 ,,091805,091805,091805355700,1,,,,,,0,741,3000,128,740,58000,128
1100,20160112,11, 1,1,       1801 ,,091805,091805,091805384000,1,,,,,,0,741,3000,128,740,59000,128
1100,20160112,11, 1,1,       1801 ,,091807,091807,091807858500,1,,,,,,0,741,3000,128,740,58000,128
1100,20160112,11, 1,1,       1801 ,,091809,091809,091809700000,1,,,,,,0,741,3000,128,740,59000,128
1100,20160112,11, 1,1,       1801 ,,091812,091812,091812350300,1,,,,,,0,741,3000,128,740,58000,128
1100,20160112,11, 1,1,       1801 ,,091814,091814,091814034700,1,,,,,,0,741,3000,128,740,56000,128
1100,20160112,11, 1,1,       1801 ,,091816,091816,091816291600,1,,,,,,0,741,3000,128,740,55000,128
1100,20160112,11, 1,1,       1801 ,,091816,091816,091816471100,1,,,,,,0,741,5000,128,740,55000,128
1100,20160112,11, 1,1,       1801 ,,091816,091816,091816473900,1,,,,,,0,741,6000,128,740,55000,128
1100,20160112,11, 1,1,       1801 ,,091819,091819,091819721500,1,,,,,,0,741,6000,128,740,53000,128
1100,20160112,11, 1,1,       1801 ,,091821,091821,091821111300,1,,,,,,0,741,6000,128,740,56000,128
1100,20160112,11, 1,1,       1801 ,,091823,091823,091823499900,1,,,,,,0,741,6000,128,740,57000,128
1100,20160112,11, 1,1,       1801 ,,091825,091825,091825390500,1,,,,,,0,741,5000,128,740,57000,128
1100,20160112,11, 1,1,       1801 ,,091825,091825,091825392000,1,,,,,,0,741,3000,128,740,57000,128
1100,20160112,11, 1,1,       1801 ,,091827,091827,091827239300,1,,,,,,0,741,4000,128,740,57000,128
1100,20160112,11, 1,1,       1801 ,,091827,091827,091827240700,1,,,,,,0,741,4000,128,740,59000,128
1100,20160112,11, 1,1,       1801 ,091828,091828,091828,091828629900,1,741,48,0,1000,0,0,741,3000,128,740,59000,128
1100,20160112,11, 1,1,       1801 ,,091828,091828,091828631900,1,,,,,,0,741,3000,128,740,60000,128
1100,20160112,11, 1,1,       1801 ,,091828,091828,091828661500,1,,,,,,0,741,3000,128,740,61000,128
1100,20160112,11, 1,1,       1801 ,,091828,091828,091828693900,1,,,,,,0,741,3000,128,740,62000,128
1100,20160112,11, 1,1,       1801 ,,091828,091828,091828703500,1,,,,,,0,741,3000,128,740,61000,128
1100,20160112,11, 1,1,       1801 ,,091828,091828,091828721500,1,,,,,,0,741,3000,128,740,60000,128
1100,20160112,11, 1,1,       1801 ,,091828,091828,091828906700,1,,,,,,0,741,3000,128,740,61000,128
1100,20160112,11, 1,1,       1801 ,,091829,091829,091829407800,1,,,,,,0,741,3000,128,740,60000,128
1100,20160112,11, 1,1,       1801 ,,091831,091831,091831081000,1,,,,,,0,741,3000,128,740,61000,128
1100,20160112,11, 1,1,       1801 ,,091832,091832,091832111200,1,,,,,,0,741,3000,128,740,60000,128
1100,20160112,11, 1,1,       1801 ,,091832,091832,091832851000,1,,,,,,0,741,3000,128,740,62000,128
1100,20160112,11, 1,1,       1801 ,,091834,091834,091834121000,1,,,,,,0,741,3000,128,740,60000,128
1100,20160112,11, 1,1,       1801 ,,091835,091835,091835081300,1,,,,,,0,741,4000,128,740,60000,128
1100,20160112,11, 1,1,       1801 ,,091835,091835,091835082700,1,,,,,,0,741,6000,128,740,60000,128
1100,20160112,11, 1,1,       1801 ,,091836,091836,091836560200,1,,,,,,0,741,5000,128,740,60000,128
1100,20160112,11, 1,1,       1801 ,,091836,091836,091836570700,1,,,,,,0,741,3000,128,740,60000,128
1100,20160112,11, 1,1,       1801 ,,091836,091836,091836601900,1,,,,,,0,741,3000,128,740,61000,128
1100,20160112,11, 1,1,       1801 ,,091837,091837,091837148600,1,,,,,,0,741,3000,128,740,60000,128
1100,20160112,11, 1,1,       1801 ,,091838,091838,091838159600,1,,,,,,0,741,4000,128,740,60000,128
1100,20160112,11, 1,1,       1801 ,,091838,091838,091838160900,1,,,,,,0,741,6000,128,740,60000,128
1100,20160112,11, 1,1,       1801 ,,091844,091844,091844124300,1,,,,,,0,741,6000,128,740,61000,128
1100,20160112,11, 1,1,       1801 ,091846,091846,091846,091846429100,1,741,48,0,1000,0,0,741,5000,128,740,61000,128
1100,20160112,11, 1,1,       1801 ,,091846,091846,091846430600,1,,,,,,0,741,4000,128,740,61000,128
1100,20160112,11, 1,1,       1801 ,,091846,091846,091846431900,1,,,,,,0,741,2000,128,740,61000,128
1100,20160112,11, 1,1,       1801 ,,091846,091846,091846433100,1,,,,,,0,741,2000,128,740,62000,128
1100,20160112,11, 1,1,       1801 ,,091847,091847,091847348600,1,,,,,,0,741,2000,128,740,61000,128
1100,20160112,11, 1,1,       1801 ,,091847,091847,091847735800,1,,,,,,0,741,2000,128,740,62000,128
1100,20160112,11, 1,1,       1801 ,,091849,091849,091849959300,1,,,,,,0,741,2000,128,740,64000,128
1100,20160112,11, 1,1,       1801 ,,091849,091849,091849968400,1,,,,,,0,741,2000,128,740,65000,128
1100,20160112,11, 1,1,       1801 ,091853,091853,091853,091853825100,1,740,16,0,2000,0,0,741,2000,128,740,63000,128
1100,20160112,11, 1,1,       1801 ,,091853,091853,091853827000,1,,,,,,0,741,4000,128,740,63000,128
1100,20160112,11, 1,1,       1801 ,,091853,091853,091853828200,1,,,,,,0,741,5000,128,740,63000,128
1100,20160112,11, 1,1,       1801 ,,091854,091854,091854353000,1,,,,,,0,741,5000,128,740,64000,128
1100,20160112,11, 1,1,       1801 ,,091854,091854,091854371200,1,,,,,,0,741,3000,128,740,64000,128
1100,20160112,11, 1,1,       1801 ,,091854,091854,091854372400,1,,,,,,0,741,2000,128,740,64000,128
1100,20160112,11, 1,1,       1801 ,,091854,091854,091854373700,1,,,,,,0,741,2000,128,740,65000,128
1100,20160112,11, 1,1,       1801 ,,091854,091854,091854621700,1,,,,,,0,741,2000,128,740,64000,128
1100,20160112,11, 1,1,       1801 ,,091854,091854,091854690300,1,,,,,,0,741,2000,128,740,63000,128
1100,20160112,11, 1,1,       1801 ,,091856,091856,091856741900,1,,,,,,0,741,2000,128,740,64000,128
1100,20160112,11, 1,1,       1801 ,,091857,091857,091857150700,1,,,,,,0,741,2000,128,740,65000,128
1100,20160112,11, 1,1,       1801 ,,091857,091857,091857541600,1,,,,,,0,741,2000,128,740,64000,128
1100,20160112,11, 1,1,       1801 ,091857,091857,091857,091857712200,1,741,48,0,1000,0,0,741,1000,128,740,64000,128
1100,20160112,11, 1,1,       1801 ,091857,091857,091857,091857713900,1,741,48,0,1000,0,0,742,50000,128,740,64000,128
1100,20160112,11, 1,1,       1801 ,,091857,091857,091857714700,1,,,,,,0,742,50000,128,740,63000,128
1100,20160112,11, 1,1,       1801 ,,091857,091857,091857715500,1,,,,,,0,742,50000,128,740,64000,128
1100,20160112,11, 1,1,       1801 ,,091857,091857,091857717700,1,,,,,,0,742,50000,128,740,62000,128
1100,20160112,11, 1,1,       1801 ,,091857,091857,091857718500,1,,,,,,0,742,50000,128,740,67000,128
1100,20160112,11, 1,1,       1801 ,,091857,091857,091857722000,1,,,,,,0,742,47000,128,740,67000,128
1100,20160112,11, 1,1,       1801 ,,091857,091857,091857722800,1,,,,,,0,742,43000,128,740,67000,128
1100,20160112,11, 1,1,       1801 ,,091857,091857,091857723700,1,,,,,,0,742,41000,128,740,67000,128
1100,20160112,11, 1,1,       1801 ,,091857,091857,091857726200,1,,,,,,0,742,40000,128,740,67000,128
1100,20160112,11, 1,1,       1801 ,,091857,091857,091857736100,1,,,,,,0,742,37000,128,740,67000,128
1100,20160112,11, 1,1,       1801 ,,091857,091857,091857737200,1,,,,,,0,742,36000,128,740,67000,128
1100,20160112,11, 1,1,       1801 ,,091857,091857,091857867800,1,,,,,,0,741,1000,128,740,67000,128
1100,20160112,11, 1,1,       1801 ,,091858,091858,091858251700,1,,,,,,0,741,1000,128,740,66000,128
1100,20160112,11, 1,1,       1801 ,,091858,091858,091858253100,1,,,,,,0,741,1000,128,740,61000,128
1100,20160112,11, 1,1,       1801 ,,091900,091900,091900751200,1,,,,,,0,741,1000,128,740,62000,128
1100,20160112,11, 1,1,       1801 ,091900,091900,091900,091900820700,1,741,48,0,1000,0,0,742,36000,128,740,62000,128
1100,20160112,11, 1,1,       1801 ,,091900,091900,091900823100,1,,,,,,0,742,36000,128,740,62000,128
1100,20160112,11, 1,1,       1801 ,,091902,091902,091902007000,1,,,,,,0,742,18000,128,740,62000,128
1100,20160112,11, 1,1,       1801 ,,091902,091902,091902009100,1,,,,,,0,742,17000,128,740,62000,128
1100,20160112,11, 1,1,       1801 ,,091904,091904,091904279500,1,,,,,,0,742,17000,128,741,2000,128
1100,20160112,11, 1,1,       1801 ,,091904,091904,091904281700,1,,,,,,0,742,17000,128,741,3000,128
1100,20160112,11, 1,1,       1801 ,,091904,091904,091904286800,1,,,,,,0,742,17000,128,741,5000,128
1100,20160112,11, 1,1,       1801 ,,091904,091904,091904290100,1,,,,,,0,742,16000,128,741,5000,128
1100,20160112,11, 1,1,       1801 ,,091904,091904,091904291100,1,,,,,,0,742,16000,128,741,10000,128
1100,20160112,11, 1,1,       1801 ,,091904,091904,091904292900,1,,,,,,0,742,13000,128,741,10000,128
1100,20160112,11, 1,1,       1801 ,,091904,091904,091904294900,1,,,,,,0,742,9000,128,741,10000,128
1100,20160112,11, 1,1,       1801 ,,091904,091904,091904297800,1,,,,,,0,742,7000,128,741,10000,128
1100,20160112,11, 1,1,       1801 ,,091904,091904,091904299000,1,,,,,,0,742,9000,128,741,10000,128
1100,20160112,11, 1,1,       1801 ,,091904,091904,091904303300,1,,,,,,0,742,9000,128,741,12000,128
1100,20160112,11, 1,1,       1801 ,,091904,091904,091904506800,1,,,,,,0,742,7000,128,741,12000,128
1100,20160112,11, 1,1,       1801 ,,091904,091904,091904508400,1,,,,,,0,742,7000,128,741,15000,128
1100,20160112,11, 1,1,       1801 ,,091904,091904,091904574500,1,,,,,,0,742,7000,128,741,16000,128
1100,20160112,11, 1,1,       1801 ,,091910,091910,091910463300,1,,,,,,0,742,6000,128,741,16000,128
1100,20160112,11, 1,1,       1801 ,,091912,091912,091912922100,1,,,,,,0,742,6000,128,741,19000,128
1100,20160112,11, 1,1,       1801 ,,091919,091919,091919860200,1,,,,,,0,742,7000,128,741,19000,128
1100,20160112,11, 1,1,       1801 ,,091920,091920,091920840700,1,,,,,,0,742,6000,128,741,19000,128
1100,20160112,11, 1,1,       1801 ,,091934,091934,091934007000,1,,,,,,0,742,8000,128,741,19000,128
1100,20160112,11, 1,1,       1801 ,,091934,091934,091934007800,1,,,,,,0,742,8000,128,741,17000,128
1100,20160112,11, 1,1,       1801 ,,091934,091934,091934009500,1,,,,,,0,742,8000,128,741,14000,128
1100,20160112,11, 1,1,       1801 ,,091934,091934,091934011700,1,,,,,,0,742,8000,128,741,9000,128
1100,20160112,11, 1,1,       1801 ,,091934,091934,091934013000,1,,,,,,0,742,8000,128,741,7000,128
1100,20160112,11, 1,1,       1801 ,,091935,091935,091935561000,1,,,,,,0,742,9000,128,741,7000,128
1100,20160112,11, 1,1,       1801 ,,091935,091935,091935562400,1,,,,,,0,742,9000,128,741,6000,128
1100,20160112,11, 1,1,       1801 ,,091935,091935,091935563300,1,,,,,,0,742,10000,128,741,6000,128
1100,20160112,11, 1,1,       1801 ,,091939,091939,091939210400,1,,,,,,0,742,9000,128,741,6000,128
1100,20160112,11, 1,1,       1801 ,,091939,091939,091939719300,1,,,,,,0,742,9000,128,741,7000,128
1100,20160112,11, 1,1,       1801 ,,091941,091941,091941311000,1,,,,,,0,742,8000,128,741,7000,128
1100,20160112,11, 1,1,       1801 ,,091941,091941,091941311700,1,,,,,,0,742,8000,128,741,12000,128
1100,20160112,11, 1,1,       1801 ,,091943,091943,091943569700,1,,,,,,0,742,8000,128,741,14000,128
1100,20160112,11, 1,1,       1801 ,,091943,091943,091943571400,1,,,,,,0,742,6000,128,741,14000,128
1100,20160112,11, 1,1,       1801 ,,091944,091944,091944280500,1,,,,,,0,742,4000,128,741,14000,128
1100,20160112,11, 1,1,       1801 ,,091944,091944,091944285100,1,,,,,,0,742,4000,128,741,15000,128
1100,20160112,11, 1,1,       1801 ,,091944,091944,091944293600,1,,,,,,0,742,4000,128,741,16000,128
1100,20160112,11, 1,1,       1801 ,,091944,091944,091944812900,1,,,,,,0,742,4000,128,741,15000,128
1100,20160112,11, 1,1,       1801 ,,091944,091944,091944850100,1,,,,,,0,742,6000,128,741,15000,128
1100,20160112,11, 1,1,       1801 ,,091946,091946,091946971600,1,,,,,,0,742,8000,128,741,15000,128
1100,20160112,11, 1,1,       1801 ,,091947,091947,091947008400,1,,,,,,0,742,6000,128,741,15000,128
1100,20160112,11, 1,1,       1801 ,,091947,091947,091947009800,1,,,,,,0,742,8000,128,741,15000,128
1100,20160112,11, 1,1,       1801 ,091949,091949,091949,091949451600,1,742,48,0,1000,0,0,742,7000,128,741,15000,128
1100,20160112,11, 1,1,       1801 ,,091949,091949,091949453300,1,,,,,,0,742,5000,128,741,15000,128
1100,20160112,11, 1,1,       1801 ,,091949,091949,091949461500,1,,,,,,0,742,3000,128,741,15000,128
1100,20160112,11, 1,1,       1801 ,,091955,091955,091955771200,1,,,,,,0,742,3000,128,741,16000,128
1100,20160112,11, 1,1,       1801 ,091955,091955,091955,091955772400,1,742,48,0,3000,0,0,743,34000,128,741,16000,128
1100,20160112,11, 1,1,       1801 ,,091955,091955,091955775100,1,,,,,,0,743,34000,128,741,16000,128
1100,20160112,11, 1,1,       1801 ,,091955,091955,091955776800,1,,,,,,0,743,35000,128,741,16000,128
1100,20160112,11, 1,1,       1801 ,,091955,091955,091955778800,1,,,,,,0,743,31000,128,741,16000,128
1100,20160112,11, 1,1,       1801 ,,091955,091955,091955779500,1,,,,,,0,743,28000,128,741,16000,128
1100,20160112,11, 1,1,       1801 ,,091955,091955,091955780300,1,,,,,,0,743,28000,128,741,19000,128
1100,20160112,11, 1,1,       1801 ,,091955,091955,091955781100,1,,,,,,0,743,25000,128,741,19000,128
1100,20160112,11, 1,1,       1801 ,,091955,091955,091955782000,1,,,,,,0,743,25000,128,741,24000,128
1100,20160112,11, 1,1,       1801 ,,091955,091955,091955782700,1,,,,,,0,743,25000,128,741,27000,128
1100,20160112,11, 1,1,       1801 ,,091955,091955,091955783800,1,,,,,,0,743,25000,128,741,28000,128
1100,20160112,11, 1,1,       1801 ,,091955,091955,091955784600,1,,,,,,0,743,26000,128,741,28000,128
1100,20160112,11, 1,1,       1801 ,,091955,091955,091955785200,1,,,,,,0,743,26000,128,741,29000,128
1100,20160112,11, 1,1,       1801 ,,091955,091955,091955785800,1,,,,,,0,743,25000,128,741,29000,128
1100,20160112,11, 1,1,       1801 ,,091955,091955,091955786600,1,,,,,,0,743,25000,128,741,31000,128
1100,20160112,11, 1,1,       1801 ,,091955,091955,091955787200,1,,,,,,0,743,24000,128,741,31000,128
1100,20160112,11, 1,1,       1801 ,,091955,091955,091955788000,1,,,,,,0,743,22000,128,741,31000,128
1100,20160112,11, 1,1,       1801 ,,091955,091955,091955788700,1,,,,,,0,743,19000,128,741,31000,128
1100,20160112,11, 1,1,       1801 ,,091955,091955,091955789500,1,,,,,,0,743,16000,128,741,31000,128
1100,20160112,11, 1,1,       1801 ,,091956,091956,091956409300,1,,,,,,0,742,2000,128,741,31000,128
1100,20160112,11, 1,1,       1801 ,091956,091956,091956,091956411300,1,742,48,0,2000,0,0,743,16000,128,741,31000,128
1100,20160112,11, 1,1,       1801 ,,091956,091956,091956413000,1,,,,,,0,742,2000,128,741,31000,128
1100,20160112,11, 1,1,       1801 ,091956,091956,091956,091956414200,1,742,48,0,2000,0,0,743,16000,128,741,31000,128
1100,20160112,11, 1,1,       1801 ,,091956,091956,091956415400,1,,,,,,0,743,16000,128,741,31000,128
1100,20160112,11, 1,1,       1801 ,,091956,091956,091956416500,1,,,,,,0,743,19000,128,741,31000,128
1100,20160112,11, 1,1,       1801 ,,091956,091956,091956417400,1,,,,,,0,743,19000,128,741,30000,128
1100,20160112,11, 1,1,       1801 ,,091956,091956,091956418400,1,,,,,,0,743,19000,128,741,31000,128
1100,20160112,11, 1,1,       1801 ,,091956,091956,091956419200,1,,,,,,0,743,19000,128,741,26000,128
1100,20160112,11, 1,1,       1801 ,,091956,091956,091956420200,1,,,,,,0,743,19000,128,742,3000,128
1100,20160112,11, 1,1,       1801 ,,091956,091956,091956426700,1,,,,,,0,743,16000,128,742,3000,128
1100,20160112,11, 1,1,       1801 ,091956,091956,091956,091956428000,1,742,16,0,1000,0,0,743,16000,128,742,2000,128
1100,20160112,11, 1,1,       1801 ,,091956,091956,091956429100,1,,,,,,0,743,16000,128,742,2000,128
1100,20160112,11, 1,1,       1801 ,091956,091956,091956,091956430100,1,742,16,0,1000,0,0,743,16000,128,742,1000,128
1100,20160112,11, 1,1,       1801 ,091956,091956,091956,091956431800,1,742,16,0,1000,0,0,743,16000,128,741,26000,128
1100,20160112,11, 1,1,       1801 ,,091956,091956,091956433400,1,,,,,,0,742,2000,128,741,26000,128
1100,20160112,11, 1,1,       1801 ,091956,091956,091956,091956437500,1,742,48,0,2000,0,0,743,15000,128,742,1000,128
1100,20160112,11, 1,1,       1801 ,,091956,091956,091956438500,1,,,,,,0,743,15000,128,742,1000,128
1100,20160112,11, 1,1,       1801 ,091956,091956,091956,091956440200,1,742,16,0,1000,0,0,742,1000,128,741,26000,128
1100,20160112,11, 1,1,       1801 ,,091956,091956,091956441500,1,,,,,,0,742,1000,128,741,26000,128
1100,20160112,11, 1,1,       1801 ,091956,091956,091956,091956442400,1,742,48,0,1000,0,0,743,16000,128,742,2000,128
1100,20160112,11, 1,1,       1801 ,,091956,091956,091956443600,1,,,,,,0,743,16000,128,742,2000,128
1100,20160112,11, 1,1,       1801 ,,091956,091956,091956447000,1,,,,,,0,743,16000,128,742,3000,128
1100,20160112,11, 1,1,       1801 ,,091956,091956,091956448600,1,,,,,,0,743,19000,128,742,3000,128
1100,20160112,11, 1,1,       1801 ,091956,091956,091956,091956450400,1,742,16,0,1000,0,0,743,19000,128,742,2000,128
1100,20160112,11, 1,1,       1801 ,,091956,091956,091956455900,1,,,,,,0,743,19000,128,742,1000,128
1100,20160112,11, 1,1,       1801 ,091956,091956,091956,091956456600,1,742,16,0,1000,0,0,743,19000,128,741,25000,128
1100,20160112,11, 1,1,       1801 ,,091956,091956,091956458300,1,,,,,,0,743,19000,128,741,26000,128
1100,20160112,11, 1,1,       1801 ,,091956,091956,091956459000,1,,,,,,0,743,16000,128,741,26000,128
1100,20160112,11, 1,1,       1801 ,,091956,091956,091956460800,1,,,,,,0,743,16000,128,742,3000,128
1100,20160112,11, 1,1,       1801 ,,091956,091956,091956463500,1,,,,,,0,743,16000,128,742,4000,128
1100,20160112,11, 1,1,       1801 ,,091956,091956,091956488900,1,,,,,,0,743,15000,128,742,4000,128
1100,20160112,11, 1,1,       1801 ,,091956,091956,091956630500,1,,,,,,0,743,16000,128,742,4000,128
1100,20160112,11, 1,1,       1801 ,,091956,091956,091956719900,1,,,,,,0,743,16000,128,742,5000,128
1100,20160112,11, 1,1,       1801 ,091956,091956,091956,091956890500,1,742,16,0,1000,0,0,743,16000,128,742,4000,128
1100,20160112,11, 1,1,       1801 ,,091957,091957,091957438000,1,,,,,,0,743,16000,128,742,4000,128
1100,20160112,11, 1,1,       1801 ,,091958,091958,091958528700,1,,,,,,0,743,16000,128,742,7000,128
1100,20160112,11, 1,1,       1801 ,,091958,091958,091958931700,1,,,,,,0,743,16000,128,742,9000,128
1100,20160112,11, 1,1,       1801 ,,091958,091958,091958933800,1,,,,,,0,743,16000,128,742,14000,128
1100,20160112,11, 1,1,       1801 ,,091958,091958,091958935500,1,,,,,,0,743,13000,128,742,14000,128
1100,20160112,11, 1,1,       1801 ,,091958,091958,091958936200,1,,,,,,0,743,10000,128,742,14000,128
1100,20160112,11, 1,1,       1801 ,,091958,091958,091958965900,1,,,,,,0,743,10000,128,742,15000,128
1100,20160112,11, 1,1,       1801 ,,091959,091959,091959845800,1,,,,,,0,743,10000,128,742,16000,128
1100,20160112,11, 1,1,       1801 ,,092000,092000,092000478900,1,,,,,,0,743,9000,128,742,16000,128
1100,20160112,11, 1,1,       1801 ,,092000,092000,092000584500,1,,,,,,0,743,9000,128,742,19000,128
1100,20160112,11, 1,1,       1801 ,,092000,092000,092000587000,1,,,,,,0,743,8000,128,742,19000,128
1100,20160112,11, 1,1,       1801 ,,092000,092000,092000597700,1,,,,,,0,743,8000,128,742,20000,128
1100,20160112,11, 1,1,       1801 ,,092000,092000,092000980700,1,,,,,,0,743,8000,128,742,19000,128
1100,20160112,11, 1,1,       1801 ,092000,092000,092000,092000989900,1,742,16,0,1000,0,0,743,8000,128,742,18000,128
1100,20160112,11, 1,1,       1801 ,,092000,092000,092000991200,1,,,,,,0,743,9000,128,742,18000,128
1100,20160112,11, 1,1,       1801 ,,092000,092000,092000992000,1,,,,,,0,743,9000,128,742,16000,128
1100,20160112,11, 1,1,       1801 ,092000,092000,092000,092000994300,1,742,16,0,5000,0,0,743,9000,128,742,11000,128
1100,20160112,11, 1,1,       1801 ,092000,092000,092000,092000995800,1,742,16,0,2000,0,0,743,9000,128,742,9000,128
1100,20160112,11, 1,1,       1801 ,092000,092000,092000,092000997100,1,742,16,0,9000,0,0,743,9000,128,741,22000,128
1100,20160112,11, 1,1,       1801 ,,092001,092001,092001000800,1,,,,,,0,743,9000,128,741,21000,128
1100,20160112,11, 1,1,       1801 ,,092001,092001,092001001800,1,,,,,,0,743,10000,128,741,21000,128
1100,20160112,11, 1,1,       1801 ,,092001,092001,092001003800,1,,,,,,0,743,11000,128,741,21000,128
1100,20160112,11, 1,1,       1801 ,,092001,092001,092001005500,1,,,,,,0,743,11000,128,741,19000,128
1100,20160112,11, 1,1,       1801 ,,092001,092001,092001007400,1,,,,,,0,742,1000,128,741,19000,128
1100,20160112,11, 1,1,       1801 ,,092001,092001,092001008100,1,,,,,,0,742,3000,128,741,19000,128
1100,20160112,11, 1,1,       1801 ,092001,092001,092001,092001008900,1,742,48,0,3000,0,0,743,11000,128,741,19000,128
1100,20160112,11, 1,1,       1801 ,,092001,092001,092001009800,1,,,,,,0,743,11000,128,741,21000,128
1100,20160112,11, 1,1,       1801 ,,092001,092001,092001010700,1,,,,,,0,743,11000,128,741,20000,128
1100,20160112,11, 1,1,       1801 ,,092001,092001,092001015600,1,,,,,,0,743,14000,128,741,20000,128
1100,20160112,11, 1,1,       1801 ,,092001,092001,092001016300,1,,,,,,0,743,17000,128,741,20000,128
1100,20160112,11, 1,1,       1801 ,,092001,092001,092001017100,1,,,,,,0,742,1000,128,741,20000,128
1100,20160112,11, 1,1,       1801 ,,092001,092001,092001018000,1,,,,,,0,742,1000,128,741,25000,128
1100,20160112,11, 1,1,       1801 ,092001,092001,092001,092001018800,1,742,48,0,1000,0,0,743,17000,128,742,2000,128
1100,20160112,11, 1,1,       1801 ,,092001,092001,092001019900,1,,,,,,0,743,17000,128,742,5000,128
1100,20160112,11, 1,1,       1801 ,,092001,092001,092001020700,1,,,,,,0,743,17000,128,742,8000,128
1100,20160112,11, 1,1,       1801 ,,092001,092001,092001022800,1,,,,,,0,743,17000,128,742,12000,128
1100,20160112,11, 1,1,       1801 ,092001,092001,092001,092001028000,1,742,16,0,1000,0,0,743,17000,128,742,11000,128
1100,20160112,11, 1,1,       1801 ,092001,092001,092001,092001029200,1,742,16,0,2000,0,0,743,17000,128,742,9000,128
1100,20160112,11, 1,1,       1801 ,092001,092001,092001,092001030700,1,742,16,0,1000,0,0,743,17000,128,742,8000,128
1100,20160112,11, 1,1,       1801 ,,092001,092001,092001031700,1,,,,,,0,743,16000,128,742,8000,128
1100,20160112,11, 1,1,       1801 ,,092001,092001,092001032600,1,,,,,,0,743,13000,128,742,8000,128
1100,20160112,11, 1,1,       1801 ,,092001,092001,092001050300,1,,,,,,0,743,12000,128,742,8000,128
1100,20160112,11, 1,1,       1801 ,092001,092001,092001,092001117900,1,742,16,0,1000,0,0,743,12000,128,742,7000,128
1100,20160112,11, 1,1,       1801 ,092001,092001,092001,092001119900,1,742,16,0,5000,0,0,743,12000,128,742,2000,128
1100,20160112,11, 1,1,       1801 ,092001,092001,092001,092001121100,1,742,16,0,2000,0,0,743,12000,128,741,25000,128
1100,20160112,11, 1,1,       1801 ,,092001,092001,092001122100,1,,,,,,0,742,2000,128,741,25000,128
1100,20160112,11, 1,1,       1801 ,,092001,092001,092001126800,1,,,,,,0,742,4000,128,741,25000,128
1100,20160112,11, 1,1,       1801 ,,092001,092001,092001128400,1,,,,,,0,742,6000,128,741,25000,128
1100,20160112,11, 1,1,       1801 ,,092001,092001,092001685100,1,,,,,,0,742,9000,128,741,25000,128
1100,20160112,11, 1,1,       1801 ,,092001,092001,092001686900,1,,,,,,0,742,9000,128,741,20000,128
1100,20160112,11, 1,1,       1801 ,,092001,092001,092001699300,1,,,,,,0,742,9000,128,741,17000,128
1100,20160112,11, 1,1,       1801 ,,092002,092002,092002095100,1,,,,,,0,742,9000,128,741,14000,128
1100,20160112,11, 1,1,       1801 ,,092002,092002,092002097100,1,,,,,,0,742,10000,128,741,14000,128
1100,20160112,11, 1,1,       1801 ,,092004,092004,092004570900,1,,,,,,0,742,14000,128,741,14000,128
1100,20160112,11, 1,1,       1801 ,,092005,092005,092005119600,1,,,,,,0,742,14000,128,741,13000,128
1100,20160112,11, 1,1,       1801 ,,092005,092005,092005133100,1,,,,,,0,742,15000,128,741,13000,128
1100,20160112,11, 1,1,       1801 ,,092005,092005,092005135600,1,,,,,,0,742,15000,128,741,11000,128
1100,20160112,11, 1,1,       1801 ,,092005,092005,092005137600,1,,,,,,0,742,15000,128,741,8000,128
1100,20160112,11, 1,1,       1801 ,,092005,092005,092005182200,1,,,,,,0,742,15000,128,741,9000,128
1100,20160112,11, 1,1,       1801 ,,092005,092005,092005183700,1,,,,,,0,742,15000,128,741,11000,128
1100,20160112,11, 1,1,       1801 ,,092005,092005,092005184800,1,,,,,,0,742,14000,128,741,11000,128
1100,20160112,11, 1,1,       1801 ,,092010,092010,092010788700,1,,,,,,0,742,14000,128,741,12000,128
1100,20160112,11, 1,1,       1801 ,,092011,092011,092011164500,1,,,,,,0,742,14000,128,741,13000,128
1100,20160112,11, 1,1,       1801 ,,092011,092011,092011736700,1,,,,,,0,742,14000,128,741,14000,128
1100,20160112,11, 1,1,       1801 ,,092011,092011,092011746400,1,,,,,,0,742,11000,128,741,14000,128
1100,20160112,11, 1,1,       1801 ,,092011,092011,092011749400,1,,,,,,0,742,9000,128,741,14000,128
1100,20160112,11, 1,1,       1801 ,092011,092011,092011,092011750500,1,742,48,0,4000,0,0,742,5000,128,741,14000,128
1100,20160112,11, 1,1,       1801 ,092011,092011,092011,092011752700,1,742,48,0,4000,0,0,742,1000,128,741,14000,128
1100,20160112,11, 1,1,       1801 ,092011,092011,092011,092011754200,1,742,48,0,1000,0,0,743,27000,128,741,14000,128
1100,20160112,11, 1,1,       1801 ,,092011,092011,092011755600,1,,,,,,0,743,26000,128,741,14000,128
1100,20160112,11, 1,1,       1801 ,,092011,092011,092011756700,1,,,,,,0,743,26000,128,742,2000,128
1100,20160112,11, 1,1,       1801 ,,092011,092011,092011757900,1,,,,,,0,743,26000,128,742,3000,128
1100,20160112,11, 1,1,       1801 ,,092011,092011,092011759900,1,,,,,,0,743,26000,128,742,4000,128
1100,20160112,11, 1,1,       1801 ,,092011,092011,092011771400,1,,,,,,0,743,25000,128,742,4000,128
1100,20160112,11, 1,1,       1801 ,092011,092011,092011,092011776200,1,742,16,0,1000,0,0,743,25000,128,742,3000,128
1100,20160112,11, 1,1,       1801 ,,092011,092011,092011777300,1,,,,,,0,743,25000,128,742,3000,128
1100,20160112,11, 1,1,       1801 ,,092011,092011,092011783700,1,,,,,,0,743,21000,128,742,3000,128
1100,20160112,11, 1,1,       1801 ,,092011,092011,092011786300,1,,,,,,0,743,19000,128,742,3000,128
1100,20160112,11, 1,1,       1801 ,,092011,092011,092011787700,1,,,,,,0,743,19000,128,742,5000,128
1100,20160112,11, 1,1,       1801 ,,092011,092011,092011789000,1,,,,,,0,743,16000,128,742,5000,128
1100,20160112,11, 1,1,       1801 ,,092011,092011,092011790400,1,,,,,,0,743,16000,128,742,4000,128
1100,20160112,11, 1,1,       1801 ,,092011,092011,092011791600,1,,,,,,0,743,13000,128,742,4000,128
1100,20160112,11, 1,1,       1801 ,,092011,092011,092011793300,1,,,,,,0,743,13000,128,742,3000,128
1100,20160112,11, 1,1,       1801 ,,092011,092011,092011794300,1,,,,,,0,743,13000,128,742,2000,128
1100,20160112,11, 1,1,       1801 ,,092011,092011,092011795300,1,,,,,,0,743,14000,128,742,2000,128
1100,20160112,11, 1,1,       1801 ,,092011,092011,092011796100,1,,,,,,0,743,13000,128,742,2000,128
1100,20160112,11, 1,1,       1801 ,,092011,092011,092011798500,1,,,,,,0,743,13000,128,742,3000,128
1100,20160112,11, 1,1,       1801 ,,092011,092011,092011807600,1,,,,,,0,743,13000,128,742,6000,128
1100,20160112,11, 1,1,       1801 ,,092011,092011,092011976300,1,,,,,,0,743,14000,128,742,6000,128
1100,20160112,11, 1,1,       1801 ,092012,092012,092012,092012393500,1,742,16,0,1000,0,0,743,14000,128,742,5000,128
1100,20160112,11, 1,1,       1801 ,,092012,092012,092012395000,1,,,,,,0,743,14000,128,742,4000,128
1100,20160112,11, 1,1,       1801 ,,092012,092012,092012395800,1,,,,,,0,743,14000,128,742,3000,128
1100,20160112,11, 1,1,       1801 ,,092012,092012,092012396600,1,,,,,,0,743,15000,128,742,3000,128
1100,20160112,11, 1,1,       1801 ,,092012,092012,092012443100,1,,,,,,0,743,15000,128,742,4000,128
1100,20160112,11, 1,1,       1801 ,,092012,092012,092012498700,1,,,,,,0,743,15000,128,742,6000,128
1100,20160112,11, 1,1,       1801 ,,092012,092012,092012529500,1,,,,,,0,743,15000,128,742,8000,128
1100,20160112,11, 1,1,       1801 ,,092014,092014,092014298800,1,,,,,,0,743,12000,128,742,8000,128
1100,20160112,11, 1,1,       1801 ,,092015,092015,092015573900,1,,,,,,0,743,9000,128,742,8000,128
1100,20160112,11, 1,1,       1801 ,,092015,092015,092015575600,1,,,,,,0,743,7000,128,742,8000,128
1100,20160112,11, 1,1,       1801 ,,092015,092015,092015576500,1,,,,,,0,743,6000,128,742,8000,128
1100,20160112,11, 1,1,       1801 ,,092015,092015,092015755800,1,,,,,,0,743,5000,128,742,8000,128
1100,20160112,11, 1,1,       1801 ,,092015,092015,092015758100,1,,,,,,0,743,5000,128,742,13000,128
1100,20160112,11, 1,1,       1801 ,092016,092016,092016,092016974900,1,742,16,0,10000,0,0,743,5000,128,742,3000,128
1100,20160112,11, 1,1,       1801 ,,092016,092016,092016976900,1,,,,,,0,743,7000,128,742,3000,128
1100,20160112,11, 1,1,       1801 ,,092016,092016,092016979100,1,,,,,,0,743,8000,128,742,3000,128
1100,20160112,11, 1,1,       1801 ,,092016,092016,092016979800,1,,,,,,0,743,9000,128,742,3000,128
1100,20160112,11, 1,1,       1801 ,,092016,092016,092016980400,1,,,,,,0,743,9000,128,741,28000,128
1100,20160112,11, 1,1,       1801 ,,092016,092016,092016981100,1,,,,,,0,743,9000,128,741,33000,128
1100,20160112,11, 1,1,       1801 ,,092016,092016,092016982700,1,,,,,,0,743,9000,128,742,3000,128
1100,20160112,11, 1,1,       1801 ,,092016,092016,092016984500,1,,,,,,0,743,10000,128,742,3000,128
1100,20160112,11, 1,1,       1801 ,,092017,092017,092017094600,1,,,,,,0,743,10000,128,742,5000,128
1100,20160112,11, 1,1,       1801 ,,092017,092017,092017095300,1,,,,,,0,743,10000,128,742,6000,128
1100,20160112,11, 1,1,       1801 ,,092017,092017,092017096800,1,,,,,,0,743,9000,128,742,6000,128
1100,20160112,11, 1,1,       1801 ,,092017,092017,092017097500,1,,,,,,0,743,8000,128,742,6000,128
1100,20160112,11, 1,1,       1801 ,,092017,092017,092017118200,1,,,,,,0,743,9000,128,742,6000,128
1100,20160112,11, 1,1,       1801 ,,092017,092017,092017934800,1,,,,,,0,743,9000,128,742,7000,128
1100,20160112,11, 1,1,       1801 ,092021,092021,092021,092021812700,1,742,16,0,3000,0,0,743,9000,128,742,4000,128
1100,20160112,11, 1,1,       1801 ,,092023,092023,092023532900,1,,,,,,0,743,12000,128,742,4000,128
1100,20160112,11, 1,1,       1801 ,,092023,092023,092023535100,1,,,,,,0,743,13000,128,742,4000,128
1100,20160112,11, 1,1,       1801 ,092023,092023,092023,092023574200,1,742,16,0,4000,0,0,743,13000,128,741,36000,128
1100,20160112,11, 1,1,       1801 ,,092023,092023,092023576500,1,,,,,,0,743,13000,128,741,34000,128
1100,20160112,11, 1,1,       1801 ,,092023,092023,092023578800,1,,,,,,0,743,13000,128,742,3000,128
1100,20160112,11, 1,1,       1801 ,,092023,092023,092023579500,1,,,,,,0,743,16000,128,742,3000,128
1100,20160112,11, 1,1,       1801 ,,092023,092023,092023580100,1,,,,,,0,743,17000,128,742,3000,128
1100,20160112,11, 1,1,       1801 ,,092023,092023,092023582500,1,,,,,,0,743,16000,128,742,3000,128
1100,20160112,11, 1,1,       1801 ,,092023,092023,092023697600,1,,,,,,0,743,16000,128,742,4000,128
1100,20160112,11, 1,1,       1801 ,,092023,092023,092023698200,1,,,,,,0,743,16000,128,742,6000,128
1100,20160112,11, 1,1,       1801 ,,092023,092023,092023699800,1,,,,,,0,743,15000,128,742,6000,128
1100,20160112,11, 1,1,       1801 ,092024,092024,092024,092024212100,1,742,16,0,1000,0,0,743,15000,128,742,5000,128
1100,20160112,11, 1,1,       1801 ,,092024,092024,092024214600,1,,,,,,0,743,16000,128,742,5000,128
1100,20160112,11, 1,1,       1801 ,,092024,092024,092024552500,1,,,,,,0,743,16000,128,742,3000,128
1100,20160112,11, 1,1,       1801 ,,092024,092024,092024554400,1,,,,,,0,743,16000,128,742,2000,128
1100,20160112,11, 1,1,       1801 ,,092024,092024,092024585000,1,,,,,,0,743,17000,128,742,2000,128
1100,20160112,11, 1,1,       1801 ,092024,092024,092024,092024671500,1,742,16,0,1000,0,0,743,17000,128,742,1000,128
1100,20160112,11, 1,1,       1801 ,,092024,092024,092024673800,1,,,,,,0,743,19000,128,742,1000,128
1100,20160112,11, 1,1,       1801 ,,092024,092024,092024683000,1,,,,,,0,743,20000,128,742,1000,128
1100,20160112,11, 1,1,       1801 ,,092024,092024,092024772100,1,,,,,,0,743,19000,128,742,1000,128
1100,20160112,11, 1,1,       1801 ,,092024,092024,092024861700,1,,,,,,0,743,20000,128,742,1000,128
1100,20160112,11, 1,1,       1801 ,,092025,092025,092025153600,1,,,,,,0,743,19000,128,742,1000,128
1100,20160112,11, 1,1,       1801 ,,092025,092025,092025155000,1,,,,,,0,743,19000,128,742,2000,128
1100,20160112,11, 1,1,       1801 ,,092025,092025,092025452700,1,,,,,,0,743,18000,128,742,2000,128
1100,20160112,11, 1,1,       1801 ,,092025,092025,092025454200,1,,,,,,0,743,18000,128,742,4000,128
1100,20160112,11, 1,1,       1801 ,,092025,092025,092025501100,1,,,,,,0,743,19000,128,742,4000,128
1100,20160112,11, 1,1,       1801 ,,092025,092025,092025996500,1,,,,,,0,743,20000,128,742,4000,128
1100,20160112,11, 1,1,       1801 ,,092025,092025,092025999900,1,,,,,,0,743,20000,128,742,2000,128
1100,20160112,11, 1,1,       1801 ,092026,092026,092026,092026001500,1,742,16,0,2000,0,0,743,20000,128,741,36000,128
1100,20160112,11, 1,1,       1801 ,,092026,092026,092026003200,1,,,,,,0,743,20000,128,741,35000,128
1100,20160112,11, 1,1,       1801 ,,092026,092026,092026004100,1,,,,,,0,743,21000,128,741,35000,128
1100,20160112,11, 1,1,       1801 ,,092026,092026,092026005500,1,,,,,,0,742,2000,128,741,35000,128
1100,20160112,11, 1,1,       1801 ,,092026,092026,092026006900,1,,,,,,0,742,2000,128,741,34000,128
1100,20160112,11, 1,1,       1801 ,,092026,092026,092026008500,1,,,,,,0,742,4000,128,741,34000,128
1100,20160112,11, 1,1,       1801 ,,092026,092026,092026011500,1,,,,,,0,742,4000,128,741,33000,128
1100,20160112,11, 1,1,       1801 ,,092026,092026,092026013900,1,,,,,,0,742,2000,128,741,33000,128
1100,20160112,11, 1,1,       1801 ,092026,092026,092026,092026020700,1,742,48,0,2000,0,0,743,27000,128,742,1000,128
1100,20160112,11, 1,1,       1801 ,,092026,092026,092026022300,1,,,,,,0,743,27000,128,742,1000,128
1100,20160112,11, 1,1,       1801 ,,092026,092026,092026023700,1,,,,,,0,743,24000,128,742,1000,128
1100,20160112,11, 1,1,       1801 ,,092026,092026,092026036900,1,,,,,,0,743,27000,128,742,1000,128
1100,20160112,11, 1,1,       1801 ,,092026,092026,092026061400,1,,,,,,0,743,24000,128,742,1000,128
1100,20160112,11, 1,1,       1801 ,092026,092026,092026,092026063200,1,742,16,0,1000,0,0,743,23000,128,741,31000,128
1100,20160112,11, 1,1,       1801 ,,092026,092026,092026382700,1,,,,,,0,743,23000,128,741,31000,128
1100,20160112,11, 1,1,       1801 ,,092031,092031,092031929800,1,,,,,,0,743,23000,128,742,1000,128
1100,20160112,11, 1,1,       1801 ,,092031,092031,092031931200,1,,,,,,0,743,22000,128,742,1000,128
1100,20160112,11, 1,1,       1801 ,092032,092032,092032,092032104200,1,742,16,0,1000,0,0,743,22000,128,741,31000,128
1100,20160112,11, 1,1,       1801 ,,092032,092032,092032105600,1,,,,,,0,743,23000,128,741,31000,128
1100,20160112,11, 1,1,       1801 ,,092033,092033,092033272700,1,,,,,,0,743,23000,128,741,39000,128
1100,20160112,11, 1,1,       1801 ,,092033,092033,092033274000,1,,,,,,0,743,23000,128,741,40000,128
1100,20160112,11, 1,1,       1801 ,,092033,092033,092033274700,1,,,,,,0,743,22000,128,741,40000,128
1100,20160112,11, 1,1,       1801 ,,092034,092034,092034535100,1,,,,,,0,743,31000,128,741,40000,128
1100,20160112,11, 1,1,       1801 ,,092034,092034,092034536400,1,,,,,,0,743,31000,128,741,39000,128
1100,20160112,11, 1,1,       1801 ,,092034,092034,092034537200,1,,,,,,0,743,32000,128,741,39000,128
1100,20160112,11, 1,1,       1801 ,,092035,092035,092035648700,1,,,,,,0,743,31000,128,741,39000,128
1100,20160112,11, 1,1,       1801 ,,092035,092035,092035650000,1,,,,,,0,743,31000,128,741,40000,128
1100,20160112,11, 1,1,       1801 ,092037,092037,092037,092037408400,1,741,16,0,1000,0,0,743,31000,128,741,39000,128
1100,20160112,11, 1,1,       1801 ,,092037,092037,092037409900,1,,,,,,0,743,31000,128,741,38000,128
1100,20160112,11, 1,1,       1801 ,,092037,092037,092037410700,1,,,,,,0,743,32000,128,741,38000,128
1100,20160112,11, 1,1,       1801 ,,092039,092039,092039348700,1,,,,,,0,743,31000,128,741,38000,128
1100,20160112,11, 1,1,       1801 ,,092039,092039,092039349900,1,,,,,,0,743,31000,128,741,39000,128
1100,20160112,11, 1,1,       1801 ,,092042,092042,092042395100,1,,,,,,0,743,32000,128,741,39000,128
1100,20160112,11, 1,1,       1801 ,,092045,092045,092045692500,1,,,,,,0,743,23000,128,741,39000,128
1100,20160112,11, 1,1,       1801 ,,092045,092045,092045694100,1,,,,,,0,743,28000,128,741,39000,128
1100,20160112,11, 1,1,       1801 ,,092050,092050,092050493000,1,,,,,,0,743,27000,128,741,39000,128
1100,20160112,11, 1,1,       1801 ,,092103,092103,092103128500,1,,,,,,0,743,29000,128,741,39000,128
1100,20160112,11, 1,1,       1801 ,,092103,092103,092103368700,1,,,,,,0,743,30000,128,741,39000,128
1100,20160112,11, 1,1,       1801 ,,092103,092103,092103370600,1,,,,,,0,743,30000,128,741,34000,128
1100,20160112,11, 1,1,       1801 ,,092103,092103,092103371800,1,,,,,,0,743,30000,128,741,33000,128
1100,20160112,11, 1,1,       1801 ,,092105,092105,092105136900,1,,,,,,0,743,31000,128,741,33000,128
1100,20160112,11, 1,1,       1801 ,,092105,092105,092105446100,1,,,,,,0,743,31000,128,741,36000,128
1100,20160112,11, 1,1,       1801 ,,092105,092105,092105531800,1,,,,,,0,743,32000,128,741,36000,128
1100,20160112,11, 1,1,       1801 ,,092105,092105,092105583000,1,,,,,,0,743,32000,128,741,35000,128
1100,20160112,11, 1,1,       1801 ,,092106,092106,092106230800,1,,,,,,0,743,31000,128,741,35000,128
1100,20160112,11, 1,1,       1801 ,,092107,092107,092107242000,1,,,,,,0,743,32000,128,741,35000,128
1100,20160112,11, 1,1,       1801 ,,092108,092108,092108332100,1,,,,,,0,743,31000,128,741,35000,128
1100,20160112,11, 1,1,       1801 ,,092108,092108,092108334500,1,,,,,,0,743,31000,128,741,36000,128
1100,20160112,11, 1,1,       1801 ,,092108,092108,092108942500,1,,,,,,0,743,31000,128,741,35000,128
1100,20160112,11, 1,1,       1801 ,,092108,092108,092108951900,1,,,,,,0,743,32000,128,741,35000,128
1100,20160112,11, 1,1,       1801 ,,092108,092108,092108991200,1,,,,,,0,743,31000,128,741,35000,128
1100,20160112,11, 1,1,       1801 ,,092110,092110,092110449600,1,,,,,,0,743,30000,128,741,35000,128
1100,20160112,11, 1,1,       1801 ,,092110,092110,092110450400,1,,,,,,0,743,30000,128,741,33000,128
1100,20160112,11, 1,1,       1801 ,,092110,092110,092110931000,1,,,,,,0,743,30000,128,741,34000,128
1100,20160112,11, 1,1,       1801 ,,092115,092115,092115001500,1,,,,,,0,743,31000,128,741,34000,128
1100,20160112,11, 1,1,       1801 ,,092116,092116,092116911800,1,,,,,,0,743,31000,128,741,32000,128
1100,20160112,11, 1,1,       1801 ,,092116,092116,092116914200,1,,,,,,0,743,31000,128,741,27000,128
1100,20160112,11, 1,1,       1801 ,,092120,092120,092120920900,1,,,,,,0,743,31000,128,741,28000,128
1100,20160112,11, 1,1,       1801 ,,092120,092120,092120923200,1,,,,,,0,743,31000,128,741,31000,128
1100,20160112,11, 1,1,       1801 ,,092122,092122,092122090900,1,,,,,,0,743,30000,128,741,31000,128
1100,20160112,11, 1,1,       1801 ,,092124,092124,092124921400,1,,,,,,0,743,30000,128,741,32000,128
1100,20160112,11, 1,1,       1801 ,,092124,092124,092124922600,1,,,,,,0,743,30000,128,742,2000,128
1100,20160112,11, 1,1,       1801 ,,092124,092124,092124926700,1,,,,,,0,743,30000,128,742,3000,128
1100,20160112,11, 1,1,       1801 ,,092124,092124,092124927800,1,,,,,,0,743,25000,128,742,3000,128
1100,20160112,11, 1,1,       1801 ,,092124,092124,092124929600,1,,,,,,0,743,24000,128,742,3000,128
1100,20160112,11, 1,1,       1801 ,,092124,092124,092124930900,1,,,,,,0,743,24000,128,742,5000,128
1100,20160112,11, 1,1,       1801 ,,092124,092124,092124932300,1,,,,,,0,743,22000,128,742,5000,128
1100,20160112,11, 1,1,       1801 ,092125,092125,092125,092125288800,1,742,16,0,1000,0,0,743,22000,128,742,4000,128
1100,20160112,11, 1,1,       1801 ,,092125,092125,092125348800,1,,,,,,0,743,22000,128,742,4000,128
1100,20160112,11, 1,1,       1801 ,,092125,092125,092125605700,1,,,,,,0,743,21000,128,742,4000,128
1100,20160112,11, 1,1,       1801 ,,092128,092128,092128714000,1,,,,,,0,743,21000,128,742,7000,128
1100,20160112,11, 1,1,       1801 ,,092128,092128,092128718000,1,,,,,,0,743,18000,128,742,7000,128
1100,20160112,11, 1,1,       1801 ,,092130,092130,092130095000,1,,,,,,0,743,17000,128,742,7000,128
1100,20160112,11, 1,1,       1801 ,,092131,092131,092131338400,1,,,,,,0,743,18000,128,742,7000,128
1100,20160112,11, 1,1,       1801 ,,092131,092131,092131340800,1,,,,,,0,743,19000,128,742,7000,128
1100,20160112,11, 1,1,       1801 ,,092131,092131,092131507700,1,,,,,,0,743,19000,128,742,8000,128
1100,20160112,11, 1,1,       1801 ,,092131,092131,092131509500,1,,,,,,0,743,18000,128,742,8000,128
1100,20160112,11, 1,1,       1801 ,,092131,092131,092131593000,1,,,,,,0,743,17000,128,742,8000,128
1100,20160112,11, 1,1,       1801 ,,092132,092132,092132112700,1,,,,,,0,743,18000,128,742,8000,128
1100,20160112,11, 1,1,       1801 ,,092132,092132,092132953800,1,,,,,,0,743,17000,128,742,8000,128
1100,20160112,11, 1,1,       1801 ,,092134,092134,092134611000,1,,,,,,0,743,18000,128,742,8000,128
1100,20160112,11, 1,1,       1801 ,,092136,092136,092136501900,1,,,,,,0,743,17000,128,742,8000,128
1100,20160112,11, 1,1,       1801 ,,092146,092146,092146941500,1,,,,,,0,743,18000,128,742,8000,128
1100,20160112,11, 1,1,       1801 ,,092146,092146,092146944300,1,,,,,,0,743,19000,128,742,8000,128
1100,20160112,11, 1,1,       1801 ,,092146,092146,092146946600,1,,,,,,0,743,19000,128,742,7000,128
1100,20160112,11, 1,1,       1801 ,,092150,092150,092150043100,1,,,,,,0,743,19000,128,742,6000,128
1100,20160112,11, 1,1,       1801 ,,092150,092150,092150044500,1,,,,,,0,743,21000,128,742,6000,128
1100,20160112,11, 1,1,       1801 ,,092150,092150,092150052200,1,,,,,,0,743,21000,128,742,4000,128
1100,20160112,11, 1,1,       1801 ,092150,092150,092150,092150086900,1,742,16,0,1000,0,0,743,21000,128,742,3000,128
1100,20160112,11, 1,1,       1801 ,092150,092150,092150,092150088400,1,742,16,0,3000,0,0,743,21000,128,741,40000,128
1100,20160112,11, 1,1,       1801 ,,092150,092150,092150090200,1,,,,,,0,743,21000,128,741,40000,128
1100,20160112,11, 1,1,       1801 ,,092150,092150,092150091500,1,,,,,,0,742,1000,128,741,40000,128
1100,20160112,11, 1,1,       1801 ,,092150,092150,092150092800,1,,,,,,0,742,1000,128,741,39000,128
1100,20160112,11, 1,1,       1801 ,,092150,092150,092150095100,1,,,,,,0,742,1000,128,741,34000,128
1100,20160112,11, 1,1,       1801 ,,092150,092150,092150097100,1,,,,,,0,742,3000,128,741,34000,128
1100,20160112,11, 1,1,       1801 ,,092150,092150,092150097800,1,,,,,,0,742,4000,128,741,34000,128
1100,20160112,11, 1,1,       1801 ,,092150,092150,092150098500,1,,,,,,0,742,4000,128,741,37000,128
1100,20160112,11, 1,1,       1801 ,,092150,092150,092150099200,1,,,,,,0,742,5000,128,741,37000,128
1100,20160112,11, 1,1,       1801 ,,092150,092150,092150099800,1,,,,,,0,742,5000,128,741,34000,128
1100,20160112,11, 1,1,       1801 ,,092150,092150,092150261500,1,,,,,,0,742,5000,128,741,31000,128
1100,20160112,11, 1,1,       1801 ,,092150,092150,092150294900,1,,,,,,0,742,7000,128,741,31000,128
1100,20160112,11, 1,1,       1801 ,,092150,092150,092150302600,1,,,,,,0,742,8000,128,741,31000,128
1100,20160112,11, 1,1,       1801 ,,092153,092153,092153107500,1,,,,,,0,742,7000,128,741,31000,128
1100,20160112,11, 1,1,       1801 ,,092154,092154,092154010800,1,,,,,,0,742,7000,128,741,29000,128
1100,20160112,11, 1,1,       1801 ,,092154,092154,092154016600,1,,,,,,0,742,8000,128,741,29000,128
1100,20160112,11, 1,1,       1801 ,,092154,092154,092154018200,1,,,,,,0,742,8000,128,741,28000,128
1100,20160112,11, 1,1,       1801 ,,092154,092154,092154026500,1,,,,,,0,742,8000,128,741,25000,128
1100,20160112,11, 1,1,       1801 ,,092154,092154,092154030200,1,,,,,,0,742,8000,128,741,22000,128
1100,20160112,11, 1,1,       1801 ,,092154,092154,092154047700,1,,,,,,0,742,9000,128,741,22000,128
1100,20160112,11, 1,1,       1801 ,,092154,092154,092154086200,1,,,,,,0,742,9000,128,741,19000,128
1100,20160112,11, 1,1,       1801 ,,092154,092154,092154088400,1,,,,,,0,742,9000,128,741,16000,128
1100,20160112,11, 1,1,       1801 ,,092154,092154,092154134700,1,,,,,,0,742,10000,128,741,16000,128
1100,20160112,11, 1,1,       1801 ,,092154,092154,092154230700,1,,,,,,0,742,10000,128,741,14000,128
1100,20160112,11, 1,1,       1801 ,,092154,092154,092154252800,1,,,,,,0,742,10000,128,741,12000,128
1100,20160112,11, 1,1,       1801 ,,092154,092154,092154255300,1,,,,,,0,742,10000,128,741,9000,128
1100,20160112,11, 1,1,       1801 ,092154,092154,092154,092154368000,1,741,16,0,9000,0,0,742,10000,128,740,63000,128
1100,20160112,11, 1,1,       1801 ,,092154,092154,092154369900,1,,,,,,0,742,10000,128,740,62000,128
1100,20160112,11, 1,1,       1801 ,,092154,092154,092154373400,1,,,,,,0,742,11000,128,740,62000,128
1100,20160112,11, 1,1,       1801 ,,092154,092154,092154374100,1,,,,,,0,742,12000,128,740,62000,128
1100,20160112,11, 1,1,       1801 ,,092154,092154,092154375400,1,,,,,,0,741,1000,128,740,62000,128
1100,20160112,11, 1,1,       1801 ,,092154,092154,092154378900,1,,,,,,0,741,1000,128,740,57000,128
1100,20160112,11, 1,1,       1801 ,,092154,092154,092154380900,1,,,,,,0,741,2000,128,740,57000,128
1100,20160112,11, 1,1,       1801 ,,092154,092154,092154382400,1,,,,,,0,741,2000,128,740,60000,128
1100,20160112,11, 1,1,       1801 ,,092154,092154,092154383200,1,,,,,,0,741,3000,128,740,60000,128
1100,20160112,11, 1,1,       1801 ,,092154,092154,092154385800,1,,,,,,0,741,5000,128,740,60000,128
1100,20160112,11, 1,1,       1801 ,,092154,092154,092154399800,1,,,,,,0,741,5000,128,740,57000,128
1100,20160112,11, 1,1,       1801 ,,092154,092154,092154650700,1,,,,,,0,741,7000,128,740,57000,128
1100,20160112,11, 1,1,       1801 ,,092154,092154,092154845700,1,,,,,,0,741,7000,128,740,60000,128
1100,20160112,11, 1,1,       1801 ,,092155,092155,092155293300,1,,,,,,0,741,8000,128,740,60000,128
1100,20160112,11, 1,1,       1801 ,,092155,092155,092155364500,1,,,,,,0,741,9000,128,740,60000,128
1100,20160112,11, 1,1,       1801 ,,092157,092157,092157035900,1,,,,,,0,741,10000,128,740,60000,128
1100,20160112,11, 1,1,       1801 ,,092159,092159,092159041000,1,,,,,,0,741,8000,128,740,60000,128
1100,20160112,11, 1,1,       1801 ,,092159,092159,092159041900,1,,,,,,0,741,7000,128,740,60000,128
1100,20160112,11, 1,1,       1801 ,,092159,092159,092159043900,1,,,,,,0,741,6000,128,740,60000,128
1100,20160112,11, 1,1,       1801 ,,092159,092159,092159044800,1,,,,,,0,741,4000,128,740,60000,128
1100,20160112,11, 1,1,       1801 ,,092159,092159,092159048300,1,,,,,,0,741,4000,128,740,61000,128
1100,20160112,11, 1,1,       1801 ,,092159,092159,092159148900,1,,,,,,0,741,4000,128,740,60000,128
1100,20160112,11, 1,1,       1801 ,,092159,092159,092159665500,1,,,,,,0,741,6000,128,740,60000,128
1100,20160112,11, 1,1,       1801 ,,092200,092200,092200371800,1,,,,,,0,741,5000,128,740,60000,128
1100,20160112,11, 1,1,       1801 ,092201,092201,092201,092201011100,1,741,48,0,1000,0,0,741,4000,128,740,60000,128
1100,20160112,11, 1,1,       1801 ,092201,092201,092201,092201012800,1,741,48,0,3000,0,0,741,1000,128,740,60000,128
1100,20160112,11, 1,1,       1801 ,,092201,092201,092201014200,1,,,,,,0,741,1000,128,740,61000,128
1100,20160112,11, 1,1,       1801 ,092201,092201,092201,092201014800,1,741,48,0,1000,0,0,742,37000,128,740,61000,128
1100,20160112,11, 1,1,       1801 ,,092201,092201,092201015900,1,,,,,,0,742,37000,128,741,2000,128
1100,20160112,11, 1,1,       1801 ,,092201,092201,092201016700,1,,,,,,0,742,37000,128,741,3000,128
1100,20160112,11, 1,1,       1801 ,,092201,092201,092201018100,1,,,,,,0,742,37000,128,741,5000,128
1100,20160112,11, 1,1,       1801 ,,092201,092201,092201020700,1,,,,,,0,742,36000,128,741,5000,128
1100,20160112,11, 1,1,       1801 ,,092201,092201,092201023900,1,,,,,,0,742,36000,128,741,9000,128
1100,20160112,11, 1,1,       1801 ,,092201,092201,092201025700,1,,,,,,0,742,30000,128,741,9000,128
1100,20160112,11, 1,1,       1801 ,,092201,092201,092201026800,1,,,,,,0,742,25000,128,741,9000,128
1100,20160112,11, 1,1,       1801 ,,092201,092201,092201028700,1,,,,,,0,742,23000,128,741,9000,128
1100,20160112,11, 1,1,       1801 ,,092201,092201,092201031400,1,,,,,,0,742,23000,128,741,5000,128
1100,20160112,11, 1,1,       1801 ,,092201,092201,092201033200,1,,,,,,0,742,22000,128,741,5000,128
1100,20160112,11, 1,1,       1801 ,,092201,092201,092201041300,1,,,,,,0,742,22000,128,741,7000,128
1100,20160112,11, 1,1,       1801 ,,092201,092201,092201047300,1,,,,,,0,742,19000,128,741,7000,128
1100,20160112,11, 1,1,       1801 ,,092201,092201,092201059500,1,,,,,,0,742,19000,128,741,5000,128
1100,20160112,11, 1,1,       1801 ,,092201,092201,092201105200,1,,,,,,0,742,20000,128,741,5000,128
1100,20160112,11, 1,1,       1801 ,092201,092201,092201,092201154400,1,742,48,0,19000,0,0,742,1000,128,741,5000,128
1100,20160112,11, 1,1,       1801 ,,092201,092201,092201156900,1,,,,,,0,742,1000,128,741,7000,128
1100,20160112,11, 1,1,       1801 ,092201,092201,092201,092201158400,1,742,48,0,1000,0,0,743,37000,128,741,7000,128
1100,20160112,11, 1,1,       1801 ,,092201,092201,092201160200,1,,,,,,0,743,36000,128,741,7000,128
1100,20160112,11, 1,1,       1801 ,,092201,092201,092201162800,1,,,,,,0,743,36000,128,741,9000,128
1100,20160112,11, 1,1,       1801 ,,092201,092201,092201165500,1,,,,,,0,743,36000,128,742,1000,128
1100,20160112,11, 1,1,       1801 ,,092201,092201,092201175200,1,,,,,,0,743,37000,128,742,1000,128
1100,20160112,11, 1,1,       1801 ,,092201,092201,092201178300,1,,,,,,0,743,37000,128,742,2000,128
1100,20160112,11, 1,1,       1801 ,,092201,092201,092201179600,1,,,,,,0,743,37000,128,742,4000,128
1100,20160112,11, 1,1,       1801 ,,092201,092201,092201183500,1,,,,,,0,743,32000,128,742,4000,128
1100,20160112,11, 1,1,       1801 ,,092201,092201,092201186100,1,,,,,,0,743,32000,128,742,6000,128
1100,20160112,11, 1,1,       1801 ,,092201,092201,092201186800,1,,,,,,0,743,28000,128,742,6000,128
1100,20160112,11, 1,1,       1801 ,,092201,092201,092201187600,1,,,,,,0,743,28000,128,742,7000,128
1100,20160112,11, 1,1,       1801 ,,092201,092201,092201188700,1,,,,,,0,743,27000,128,742,7000,128
1100,20160112,11, 1,1,       1801 ,,092201,092201,092201191100,1,,,,,,0,743,25000,128,742,7000,128
1100,20160112,11, 1,1,       1801 ,092201,092201,092201,092201201500,1,742,16,0,1000,0,0,743,25000,128,742,6000,128
1100,20160112,11, 1,1,       1801 ,,092201,092201,092201270900,1,,,,,,0,743,25000,128,742,6000,128
1100,20160112,11, 1,1,       1801 ,092201,092201,092201,092201540700,1,742,16,0,1000,0,0,743,25000,128,742,5000,128
1100,20160112,11, 1,1,       1801 ,,092201,092201,092201557300,1,,,,,,0,743,25000,128,742,5000,128
1100,20160112,11, 1,1,       1801 ,,092204,092204,092204526200,1,,,,,,0,743,27000,128,742,5000,128
1100,20160112,11, 1,1,       1801 ,,092205,092205,092205785300,1,,,,,,0,743,28000,128,742,5000,128
1100,20160112,11, 1,1,       1801 ,092206,092206,092206,092206086200,1,742,16,0,1000,0,0,743,28000,128,742,4000,128
1100,20160112,11, 1,1,       1801 ,,092206,092206,092206087600,1,,,,,,0,743,28000,128,742,3000,128
1100,20160112,11, 1,1,       1801 ,,092206,092206,092206088400,1,,,,,,0,743,28000,128,742,2000,128
1100,20160112,11, 1,1,       1801 ,,092206,092206,092206089900,1,,,,,,0,743,28000,128,741,30000,128
1100,20160112,11, 1,1,       1801 ,,092206,092206,092206091500,1,,,,,,0,742,1000,128,741,30000,128
1100,20160112,11, 1,1,       1801 ,,092206,092206,092206094100,1,,,,,,0,742,3000,128,741,30000,128
1100,20160112,11, 1,1,       1801 ,,092206,092206,092206094800,1,,,,,,0,742,3000,128,741,28000,128
1100,20160112,11, 1,1,       1801 ,,092206,092206,092206095500,1,,,,,,0,742,3000,128,741,29000,128
1100,20160112,11, 1,1,       1801 ,,092206,092206,092206097700,1,,,,,,0,742,3000,128,741,28000,128
1100,20160112,11, 1,1,       1801 ,,092206,092206,092206116900,1,,,,,,0,742,3000,128,741,24000,128
1100,20160112,11, 1,1,       1801 ,,092206,092206,092206123300,1,,,,,,0,742,5000,128,741,24000,128
1100,20160112,11, 1,1,       1801 ,,092206,092206,092206124400,1,,,,,,0,742,6000,128,741,24000,128
1100,20160112,11, 1,1,       1801 ,,092206,092206,092206554000,1,,,,,,0,742,7000,128,741,24000,128
1100,20160112,11, 1,1,       1801 ,,092206,092206,092206801700,1,,,,,,0,742,7000,128,741,21000,128
1100,20160112,11, 1,1,       1801 ,,092206,092206,092206830100,1,,,,,,0,742,7000,128,741,18000,128
1100,20160112,11, 1,1,       1801 ,,092206,092206,092206831300,1,,,,,,0,742,8000,128,741,18000,128
1100,20160112,11, 1,1,       1801 ,,092206,092206,092206846700,1,,,,,,0,742,8000,128,741,16000,128
1100,20160112,11, 1,1,       1801 ,,092206,092206,092206848000,1,,,,,,0,742,8000,128,741,18000,128
1100,20160112,11, 1,1,       1801 ,,092206,092206,092206988000,1,,,,,,0,742,10000,128,741,18000,128
1100,20160112,11, 1,1,       1801 ,,092206,092206,092206989400,1,,,,,,0,742,10000,128,741,15000,128
1100,20160112,11, 1,1,       1801 ,,092206,092206,092206990200,1,,,,,,0,742,11000,128,741,15000,128
1100,20160112,11, 1,1,       1801 ,,092206,092206,092206991700,1,,,,,,0,742,11000,128,741,14000,128
1100,20160112,11, 1,1,       1801 ,,092206,092206,092206992400,1,,,,,,0,742,11000,128,741,11000,128
1100,20160112,11, 1,1,       1801 ,,092206,092206,092206993200,1,,,,,,0,742,11000,128,741,7000,128
1100,20160112,11, 1,1,       1801 ,,092208,092208,092208355900,1,,,,,,0,742,13000,128,741,7000,128
1100,20160112,11, 1,1,       1801 ,,092208,092208,092208359300,1,,,,,,0,742,16000,128,741,7000,128
1100,20160112,11, 1,1,       1801 ,,092209,092209,092209108800,1,,,,,,0,742,15000,128,741,7000,128
1100,20160112,11, 1,1,       1801 ,,092210,092210,092210081000,1,,,,,,0,742,14000,128,741,7000,128
1100,20160112,11, 1,1,       1801 ,,092210,092210,092210623100,1,,,,,,0,742,15000,128,741,7000,128
1100,20160112,11, 1,1,       1801 ,,092212,092212,092212166600,1,,,,,,0,742,16000,128,741,7000,128
1100,20160112,11, 1,1,       1801 ,,092212,092212,092212169400,1,,,,,,0,742,16000,128,741,5000,128
1100,20160112,11, 1,1,       1801 ,,092212,092212,092212538100,1,,,,,,0,742,16000,128,741,6000,128
1100,20160112,11, 1,1,       1801 ,,092213,092213,092213256600,1,,,,,,0,742,18000,128,741,6000,128
1100,20160112,11, 1,1,       1801 ,,092215,092215,092215316600,1,,,,,,0,742,17000,128,741,6000,128
1100,20160112,11, 1,1,       1801 ,,092215,092215,092215318400,1,,,,,,0,742,19000,128,741,6000,128
1100,20160112,11, 1,1,       1801 ,,092216,092216,092216560000,1,,,,,,0,742,20000,128,741,6000,128
1100,20160112,11, 1,1,       1801 ,,092216,092216,092216877600,1,,,,,,0,742,21000,128,741,6000,128
1100,20160112,11, 1,1,       1801 ,,092218,092218,092218287300,1,,,,,,0,742,21000,128,741,7000,128
1100,20160112,11, 1,1,       1801 ,,092218,092218,092218730600,1,,,,,,0,742,20000,128,741,7000,128
1100,20160112,11, 1,1,       1801 ,,092219,092219,092219020700,1,,,,,,0,742,21000,128,741,7000,128
1100,20160112,11, 1,1,       1801 ,,092219,092219,092219131400,1,,,,,,0,742,21000,128,741,6000,128
1100,20160112,11, 1,1,       1801 ,,092219,092219,092219164600,1,,,,,,0,742,21000,128,741,4000,128
1100,20160112,11, 1,1,       1801 ,092219,092219,092219,092219280400,1,741,16,0,1000,0,0,742,21000,128,741,3000,128
1100,20160112,11, 1,1,       1801 ,092219,092219,092219,092219281700,1,741,16,0,2000,0,0,742,21000,128,741,1000,128
1100,20160112,11, 1,1,       1801 ,092219,092219,092219,092219283400,1,741,16,0,1000,0,0,742,21000,128,740,61000,128
1100,20160112,11, 1,1,       1801 ,,092219,092219,092219286000,1,,,,,,0,741,1000,128,740,61000,128
1100,20160112,11, 1,1,       1801 ,,092219,092219,092219287700,1,,,,,,0,741,1000,128,740,60000,128
1100,20160112,11, 1,1,       1801 ,,092219,092219,092219294100,1,,,,,,0,741,1000,128,740,59000,128
1100,20160112,11, 1,1,       1801 ,,092219,092219,092219295500,1,,,,,,0,741,1000,128,740,63000,128
1100,20160112,11, 1,1,       1801 ,,092219,092219,092219296100,1,,,,,,0,741,1000,128,740,62000,128
1100,20160112,11, 1,1,       1801 ,,092219,092219,092219297600,1,,,,,,0,741,1000,128,740,64000,128
1100,20160112,11, 1,1,       1801 ,,092219,092219,092219299000,1,,,,,,0,741,1000,128,740,59000,128
1100,20160112,11, 1,1,       1801 ,,092219,092219,092219301700,1,,,,,,0,741,1000,128,740,60000,128
1100,20160112,11, 1,1,       1801 ,,092219,092219,092219311400,1,,,,,,0,741,1000,128,740,57000,128
1100,20160112,11, 1,1,       1801 ,,092219,092219,092219370200,1,,,,,,0,741,1000,128,740,56000,128
1100,20160112,11, 1,1,       1801 ,092219,092219,092219,092219399800,1,741,48,0,1000,0,0,742,36000,128,740,56000,128
1100,20160112,11, 1,1,       1801 ,,092219,092219,092219401200,1,,,,,,0,742,36000,128,741,4000,128
1100,20160112,11, 1,1,       1801 ,,092219,092219,092219403200,1,,,,,,0,742,36000,128,741,6000,128
1100,20160112,11, 1,1,       1801 ,,092219,092219,092219404000,1,,,,,,0,742,32000,128,741,6000,128
1100,20160112,11, 1,1,       1801 ,,092219,092219,092219404700,1,,,,,,0,742,32000,128,741,8000,128
1100,20160112,11, 1,1,       1801 ,,092219,092219,092219406100,1,,,,,,0,742,32000,128,741,9000,128
1100,20160112,11, 1,1,       1801 ,,092219,092219,092219411500,1,,,,,,0,742,29000,128,741,9000,128
1100,20160112,11, 1,1,       1801 ,092219,092219,092219,092219575700,1,741,16,0,1000,0,0,742,29000,128,741,8000,128
1100,20160112,11, 1,1,       1801 ,092219,092219,092219,092219577200,1,741,16,0,1000,0,0,742,29000,128,741,7000,128
1100,20160112,11, 1,1,       1801 ,,092219,092219,092219578600,1,,,,,,0,742,29000,128,741,6000,128
1100,20160112,11, 1,1,       1801 ,,092219,092219,092219650600,1,,,,,,0,742,29000,128,741,7000,128
1100,20160112,11, 1,1,       1801 ,,092220,092220,092220427000,1,,,,,,0,742,25000,128,741,7000,128
1100,20160112,11, 1,1,       1801 ,,092228,092228,092228769200,1,,,,,,0,742,25000,128,741,8000,128
1100,20160112,11, 1,1,       1801 ,,092233,092233,092233615000,1,,,,,,0,742,24000,128,741,8000,128
1100,20160112,11, 1,1,       1801 ,,092233,092233,092233616400,1,,,,,,0,742,22000,128,741,8000,128
1100,20160112,11, 1,1,       1801 ,,092233,092233,092233617800,1,,,,,,0,742,18000,128,741,8000,128
1100,20160112,11, 1,1,       1801 ,,092233,092233,092233699100,1,,,,,,0,742,15000,128,741,8000,128
1100,20160112,11, 1,1,       1801 ,,092237,092237,092237689100,1,,,,,,0,742,16000,128,741,8000,128
1100,20160112,11, 1,1,       1801 ,,092239,092239,092239007500,1,,,,,,0,742,14000,128,741,8000,128
1100,20160112,11, 1,1,       1801 ,,092244,092244,092244351600,1,,,,,,0,742,15000,128,741,8000,128
1100,20160112,11, 1,1,       1801 ,,092246,092246,092246599200,1,,,,,,0,742,17000,128,741,8000,128
1100,20160112,11, 1,1,       1801 ,,092246,092246,092246631900,1,,,,,,0,742,17000,128,741,7000,128
1100,20160112,11, 1,1,       1801 ,,092246,092246,092246633400,1,,,,,,0,742,19000,128,741,7000,128
1100,20160112,11, 1,1,       1801 ,,092246,092246,092246635100,1,,,,,,0,742,22000,128,741,7000,128
1100,20160112,11, 1,1,       1801 ,,092246,092246,092246636300,1,,,,,,0,742,22000,128,741,5000,128
1100,20160112,11, 1,1,       1801 ,092246,092246,092246,092246667900,1,741,16,0,1000,0,0,742,22000,128,741,4000,128
1100,20160112,11, 1,1,       1801 ,,092248,092248,092248203400,1,,,,,,0,742,22000,128,741,4000,128
1100,20160112,11, 1,1,       1801 ,092252,092252,092252,092252773900,1,741,16,0,4000,0,0,742,22000,128,740,65000,128
1100,20160112,11, 1,1,       1801 ,,092252,092252,092252775300,1,,,,,,0,742,22000,128,740,66000,128
1100,20160112,11, 1,1,       1801 ,,092252,092252,092252778100,1,,,,,,0,742,22000,128,740,65000,128
1100,20160112,11, 1,1,       1801 ,,092252,092252,092252818800,1,,,,,,0,742,22000,128,740,67000,128
1100,20160112,11, 1,1,       1801 ,,092252,092252,092252820400,1,,,,,,0,742,27000,128,740,67000,128
1100,20160112,11, 1,1,       1801 ,,092254,092254,092254077900,1,,,,,,0,742,27000,128,740,69000,128
1100,20160112,11, 1,1,       1801 ,,092254,092254,092254173300,1,,,,,,0,742,27000,128,741,1000,128
1100,20160112,11, 1,1,       1801 ,,092254,092254,092254176200,1,,,,,,0,742,27000,128,741,3000,128
1100,20160112,11, 1,1,       1801 ,,092254,092254,092254273700,1,,,,,,0,742,27000,128,741,2000,128
1100,20160112,11, 1,1,       1801 ,092300,092300,092300,092300632700,1,741,16,0,1000,0,0,742,27000,128,741,1000,128
1100,20160112,11, 1,1,       1801 ,,092300,092300,092300634200,1,,,,,,0,742,27000,128,740,65000,128
1100,20160112,11, 1,1,       1801 ,,092300,092300,092300635500,1,,,,,,0,742,27000,128,740,63000,128
1100,20160112,11, 1,1,       1801 ,,092300,092300,092300637700,1,,,,,,0,742,31000,128,740,63000,128
1100,20160112,11, 1,1,       1801 ,,092300,092300,092300638400,1,,,,,,0,742,31000,128,740,62000,128
1100,20160112,11, 1,1,       1801 ,,092300,092300,092300639200,1,,,,,,0,742,31000,128,740,67000,128
1100,20160112,11, 1,1,       1801 ,,092300,092300,092300661400,1,,,,,,0,742,31000,128,740,64000,128
1100,20160112,11, 1,1,       1801 ,,092302,092302,092302072700,1,,,,,,0,742,31000,128,740,63000,128
1100,20160112,11, 1,1,       1801 ,,092302,092302,092302213600,1,,,,,,0,741,3000,128,740,63000,128
1100,20160112,11, 1,1,       1801 ,,092302,092302,092302216500,1,,,,,,0,741,3000,128,740,58000,128
1100,20160112,11, 1,1,       1801 ,,092302,092302,092302218600,1,,,,,,0,741,3000,128,740,53000,128
1100,20160112,11, 1,1,       1801 ,,092302,092302,092302219200,1,,,,,,0,741,4000,128,740,53000,128
1100,20160112,11, 1,1,       1801 ,,092302,092302,092302220000,1,,,,,,0,741,5000,128,740,53000,128
1100,20160112,11, 1,1,       1801 ,,092302,092302,092302220800,1,,,,,,0,741,7000,128,740,53000,128
1100,20160112,11, 1,1,       1801 ,,092302,092302,092302222900,1,,,,,,0,741,7000,128,740,51000,128
1100,20160112,11, 1,1,       1801 ,,092302,092302,092302231200,1,,,,,,0,741,8000,128,740,51000,128
1100,20160112,11, 1,1,       1801 ,,092302,092302,092302880400,1,,,,,,0,741,9000,128,740,51000,128
1100,20160112,11, 1,1,       1801 ,,092310,092310,092310172300,1,,,,,,0,741,11000,128,740,51000,128
1100,20160112,11, 1,1,       1801 ,,092310,092310,092310173900,1,,,,,,0,741,11000,128,740,50000,128
1100,20160112,11, 1,1,       1801 ,,092312,092312,092312051000,1,,,,,,0,741,11000,128,740,47000,128
1100,20160112,11, 1,1,       1801 ,,092312,092312,092312052100,1,,,,,,0,741,11000,128,740,45000,128
1100,20160112,11, 1,1,       1801 ,,092314,092314,092314480400,1,,,,,,0,741,11000,128,740,47000,128
1100,20160112,11, 1,1,       1801 ,,092314,092314,092314483300,1,,,,,,0,741,10000,128,740,47000,128
1100,20160112,11, 1,1,       1801 ,,092314,092314,092314510800,1,,,,,,0,741,9000,128,740,47000,128
1100,20160112,11, 1,1,       1801 ,,092314,092314,092314520800,1,,,,,,0,741,7000,128,740,47000,128
1100,20160112,11, 1,1,       1801 ,,092315,092315,092315878300,1,,,,,,0,741,6000,128,740,47000,128
1100,20160112,11, 1,1,       1801 ,092315,092315,092315,092315879800,1,741,48,0,1000,0,0,741,5000,128,740,47000,128
1100,20160112,11, 1,1,       1801 ,092315,092315,092315,092315881200,1,741,48,0,3000,0,0,741,2000,128,740,47000,128
1100,20160112,11, 1,1,       1801 ,,092315,092315,092315882200,1,,,,,,0,741,2000,128,740,50000,128
1100,20160112,11, 1,1,       1801 ,,092315,092315,092315882900,1,,,,,,0,741,2000,128,740,52000,128
1100,20160112,11, 1,1,       1801 ,,092315,092315,092315883600,1,,,,,,0,741,2000,128,740,53000,128
1100,20160112,11, 1,1,       1801 ,092315,092315,092315,092315884300,1,741,48,0,2000,0,0,742,41000,128,740,53000,128
1100,20160112,11, 1,1,       1801 ,,092315,092315,092315885000,1,,,,,,0,742,41000,128,741,2000,128
1100,20160112,11, 1,1,       1801 ,,092315,092315,092315887200,1,,,,,,0,742,41000,128,741,4000,128
1100,20160112,11, 1,1,       1801 ,092315,092315,092315,092315893000,1,741,16,0,1000,0,0,742,41000,128,741,3000,128
1100,20160112,11, 1,1,       1801 ,,092315,092315,092315900900,1,,,,,,0,742,41000,128,741,3000,128
1100,20160112,11, 1,1,       1801 ,,092315,092315,092315911400,1,,,,,,0,742,38000,128,741,3000,128
1100,20160112,11, 1,1,       1801 ,,092316,092316,092316140200,1,,,,,,0,742,37000,128,741,3000,128
1100,20160112,11, 1,1,       1801 ,,092317,092317,092317989600,1,,,,,,0,742,37000,128,741,4000,128
1100,20160112,11, 1,1,       1801 ,,092319,092319,092319002600,1,,,,,,0,742,38000,128,741,4000,128
1100,20160112,11, 1,1,       1801 ,,092319,092319,092319009700,1,,,,,,0,742,38000,128,741,3000,128
1100,20160112,11, 1,1,       1801 ,,092322,092322,092322109900,1,,,,,,0,742,38000,128,741,5000,128
1100,20160112,11, 1,1,       1801 ,,092322,092322,092322110900,1,,,,,,0,742,37000,128,741,5000,128
1100,20160112,11, 1,1,       1801 ,,092322,092322,092322111900,1,,,,,,0,742,37000,128,741,6000,128
1100,20160112,11, 1,1,       1801 ,,092322,092322,092322112600,1,,,,,,0,742,33000,128,741,6000,128
1100,20160112,11, 1,1,       1801 ,,092322,092322,092322160600,1,,,,,,0,742,28000,128,741,6000,128
1100,20160112,11, 1,1,       1801 ,,092322,092322,092322641400,1,,,,,,0,742,29000,128,741,6000,128
1100,20160112,11, 1,1,       1801 ,,092325,092325,092325623100,1,,,,,,0,742,29000,128,741,5000,128
1100,20160112,11, 1,1,       1801 ,,092325,092325,092325625200,1,,,,,,0,742,29000,128,741,3000,128
1100,20160112,11, 1,1,       1801 ,,092326,092326,092326713100,1,,,,,,0,742,28000,128,741,3000,128
1100,20160112,11, 1,1,       1801 ,,092326,092326,092326729900,1,,,,,,0,742,28000,128,741,5000,128
1100,20160112,11, 1,1,       1801 ,,092326,092326,092326731100,1,,,,,,0,742,28000,128,741,6000,128
1100,20160112,11, 1,1,       1801 ,092328,092328,092328,092328761600,1,741,16,0,1000,0,0,742,28000,128,741,5000,128
1100,20160112,11, 1,1,       1801 ,,092328,092328,092328763200,1,,,,,,0,742,28000,128,741,4000,128
1100,20160112,11, 1,1,       1801 ,092328,092328,092328,092328804800,1,741,16,0,1000,0,0,742,28000,128,741,3000,128
1100,20160112,11, 1,1,       1801 ,,092328,092328,092328806800,1,,,,,,0,742,29000,128,741,3000,128
1100,20160112,11, 1,1,       1801 ,,092328,092328,092328808100,1,,,,,,0,742,29000,128,741,1000,128
1100,20160112,11, 1,1,       1801 ,,092334,092334,092334668400,1,,,,,,0,742,28000,128,741,1000,128
1100,20160112,11, 1,1,       1801 ,,092334,092334,092334814000,1,,,,,,0,742,29000,128,741,1000,128
1100,20160112,11, 1,1,       1801 ,,092334,092334,092334815700,1,,,,,,0,742,34000,128,741,1000,128
1100,20160112,11, 1,1,       1801 ,092334,092334,092334,092334816400,1,741,16,0,1000,0,0,742,34000,128,740,65000,128
1100,20160112,11, 1,1,       1801 ,,092334,092334,092334817900,1,,,,,,0,742,34000,128,740,65000,128
1100,20160112,11, 1,1,       1801 ,,092334,092334,092334818500,1,,,,,,0,742,34000,128,740,67000,128
1100,20160112,11, 1,1,       1801 ,,092334,092334,092334835900,1,,,,,,0,742,34000,128,740,64000,128
1100,20160112,11, 1,1,       1801 ,,092334,092334,092334840500,1,,,,,,0,742,34000,128,740,62000,128
1100,20160112,11, 1,1,       1801 ,,092334,092334,092334841200,1,,,,,,0,742,34000,128,740,64000,128
1100,20160112,11, 1,1,       1801 ,,092334,092334,092334955800,1,,,,,,0,742,34000,128,740,65000,128
1100,20160112,11, 1,1,       1801 ,,092334,092334,092334956900,1,,,,,,0,742,34000,128,740,66000,128
1100,20160112,11, 1,1,       1801 ,,092341,092341,092341006600,1,,,,,,0,742,52000,128,740,66000,128
1100,20160112,11, 1,1,       1801 ,,092341,092341,092341007700,1,,,,,,0,742,52000,128,740,65000,128
1100,20160112,11, 1,1,       1801 ,,092341,092341,092341008500,1,,,,,,0,742,53000,128,740,65000,128
1100,20160112,11, 1,1,       1801 ,,092341,092341,092341009100,1,,,,,,0,742,53000,128,740,60000,128
1100,20160112,11, 1,1,       1801 ,,092341,092341,092341549100,1,,,,,,0,742,52000,128,740,60000,128
1100,20160112,11, 1,1,       1801 ,,092343,092343,092343408700,1,,,,,,0,742,52000,128,740,59000,128
1100,20160112,11, 1,1,       1801 ,,092344,092344,092344921900,1,,,,,,0,742,52000,128,740,60000,128
1100,20160112,11, 1,1,       1801 ,,092348,092348,092348851500,1,,,,,,0,742,52000,128,740,59000,128
1100,20160112,11, 1,1,       1801 ,,092349,092349,092349230500,1,,,,,,0,742,52000,128,740,60000,128
1100,20160112,11, 1,1,       1801 ,,092350,092350,092350900600,1,,,,,,0,742,52000,128,740,59000,128
1100,20160112,11, 1,1,       1801 ,,092352,092352,092352561600,1,,,,,,0,742,52000,128,740,60000,128
1100,20160112,11, 1,1,       1801 ,,092353,092353,092353786800,1,,,,,,0,742,52000,128,740,66000,128
1100,20160112,11, 1,1,       1801 ,,092353,092353,092353788300,1,,,,,,0,742,52000,128,740,71000,128
1100,20160112,11, 1,1,       1801 ,,092400,092400,092400812000,1,,,,,,0,742,52000,128,740,72000,128
1100,20160112,11, 1,1,       1801 ,,092401,092401,092401631300,1,,,,,,0,742,52000,128,740,71000,128
1100,20160112,11, 1,1,       1801 ,,092403,092403,092403392600,1,,,,,,0,742,52000,128,740,77000,128
1100,20160112,11, 1,1,       1801 ,,092404,092404,092404592100,1,,,,,,0,742,52000,128,740,78000,128
1100,20160112,11, 1,1,       1801 ,,092408,092408,092408841000,1,,,,,,0,742,52000,128,740,79000,128
1100,20160112,11, 1,1,       1801 ,,092409,092409,092409631500,1,,,,,,0,742,52000,128,740,78000,128
1100,20160112,11, 1,1,       1801 ,,092420,092420,092420453300,1,,,,,,0,742,52000,128,740,77000,128
1100,20160112,11, 1,1,       1801 ,092420,092420,092420,092420569200,1,740,16,0,2000,0,0,742,52000,128,740,75000,128
1100,20160112,11, 1,1,       1801 ,,092420,092420,092420570700,1,,,,,,0,742,53000,128,740,75000,128
1100,20160112,11, 1,1,       1801 ,,092421,092421,092421249200,1,,,,,,0,742,52000,128,740,75000,128
1100,20160112,11, 1,1,       1801 ,,092421,092421,092421450900,1,,,,,,0,742,52000,128,740,76000,128
1100,20160112,11, 1,1,       1801 ,,092422,092422,092422942200,1,,,,,,0,742,52000,128,740,75000,128
1100,20160112,11, 1,1,       1801 ,,092425,092425,092425371500,1,,,,,,0,742,52000,128,740,76000,128
1100,20160112,11, 1,1,       1801 ,,092426,092426,092426882200,1,,,,,,0,742,52000,128,740,77000,128
1100,20160112,11, 1,1,       1801 ,,092426,092426,092426902000,1,,,,,,0,742,52000,128,740,76000,128
1100,20160112,11, 1,1,       1801 ,,092428,092428,092428742000,1,,,,,,0,742,52000,128,740,77000,128
1100,20160112,11, 1,1,       1801 ,,092429,092429,092429427400,1,,,,,,0,742,52000,128,741,1000,128
1100,20160112,11, 1,1,       1801 ,,092429,092429,092429428700,1,,,,,,0,742,52000,128,741,3000,128
1100,20160112,11, 1,1,       1801 ,,092429,092429,092429429300,1,,,,,,0,742,52000,128,741,4000,128
1100,20160112,11, 1,1,       1801 ,,092429,092429,092429431400,1,,,,,,0,742,50000,128,741,4000,128
1100,20160112,11, 1,1,       1801 ,,092429,092429,092429432900,1,,,,,,0,742,45000,128,741,4000,128
1100,20160112,11, 1,1,       1801 ,,092429,092429,092429434300,1,,,,,,0,742,44000,128,741,4000,128
1100,20160112,11, 1,1,       1801 ,,092429,092429,092429522100,1,,,,,,0,742,44000,128,741,3000,128
1100,20160112,11, 1,1,       1801 ,,092434,092434,092434744300,1,,,,,,0,742,44000,128,741,4000,128
1100,20160112,11, 1,1,       1801 ,,092434,092434,092434747600,1,,,,,,0,742,43000,128,741,4000,128
1100,20160112,11, 1,1,       1801 ,,092434,092434,092434750000,1,,,,,,0,742,40000,128,741,4000,128
1100,20160112,11, 1,1,       1801 ,,092434,092434,092434753100,1,,,,,,0,742,40000,128,741,6000,128
1100,20160112,11, 1,1,       1801 ,,092434,092434,092434754700,1,,,,,,0,742,38000,128,741,6000,128
1100,20160112,11, 1,1,       1801 ,,092434,092434,092434756000,1,,,,,,0,742,34000,128,741,6000,128
1100,20160112,11, 1,1,       1801 ,,092435,092435,092435144500,1,,,,,,0,742,32000,128,741,6000,128
1100,20160112,11, 1,1,       1801 ,,092438,092438,092438121300,1,,,,,,0,742,32000,128,741,10000,128
1100,20160112,11, 1,1,       1801 ,,092438,092438,092438125600,1,,,,,,0,742,28000,128,741,10000,128
1100,20160112,11, 1,1,       1801 ,,092438,092438,092438127000,1,,,,,,0,742,28000,128,741,13000,128
1100,20160112,11, 1,1,       1801 ,,092438,092438,092438127700,1,,,,,,0,742,28000,128,741,15000,128
1100,20160112,11, 1,1,       1801 ,,092439,092439,092439006900,1,,,,,,0,742,10000,128,741,15000,128
1100,20160112,11, 1,1,       1801 ,092439,092439,092439,092439008300,1,742,48,0,10000,0,0,743,41000,128,741,15000,128
1100,20160112,11, 1,1,       1801 ,,092439,092439,092439009100,1,,,,,,0,743,41000,128,741,21000,128
1100,20160112,11, 1,1,       1801 ,,092439,092439,092439010000,1,,,,,,0,743,41000,128,742,2000,128
1100,20160112,11, 1,1,       1801 ,,092439,092439,092439010900,1,,,,,,0,743,41000,128,742,3000,128
1100,20160112,11, 1,1,       1801 ,,092439,092439,092439016000,1,,,,,,0,743,41000,128,742,9000,128
1100,20160112,11, 1,1,       1801 ,,092439,092439,092439016700,1,,,,,,0,743,37000,128,742,9000,128
1100,20160112,11, 1,1,       1801 ,,092439,092439,092439018300,1,,,,,,0,743,36000,128,742,9000,128
1100,20160112,11, 1,1,       1801 ,,092439,092439,092439020800,1,,,,,,0,743,33000,128,742,9000,128
1100,20160112,11, 1,1,       1801 ,,092439,092439,092439021600,1,,,,,,0,743,31000,128,742,9000,128
1100,20160112,11, 1,1,       1801 ,,092439,092439,092439024300,1,,,,,,0,743,26000,128,742,9000,128
1100,20160112,11, 1,1,       1801 ,,092439,092439,092439026000,1,,,,,,0,743,27000,128,742,9000,128
1100,20160112,11, 1,1,       1801 ,,092439,092439,092439026800,1,,,,,,0,743,26000,128,742,9000,128
1100,20160112,11, 1,1,       1801 ,,092439,092439,092439037400,1,,,,,,0,743,23000,128,742,9000,128
1100,20160112,11, 1,1,       1801 ,,092439,092439,092439039600,1,,,,,,0,743,23000,128,742,10000,128
1100,20160112,11, 1,1,       1801 ,,092439,092439,092439051600,1,,,,,,0,743,22000,128,742,10000,128
1100,20160112,11, 1,1,       1801 ,,092439,092439,092439350600,1,,,,,,0,743,21000,128,742,10000,128
1100,20160112,11, 1,1,       1801 ,,092439,092439,092439353000,1,,,,,,0,743,21000,128,742,11000,128
1100,20160112,11, 1,1,       1801 ,,092439,092439,092439354600,1,,,,,,0,743,21000,128,742,13000,128
1100,20160112,11, 1,1,       1801 ,,092439,092439,092439356200,1,,,,,,0,743,19000,128,742,13000,128
1100,20160112,11, 1,1,       1801 ,,092439,092439,092439359900,1,,,,,,0,743,17000,128,742,13000,128
1100,20160112,11, 1,1,       1801 ,,092439,092439,092439363300,1,,,,,,0,743,17000,128,742,15000,128
1100,20160112,11, 1,1,       1801 ,,092439,092439,092439464200,1,,,,,,0,743,17000,128,742,13000,128
1100,20160112,11, 1,1,       1801 ,,092439,092439,092439465200,1,,,,,,0,743,18000,128,742,13000,128
1100,20160112,11, 1,1,       1801 ,,092439,092439,092439466000,1,,,,,,0,743,18000,128,742,17000,128
1100,20160112,11, 1,1,       1801 ,,092440,092440,092440534400,1,,,,,,0,743,18000,128,742,19000,128
1100,20160112,11, 1,1,       1801 ,,092440,092440,092440821600,1,,,,,,0,743,17000,128,742,19000,128
1100,20160112,11, 1,1,       1801 ,,092442,092442,092442801100,1,,,,,,0,743,17000,128,742,18000,128
1100,20160112,11, 1,1,       1801 ,,092442,092442,092442808600,1,,,,,,0,743,14000,128,742,18000,128
1100,20160112,11, 1,1,       1801 ,,092442,092442,092442809500,1,,,,,,0,743,11000,128,742,18000,128
1100,20160112,11, 1,1,       1801 ,,092442,092442,092442811600,1,,,,,,0,743,11000,128,742,16000,128
1100,20160112,11, 1,1,       1801 ,,092442,092442,092442812600,1,,,,,,0,743,13000,128,742,16000,128
1100,20160112,11, 1,1,       1801 ,092442,092442,092442,092442813300,1,743,48,0,1000,0,0,743,12000,128,742,16000,128
1100,20160112,11, 1,1,       1801 ,,092442,092442,092442814400,1,,,,,,0,743,12000,128,742,15000,128
1100,20160112,11, 1,1,       1801 ,,092442,092442,092442815400,1,,,,,,0,743,14000,128,742,15000,128
1100,20160112,11, 1,1,       1801 ,,092443,092443,092443157400,1,,,,,,0,743,15000,128,742,15000,128
1100,20160112,11, 1,1,       1801 ,,092443,092443,092443159700,1,,,,,,0,743,16000,128,742,15000,128
1100,20160112,11, 1,1,       1801 ,,092443,092443,092443230500,1,,,,,,0,743,16000,128,742,16000,128
1100,20160112,11, 1,1,       1801 ,,092443,092443,092443918400,1,,,,,,0,743,17000,128,742,16000,128
1100,20160112,11, 1,1,       1801 ,,092444,092444,092444264200,1,,,,,,0,743,16000,128,742,16000,128
1100,20160112,11, 1,1,       1801 ,,092444,092444,092444266200,1,,,,,,0,743,15000,128,742,16000,128
1100,20160112,11, 1,1,       1801 ,,092444,092444,092444822600,1,,,,,,0,743,15000,128,742,17000,128
1100,20160112,11, 1,1,       1801 ,,092448,092448,092448752800,1,,,,,,0,743,16000,128,742,17000,128
1100,20160112,11, 1,1,       1801 ,,092449,092449,092449536600,1,,,,,,0,743,16000,128,742,15000,128
1100,20160112,11, 1,1,       1801 ,,092449,092449,092449537300,1,,,,,,0,743,17000,128,742,15000,128
1100,20160112,11, 1,1,       1801 ,,092453,092453,092453043200,1,,,,,,0,743,16000,128,742,15000,128
1100,20160112,11, 1,1,       1801 ,,092453,092453,092453046600,1,,,,,,0,743,16000,128,742,17000,128
1100,20160112,11, 1,1,       1801 ,,092453,092453,092453047300,1,,,,,,0,743,15000,128,742,17000,128
1100,20160112,11, 1,1,       1801 ,,092453,092453,092453050400,1,,,,,,0,743,13000,128,742,17000,128
1100,20160112,11, 1,1,       1801 ,,092456,092456,092456559500,1,,,,,,0,743,14000,128,742,17000,128
1100,20160112,11, 1,1,       1801 ,,092501,092501,092501373300,1,,,,,,0,743,14000,128,742,15000,128
1100,20160112,11, 1,1,       1801 ,,092505,092505,092505365500,1,,,,,,0,743,14000,128,742,14000,128
1100,20160112,11, 1,1,       1801 ,,092505,092505,092505367000,1,,,,,,0,743,14000,128,742,10000,128
1100,20160112,11, 1,1,       1801 ,,092505,092505,092505367700,1,,,,,,0,743,14000,128,742,13000,128
1100,20160112,11, 1,1,       1801 ,,092505,092505,092505368300,1,,,,,,0,743,15000,128,742,13000,128
1100,20160112,11, 1,1,       1801 ,,092505,092505,092505369000,1,,,,,,0,743,18000,128,742,13000,128
1100,20160112,11, 1,1,       1801 ,,092507,092507,092507373500,1,,,,,,0,743,17000,128,742,13000,128
1100,20160112,11, 1,1,       1801 ,,092507,092507,092507808200,1,,,,,,0,743,17000,128,742,17000,128
1100,20160112,11, 1,1,       1801 ,,092507,092507,092507810000,1,,,,,,0,743,16000,128,742,17000,128
1100,20160112,11, 1,1,       1801 ,,092507,092507,092507810800,1,,,,,,0,743,16000,128,742,19000,128
1100,20160112,11, 1,1,       1801 ,,092509,092509,092509411700,1,,,,,,0,743,17000,128,742,19000,128
1100,20160112,11, 1,1,       1801 ,,092509,092509,092509414000,1,,,,,,0,743,18000,128,742,19000,128
1100,20160112,11, 1,1,       1801 ,,092512,092512,092512940500,1,,,,,,0,743,17000,128,742,19000,128
1100,20160112,11, 1,1,       1801 ,,092512,092512,092512942700,1,,,,,,0,743,17000,128,742,17000,128
1100,20160112,11, 1,1,       1801 ,,092512,092512,092512971400,1,,,,,,0,743,17000,128,742,19000,128
1100,20160112,11, 1,1,       1801 ,,092512,092512,092512973200,1,,,,,,0,743,16000,128,742,19000,128
1100,20160112,11, 1,1,       1801 ,,092513,092513,092513052300,1,,,,,,0,743,13000,128,742,19000,128
1100,20160112,11, 1,1,       1801 ,,092513,092513,092513055100,1,,,,,,0,743,13000,128,742,21000,128
1100,20160112,11, 1,1,       1801 ,,092513,092513,092513058900,1,,,,,,0,743,13000,128,742,24000,128
1100,20160112,11, 1,1,       1801 ,,092518,092518,092518732100,1,,,,,,0,743,12000,128,742,24000,128
1100,20160112,11, 1,1,       1801 ,,092519,092519,092519077100,1,,,,,,0,743,12000,128,742,25000,128
1100,20160112,11, 1,1,       1801 ,,092521,092521,092521982300,1,,,,,,0,743,13000,128,742,25000,128
1100,20160112,11, 1,1,       1801 ,,092521,092521,092521984300,1,,,,,,0,743,19000,128,742,25000,128
1100,20160112,11, 1,1,       1801 ,,092521,092521,092521986000,1,,,,,,0,743,20000,128,742,25000,128
1100,20160112,11, 1,1,       1801 ,,092524,092524,092524029800,1,,,,,,0,743,20000,128,742,23000,128
1100,20160112,11, 1,1,       1801 ,,092524,092524,092524031400,1,,,,,,0,743,20000,128,742,20000,128
1100,20160112,11, 1,1,       1801 ,,092524,092524,092524032200,1,,,,,,0,743,23000,128,742,20000,128
1100,20160112,11, 1,1,       1801 ,,092524,092524,092524032800,1,,,,,,0,743,23000,128,742,18000,128
1100,20160112,11, 1,1,       1801 ,,092524,092524,092524033600,1,,,,,,0,743,26000,128,742,18000,128
1100,20160112,11, 1,1,       1801 ,,092524,092524,092524489600,1,,,,,,0,743,27000,128,742,18000,128
1100,20160112,11, 1,1,       1801 ,,092524,092524,092524491200,1,,,,,,0,743,27000,128,742,15000,128
1100,20160112,11, 1,1,       1801 ,,092524,092524,092524492400,1,,,,,,0,743,27000,128,742,9000,128
1100,20160112,11, 1,1,       1801 ,,092524,092524,092524493600,1,,,,,,0,743,27000,128,742,8000,128
1100,20160112,11, 1,1,       1801 ,,092524,092524,092524495000,1,,,,,,0,743,27000,128,742,6000,128
1100,20160112,11, 1,1,       1801 ,,092524,092524,092524495700,1,,,,,,0,743,29000,128,742,6000,128
1100,20160112,11, 1,1,       1801 ,,092524,092524,092524496500,1,,,,,,0,743,29000,128,742,2000,128
1100,20160112,11, 1,1,       1801 ,092524,092524,092524,092524497200,1,742,16,0,1000,0,0,743,29000,128,742,1000,128
1100,20160112,11, 1,1,       1801 ,092524,092524,092524,092524498000,1,742,16,0,1000,0,0,743,29000,128,741,41000,128
1100,20160112,11, 1,1,       1801 ,,092524,092524,092524498900,1,,,,,,0,743,30000,128,741,41000,128
1100,20160112,11, 1,1,       1801 ,,092524,092524,092524503600,1,,,,,,0,743,30000,128,741,38000,128
1100,20160112,11, 1,1,       1801 ,,092524,092524,092524504200,1,,,,,,0,743,30000,128,741,40000,128
1100,20160112,11, 1,1,       1801 ,,092524,092524,092524849200,1,,,,,,0,743,29000,128,741,40000,128
1100,20160112,11, 1,1,       1801 ,,092531,092531,092531575800,1,,,,,,0,743,29000,128,741,45000,128
1100,20160112,11, 1,1,       1801 ,,092531,092531,092531577100,1,,,,,,0,743,29000,128,741,44000,128
1100,20160112,11, 1,1,       1801 ,,092539,092539,092539017700,1,,,,,,0,742,1000,128,741,44000,128
1100,20160112,11, 1,1,       1801 ,,092539,092539,092539022500,1,,,,,,0,742,2000,128,741,44000,128
1100,20160112,11, 1,1,       1801 ,,092539,092539,092539023400,1,,,,,,0,742,2000,128,741,38000,128
1100,20160112,11, 1,1,       1801 ,,092539,092539,092539028300,1,,,,,,0,742,4000,128,741,38000,128
1100,20160112,11, 1,1,       1801 ,,092539,092539,092539030500,1,,,,,,0,742,4000,128,741,37000,128
1100,20160112,11, 1,1,       1801 ,,092539,092539,092539032300,1,,,,,,0,742,4000,128,741,36000,128
1100,20160112,11, 1,1,       1801 ,,092539,092539,092539033200,1,,,,,,0,742,4000,128,741,34000,128
1100,20160112,11, 1,1,       1801 ,,092539,092539,092539036000,1,,,,,,0,742,4000,128,741,40000,128
1100,20160112,11, 1,1,       1801 ,,092544,092544,092544098200,1,,,,,,0,742,4000,128,741,41000,128
1100,20160112,11, 1,1,       1801 ,,092545,092545,092545233000,1,,,,,,0,742,3000,128,741,41000,128
1100,20160112,11, 1,1,       1801 ,,092545,092545,092545241100,1,,,,,,0,742,2000,128,741,41000,128
1100,20160112,11, 1,1,       1801 ,,092545,092545,092545244900,1,,,,,,0,743,62000,128,741,41000,128
1100,20160112,11, 1,1,       1801 ,,092545,092545,092545246300,1,,,,,,0,743,62000,128,741,39000,128
1100,20160112,11, 1,1,       1801 ,,092545,092545,092545247600,1,,,,,,0,743,63000,128,741,39000,128
1100,20160112,11, 1,1,       1801 ,,092545,092545,092545248300,1,,,,,,0,742,2000,128,741,39000,128
1100,20160112,11, 1,1,       1801 ,,092545,092545,092545250200,1,,,,,,0,742,2000,128,741,41000,128
1100,20160112,11, 1,1,       1801 ,,092545,092545,092545251000,1,,,,,,0,742,2000,128,741,42000,128
1100,20160112,11, 1,1,       1801 ,,092545,092545,092545251800,1,,,,,,0,742,4000,128,741,42000,128
1100,20160112,11, 1,1,       1801 ,,092545,092545,092545252400,1,,,,,,0,742,4000,128,741,40000,128
1100,20160112,11, 1,1,       1801 ,,092545,092545,092545253800,1,,,,,,0,742,4000,128,741,39000,128
1100,20160112,11, 1,1,       1801 ,,092545,092545,092545479800,1,,,,,,0,742,5000,128,741,39000,128
1100,20160112,11, 1,1,       1801 ,,092550,092550,092550930200,1,,,,,,0,742,6000,128,741,39000,128
1100,20160112,11, 1,1,       1801 ,,092552,092552,092552000700,1,,,,,,0,742,5000,128,741,39000,128
1100,20160112,11, 1,1,       1801 ,,092553,092553,092553878900,1,,,,,,0,742,6000,128,741,39000,128
1100,20160112,11, 1,1,       1801 ,,092554,092554,092554952700,1,,,,,,0,742,5000,128,741,39000,128
1100,20160112,11, 1,1,       1801 ,,092554,092554,092554954600,1,,,,,,0,742,11000,128,741,39000,128
1100,20160112,11, 1,1,       1801 ,,092554,092554,092554955900,1,,,,,,0,742,14000,128,741,39000,128
1100,20160112,11, 1,1,       1801 ,,092554,092554,092554956500,1,,,,,,0,742,17000,128,741,39000,128
1100,20160112,11, 1,1,       1801 ,,092554,092554,092554957700,1,,,,,,0,742,17000,128,741,36000,128
1100,20160112,11, 1,1,       1801 ,,092554,092554,092554958400,1,,,,,,0,742,17000,128,741,33000,128
1100,20160112,11, 1,1,       1801 ,,092554,092554,092554960200,1,,,,,,0,742,18000,128,741,33000,128
1100,20160112,11, 1,1,       1801 ,,092555,092555,092555537600,1,,,,,,0,742,18000,128,741,30000,128
1100,20160112,11, 1,1,       1801 ,,092603,092603,092603716400,1,,,,,,0,742,19000,128,741,30000,128
1100,20160112,11, 1,1,       1801 ,,092604,092604,092604588100,1,,,,,,0,742,20000,128,741,30000,128
1100,20160112,11, 1,1,       1801 ,,092605,092605,092605540100,1,,,,,,0,742,20000,128,741,22000,128
1100,20160112,11, 1,1,       1801 ,,092605,092605,092605541400,1,,,,,,0,742,20000,128,741,16000,128
1100,20160112,11, 1,1,       1801 ,092605,092605,092605,092605598500,1,742,48,0,1000,0,0,742,19000,128,741,16000,128
1100,20160112,11, 1,1,       1801 ,,092608,092608,092608713500,1,,,,,,0,742,19000,128,741,16000,128
1100,20160112,11, 1,1,       1801 ,,092609,092609,092609640400,1,,,,,,0,742,18000,128,741,16000,128
1100,20160112,11, 1,1,       1801 ,,092610,092610,092610362700,1,,,,,,0,742,23000,128,741,16000,128
1100,20160112,11, 1,1,       1801 ,,092611,092611,092611042200,1,,,,,,0,742,24000,128,741,16000,128
1100,20160112,11, 1,1,       1801 ,092612,092612,092612,092612749900,1,741,16,0,10000,0,0,742,24000,128,741,6000,128
1100,20160112,11, 1,1,       1801 ,092612,092612,092612,092612752200,1,741,16,0,6000,0,0,742,24000,128,740,84000,128
1100,20160112,11, 1,1,       1801 ,,092612,092612,092612754400,1,,,,,,0,741,1000,128,740,84000,128
1100,20160112,11, 1,1,       1801 ,,092612,092612,092612760400,1,,,,,,0,741,1000,128,740,82000,128
1100,20160112,11, 1,1,       1801 ,,092612,092612,092612761200,1,,,,,,0,741,1000,128,740,81000,128
1100,20160112,11, 1,1,       1801 ,,092612,092612,092612763200,1,,,,,,0,741,3000,128,740,81000,128
1100,20160112,11, 1,1,       1801 ,,092612,092612,092612763900,1,,,,,,0,741,3000,128,740,78000,128
1100,20160112,11, 1,1,       1801 ,,092612,092612,092612765200,1,,,,,,0,741,3000,128,740,80000,128
1100,20160112,11, 1,1,       1801 ,,092612,092612,092612767900,1,,,,,,0,741,3000,128,740,82000,128
1100,20160112,11, 1,1,       1801 ,,092612,092612,092612768600,1,,,,,,0,741,3000,128,740,78000,128
1100,20160112,11, 1,1,       1801 ,,092612,092612,092612769300,1,,,,,,0,741,3000,128,740,73000,128
1100,20160112,11, 1,1,       1801 ,,092612,092612,092612770600,1,,,,,,0,741,3000,128,740,72000,128
1100,20160112,11, 1,1,       1801 ,,092612,092612,092612772100,1,,,,,,0,741,3000,128,740,66000,128
1100,20160112,11, 1,1,       1801 ,,092612,092612,092612774900,1,,,,,,0,741,1000,128,740,66000,128
1100,20160112,11, 1,1,       1801 ,,092612,092612,092612775600,1,,,,,,0,741,3000,128,740,66000,128
1100,20160112,11, 1,1,       1801 ,,092612,092612,092612776300,1,,,,,,0,741,4000,128,740,66000,128
1100,20160112,11, 1,1,       1801 ,,092612,092612,092612776900,1,,,,,,0,741,4000,128,740,67000,128
1100,20160112,11, 1,1,       1801 ,,092612,092612,092612777600,1,,,,,,0,741,4000,128,740,66000,128
1100,20160112,11, 1,1,       1801 ,,092612,092612,092612949300,1,,,,,,0,741,4000,128,740,67000,128
1100,20160112,11, 1,1,       1801 ,,092613,092613,092613314000,1,,,,,,0,741,5000,128,740,67000,128
1100,20160112,11, 1,1,       1801 ,,092615,092615,092615369500,1,,,,,,0,741,5000,128,740,65000,128
1100,20160112,11, 1,1,       1801 ,,092615,092615,092615381800,1,,,,,,0,741,6000,128,740,65000,128
1100,20160112,11, 1,1,       1801 ,,092615,092615,092615383400,1,,,,,,0,741,6000,128,740,64000,128
1100,20160112,11, 1,1,       1801 ,,092615,092615,092615384900,1,,,,,,0,741,6000,128,740,63000,128
1100,20160112,11, 1,1,       1801 ,,092617,092617,092617016400,1,,,,,,0,741,5000,128,740,63000,128
1100,20160112,11, 1,1,       1801 ,,092620,092620,092620541000,1,,,,,,0,741,6000,128,740,63000,128
1100,20160112,11, 1,1,       1801 ,,092621,092621,092621102300,1,,,,,,0,741,6000,128,740,61000,128
1100,20160112,11, 1,1,       1801 ,,092621,092621,092621245200,1,,,,,,0,741,5000,128,740,61000,128
1100,20160112,11, 1,1,       1801 ,,092621,092621,092621340100,1,,,,,,0,741,5000,128,740,63000,128
1100,20160112,11, 1,1,       1801 ,,092621,092621,092621341300,1,,,,,,0,741,4000,128,740,63000,128
1100,20160112,11, 1,1,       1801 ,,092621,092621,092621350400,1,,,,,,0,741,2000,128,740,63000,128
1100,20160112,11, 1,1,       1801 ,,092621,092621,092621351600,1,,,,,,0,741,2000,128,740,64000,128
1100,20160112,11, 1,1,       1801 ,092621,092621,092621,092621352700,1,741,48,0,2000,0,0,742,38000,128,740,64000,128
1100,20160112,11, 1,1,       1801 ,,092621,092621,092621354800,1,,,,,,0,742,38000,128,740,64000,128
1100,20160112,11, 1,1,       1801 ,,092621,092621,092621355600,1,,,,,,0,742,38000,128,741,2000,128
1100,20160112,11, 1,1,       1801 ,,092621,092621,092621356500,1,,,,,,0,742,37000,128,741,2000,128
1100,20160112,11, 1,1,       1801 ,,092621,092621,092621361900,1,,,,,,0,742,37000,128,741,4000,128
1100,20160112,11, 1,1,       1801 ,092621,092621,092621,092621362900,1,741,16,0,2000,0,0,742,37000,128,741,2000,128
1100,20160112,11, 1,1,       1801 ,,092621,092621,092621364500,1,,,,,,0,742,37000,128,741,2000,128
1100,20160112,11, 1,1,       1801 ,,092621,092621,092621365900,1,,,,,,0,742,37000,128,741,5000,128
1100,20160112,11, 1,1,       1801 ,,092621,092621,092621368400,1,,,,,,0,742,36000,128,741,5000,128
1100,20160112,11, 1,1,       1801 ,092621,092621,092621,092621378300,1,741,16,0,1000,0,0,742,36000,128,741,4000,128
1100,20160112,11, 1,1,       1801 ,,092621,092621,092621383100,1,,,,,,0,742,36000,128,741,3000,128
1100,20160112,11, 1,1,       1801 ,,092621,092621,092621549300,1,,,,,,0,742,37000,128,741,3000,128
1100,20160112,11, 1,1,       1801 ,092622,092622,092622,092622030200,1,741,16,0,3000,0,0,742,37000,128,740,67000,128
1100,20160112,11, 1,1,       1801 ,,092622,092622,092622031800,1,,,,,,0,742,37000,128,740,67000,128
1100,20160112,11, 1,1,       1801 ,,092622,092622,092622033100,1,,,,,,0,741,1000,128,740,67000,128
1100,20160112,11, 1,1,       1801 ,,092622,092622,092622035400,1,,,,,,0,741,2000,128,740,67000,128
1100,20160112,11, 1,1,       1801 ,,092622,092622,092622040200,1,,,,,,0,741,2000,128,740,66000,128
1100,20160112,11, 1,1,       1801 ,,092622,092622,092622059300,1,,,,,,0,741,4000,128,740,66000,128
1100,20160112,11, 1,1,       1801 ,092622,092622,092622,092622760800,1,741,48,0,2000,0,0,741,2000,128,740,66000,128
1100,20160112,11, 1,1,       1801 ,,092622,092622,092622762900,1,,,,,,0,742,38000,128,740,66000,128
1100,20160112,11, 1,1,       1801 ,,092622,092622,092622763700,1,,,,,,0,742,38000,128,740,68000,128
1100,20160112,11, 1,1,       1801 ,,092622,092622,092622764400,1,,,,,,0,742,38000,128,740,64000,128
1100,20160112,11, 1,1,       1801 ,,092622,092622,092622765200,1,,,,,,0,742,36000,128,740,64000,128
1100,20160112,11, 1,1,       1801 ,,092622,092622,092622767100,1,,,,,,0,742,36000,128,740,65000,128
1100,20160112,11, 1,1,       1801 ,,092623,092623,092623588700,1,,,,,,0,742,36000,128,740,67000,128
1100,20160112,11, 1,1,       1801 ,,092623,092623,092623590100,1,,,,,,0,742,36000,128,740,73000,128
1100,20160112,11, 1,1,       1801 ,,092623,092623,092623591300,1,,,,,,0,742,30000,128,740,73000,128
1100,20160112,11, 1,1,       1801 ,,092623,092623,092623592000,1,,,,,,0,742,27000,128,740,73000,128
1100,20160112,11, 1,1,       1801 ,,092627,092627,092627071300,1,,,,,,0,742,26000,128,740,73000,128
1100,20160112,11, 1,1,       1801 ,,092627,092627,092627129800,1,,,,,,0,742,24000,128,740,73000,128
1100,20160112,11, 1,1,       1801 ,,092627,092627,092627130700,1,,,,,,0,742,24000,128,741,2000,128
1100,20160112,11, 1,1,       1801 ,,092627,092627,092627131700,1,,,,,,0,742,20000,128,741,2000,128
1100,20160112,11, 1,1,       1801 ,,092627,092627,092627133800,1,,,,,,0,742,20000,128,741,4000,128
1100,20160112,11, 1,1,       1801 ,,092627,092627,092627134700,1,,,,,,0,742,20000,128,741,5000,128
1100,20160112,11, 1,1,       1801 ,,092627,092627,092627136400,1,,,,,,0,742,20000,128,741,8000,128
1100,20160112,11, 1,1,       1801 ,,092627,092627,092627137200,1,,,,,,0,742,17000,128,741,8000,128
1100,20160112,11, 1,1,       1801 ,,092627,092627,092627138000,1,,,,,,0,742,17000,128,741,10000,128
1100,20160112,11, 1,1,       1801 ,,092627,092627,092627139600,1,,,,,,0,742,17000,128,741,12000,128
1100,20160112,11, 1,1,       1801 ,,092627,092627,092627141000,1,,,,,,0,742,17000,128,741,18000,128
1100,20160112,11, 1,1,       1801 ,,092627,092627,092627141600,1,,,,,,0,742,13000,128,741,18000,128
1100,20160112,11, 1,1,       1801 ,,092627,092627,092627143100,1,,,,,,0,742,12000,128,741,18000,128
1100,20160112,11, 1,1,       1801 ,,092627,092627,092627144000,1,,,,,,0,742,11000,128,741,18000,128
1100,20160112,11, 1,1,       1801 ,,092627,092627,092627144700,1,,,,,,0,742,13000,128,741,18000,128
1100,20160112,11, 1,1,       1801 ,,092627,092627,092627145300,1,,,,,,0,742,13000,128,741,21000,128
1100,20160112,11, 1,1,       1801 ,,092629,092629,092629305000,1,,,,,,0,742,13000,128,741,22000,128
1100,20160112,11, 1,1,       1801 ,092631,092631,092631,092631012000,1,742,48,0,1000,0,0,742,12000,128,741,22000,128
1100,20160112,11, 1,1,       1801 ,,092631,092631,092631013800,1,,,,,,0,742,8000,128,741,22000,128
1100,20160112,11, 1,1,       1801 ,,092631,092631,092631014600,1,,,,,,0,742,8000,128,741,28000,128
1100,20160112,11, 1,1,       1801 ,,092631,092631,092631015900,1,,,,,,0,742,6000,128,741,28000,128
1100,20160112,11, 1,1,       1801 ,,092633,092633,092633209300,1,,,,,,0,742,8000,128,741,28000,128
1100,20160112,11, 1,1,       1801 ,,092633,092633,092633210500,1,,,,,,0,742,9000,128,741,28000,128
1100,20160112,11, 1,1,       1801 ,,092634,092634,092634700000,1,,,,,,0,742,8000,128,741,28000,128
1100,20160112,11, 1,1,       1801 ,,092634,092634,092634720800,1,,,,,,0,742,6000,128,741,28000,128
1100,20160112,11, 1,1,       1801 ,,092634,092634,092634730700,1,,,,,,0,742,6000,128,741,29000,128
1100,20160112,11, 1,1,       1801 ,,092634,092634,092634741200,1,,,,,,0,742,6000,128,741,28000,128
1100,20160112,11, 1,1,       1801 ,,092634,092634,092634810400,1,,,,,,0,742,7000,128,741,28000,128
1100,20160112,11, 1,1,       1801 ,,092634,092634,092634811600,1,,,,,,0,742,9000,128,741,28000,128
1100,20160112,11, 1,1,       1801 ,,092635,092635,092635872600,1,,,,,,0,742,9000,128,741,29000,128
1100,20160112,11, 1,1,       1801 ,,092635,092635,092635889800,1,,,,,,0,742,8000,128,741,29000,128
1100,20160112,11, 1,1,       1801 ,,092635,092635,092635910100,1,,,,,,0,742,6000,128,741,29000,128
1100,20160112,11, 1,1,       1801 ,,092635,092635,092635911700,1,,,,,,0,742,6000,128,741,30000,128
1100,20160112,11, 1,1,       1801 ,,092635,092635,092635936400,1,,,,,,0,742,6000,128,741,33000,128
1100,20160112,11, 1,1,       1801 ,,092636,092636,092636720500,1,,,,,,0,742,8000,128,741,33000,128
1100,20160112,11, 1,1,       1801 ,,092636,092636,092636721700,1,,,,,,0,742,9000,128,741,33000,128
1100,20160112,11, 1,1,       1801 ,,092636,092636,092636733500,1,,,,,,0,742,9000,128,741,32000,128
1100,20160112,11, 1,1,       1801 ,,092636,092636,092636764000,1,,,,,,0,742,9000,128,741,33000,128
1100,20160112,11, 1,1,       1801 ,,092636,092636,092636770700,1,,,,,,0,742,8000,128,741,33000,128
1100,20160112,11, 1,1,       1801 ,,092636,092636,092636781200,1,,,,,,0,742,6000,128,741,33000,128
1100,20160112,11, 1,1,       1801 ,,092639,092639,092639371800,1,,,,,,0,742,6000,128,741,32000,128
1100,20160112,11, 1,1,       1801 ,,092639,092639,092639389700,1,,,,,,0,742,8000,128,741,32000,128
1100,20160112,11, 1,1,       1801 ,,092648,092648,092648429000,1,,,,,,0,742,9000,128,741,32000,128
1100,20160112,11, 1,1,       1801 ,,092649,092649,092649022300,1,,,,,,0,742,10000,128,741,32000,128
1100,20160112,11, 1,1,       1801 ,,092649,092649,092649039400,1,,,,,,0,742,10000,128,741,26000,128
1100,20160112,11, 1,1,       1801 ,,092649,092649,092649061100,1,,,,,,0,742,10000,128,741,23000,128
1100,20160112,11, 1,1,       1801 ,,092649,092649,092649081700,1,,,,,,0,742,10000,128,741,21000,128
1100,20160112,11, 1,1,       1801 ,,092649,092649,092649117900,1,,,,,,0,742,12000,128,741,21000,128
1100,20160112,11, 1,1,       1801 ,,092649,092649,092649120300,1,,,,,,0,742,12000,128,741,19000,128
1100,20160112,11, 1,1,       1801 ,,092649,092649,092649130600,1,,,,,,0,742,12000,128,741,17000,128
1100,20160112,11, 1,1,       1801 ,,092649,092649,092649132000,1,,,,,,0,742,12000,128,741,11000,128
1100,20160112,11, 1,1,       1801 ,,092649,092649,092649132800,1,,,,,,0,742,13000,128,741,11000,128
1100,20160112,11, 1,1,       1801 ,,092649,092649,092649133600,1,,,,,,0,742,13000,128,741,8000,128
1100,20160112,11, 1,1,       1801 ,,092649,092649,092649135000,1,,,,,,0,742,13000,128,741,7000,128
1100,20160112,11, 1,1,       1801 ,,092649,092649,092649135900,1,,,,,,0,742,13000,128,741,5000,128
1100,20160112,11, 1,1,       1801 ,,092649,092649,092649219900,1,,,,,,0,742,13000,128,741,6000,128
1100,20160112,11, 1,1,       1801 ,,092649,092649,092649221000,1,,,,,,0,742,13000,128,741,8000,128
1100,20160112,11, 1,1,       1801 ,,092650,092650,092650669700,1,,,,,,0,742,13000,128,741,7000,128
1100,20160112,11, 1,1,       1801 ,,092650,092650,092650671000,1,,,,,,0,742,13000,128,741,5000,128
1100,20160112,11, 1,1,       1801 ,,092652,092652,092652493100,1,,,,,,0,742,13000,128,741,4000,128
1100,20160112,11, 1,1,       1801 ,,092652,092652,092652494700,1,,,,,,0,742,16000,128,741,4000,128
1100,20160112,11, 1,1,       1801 ,092652,092652,092652,092652495800,1,741,16,0,4000,0,0,742,16000,128,740,80000,128
1100,20160112,11, 1,1,       1801 ,,092652,092652,092652497000,1,,,,,,0,742,16000,128,740,77000,128
1100,20160112,11, 1,1,       1801 ,,092652,092652,092652499000,1,,,,,,0,742,16000,128,740,75000,128
1100,20160112,11, 1,1,       1801 ,,092652,092652,092652499800,1,,,,,,0,742,21000,128,740,75000,128
1100,20160112,11, 1,1,       1801 ,,092652,092652,092652500500,1,,,,,,0,742,27000,128,740,75000,128
1100,20160112,11, 1,1,       1801 ,,092652,092652,092652501100,1,,,,,,0,742,27000,128,740,77000,128
1100,20160112,11, 1,1,       1801 ,,092652,092652,092652501800,1,,,,,,0,742,27000,128,740,74000,128
1100,20160112,11, 1,1,       1801 ,,092652,092652,092652502500,1,,,,,,0,742,27000,128,740,73000,128
1100,20160112,11, 1,1,       1801 ,,092652,092652,092652594700,1,,,,,,0,742,27000,128,740,74000,128
1100,20160112,11, 1,1,       1801 ,,092652,092652,092652597400,1,,,,,,0,742,27000,128,740,76000,128
1100,20160112,11, 1,1,       1801 ,,092657,092657,092657969000,1,,,,,,0,742,45000,128,740,76000,128
1100,20160112,11, 1,1,       1801 ,,092657,092657,092657970100,1,,,,,,0,742,45000,128,740,75000,128
1100,20160112,11, 1,1,       1801 ,,092700,092700,092700201400,1,,,,,,0,742,45000,128,740,76000,128
1100,20160112,11, 1,1,       1801 ,,092700,092700,092700219500,1,,,,,,0,742,45000,128,740,78000,128
1100,20160112,11, 1,1,       1801 ,,092700,092700,092700232500,1,,,,,,0,742,45000,128,740,79000,128
1100,20160112,11, 1,1,       1801 ,,092701,092701,092701879400,1,,,,,,0,742,45000,128,740,77000,128
1100,20160112,11, 1,1,       1801 ,,092703,092703,092703140100,1,,,,,,0,742,45000,128,740,80000,128
1100,20160112,11, 1,1,       1801 ,,092704,092704,092704644100,1,,,,,,0,742,45000,128,740,78000,128
1100,20160112,11, 1,1,       1801 ,,092704,092704,092704648800,1,,,,,,0,742,45000,128,740,79000,128
1100,20160112,11, 1,1,       1801 ,,092708,092708,092708662100,1,,,,,,0,742,45000,128,740,78000,128
1100,20160112,11, 1,1,       1801 ,,092709,092709,092709035000,1,,,,,,0,742,39000,128,740,78000,128
1100,20160112,11, 1,1,       1801 ,,092709,092709,092709036300,1,,,,,,0,742,39000,128,740,79000,128
1100,20160112,11, 1,1,       1801 ,,092712,092712,092712271300,1,,,,,,0,742,39000,128,740,78000,128
1100,20160112,11, 1,1,       1801 ,,092712,092712,092712272700,1,,,,,,0,742,39000,128,740,79000,128
1100,20160112,11, 1,1,       1801 ,,092713,092713,092713561500,1,,,,,,0,742,34000,128,740,79000,128
1100,20160112,11, 1,1,       1801 ,,092713,092713,092713562900,1,,,,,,0,742,34000,128,740,80000,128
1100,20160112,11, 1,1,       1801 ,,092722,092722,092722641200,1,,,,,,0,742,34000,128,740,79000,128
1100,20160112,11, 1,1,       1801 ,,092731,092731,092731101100,1,,,,,,0,742,34000,128,740,80000,128
1100,20160112,11, 1,1,       1801 ,,092734,092734,092734851000,1,,,,,,0,742,34000,128,740,79000,128
1100,20160112,11, 1,1,       1801 ,,092738,092738,092738570900,1,,,,,,0,742,34000,128,740,78000,128
1100,20160112,11, 1,1,       1801 ,,092738,092738,092738573100,1,,,,,,0,741,2000,128,740,78000,128
1100,20160112,11, 1,1,       1801 ,,092738,092738,092738580800,1,,,,,,0,741,3000,128,740,78000,128
1100,20160112,11, 1,1,       1801 ,,092738,092738,092738582800,1,,,,,,0,741,5000,128,740,78000,128
1100,20160112,11, 1,1,       1801 ,,092738,092738,092738584700,1,,,,,,0,741,6000,128,740,78000,128
1100,20160112,11, 1,1,       1801 ,,092738,092738,092738587800,1,,,,,,0,741,6000,128,740,74000,128
1100,20160112,11, 1,1,       1801 ,,092738,092738,092738596200,1,,,,,,0,741,6000,128,740,68000,128
1100,20160112,11, 1,1,       1801 ,,092738,092738,092738597300,1,,,,,,0,741,6000,128,740,67000,128
1100,20160112,11, 1,1,       1801 ,,092738,092738,092738598500,1,,,,,,0,741,6000,128,740,66000,128
1100,20160112,11, 1,1,       1801 ,,092740,092740,092740360300,1,,,,,,0,741,7000,128,740,66000,128
1100,20160112,11, 1,1,       1801 ,,092741,092741,092741544400,1,,,,,,0,741,5000,128,740,66000,128
1100,20160112,11, 1,1,       1801 ,,092741,092741,092741940600,1,,,,,,0,741,4000,128,740,66000,128
1100,20160112,11, 1,1,       1801 ,092745,092745,092745,092745905800,1,741,48,0,2000,0,0,741,2000,128,740,66000,128
1100,20160112,11, 1,1,       1801 ,,092745,092745,092745908100,1,,,,,,0,741,2000,128,740,66000,128
1100,20160112,11, 1,1,       1801 ,,092745,092745,092745908800,1,,,,,,0,741,2000,128,740,67000,128
1100,20160112,11, 1,1,       1801 ,,092746,092746,092746382500,1,,,,,,0,741,2000,128,740,66000,128
1100,20160112,11, 1,1,       1801 ,092749,092749,092749,092749152200,1,741,48,0,2000,0,0,742,60000,128,740,66000,128
1100,20160112,11, 1,1,       1801 ,,092749,092749,092749153600,1,,,,,,0,742,60000,128,740,66000,128
1100,20160112,11, 1,1,       1801 ,,092749,092749,092749154400,1,,,,,,0,742,58000,128,740,66000,128
1100,20160112,11, 1,1,       1801 ,,092749,092749,092749156900,1,,,,,,0,742,58000,128,741,1000,128
1100,20160112,11, 1,1,       1801 ,,092749,092749,092749157600,1,,,,,,0,742,59000,128,741,1000,128
1100,20160112,11, 1,1,       1801 ,,092749,092749,092749161100,1,,,,,,0,742,58000,128,741,1000,128
1100,20160112,11, 1,1,       1801 ,092749,092749,092749,092749161900,1,741,16,0,1000,0,0,742,58000,128,740,73000,128
1100,20160112,11, 1,1,       1801 ,,092749,092749,092749164500,1,,,,,,0,742,58000,128,740,73000,128
1100,20160112,11, 1,1,       1801 ,,092749,092749,092749166200,1,,,,,,0,741,1000,128,740,73000,128
1100,20160112,11, 1,1,       1801 ,,092749,092749,092749167000,1,,,,,,0,741,1000,128,740,74000,128
1100,20160112,11, 1,1,       1801 ,,092749,092749,092749168500,1,,,,,,0,741,3000,128,740,74000,128
1100,20160112,11, 1,1,       1801 ,,092749,092749,092749171100,1,,,,,,0,741,3000,128,740,76000,128
1100,20160112,11, 1,1,       1801 ,,092749,092749,092749172500,1,,,,,,0,741,3000,128,740,75000,128
1100,20160112,11, 1,1,       1801 ,,092749,092749,092749173300,1,,,,,,0,741,3000,128,740,69000,128
1100,20160112,11, 1,1,       1801 ,,092749,092749,092749279600,1,,,,,,0,741,5000,128,740,69000,128
1100,20160112,11, 1,1,       1801 ,,092749,092749,092749280800,1,,,,,,0,741,5000,128,740,68000,128
1100,20160112,11, 1,1,       1801 ,,092749,092749,092749281800,1,,,,,,0,741,5000,128,740,67000,128
1100,20160112,11, 1,1,       1801 ,,092749,092749,092749289800,1,,,,,,0,741,5000,128,740,65000,128
1100,20160112,11, 1,1,       1801 ,,092750,092750,092750149300,1,,,,,,0,741,4000,128,740,65000,128
1100,20160112,11, 1,1,       1801 ,,092752,092752,092752291800,1,,,,,,0,741,5000,128,740,65000,128
1100,20160112,11, 1,1,       1801 ,092755,092755,092755,092755259100,1,740,16,0,1000,0,0,741,5000,128,740,64000,128
1100,20160112,11, 1,1,       1801 ,,092757,092757,092757475100,1,,,,,,0,741,4000,128,740,64000,128
1100,20160112,11, 1,1,       1801 ,,092757,092757,092757477300,1,,,,,,0,741,4000,128,740,66000,128
1100,20160112,11, 1,1,       1801 ,,092757,092757,092757552300,1,,,,,,0,741,5000,128,740,66000,128
1100,20160112,11, 1,1,       1801 ,,092757,092757,092757554200,1,,,,,,0,741,5000,128,740,64000,128
1100,20160112,11, 1,1,       1801 ,,092758,092758,092758502600,1,,,,,,0,741,4000,128,740,64000,128
1100,20160112,11, 1,1,       1801 ,,092758,092758,092758504700,1,,,,,,0,741,4000,128,740,66000,128
1100,20160112,11, 1,1,       1801 ,,092759,092759,092759008500,1,,,,,,0,741,5000,128,740,66000,128
1100,20160112,11, 1,1,       1801 ,,092759,092759,092759010700,1,,,,,,0,741,5000,128,740,64000,128
1100,20160112,11, 1,1,       1801 ,,092759,092759,092759042000,1,,,,,,0,741,7000,128,740,64000,128
1100,20160112,11, 1,1,       1801 ,,092759,092759,092759131200,1,,,,,,0,741,5000,128,740,64000,128
1100,20160112,11, 1,1,       1801 ,,092759,092759,092759554000,1,,,,,,0,741,4000,128,740,64000,128
1100,20160112,11, 1,1,       1801 ,,092759,092759,092759555900,1,,,,,,0,741,4000,128,740,66000,128
1100,20160112,11, 1,1,       1801 ,,092759,092759,092759791400,1,,,,,,0,741,4000,128,740,68000,128
1100,20160112,11, 1,1,       1801 ,,092801,092801,092801032100,1,,,,,,0,741,2000,128,740,68000,128
1100,20160112,11, 1,1,       1801 ,092801,092801,092801,092801035300,1,741,48,0,2000,0,0,742,60000,128,740,68000,128
1100,20160112,11, 1,1,       1801 ,,092801,092801,092801037800,1,,,,,,0,742,60000,128,740,69000,128
1100,20160112,11, 1,1,       1801 ,,092801,092801,092801042300,1,,,,,,0,742,60000,128,740,67000,128
1100,20160112,11, 1,1,       1801 ,,092801,092801,092801043300,1,,,,,,0,742,60000,128,740,68000,128
1100,20160112,11, 1,1,       1801 ,092801,092801,092801,092801050200,1,740,16,0,1000,0,0,742,60000,128,740,67000,128
1100,20160112,11, 1,1,       1801 ,,092801,092801,092801052300,1,,,,,,0,742,60000,128,740,66000,128
1100,20160112,11, 1,1,       1801 ,,092804,092804,092804134300,1,,,,,,0,742,95000,128,740,66000,128
1100,20160112,11, 1,1,       1801 ,,092804,092804,092804537300,1,,,,,,0,742,95000,128,740,63000,128
1100,20160112,11, 1,1,       1801 ,,092805,092805,092805159700,1,,,,,,0,741,4000,128,740,63000,128
1100,20160112,11, 1,1,       1801 ,,092805,092805,092805162400,1,,,,,,0,741,6000,128,740,63000,128
1100,20160112,11, 1,1,       1801 ,,092805,092805,092805170300,1,,,,,,0,741,7000,128,740,63000,128
1100,20160112,11, 1,1,       1801 ,,092805,092805,092805220900,1,,,,,,0,741,8000,128,740,63000,128
1100,20160112,11, 1,1,       1801 ,,092805,092805,092805222500,1,,,,,,0,741,8000,128,740,61000,128
1100,20160112,11, 1,1,       1801 ,,092805,092805,092805435700,1,,,,,,0,741,8000,128,740,60000,128
1100,20160112,11, 1,1,       1801 ,,092807,092807,092807408800,1,,,,,,0,741,8000,128,740,61000,128
1100,20160112,11, 1,1,       1801 ,,092807,092807,092807410800,1,,,,,,0,741,8000,128,740,63000,128
1100,20160112,11, 1,1,       1801 ,,092813,092813,092813440100,1,,,,,,0,741,9000,128,740,63000,128
1100,20160112,11, 1,1,       1801 ,,092813,092813,092813498000,1,,,,,,0,741,44000,128,740,63000,128
1100,20160112,11, 1,1,       1801 ,,092813,092813,092813499300,1,,,,,,0,741,44000,128,740,60000,128
1100,20160112,11, 1,1,       1801 ,,092813,092813,092813500000,1,,,,,,0,741,44000,128,740,58000,128
1100,20160112,11, 1,1,       1801 ,,092813,092813,092813500800,1,,,,,,0,741,45000,128,740,58000,128
1100,20160112,11, 1,1,       1801 ,,092813,092813,092813502100,1,,,,,,0,741,45000,128,740,55000,128
1100,20160112,11, 1,1,       1801 ,,092814,092814,092814460000,1,,,,,,0,741,45000,128,740,54000,128
1100,20160112,11, 1,1,       1801 ,,092814,092814,092814462100,1,,,,,,0,741,48000,128,740,54000,128
1100,20160112,11, 1,1,       1801 ,,092815,092815,092815461000,1,,,,,,0,741,49000,128,740,54000,128
1100,20160112,11, 1,1,       1801 ,,092821,092821,092821213900,1,,,,,,0,741,23000,128,740,54000,128
1100,20160112,11, 1,1,       1801 ,,092821,092821,092821215200,1,,,,,,0,741,25000,128,740,54000,128
1100,20160112,11, 1,1,       1801 ,,092821,092821,092821309700,1,,,,,,0,741,23000,128,740,54000,128
1100,20160112,11, 1,1,       1801 ,,092827,092827,092827317400,1,,,,,,0,741,14000,128,740,54000,128
1100,20160112,11, 1,1,       1801 ,,092827,092827,092827319200,1,,,,,,0,741,14000,128,740,56000,128
1100,20160112,11, 1,1,       1801 ,,092827,092827,092827319800,1,,,,,,0,741,13000,128,740,56000,128
1100,20160112,11, 1,1,       1801 ,,092827,092827,092827321500,1,,,,,,0,741,10000,128,740,56000,128
1100,20160112,11, 1,1,       1801 ,092841,092841,092841,092841554000,1,740,16,0,2000,0,0,741,10000,128,740,54000,128
1100,20160112,11, 1,1,       1801 ,,092841,092841,092841556000,1,,,,,,0,741,12000,128,740,54000,128
1100,20160112,11, 1,1,       1801 ,,092841,092841,092841557700,1,,,,,,0,741,16000,128,740,54000,128
1100,20160112,11, 1,1,       1801 ,,092841,092841,092841558400,1,,,,,,0,741,16000,128,740,52000,128
1100,20160112,11, 1,1,       1801 ,,092841,092841,092841559200,1,,,,,,0,741,22000,128,740,52000,128
1100,20160112,11, 1,1,       1801 ,,092841,092841,092841560000,1,,,,,,0,741,25000,128,740,52000,128
1100,20160112,11, 1,1,       1801 ,,092841,092841,092841561000,1,,,,,,0,741,26000,128,740,52000,128
1100,20160112,11, 1,1,       1801 ,,092846,092846,092846253300,1,,,,,,0,741,26000,128,740,51000,128
1100,20160112,11, 1,1,       1801 ,092846,092846,092846,092846254700,1,740,16,0,27000,0,0,741,26000,128,740,24000,128
1100,20160112,11, 1,1,       1801 ,092846,092846,092846,092846256800,1,740,16,0,17000,0,0,741,26000,128,740,7000,128
1100,20160112,11, 1,1,       1801 ,092846,092846,092846,092846259200,1,740,16,0,7000,0,0,741,26000,128,739,59000,128
1100,20160112,11, 1,1,       1801 ,,092846,092846,092846262500,1,,,,,,0,741,26000,128,739,59000,128
1100,20160112,11, 1,1,       1801 ,,092846,092846,092846263300,1,,,,,,0,740,2000,128,739,59000,128
1100,20160112,11, 1,1,       1801 ,,092846,092846,092846264400,1,,,,,,0,740,3000,128,739,59000,128
1100,20160112,11, 1,1,       1801 ,,092846,092846,092846280900,1,,,,,,0,740,9000,128,739,59000,128
1100,20160112,11, 1,1,       1801 ,,092846,092846,092846285700,1,,,,,,0,740,11000,128,739,59000,128
1100,20160112,11, 1,1,       1801 ,,092846,092846,092846287400,1,,,,,,0,740,11000,128,739,57000,128
1100,20160112,11, 1,1,       1801 ,,092846,092846,092846291300,1,,,,,,0,740,11000,128,739,54000,128
1100,20160112,11, 1,1,       1801 ,,092846,092846,092846292800,1,,,,,,0,740,15000,128,739,54000,128
1100,20160112,11, 1,1,       1801 ,,092846,092846,092846296700,1,,,,,,0,740,15000,128,739,56000,128
1100,20160112,11, 1,1,       1801 ,,092846,092846,092846301900,1,,,,,,0,740,17000,128,739,56000,128
1100,20160112,11, 1,1,       1801 ,,092846,092846,092846308900,1,,,,,,0,740,21000,128,739,56000,128
1100,20160112,11, 1,1,       1801 ,,092846,092846,092846312600,1,,,,,,0,740,21000,128,739,52000,128
1100,20160112,11, 1,1,       1801 ,,092846,092846,092846316100,1,,,,,,0,740,21000,128,739,51000,128
1100,20160112,11, 1,1,       1801 ,,092846,092846,092846317400,1,,,,,,0,740,23000,128,739,51000,128
1100,20160112,11, 1,1,       1801 ,,092846,092846,092846318000,1,,,,,,0,740,24000,128,739,51000,128
1100,20160112,11, 1,1,       1801 ,,092846,092846,092846320200,1,,,,,,0,740,20000,128,739,51000,128
1100,20160112,11, 1,1,       1801 ,,092846,092846,092846321700,1,,,,,,0,740,20000,128,739,48000,128
1100,20160112,11, 1,1,       1801 ,,092846,092846,092846322400,1,,,,,,0,740,20000,128,739,45000,128
1100,20160112,11, 1,1,       1801 ,,092846,092846,092846324400,1,,,,,,0,740,20000,128,739,41000,128
1100,20160112,11, 1,1,       1801 ,,092846,092846,092846325700,1,,,,,,0,740,18000,128,739,41000,128
1100,20160112,11, 1,1,       1801 ,,092846,092846,092846327200,1,,,,,,0,740,18000,128,739,40000,128
1100,20160112,11, 1,1,       1801 ,,092846,092846,092846328000,1,,,,,,0,740,18000,128,739,38000,128
1100,20160112,11, 1,1,       1801 ,,092846,092846,092846330600,1,,,,,,0,740,19000,128,739,38000,128
1100,20160112,11, 1,1,       1801 ,,092846,092846,092846334600,1,,,,,,0,740,18000,128,739,38000,128
1100,20160112,11, 1,1,       1801 ,,092846,092846,092846335400,1,,,,,,0,740,18000,128,739,37000,128
1100,20160112,11, 1,1,       1801 ,,092846,092846,092846336200,1,,,,,,0,740,19000,128,739,37000,128
1100,20160112,11, 1,1,       1801 ,,092848,092848,092848261000,1,,,,,,0,740,19000,128,739,36000,128
1100,20160112,11, 1,1,       1801 ,,092849,092849,092849649400,1,,,,,,0,740,19000,128,739,34000,128
1100,20160112,11, 1,1,       1801 ,,092851,092851,092851005500,1,,,,,,0,740,37000,128,739,34000,128
1100,20160112,11, 1,1,       1801 ,,092851,092851,092851006600,1,,,,,,0,740,37000,128,739,33000,128
1100,20160112,11, 1,1,       1801 ,,092851,092851,092851007300,1,,,,,,0,740,37000,128,739,30000,128
1100,20160112,11, 1,1,       1801 ,,092851,092851,092851008500,1,,,,,,0,740,39000,128,739,30000,128
1100,20160112,11, 1,1,       1801 ,,092851,092851,092851346700,1,,,,,,0,740,39000,128,739,29000,128
1100,20160112,11, 1,1,       1801 ,092857,092857,092857,092857914600,1,739,16,0,1000,0,0,740,39000,128,739,28000,128
1100,20160112,11, 1,1,       1801 ,,092857,092857,092857916900,1,,,,,,0,740,42000,128,739,28000,128
1100,20160112,11, 1,1,       1801 ,092858,092858,092858,092858085500,1,739,16,0,3000,0,0,740,42000,128,739,25000,128
1100,20160112,11, 1,1,       1801 ,092858,092858,092858,092858087100,1,739,16,0,1000,0,0,740,42000,128,739,24000,128
1100,20160112,11, 1,1,       1801 ,092858,092858,092858,092858088100,1,739,16,0,24000,0,0,740,42000,128,738,60000,128
1100,20160112,11, 1,1,       1801 ,,092858,092858,092858092400,1,,,,,,0,740,42000,128,738,60000,128
1100,20160112,11, 1,1,       1801 ,,092858,092858,092858093100,1,,,,,,0,740,43000,128,738,60000,128
1100,20160112,11, 1,1,       1801 ,,092858,092858,092858094600,1,,,,,,0,739,2000,128,738,60000,128
1100,20160112,11, 1,1,       1801 ,,092858,092858,092858096200,1,,,,,,0,739,2000,128,738,57000,128
1100,20160112,11, 1,1,       1801 ,,092858,092858,092858099000,1,,,,,,0,739,2000,128,738,59000,128
1100,20160112,11, 1,1,       1801 ,,092858,092858,092858101800,1,,,,,,0,739,4000,128,738,59000,128
1100,20160112,11, 1,1,       1801 ,,092858,092858,092858107600,1,,,,,,0,739,4000,128,738,55000,128
1100,20160112,11, 1,1,       1801 ,,092858,092858,092858115900,1,,,,,,0,739,5000,128,738,55000,128
1100,20160112,11, 1,1,       1801 ,,092858,092858,092858116700,1,,,,,,0,739,5000,128,738,52000,128
1100,20160112,11, 1,1,       1801 ,,092858,092858,092858119500,1,,,,,,0,739,7000,128,738,52000,128
1100,20160112,11, 1,1,       1801 ,,092858,092858,092858121500,1,,,,,,0,739,7000,128,738,51000,128
1100,20160112,11, 1,1,       1801 ,,092858,092858,092858122200,1,,,,,,0,739,7000,128,738,36000,128
1100,20160112,11, 1,1,       1801 ,,092900,092900,092900304100,1,,,,,,0,739,7000,128,738,34000,128
1100,20160112,11, 1,1,       1801 ,,092900,092900,092900310800,1,,,,,,0,739,7000,128,738,35000,128
1100,20160112,11, 1,1,       1801 ,,092901,092901,092901720100,1,,,,,,0,739,7000,128,738,37000,128
1100,20160112,11, 1,1,       1801 ,,092901,092901,092901769900,1,,,,,,0,739,5000,128,738,37000,128
1100,20160112,11, 1,1,       1801 ,,092904,092904,092904531700,1,,,,,,0,739,16000,128,738,37000,128
1100,20160112,11, 1,1,       1801 ,,092904,092904,092904532900,1,,,,,,0,739,18000,128,738,37000,128
1100,20160112,11, 1,1,       1801 ,,092904,092904,092904534200,1,,,,,,0,739,18000,128,738,34000,128
1100,20160112,11, 1,1,       1801 ,,092904,092904,092904534900,1,,,,,,0,739,18000,128,738,32000,128
1100,20160112,11, 1,1,       1801 ,,092904,092904,092904535700,1,,,,,,0,739,18000,128,738,31000,128
1100,20160112,11, 1,1,       1801 ,092904,092904,092904,092904602600,1,739,48,0,3000,0,0,739,15000,128,738,31000,128
1100,20160112,11, 1,1,       1801 ,,092904,092904,092904603900,1,,,,,,0,739,15000,128,738,33000,128
1100,20160112,11, 1,1,       1801 ,,092904,092904,092904605000,1,,,,,,0,739,13000,128,738,33000,128
1100,20160112,11, 1,1,       1801 ,,092906,092906,092906096000,1,,,,,,0,739,13000,128,738,32000,128
1100,20160112,11, 1,1,       1801 ,,092912,092912,092912442700,1,,,,,,0,739,14000,128,738,32000,128
1100,20160112,11, 1,1,       1801 ,092914,092914,092914,092914954800,1,739,48,0,2000,0,0,739,12000,128,738,32000,128
1100,20160112,11, 1,1,       1801 ,,092914,092914,092914956300,1,,,,,,0,739,12000,128,738,38000,128
1100,20160112,11, 1,1,       1801 ,092914,092914,092914,092914957000,1,739,48,0,12000,0,0,740,53000,128,738,38000,128
1100,20160112,11, 1,1,       1801 ,,092914,092914,092914957700,1,,,,,,0,740,53000,128,738,37000,128
1100,20160112,11, 1,1,       1801 ,,092914,092914,092914958600,1,,,,,,0,740,53000,128,738,43000,128
1100,20160112,11, 1,1,       1801 ,,092914,092914,092914959400,1,,,,,,0,740,53000,128,738,44000,128
1100,20160112,11, 1,1,       1801 ,,092914,092914,092914960000,1,,,,,,0,740,53000,128,738,45000,128
1100,20160112,11, 1,1,       1801 ,,092914,092914,092914960700,1,,,,,,0,740,53000,128,739,6000,128
1100,20160112,11, 1,1,       1801 ,,092914,092914,092914963500,1,,,,,,0,740,53000,128,739,7000,128
1100,20160112,11, 1,1,       1801 ,,092914,092914,092914964100,1,,,,,,0,740,48000,128,739,7000,128
1100,20160112,11, 1,1,       1801 ,,092914,092914,092914966300,1,,,,,,0,740,48000,128,739,8000,128
1100,20160112,11, 1,1,       1801 ,,092914,092914,092914966900,1,,,,,,0,740,48000,128,739,10000,128
1100,20160112,11, 1,1,       1801 ,,092914,092914,092914968200,1,,,,,,0,740,45000,128,739,10000,128
1100,20160112,11, 1,1,       1801 ,,092914,092914,092914969000,1,,,,,,0,740,40000,128,739,10000,128
1100,20160112,11, 1,1,       1801 ,,092914,092914,092914969800,1,,,,,,0,740,40000,128,739,13000,128
1100,20160112,11, 1,1,       1801 ,,092914,092914,092914970400,1,,,,,,0,740,40000,128,739,16000,128
1100,20160112,11, 1,1,       1801 ,,092914,092914,092914971000,1,,,,,,0,740,39000,128,739,16000,128
1100,20160112,11, 1,1,       1801 ,,092914,092914,092914971800,1,,,,,,0,740,39000,128,739,10000,128
1100,20160112,11, 1,1,       1801 ,,092914,092914,092914973300,1,,,,,,0,740,35000,128,739,10000,128
1100,20160112,11, 1,1,       1801 ,092915,092915,092915,092915012400,1,739,16,0,1000,0,0,740,35000,128,739,9000,128
1100,20160112,11, 1,1,       1801 ,,092915,092915,092915019800,1,,,,,,0,740,35000,128,739,9000,128
1100,20160112,11, 1,1,       1801 ,,092916,092916,092916576400,1,,,,,,0,740,41000,128,739,9000,128
1100,20160112,11, 1,1,       1801 ,,092922,092922,092922848800,1,,,,,,0,740,42000,128,739,9000,128
1100,20160112,11, 1,1,       1801 ,,092922,092922,092922850400,1,,,,,,0,740,42000,128,739,15000,128
1100,20160112,11, 1,1,       1801 ,,092924,092924,092924679600,1,,,,,,0,740,42000,128,739,14000,128
1100,20160112,11, 1,1,       1801 ,,092924,092924,092924684100,1,,,,,,0,740,43000,128,739,14000,128
1100,20160112,11, 1,1,       1801 ,,092924,092924,092924687000,1,,,,,,0,740,43000,128,739,12000,128
1100,20160112,11, 1,1,       1801 ,,092925,092925,092925870000,1,,,,,,0,740,43000,128,739,13000,128
1100,20160112,11, 1,1,       1801 ,,092928,092928,092928926800,1,,,,,,0,740,42000,128,739,13000,128
1100,20160112,11, 1,1,       1801 ,,092929,092929,092929808900,1,,,,,,0,740,42000,128,739,15000,128
1100,20160112,11, 1,1,       1801 ,,092929,092929,092929829300,1,,,,,,0,740,42000,128,739,16000,128
1100,20160112,11, 1,1,       1801 ,,092933,092933,092933729000,1,,,,,,0,740,43000,128,739,16000,128
1100,20160112,11, 1,1,       1801 ,,092934,092934,092934192700,1,,,,,,0,740,43000,128,739,17000,128
1100,20160112,11, 1,1,       1801 ,,092934,092934,092934361100,1,,,,,,0,740,42000,128,739,17000,128
1100,20160112,11, 1,1,       1801 ,,092937,092937,092937969600,1,,,,,,0,740,40000,128,739,17000,128
1100,20160112,11, 1,1,       1801 ,,092937,092937,092937979600,1,,,,,,0,740,40000,128,739,19000,128
1100,20160112,11, 1,1,       1801 ,,092938,092938,092938002500,1,,,,,,0,740,40000,128,739,20000,128
1100,20160112,11, 1,1,       1801 ,,092938,092938,092938472700,1,,,,,,0,740,38000,128,739,20000,128
1100,20160112,11, 1,1,       1801 ,,092938,092938,092938479500,1,,,,,,0,740,37000,128,739,20000,128
1100,20160112,11, 1,1,       1801 ,,092938,092938,092938480300,1,,,,,,0,740,37000,128,739,21000,128
1100,20160112,11, 1,1,       1801 ,,092938,092938,092938484000,1,,,,,,0,740,37000,128,739,20000,128
1100,20160112,11, 1,1,       1801 ,,092938,092938,092938565700,1,,,,,,0,740,40000,128,739,20000,128
1100,20160112,11, 1,1,       1801 ,,092939,092939,092939007200,1,,,,,,0,740,22000,128,739,20000,128
1100,20160112,11, 1,1,       1801 ,,092939,092939,092939009300,1,,,,,,0,740,22000,128,739,26000,128
1100,20160112,11, 1,1,       1801 ,092939,092939,092939,092939010000,1,740,48,0,12000,0,0,740,10000,128,739,26000,128
1100,20160112,11, 1,1,       1801 ,092939,092939,092939,092939012600,1,740,48,0,9000,0,0,740,1000,128,739,26000,128
1100,20160112,11, 1,1,       1801 ,,092939,092939,092939014200,1,,,,,,0,740,1000,128,739,27000,128
1100,20160112,11, 1,1,       1801 ,092939,092939,092939,092939014900,1,740,48,0,1000,0,0,741,59000,128,740,1000,128
1100,20160112,11, 1,1,       1801 ,,092939,092939,092939015800,1,,,,,,0,741,59000,128,740,2000,128
1100,20160112,11, 1,1,       1801 ,,092939,092939,092939019500,1,,,,,,0,741,58000,128,740,2000,128
1100,20160112,11, 1,1,       1801 ,,092939,092939,092939020400,1,,,,,,0,741,58000,128,740,12000,128
1100,20160112,11, 1,1,       1801 ,,092939,092939,092939024800,1,,,,,,0,741,58000,128,740,14000,128
1100,20160112,11, 1,1,       1801 ,,092939,092939,092939027300,1,,,,,,0,741,58000,128,740,15000,128
1100,20160112,11, 1,1,       1801 ,,092939,092939,092939031200,1,,,,,,0,741,56000,128,740,15000,128
1100,20160112,11, 1,1,       1801 ,,092939,092939,092939034900,1,,,,,,0,741,50000,128,740,15000,128
1100,20160112,11, 1,1,       1801 ,,092939,092939,092939035600,1,,,,,,0,741,50000,128,740,17000,128
1100,20160112,11, 1,1,       1801 ,,092939,092939,092939036900,1,,,,,,0,741,46000,128,740,17000,128
1100,20160112,11, 1,1,       1801 ,,092939,092939,092939037700,1,,,,,,0,741,47000,128,740,17000,128
1100,20160112,11, 1,1,       1801 ,,092939,092939,092939038300,1,,,,,,0,741,46000,128,740,17000,128
1100,20160112,11, 1,1,       1801 ,,092939,092939,092939040500,1,,,,,,0,741,45000,128,740,17000,128
1100,20160112,11, 1,1,       1801 ,,092939,092939,092939042100,1,,,,,,0,741,42000,128,740,17000,128
1100,20160112,11, 1,1,       1801 ,,092939,092939,092939044300,1,,,,,,0,741,42000,128,740,20000,128
1100,20160112,11, 1,1,       1801 ,,092939,092939,092939044900,1,,,,,,0,741,39000,128,740,20000,128
1100,20160112,11, 1,1,       1801 ,,092939,092939,092939046900,1,,,,,,0,741,24000,128,740,20000,128
1100,20160112,11, 1,1,       1801 ,,092939,092939,092939049300,1,,,,,,0,741,24000,128,740,26000,128
1100,20160112,11, 1,1,       1801 ,,092939,092939,092939050100,1,,,,,,0,741,22000,128,740,26000,128
1100,20160112,11, 1,1,       1801 ,,092939,092939,092939050900,1,,,,,,0,741,21000,128,740,26000,128
1100,20160112,11, 1,1,       1801 ,,092939,092939,092939053200,1,,,,,,0,741,21000,128,740,32000,128
1100,20160112,11, 1,1,       1801 ,092939,092939,092939,092939054800,1,741,48,0,2000,0,0,741,19000,128,740,32000,128
1100,20160112,11, 1,1,       1801 ,092939,092939,092939,092939056200,1,741,48,0,6000,0,0,741,13000,128,740,32000,128
1100,20160112,11, 1,1,       1801 ,092939,092939,092939,092939058000,1,741,48,0,2000,0,0,741,11000,128,740,32000,128
1100,20160112,11, 1,1,       1801 ,,092939,092939,092939059000,1,,,,,,0,741,11000,128,740,33000,128
1100,20160112,11, 1,1,       1801 ,092939,092939,092939,092939059800,1,741,48,0,5000,0,0,741,6000,128,740,33000,128
1100,20160112,11, 1,1,       1801 ,092939,092939,092939,092939061500,1,741,48,0,2000,0,0,741,4000,128,740,33000,128
1100,20160112,11, 1,1,       1801 ,092939,092939,092939,092939062500,1,741,48,0,3000,0,0,741,1000,128,740,33000,128
1100,20160112,11, 1,1,       1801 ,092939,092939,092939,092939064600,1,741,48,0,1000,0,0,742,69000,128,740,33000,128
1100,20160112,11, 1,1,       1801 ,,092939,092939,092939066400,1,,,,,,0,742,69000,128,740,34000,128
1100,20160112,11, 1,1,       1801 ,,092939,092939,092939070500,1,,,,,,0,742,69000,128,740,36000,128
1100,20160112,11, 1,1,       1801 ,,092939,092939,092939071200,1,,,,,,0,742,69000,128,741,6000,128
1100,20160112,11, 1,1,       1801 ,,092939,092939,092939076300,1,,,,,,0,742,69000,128,741,8000,128
1100,20160112,11, 1,1,       1801 ,092939,092939,092939,092939080700,1,741,16,0,3000,0,0,742,69000,128,741,5000,128
1100,20160112,11, 1,1,       1801 ,092939,092939,092939,092939081600,1,741,16,0,3000,0,0,742,69000,128,741,2000,128
1100,20160112,11, 1,1,       1801 ,,092939,092939,092939082600,1,,,,,,0,742,70000,128,741,2000,128
1100,20160112,11, 1,1,       1801 ,,092939,092939,092939084700,1,,,,,,0,742,64000,128,741,2000,128
1100,20160112,11, 1,1,       1801 ,,092939,092939,092939085400,1,,,,,,0,742,58000,128,741,2000,128
1100,20160112,11, 1,1,       1801 ,092939,092939,092939,092939086200,1,741,16,0,2000,0,0,742,58000,128,740,35000,128
1100,20160112,11, 1,1,       1801 ,,092939,092939,092939087100,1,,,,,,0,742,57000,128,740,35000,128
1100,20160112,11, 1,1,       1801 ,,092939,092939,092939087900,1,,,,,,0,742,57000,128,740,38000,128
1100,20160112,11, 1,1,       1801 ,,092939,092939,092939088700,1,,,,,,0,742,57000,128,740,41000,128
1100,20160112,11, 1,1,       1801 ,,092939,092939,092939091100,1,,,,,,0,741,2000,128,740,41000,128
1100,20160112,11, 1,1,       1801 ,,092939,092939,092939092400,1,,,,,,0,741,2000,128,740,40000,128
1100,20160112,11, 1,1,       1801 ,,092939,092939,092939094500,1,,,,,,0,741,6000,128,740,40000,128
1100,20160112,11, 1,1,       1801 ,,092939,092939,092939095100,1,,,,,,0,741,6000,128,740,38000,128
1100,20160112,11, 1,1,       1801 ,,092939,092939,092939096000,1,,,,,,0,741,8000,128,740,38000,128
1100,20160112,11, 1,1,       1801 ,,092939,092939,092939096900,1,,,,,,0,741,11000,128,740,38000,128
1100,20160112,11, 1,1,       1801 ,,092939,092939,092939097600,1,,,,,,0,741,14000,128,740,38000,128
1100,20160112,11, 1,1,       1801 ,,092939,092939,092939098200,1,,,,,,0,741,14000,128,740,35000,128
1100,20160112,11, 1,1,       1801 ,092939,092939,092939,092939100700,1,741,48,0,1000,0,0,741,13000,128,740,35000,128
1100,20160112,11, 1,1,       1801 ,,092939,092939,092939101500,1,,,,,,0,741,15000,128,740,35000,128
1100,20160112,11, 1,1,       1801 ,,092939,092939,092939102200,1,,,,,,0,741,15000,128,740,32000,128
1100,20160112,11, 1,1,       1801 ,,092939,092939,092939103700,1,,,,,,0,741,14000,128,740,32000,128
1100,20160112,11, 1,1,       1801 ,,092939,092939,092939104600,1,,,,,,0,741,12000,128,740,32000,128
1100,20160112,11, 1,1,       1801 ,,092939,092939,092939961700,1,,,,,,0,741,12000,128,740,22000,128
1100,20160112,11, 1,1,       1801 ,,092940,092940,092940105000,1,,,,,,0,741,12000,128,740,23000,128
1100,20160112,11, 1,1,       1801 ,,092940,092940,092940737300,1,,,,,,0,741,12000,128,740,25000,128
1100,20160112,11, 1,1,       1801 ,,092940,092940,092940879400,1,,,,,,0,741,12000,128,740,23000,128
1100,20160112,11, 1,1,       1801 ,,092941,092941,092941479000,1,,,,,,0,741,12000,128,740,25000,128
1100,20160112,11, 1,1,       1801 ,,092944,092944,092944388200,1,,,,,,0,741,12000,128,740,26000,128
1100,20160112,11, 1,1,       1801 ,,092944,092944,092944390200,1,,,,,,0,741,12000,128,740,27000,128
1100,20160112,11, 1,1,       1801 ,,092948,092948,092948636100,1,,,,,,0,741,10000,128,740,27000,128
1100,20160112,11, 1,1,       1801 ,,092948,092948,092948637700,1,,,,,,0,741,7000,128,740,27000,128
1100,20160112,11, 1,1,       1801 ,,092948,092948,092948638500,1,,,,,,0,741,4000,128,740,27000,128
1100,20160112,11, 1,1,       1801 ,,092948,092948,092948640600,1,,,,,,0,741,4000,128,740,31000,128
1100,20160112,11, 1,1,       1801 ,,092948,092948,092948721800,1,,,,,,0,741,4000,128,740,32000,128
1100,20160112,11, 1,1,       1801 ,,092948,092948,092948821300,1,,,,,,0,741,4000,128,740,31000,128
1100,20160112,11, 1,1,       1801 ,,092949,092949,092949539200,1,,,,,,0,741,4000,128,740,34000,128
1100,20160112,11, 1,1,       1801 ,092950,092950,092950,092950310100,1,741,48,0,4000,0,0,742,37000,128,740,34000,128
1100,20160112,11, 1,1,       1801 ,,092950,092950,092950311900,1,,,,,,0,742,37000,128,740,35000,128
1100,20160112,11, 1,1,       1801 ,,092950,092950,092950313300,1,,,,,,0,742,37000,128,741,1000,128
1100,20160112,11, 1,1,       1801 ,,092950,092950,092950313900,1,,,,,,0,742,36000,128,741,1000,128
1100,20160112,11, 1,1,       1801 ,,092950,092950,092950314700,1,,,,,,0,742,36000,128,741,4000,128
1100,20160112,11, 1,1,       1801 ,,092950,092950,092950316000,1,,,,,,0,742,31000,128,741,4000,128
1100,20160112,11, 1,1,       1801 ,,092950,092950,092950319000,1,,,,,,0,742,31000,128,741,5000,128
1100,20160112,11, 1,1,       1801 ,,092950,092950,092950321000,1,,,,,,0,742,26000,128,741,5000,128
1100,20160112,11, 1,1,       1801 ,,092950,092950,092950321700,1,,,,,,0,742,26000,128,741,8000,128
1100,20160112,11, 1,1,       1801 ,,092950,092950,092950323100,1,,,,,,0,742,25000,128,741,8000,128
1100,20160112,11, 1,1,       1801 ,,092950,092950,092950329100,1,,,,,,0,742,21000,128,741,8000,128
1100,20160112,11, 1,1,       1801 ,,092950,092950,092950335100,1,,,,,,0,742,21000,128,741,9000,128
1100,20160112,11, 1,1,       1801 ,,092950,092950,092950336600,1,,,,,,0,742,18000,128,741,9000,128
1100,20160112,11, 1,1,       1801 ,,092950,092950,092950338000,1,,,,,,0,742,18000,128,741,15000,128
1100,20160112,11, 1,1,       1801 ,092950,092950,092950,092950338600,1,742,48,0,1000,0,0,742,17000,128,741,15000,128
1100,20160112,11, 1,1,       1801 ,,092950,092950,092950339500,1,,,,,,0,742,17000,128,741,14000,128
1100,20160112,11, 1,1,       1801 ,,092950,092950,092950341100,1,,,,,,0,742,17000,128,741,15000,128
1100,20160112,11, 1,1,       1801 ,,092950,092950,092950341800,1,,,,,,0,742,16000,128,741,15000,128
1100,20160112,11, 1,1,       1801 ,,092950,092950,092950344100,1,,,,,,0,742,16000,128,741,18000,128
1100,20160112,11, 1,1,       1801 ,,092950,092950,092950345000,1,,,,,,0,742,12000,128,741,18000,128
1100,20160112,11, 1,1,       1801 ,,092950,092950,092950346800,1,,,,,,0,742,9000,128,741,18000,128
1100,20160112,11, 1,1,       1801 ,,092950,092950,092950348800,1,,,,,,0,742,9000,128,741,19000,128
1100,20160112,11, 1,1,       1801 ,,092950,092950,092950689400,1,,,,,,0,742,9000,128,741,20000,128
1100,20160112,11, 1,1,       1801 ,,092951,092951,092951584200,1,,,,,,0,742,9000,128,741,19000,128
1100,20160112,11, 1,1,       1801 ,,092959,092959,092959070300,1,,,,,,0,742,17000,128,741,19000,128
1100,20160112,11, 1,1,       1801 ,,092959,092959,092959071800,1,,,,,,0,742,17000,128,741,25000,128
1100,20160112,11, 1,1,       1801 ,,093000,093000,093000042300,1,,,,,,0,742,18000,128,741,25000,128
1100,20160112,11, 1,1,       1801 ,,093000,093000,093000050100,1,,,,,,0,742,18000,128,741,24000,128
1100,20160112,11, 1,1,       1801 ,,093000,093000,093000077600,1,,,,,,0,742,23000,128,741,24000,128
1100,20160112,11, 1,1,       1801 ,,093000,093000,093000237000,1,,,,,,0,742,23000,128,741,18000,128
1100,20160112,11, 1,1,       1801 ,,093000,093000,093000239600,1,,,,,,0,742,26000,128,741,18000,128
1100,20160112,11, 1,1,       1801 ,093000,093000,093000,093000240600,1,741,16,0,5000,0,0,742,26000,128,741,13000,128
1100,20160112,11, 1,1,       1801 ,,093000,093000,093000242300,1,,,,,,0,742,26000,128,741,13000,128
1100,20160112,11, 1,1,       1801 ,093000,093000,093000,093000243400,1,741,16,0,2000,0,0,742,26000,128,741,11000,128
1100,20160112,11, 1,1,       1801 ,093000,093000,093000,093000244500,1,741,16,0,11000,0,0,742,26000,128,740,34000,128
1100,20160112,11, 1,1,       1801 ,,093000,093000,093000245800,1,,,,,,0,741,1000,128,740,34000,128
1100,20160112,11, 1,1,       1801 ,,093000,093000,093000250300,1,,,,,,0,741,6000,128,740,34000,128
1100,20160112,11, 1,1,       1801 ,,093000,093000,093000252200,1,,,,,,0,741,6000,128,740,32000,128
1100,20160112,11, 1,1,       1801 ,,093000,093000,093000257100,1,,,,,,0,741,8000,128,740,32000,128
1100,20160112,11, 1,1,       1801 ,,093000,093000,093000258000,1,,,,,,0,741,8000,128,740,34000,128
1100,20160112,11, 1,1,       1801 ,,093000,093000,093000261700,1,,,,,,0,741,8000,128,740,31000,128
1100,20160112,11, 1,1,       1801 ,,093000,093000,093000262700,1,,,,,,0,741,8000,128,740,30000,128
1100,20160112,11, 1,1,       1801 ,,093000,093000,093000264500,1,,,,,,0,741,9000,128,740,30000,128
1100,20160112,11, 1,1,       1801 ,,093000,093000,093000265300,1,,,,,,0,741,9000,128,740,31000,128
1100,20160112,11, 1,1,       1801 ,,093000,093000,093000349600,1,,,,,,0,741,7000,128,740,31000,128
1100,20160112,11, 1,1,       1801 ,,093000,093000,093000350500,1,,,,,,0,741,9000,128,740,31000,128
1100,20160112,11, 1,1,       1801 ,,093000,093000,093000661500,1,,,,,,0,741,9000,128,740,28000,128
1100,20160112,11, 1,1,       1801 ,,093002,093002,093002534000,1,,,,,,0,741,9000,128,740,30000,128
1100,20160112,11, 1,1,       1801 ,,093002,093002,093002567600,1,,,,,,0,741,11000,128,740,30000,128
1100,20160112,11, 1,1,       1801 ,,093002,093002,093002880700,1,,,,,,0,741,12000,128,740,30000,128
1100,20160112,11, 1,1,       1801 ,,093005,093005,093005629200,1,,,,,,0,741,14000,128,740,30000,128
1100,20160112,11, 1,1,       1801 ,,093005,093005,093005630300,1,,,,,,0,741,14000,128,740,24000,128
1100,20160112,11, 1,1,       1801 ,,093005,093005,093005631700,1,,,,,,0,741,14000,128,740,23000,128
1100,20160112,11, 1,1,       1801 ,,093008,093008,093008360200,1,,,,,,0,741,12000,128,740,23000,128
1100,20160112,11, 1,1,       1801 ,,093008,093008,093008391200,1,,,,,,0,741,11000,128,740,23000,128
1100,20160112,11, 1,1,       1801 ,,093009,093009,093009026700,1,,,,,,0,741,12000,128,740,23000,128
1100,20160112,11, 1,1,       1801 ,,093010,093010,093010948100,1,,,,,,0,741,13000,128,740,23000,128
1100,20160112,11, 1,1,       1801 ,,093011,093011,093011438600,1,,,,,,0,741,13000,128,740,24000,128
1100,20160112,11, 1,1,       1801 ,,093012,093012,093012701100,1,,,,,,0,741,13000,128,740,26000,128
1100,20160112,11, 1,1,       1801 ,,093012,093012,093012709400,1,,,,,,0,741,13000,128,740,27000,128
1100,20160112,11, 1,1,       1801 ,,093012,093012,093012726200,1,,,,,,0,741,12000,128,740,27000,128
1100,20160112,11, 1,1,       1801 ,,093012,093012,093012731200,1,,,,,,0,741,11000,128,740,27000,128
1100,20160112,11, 1,1,       1801 ,,093012,093012,093012749900,1,,,,,,0,741,9000,128,740,27000,128
1100,20160112,11, 1,1,       1801 ,,093013,093013,093013200000,1,,,,,,0,741,9000,128,740,25000,128
1100,20160112,11, 1,1,       1801 ,,093013,093013,093013209600,1,,,,,,0,741,11000,128,740,25000,128
1100,20160112,11, 1,1,       1801 ,,093014,093014,093014730700,1,,,,,,0,741,11000,128,740,24000,128
1100,20160112,11, 1,1,       1801 ,,093016,093016,093016361300,1,,,,,,0,741,11000,128,740,25000,128
1100,20160112,11, 1,1,       1801 ,,093016,093016,093016684400,1,,,,,,0,741,11000,128,740,24000,128
1100,20160112,11, 1,1,       1801 ,,093021,093021,093021219800,1,,,,,,0,741,13000,128,740,24000,128
1100,20160112,11, 1,1,       1801 ,,093021,093021,093021222700,1,,,,,,0,741,14000,128,740,24000,128
1100,20160112,11, 1,1,       1801 ,,093021,093021,093021225200,1,,,,,,0,741,22000,128,740,24000,128
1100,20160112,11, 1,1,       1801 ,,093021,093021,093021225900,1,,,,,,0,741,23000,128,740,24000,128
1100,20160112,11, 1,1,       1801 ,,093021,093021,093021227000,1,,,,,,0,741,23000,128,740,20000,128
1100,20160112,11, 1,1,       1801 ,,093021,093021,093021228500,1,,,,,,0,741,23000,128,740,18000,128
1100,20160112,11, 1,1,       1801 ,,093021,093021,093021229900,1,,,,,,0,741,23000,128,740,17000,128
1100,20160112,11, 1,1,       1801 ,,093021,093021,093021232600,1,,,,,,0,741,23000,128,740,15000,128
1100,20160112,11, 1,1,       1801 ,,093021,093021,093021242700,1,,,,,,0,741,23000,128,740,10000,128
1100,20160112,11, 1,1,       1801 ,,093021,093021,093021244600,1,,,,,,0,741,23000,128,740,7000,128
1100,20160112,11, 1,1,       1801 ,,093021,093021,093021251400,1,,,,,,0,741,23000,128,740,5000,128
1100,20160112,11, 1,1,       1801 ,,093021,093021,093021257100,1,,,,,,0,741,24000,128,740,5000,128
1100,20160112,11, 1,1,       1801 ,,093021,093021,093021468600,1,,,,,,0,741,24000,128,740,4000,128
1100,20160112,11, 1,1,       1801 ,093021,093021,093021,093021469900,1,740,16,0,1000,0,0,741,24000,128,740,3000,128
1100,20160112,11, 1,1,       1801 ,,093021,093021,093021470700,1,,,,,,0,741,24000,128,740,3000,128
1100,20160112,11, 1,1,       1801 ,093021,093021,093021,093021472300,1,740,16,0,2000,0,0,741,24000,128,740,1000,128
1100,20160112,11, 1,1,       1801 ,093021,093021,093021,093021473800,1,740,16,0,1000,0,0,741,24000,128,739,55000,128
1100,20160112,11, 1,1,       1801 ,,093021,093021,093021475700,1,,,,,,0,741,24000,128,739,55000,128
1100,20160112,11, 1,1,       1801 ,,093021,093021,093021476500,1,,,,,,0,740,1000,128,739,55000,128
1100,20160112,11, 1,1,       1801 ,,093021,093021,093021477200,1,,,,,,0,740,3000,128,739,55000,128
1100,20160112,11, 1,1,       1801 ,,093021,093021,093021491500,1,,,,,,0,740,3000,128,739,53000,128
1100,20160112,11, 1,1,       1801 ,,093021,093021,093021492200,1,,,,,,0,740,4000,128,739,53000,128
1100,20160112,11, 1,1,       1801 ,,093021,093021,093021492800,1,,,,,,0,740,4000,128,739,54000,128
1100,20160112,11, 1,1,       1801 ,,093021,093021,093021495700,1,,,,,,0,740,4000,128,739,48000,128
1100,20160112,11, 1,1,       1801 ,,093021,093021,093021499400,1,,,,,,0,740,4000,128,739,47000,128
1100,20160112,11, 1,1,       1801 ,,093021,093021,093021500900,1,,,,,,0,740,4000,128,739,31000,128
1100,20160112,11, 1,1,       1801 ,093021,093021,093021,093021502400,1,740,48,0,1000,0,0,740,3000,128,739,31000,128
1100,20160112,11, 1,1,       1801 ,,093021,093021,093021504000,1,,,,,,0,740,3000,128,739,31000,128
1100,20160112,11, 1,1,       1801 ,,093021,093021,093021513400,1,,,,,,0,740,4000,128,739,31000,128
1100,20160112,11, 1,1,       1801 ,,093022,093022,093022188600,1,,,,,,0,740,5000,128,739,31000,128
1100,20160112,11, 1,1,       1801 ,,093022,093022,093022383100,1,,,,,,0,740,6000,128,739,31000,128
1100,20160112,11, 1,1,       1801 ,,093022,093022,093022386000,1,,,,,,0,740,6000,128,739,32000,128
1100,20160112,11, 1,1,       1801 ,,093024,093024,093024994100,1,,,,,,0,740,6000,128,739,34000,128
1100,20160112,11, 1,1,       1801 ,,093024,093024,093024996100,1,,,,,,0,740,6000,128,739,33000,128
1100,20160112,11, 1,1,       1801 ,,093026,093026,093026145300,1,,,,,,0,740,6000,128,739,31000,128
1100,20160112,11, 1,1,       1801 ,,093026,093026,093026520000,1,,,,,,0,740,5000,128,739,31000,128
1100,20160112,11, 1,1,       1801 ,093028,093028,093028,093028771500,1,740,48,0,1000,0,0,740,4000,128,739,30000,128
1100,20160112,11, 1,1,       1801 ,,093029,093029,093029058600,1,,,,,,0,740,4000,128,739,30000,128
1100,20160112,11, 1,1,       1801 ,,093030,093030,093030052100,1,,,,,,0,740,13000,128,739,30000,128
1100,20160112,11, 1,1,       1801 ,,093030,093030,093030053400,1,,,,,,0,740,13000,128,739,29000,128
1100,20160112,11, 1,1,       1801 ,,093030,093030,093030054100,1,,,,,,0,740,14000,128,739,29000,128
1100,20160112,11, 1,1,       1801 ,,093030,093030,093030061100,1,,,,,,0,740,14000,128,739,26000,128
1100,20160112,11, 1,1,       1801 ,,093030,093030,093030071700,1,,,,,,0,740,14000,128,739,27000,128
1100,20160112,11, 1,1,       1801 ,,093037,093037,093037268700,1,,,,,,0,740,14000,128,739,28000,128
1100,20160112,11, 1,1,       1801 ,093037,093037,093037,093037959100,1,740,48,0,1000,0,0,740,13000,128,739,28000,128
1100,20160112,11, 1,1,       1801 ,,093038,093038,093038063900,1,,,,,,0,740,15000,128,739,28000,128
1100,20160112,11, 1,1,       1801 ,,093040,093040,093040113300,1,,,,,,0,740,14000,128,739,28000,128
1100,20160112,11, 1,1,       1801 ,,093047,093047,093047739400,1,,,,,,0,740,14000,128,739,30000,128
1100,20160112,11, 1,1,       1801 ,,093047,093047,093047741800,1,,,,,,0,740,12000,128,739,30000,128
1100,20160112,11, 1,1,       1801 ,,093047,093047,093047743600,1,,,,,,0,740,12000,128,739,36000,128
1100,20160112,11, 1,1,       1801 ,,093047,093047,093047745200,1,,,,,,0,740,12000,128,739,37000,128
1100,20160112,11, 1,1,       1801 ,093047,093047,093047,093047815000,1,740,48,0,1000,0,0,740,11000,128,739,37000,128
1100,20160112,11, 1,1,       1801 ,093047,093047,093047,093047816600,1,740,48,0,2000,0,0,740,9000,128,739,37000,128
1100,20160112,11, 1,1,       1801 ,093047,093047,093047,093047817700,1,740,48,0,7000,0,0,740,2000,128,739,37000,128
1100,20160112,11, 1,1,       1801 ,093047,093047,093047,093047818600,1,740,48,0,2000,0,0,741,46000,128,739,37000,128
1100,20160112,11, 1,1,       1801 ,,093047,093047,093047819600,1,,,,,,0,741,46000,128,740,1000,128
1100,20160112,11, 1,1,       1801 ,,093047,093047,093047825800,1,,,,,,0,741,46000,128,740,3000,128
1100,20160112,11, 1,1,       1801 ,,093047,093047,093047827100,1,,,,,,0,741,46000,128,740,4000,128
1100,20160112,11, 1,1,       1801 ,,093047,093047,093047827700,1,,,,,,0,741,40000,128,740,4000,128
1100,20160112,11, 1,1,       1801 ,,093047,093047,093047829800,1,,,,,,0,741,40000,128,740,6000,128
1100,20160112,11, 1,1,       1801 ,,093047,093047,093047832600,1,,,,,,0,741,40000,128,740,4000,128
1100,20160112,11, 1,1,       1801 ,,093047,093047,093047833300,1,,,,,,0,741,41000,128,740,4000,128
1100,20160112,11, 1,1,       1801 ,,093047,093047,093047834000,1,,,,,,0,741,41000,128,740,6000,128
1100,20160112,11, 1,1,       1801 ,,093047,093047,093047834600,1,,,,,,0,741,33000,128,740,6000,128
1100,20160112,11, 1,1,       1801 ,,093047,093047,093047835300,1,,,,,,0,741,33000,128,740,8000,128
1100,20160112,11, 1,1,       1801 ,,093047,093047,093047835900,1,,,,,,0,741,32000,128,740,8000,128
1100,20160112,11, 1,1,       1801 ,,093047,093047,093047837300,1,,,,,,0,741,31000,128,740,8000,128
1100,20160112,11, 1,1,       1801 ,,093047,093047,093047838100,1,,,,,,0,741,27000,128,740,8000,128
1100,20160112,11, 1,1,       1801 ,,093047,093047,093047838800,1,,,,,,0,741,24000,128,740,8000,128
1100,20160112,11, 1,1,       1801 ,,093047,093047,093047840000,1,,,,,,0,741,24000,128,740,10000,128
1100,20160112,11, 1,1,       1801 ,,093047,093047,093047840600,1,,,,,,0,741,19000,128,740,10000,128
1100,20160112,11, 1,1,       1801 ,,093047,093047,093047841900,1,,,,,,0,741,15000,128,740,10000,128
1100,20160112,11, 1,1,       1801 ,,093047,093047,093047844100,1,,,,,,0,741,15000,128,740,11000,128
1100,20160112,11, 1,1,       1801 ,,093047,093047,093047890400,1,,,,,,0,741,16000,128,740,11000,128
1100,20160112,11, 1,1,       1801 ,,093048,093048,093048903700,1,,,,,,0,741,17000,128,740,11000,128
1100,20160112,11, 1,1,       1801 ,,093049,093049,093049191600,1,,,,,,0,741,17000,128,740,10000,128
1100,20160112,11, 1,1,       1801 ,,093050,093050,093050108500,1,,,,,,0,741,18000,128,740,10000,128
1100,20160112,11, 1,1,       1801 ,,093050,093050,093050130400,1,,,,,,0,741,18000,128,740,9000,128
1100,20160112,11, 1,1,       1801 ,,093050,093050,093050282700,1,,,,,,0,741,17000,128,740,9000,128
1100,20160112,11, 1,1,       1801 ,,093050,093050,093050450600,1,,,,,,0,741,18000,128,740,9000,128
1100,20160112,11, 1,1,       1801 ,,093050,093050,093050862600,1,,,,,,0,741,17000,128,740,9000,128
1100,20160112,11, 1,1,       1801 ,,093051,093051,093051178300,1,,,,,,0,741,32000,128,740,9000,128
1100,20160112,11, 1,1,       1801 ,,093055,093055,093055506000,1,,,,,,0,741,32000,128,740,7000,128
1100,20160112,11, 1,1,       1801 ,,093055,093055,093055508500,1,,,,,,0,741,40000,128,740,7000,128
1100,20160112,11, 1,1,       1801 ,,093055,093055,093055509100,1,,,,,,0,741,40000,128,740,13000,128
1100,20160112,11, 1,1,       1801 ,,093055,093055,093055509800,1,,,,,,0,741,44000,128,740,13000,128
1100,20160112,11, 1,1,       1801 ,,093055,093055,093055510400,1,,,,,,0,741,44000,128,740,11000,128
1100,20160112,11, 1,1,       1801 ,,093100,093100,093100019300,1,,,,,,0,741,44000,128,740,13000,128
1100,20160112,11, 1,1,       1801 ,,093101,093101,093101385700,1,,,,,,0,741,44000,128,740,16000,128
1100,20160112,11, 1,1,       1801 ,,093106,093106,093106695700,1,,,,,,0,741,45000,128,740,16000,128
1100,20160112,11, 1,1,       1801 ,,093106,093106,093106960100,1,,,,,,0,741,45000,128,740,14000,128
1100,20160112,11, 1,1,       1801 ,093106,093106,093106,093106963800,1,740,16,0,1000,0,0,741,45000,128,740,13000,128
1100,20160112,11, 1,1,       1801 ,093106,093106,093106,093106965600,1,740,16,0,1000,0,0,741,45000,128,740,12000,128
1100,20160112,11, 1,1,       1801 ,093106,093106,093106,093106967200,1,740,16,0,2000,0,0,741,45000,128,740,10000,128
1100,20160112,11, 1,1,       1801 ,093106,093106,093106,093106968700,1,740,16,0,8000,0,0,741,45000,128,740,2000,128
1100,20160112,11, 1,1,       1801 ,093106,093106,093106,093106970500,1,740,16,0,2000,0,0,741,45000,128,739,38000,128
1100,20160112,11, 1,1,       1801 ,,093106,093106,093106973600,1,,,,,,0,740,2000,128,739,38000,128
1100,20160112,11, 1,1,       1801 ,,093106,093106,093106975700,1,,,,,,0,740,2000,128,739,37000,128
1100,20160112,11, 1,1,       1801 ,,093106,093106,093106976800,1,,,,,,0,740,8000,128,739,37000,128
1100,20160112,11, 1,1,       1801 ,,093106,093106,093106982300,1,,,,,,0,740,10000,128,739,37000,128
1100,20160112,11, 1,1,       1801 ,,093106,093106,093106997100,1,,,,,,0,740,12000,128,739,37000,128
1100,20160112,11, 1,1,       1801 ,,093107,093107,093107002800,1,,,,,,0,740,12000,128,739,31000,128
1100,20160112,11, 1,1,       1801 ,,093107,093107,093107003900,1,,,,,,0,740,12000,128,739,30000,128
1100,20160112,11, 1,1,       1801 ,,093107,093107,093107005900,1,,,,,,0,740,13000,128,739,30000,128
1100,20160112,11, 1,1,       1801 ,,093107,093107,093107007600,1,,,,,,0,740,13000,128,739,29000,128
1100,20160112,11, 1,1,       1801 ,,093107,093107,093107012600,1,,,,,,0,740,13000,128,739,26000,128
1100,20160112,11, 1,1,       1801 ,,093107,093107,093107015100,1,,,,,,0,740,13000,128,739,24000,128
1100,20160112,11, 1,1,       1801 ,,093107,093107,093107078200,1,,,,,,0,740,13000,128,739,28000,128
1100,20160112,11, 1,1,       1801 ,,093107,093107,093107080100,1,,,,,,0,740,13000,128,739,27000,128
1100,20160112,11, 1,1,       1801 ,,093107,093107,093107139300,1,,,,,,0,740,11000,128,739,27000,128
1100,20160112,11, 1,1,       1801 ,,093108,093108,093108653600,1,,,,,,0,740,12000,128,739,27000,128
1100,20160112,11, 1,1,       1801 ,,093113,093113,093113732500,1,,,,,,0,740,13000,128,739,27000,128
1100,20160112,11, 1,1,       1801 ,,093113,093113,093113762600,1,,,,,,0,740,15000,128,739,27000,128
1100,20160112,11, 1,1,       1801 ,,093113,093113,093113976400,1,,,,,,0,740,14000,128,739,27000,128
1100,20160112,11, 1,1,       1801 ,,093115,093115,093115431600,1,,,,,,0,740,15000,128,739,27000,128
1100,20160112,11, 1,1,       1801 ,,093115,093115,093115433100,1,,,,,,0,740,19000,128,739,27000,128
1100,20160112,11, 1,1,       1801 ,,093117,093117,093117622300,1,,,,,,0,740,17000,128,739,27000,128
1100,20160112,11, 1,1,       1801 ,,093118,093118,093118386100,1,,,,,,0,740,19000,128,739,27000,128
1100,20160112,11, 1,1,       1801 ,,093120,093120,093120287800,1,,,,,,0,740,17000,128,739,27000,128
1100,20160112,11, 1,1,       1801 ,,093126,093126,093126964300,1,,,,,,0,740,16000,128,739,27000,128
1100,20160112,11, 1,1,       1801 ,,093128,093128,093128018900,1,,,,,,0,740,16000,128,739,29000,128
1100,20160112,11, 1,1,       1801 ,,093145,093145,093145859500,1,,,,,,0,740,16000,128,739,31000,128
1100,20160112,11, 1,1,       1801 ,,093145,093145,093145861200,1,,,,,,0,740,14000,128,739,31000,128
1100,20160112,11, 1,1,       1801 ,,093145,093145,093145861900,1,,,,,,0,740,14000,128,739,32000,128
1100,20160112,11, 1,1,       1801 ,,093145,093145,093145864900,1,,,,,,0,740,10000,128,739,32000,128
1100,20160112,11, 1,1,       1801 ,,093145,093145,093145866400,1,,,,,,0,740,9000,128,739,32000,128
1100,20160112,11, 1,1,       1801 ,,093145,093145,093145870900,1,,,,,,0,740,7000,128,739,32000,128
1100,20160112,11, 1,1,       1801 ,093145,093145,093145,093145872700,1,740,48,0,1000,0,0,740,6000,128,739,32000,128
1100,20160112,11, 1,1,       1801 ,093145,093145,093145,093145875200,1,740,48,0,1000,0,0,740,5000,128,739,32000,128
1100,20160112,11, 1,1,       1801 ,093145,093145,093145,093145876100,1,740,48,0,5000,0,0,741,48000,128,739,32000,128
1100,20160112,11, 1,1,       1801 ,,093145,093145,093145876900,1,,,,,,0,741,48000,128,740,2000,128
1100,20160112,11, 1,1,       1801 ,,093145,093145,093145879200,1,,,,,,0,741,48000,128,740,3000,128
1100,20160112,11, 1,1,       1801 ,,093145,093145,093145885700,1,,,,,,0,741,40000,128,740,3000,128
1100,20160112,11, 1,1,       1801 ,,093145,093145,093145886600,1,,,,,,0,741,36000,128,740,3000,128
1100,20160112,11, 1,1,       1801 ,,093145,093145,093145889800,1,,,,,,0,741,37000,128,740,3000,128
1100,20160112,11, 1,1,       1801 ,,093145,093145,093145891100,1,,,,,,0,741,36000,128,740,3000,128
1100,20160112,11, 1,1,       1801 ,,093145,093145,093145903100,1,,,,,,0,741,31000,128,740,3000,128
1100,20160112,11, 1,1,       1801 ,,093145,093145,093145961100,1,,,,,,0,741,28000,128,740,3000,128
1100,20160112,11, 1,1,       1801 ,,093147,093147,093147138700,1,,,,,,0,741,29000,128,740,3000,128
1100,20160112,11, 1,1,       1801 ,,093148,093148,093148599500,1,,,,,,0,741,29000,128,740,2000,128
1100,20160112,11, 1,1,       1801 ,,093148,093148,093148620300,1,,,,,,0,741,29000,128,739,44000,128
1100,20160112,11, 1,1,       1801 ,,093148,093148,093148622200,1,,,,,,0,741,29000,128,739,42000,128
1100,20160112,11, 1,1,       1801 ,,093148,093148,093148623200,1,,,,,,0,740,2000,128,739,42000,128
1100,20160112,11, 1,1,       1801 ,,093148,093148,093148628000,1,,,,,,0,740,4000,128,739,42000,128
1100,20160112,11, 1,1,       1801 ,,093148,093148,093148630700,1,,,,,,0,740,4000,128,739,41000,128
1100,20160112,11, 1,1,       1801 ,,093148,093148,093148633100,1,,,,,,0,740,8000,128,739,41000,128
1100,20160112,11, 1,1,       1801 ,,093148,093148,093148634400,1,,,,,,0,740,8000,128,739,35000,128
1100,20160112,11, 1,1,       1801 ,,093148,093148,093148635200,1,,,,,,0,740,8000,128,739,34000,128
1100,20160112,11, 1,1,       1801 ,,093148,093148,093148645600,1,,,,,,0,740,4000,128,739,34000,128
1100,20160112,11, 1,1,       1801 ,,093148,093148,093148674800,1,,,,,,0,740,5000,128,739,34000,128
1100,20160112,11, 1,1,       1801 ,,093148,093148,093148686200,1,,,,,,0,740,5000,128,739,31000,128
1100,20160112,11, 1,1,       1801 ,,093148,093148,093148687700,1,,,,,,0,740,12000,128,739,31000,128
1100,20160112,11, 1,1,       1801 ,,093148,093148,093148689100,1,,,,,,0,740,12000,128,739,28000,128
1100,20160112,11, 1,1,       1801 ,,093148,093148,093148695900,1,,,,,,0,740,12000,128,739,27000,128
1100,20160112,11, 1,1,       1801 ,,093148,093148,093148696700,1,,,,,,0,740,13000,128,739,27000,128
1100,20160112,11, 1,1,       1801 ,,093149,093149,093149629000,1,,,,,,0,740,11000,128,739,27000,128
1100,20160112,11, 1,1,       1801 ,,093149,093149,093149631100,1,,,,,,0,740,11000,128,739,28000,128
1100,20160112,11, 1,1,       1801 ,,093150,093150,093150072600,1,,,,,,0,740,11000,128,739,26000,128
1100,20160112,11, 1,1,       1801 ,,093150,093150,093150074400,1,,,,,,0,740,11000,128,739,25000,128
1100,20160112,11, 1,1,       1801 ,,093151,093151,093151809100,1,,,,,,0,740,10000,128,739,25000,128
1100,20160112,11, 1,1,       1801 ,,093151,093151,093151811200,1,,,,,,0,740,10000,128,739,26000,128
1100,20160112,11, 1,1,       1801 ,,093152,093152,093152334900,1,,,,,,0,740,11000,128,739,26000,128
1100,20160112,11, 1,1,       1801 ,,093152,093152,093152336500,1,,,,,,0,740,15000,128,739,26000,128
1100,20160112,11, 1,1,       1801 ,,093152,093152,093152337700,1,,,,,,0,740,15000,128,739,25000,128
1100,20160112,11, 1,1,       1801 ,,093152,093152,093152512700,1,,,,,,0,740,15000,128,739,27000,128
1100,20160112,11, 1,1,       1801 ,,093152,093152,093152766100,1,,,,,,0,740,15000,128,739,25000,128
1100,20160112,11, 1,1,       1801 ,,093153,093153,093153608100,1,,,,,,0,740,16000,128,739,25000,128
1100,20160112,11, 1,1,       1801 ,,093153,093153,093153934200,1,,,,,,0,740,16000,128,739,27000,128
1100,20160112,11, 1,1,       1801 ,,093155,093155,093155452700,1,,,,,,0,740,15000,128,739,27000,128
1100,20160112,11, 1,1,       1801 ,,093158,093158,093158394200,1,,,,,,0,740,16000,128,739,27000,128
1100,20160112,11, 1,1,       1801 ,,093158,093158,093158460300,1,,,,,,0,740,18000,128,739,27000,128
1100,20160112,11, 1,1,       1801 ,,093158,093158,093158462200,1,,,,,,0,740,18000,128,739,24000,128
1100,20160112,11, 1,1,       1801 ,,093159,093159,093159029000,1,,,,,,0,740,16000,128,739,24000,128
1100,20160112,11, 1,1,       1801 ,,093159,093159,093159099900,1,,,,,,0,740,15000,128,739,24000,128
1100,20160112,11, 1,1,       1801 ,,093159,093159,093159134300,1,,,,,,0,740,16000,128,739,24000,128
1100,20160112,11, 1,1,       1801 ,,093200,093200,093200053300,1,,,,,,0,740,15000,128,739,24000,128
1100,20160112,11, 1,1,       1801 ,,093200,093200,093200796600,1,,,,,,0,740,16000,128,739,24000,128
1100,20160112,11, 1,1,       1801 ,,093211,093211,093211889900,1,,,,,,0,740,16000,128,739,26000,128
1100,20160112,11, 1,1,       1801 ,,093211,093211,093211891700,1,,,,,,0,740,16000,128,739,29000,128
1100,20160112,11, 1,1,       1801 ,,093211,093211,093211892300,1,,,,,,0,740,16000,128,739,30000,128
1100,20160112,11, 1,1,       1801 ,,093211,093211,093211892900,1,,,,,,0,740,15000,128,739,30000,128
1100,20160112,11, 1,1,       1801 ,,093211,093211,093211893600,1,,,,,,0,740,13000,128,739,30000,128
1100,20160112,11, 1,1,       1801 ,,093211,093211,093211894400,1,,,,,,0,740,6000,128,739,30000,128
1100,20160112,11, 1,1,       1801 ,,093211,093211,093211895100,1,,,,,,0,740,6000,128,739,33000,128
1100,20160112,11, 1,1,       1801 ,093211,093211,093211,093211895700,1,740,48,0,1000,0,0,740,5000,128,739,33000,128
1100,20160112,11, 1,1,       1801 ,093211,093211,093211,093211896700,1,740,48,0,1000,0,0,740,4000,128,739,33000,128
1100,20160112,11, 1,1,       1801 ,093211,093211,093211,093211897600,1,740,48,0,4000,0,0,741,66000,128,739,33000,128
1100,20160112,11, 1,1,       1801 ,,093211,093211,093211899700,1,,,,,,0,741,66000,128,740,1000,128
1100,20160112,11, 1,1,       1801 ,,093211,093211,093211901500,1,,,,,,0,741,66000,128,740,3000,128
1100,20160112,11, 1,1,       1801 ,,093211,093211,093211907800,1,,,,,,0,741,58000,128,740,3000,128
1100,20160112,11, 1,1,       1801 ,,093211,093211,093211908600,1,,,,,,0,741,59000,128,740,3000,128
1100,20160112,11, 1,1,       1801 ,,093211,093211,093211910600,1,,,,,,0,741,58000,128,740,3000,128
1100,20160112,11, 1,1,       1801 ,,093211,093211,093211911400,1,,,,,,0,741,55000,128,740,3000,128
1100,20160112,11, 1,1,       1801 ,,093212,093212,093212009100,1,,,,,,0,741,55000,128,740,1000,128
1100,20160112,11, 1,1,       1801 ,,093212,093212,093212010500,1,,,,,,0,741,55000,128,739,37000,128
1100,20160112,11, 1,1,       1801 ,,093212,093212,093212011200,1,,,,,,0,741,55000,128,739,43000,128
1100,20160112,11, 1,1,       1801 ,,093212,093212,093212012500,1,,,,,,0,741,55000,128,739,42000,128
1100,20160112,11, 1,1,       1801 ,,093212,093212,093212013900,1,,,,,,0,741,56000,128,739,42000,128
1100,20160112,11, 1,1,       1801 ,,093212,093212,093212362100,1,,,,,,0,741,56000,128,739,41000,128
1100,20160112,11, 1,1,       1801 ,,093212,093212,093212363000,1,,,,,,0,741,57000,128,739,41000,128
1100,20160112,11, 1,1,       1801 ,,093212,093212,093212381900,1,,,,,,0,741,56000,128,739,41000,128
1100,20160112,11, 1,1,       1801 ,,093212,093212,093212761000,1,,,,,,0,741,57000,128,739,41000,128
1100,20160112,11, 1,1,       1801 ,,093212,093212,093212771300,1,,,,,,0,741,56000,128,739,41000,128
1100,20160112,11, 1,1,       1801 ,,093213,093213,093213130500,1,,,,,,0,741,57000,128,739,41000,128
1100,20160112,11, 1,1,       1801 ,,093215,093215,093215581800,1,,,,,,0,741,72000,128,739,41000,128
1100,20160112,11, 1,1,       1801 ,,093215,093215,093215583100,1,,,,,,0,741,73000,128,739,41000,128
1100,20160112,11, 1,1,       1801 ,,093215,093215,093215583700,1,,,,,,0,741,73000,128,739,42000,128
1100,20160112,11, 1,1,       1801 ,,093215,093215,093215857400,1,,,,,,0,741,73000,128,739,41000,128
1100,20160112,11, 1,1,       1801 ,,093215,093215,093215859000,1,,,,,,0,741,73000,128,739,39000,128
1100,20160112,11, 1,1,       1801 ,,093215,093215,093215965700,1,,,,,,0,740,3000,128,739,39000,128
1100,20160112,11, 1,1,       1801 ,,093215,093215,093215967100,1,,,,,,0,740,5000,128,739,39000,128
1100,20160112,11, 1,1,       1801 ,,093215,093215,093215969900,1,,,,,,0,740,5000,128,739,33000,128
1100,20160112,11, 1,1,       1801 ,,093215,093215,093215970600,1,,,,,,0,740,5000,128,739,30000,128
1100,20160112,11, 1,1,       1801 ,,093215,093215,093215971300,1,,,,,,0,740,11000,128,739,30000,128
1100,20160112,11, 1,1,       1801 ,,093215,093215,093215973000,1,,,,,,0,740,11000,128,739,29000,128
1100,20160112,11, 1,1,       1801 ,,093216,093216,093216426400,1,,,,,,0,740,11000,128,739,31000,128
1100,20160112,11, 1,1,       1801 ,,093216,093216,093216537900,1,,,,,,0,740,11000,128,739,34000,128
1100,20160112,11, 1,1,       1801 ,,093218,093218,093218323900,1,,,,,,0,740,12000,128,739,34000,128
1100,20160112,11, 1,1,       1801 ,,093218,093218,093218325600,1,,,,,,0,740,15000,128,739,34000,128
1100,20160112,11, 1,1,       1801 ,,093218,093218,093218327100,1,,,,,,0,740,15000,128,739,33000,128
1100,20160112,11, 1,1,       1801 ,,093218,093218,093218327800,1,,,,,,0,740,16000,128,739,33000,128
1100,20160112,11, 1,1,       1801 ,,093222,093222,093222963300,1,,,,,,0,740,16000,128,739,32000,128
1100,20160112,11, 1,1,       1801 ,093223,093223,093223,093223380300,1,739,16,0,2000,0,0,740,16000,128,739,30000,128
1100,20160112,11, 1,1,       1801 ,,093226,093226,093226606900,1,,,,,,0,740,16000,128,739,30000,128
1100,20160112,11, 1,1,       1801 ,,093231,093231,093231774400,1,,,,,,0,740,16000,128,739,29000,128
1100,20160112,11, 1,1,       1801 ,,093231,093231,093231786100,1,,,,,,0,740,16000,128,739,26000,128
1100,20160112,11, 1,1,       1801 ,,093242,093242,093242511100,1,,,,,,0,740,18000,128,739,26000,128
1100,20160112,11, 1,1,       1801 ,,093242,093242,093242532100,1,,,,,,0,740,19000,128,739,26000,128
1100,20160112,11, 1,1,       1801 ,,093242,093242,093242540300,1,,,,,,0,740,19000,128,739,23000,128
1100,20160112,11, 1,1,       1801 ,,093242,093242,093242541900,1,,,,,,0,740,19000,128,739,20000,128
1100,20160112,11, 1,1,       1801 ,,093242,093242,093242543500,1,,,,,,0,740,19000,128,739,18000,128
1100,20160112,11, 1,1,       1801 ,,093242,093242,093242544400,1,,,,,,0,740,19000,128,739,16000,128
1100,20160112,11, 1,1,       1801 ,,093242,093242,093242555200,1,,,,,,0,740,19000,128,739,13000,128
1100,20160112,11, 1,1,       1801 ,093244,093244,093244,093244530400,1,739,16,0,13000,0,0,740,19000,128,738,69000,128
1100,20160112,11, 1,1,       1801 ,,093244,093244,093244532100,1,,,,,,0,739,1000,128,738,69000,128
1100,20160112,11, 1,1,       1801 ,,093244,093244,093244536500,1,,,,,,0,739,1000,128,738,66000,128
1100,20160112,11, 1,1,       1801 ,,093244,093244,093244537300,1,,,,,,0,739,1000,128,738,67000,128
1100,20160112,11, 1,1,       1801 ,,093244,093244,093244540400,1,,,,,,0,739,3000,128,738,67000,128
1100,20160112,11, 1,1,       1801 ,,093244,093244,093244541000,1,,,,,,0,739,3000,128,738,61000,128
1100,20160112,11, 1,1,       1801 ,,093244,093244,093244543300,1,,,,,,0,739,3000,128,738,57000,128
1100,20160112,11, 1,1,       1801 ,,093244,093244,093244602800,1,,,,,,0,739,4000,128,738,57000,128
1100,20160112,11, 1,1,       1801 ,,093244,093244,093244603700,1,,,,,,0,739,4000,128,738,56000,128
1100,20160112,11, 1,1,       1801 ,,093244,093244,093244611200,1,,,,,,0,739,4000,128,738,53000,128
1100,20160112,11, 1,1,       1801 ,,093244,093244,093244612000,1,,,,,,0,739,4000,128,738,37000,128
1100,20160112,11, 1,1,       1801 ,,093244,093244,093244617600,1,,,,,,0,739,7000,128,738,37000,128
1100,20160112,11, 1,1,       1801 ,,093244,093244,093244639100,1,,,,,,0,739,7000,128,738,36000,128
1100,20160112,11, 1,1,       1801 ,093244,093244,093244,093244681100,1,739,48,0,1000,0,0,739,6000,128,738,36000,128
1100,20160112,11, 1,1,       1801 ,,093244,093244,093244688300,1,,,,,,0,739,6000,128,738,36000,128
1100,20160112,11, 1,1,       1801 ,,093245,093245,093245360800,1,,,,,,0,739,7000,128,738,36000,128
1100,20160112,11, 1,1,       1801 ,,093245,093245,093245991200,1,,,,,,0,739,7000,128,738,35000,128
1100,20160112,11, 1,1,       1801 ,,093246,093246,093246361100,1,,,,,,0,739,6000,128,738,35000,128
1100,20160112,11, 1,1,       1801 ,,093248,093248,093248622200,1,,,,,,0,739,7000,128,738,35000,128
1100,20160112,11, 1,1,       1801 ,,093249,093249,093249613500,1,,,,,,0,739,6000,128,738,35000,128
1100,20160112,11, 1,1,       1801 ,,093249,093249,093249615500,1,,,,,,0,739,6000,128,738,37000,128
1100,20160112,11, 1,1,       1801 ,,093250,093250,093250234500,1,,,,,,0,739,7000,128,738,37000,128
1100,20160112,11, 1,1,       1801 ,,093250,093250,093250490800,1,,,,,,0,739,7000,128,738,35000,128
1100,20160112,11, 1,1,       1801 ,,093250,093250,093250503000,1,,,,,,0,739,9000,128,738,35000,128
1100,20160112,11, 1,1,       1801 ,,093250,093250,093250505000,1,,,,,,0,739,9000,128,738,34000,128
1100,20160112,11, 1,1,       1801 ,,093250,093250,093250511300,1,,,,,,0,739,10000,128,738,34000,128
1100,20160112,11, 1,1,       1801 ,,093251,093251,093251189200,1,,,,,,0,739,15000,128,738,34000,128
1100,20160112,11, 1,1,       1801 ,,093251,093251,093251901200,1,,,,,,0,739,13000,128,738,34000,128
1100,20160112,11, 1,1,       1801 ,,093251,093251,093251904100,1,,,,,,0,739,13000,128,738,33000,128
1100,20160112,11, 1,1,       1801 ,,093251,093251,093251914000,1,,,,,,0,739,12000,128,738,33000,128
1100,20160112,11, 1,1,       1801 ,,093253,093253,093253863500,1,,,,,,0,739,7000,128,738,33000,128
1100,20160112,11, 1,1,       1801 ,,093253,093253,093253867000,1,,,,,,0,739,6000,128,738,33000,128
1100,20160112,11, 1,1,       1801 ,,093253,093253,093253867900,1,,,,,,0,739,6000,128,738,35000,128
1100,20160112,11, 1,1,       1801 ,,093253,093253,093253871000,1,,,,,,0,739,6000,128,738,36000,128
1100,20160112,11, 1,1,       1801 ,,093253,093253,093253871900,1,,,,,,0,739,6000,128,738,37000,128
1100,20160112,11, 1,1,       1801 ,,093253,093253,093253874700,1,,,,,,0,739,4000,128,738,37000,128
1100,20160112,11, 1,1,       1801 ,,093256,093256,093256020700,1,,,,,,0,739,4000,128,738,36000,128
1100,20160112,11, 1,1,       1801 ,093259,093259,093259,093259301600,1,739,48,0,1000,0,0,739,3000,128,738,36000,128
1100,20160112,11, 1,1,       1801 ,093259,093259,093259,093259305900,1,739,48,0,1000,0,0,739,2000,128,738,36000,128
1100,20160112,11, 1,1,       1801 ,093259,093259,093259,093259310300,1,739,48,0,2000,0,0,740,57000,128,738,36000,128
1100,20160112,11, 1,1,       1801 ,,093259,093259,093259312000,1,,,,,,0,740,55000,128,738,36000,128
1100,20160112,11, 1,1,       1801 ,,093259,093259,093259316000,1,,,,,,0,740,55000,128,739,2000,128
1100,20160112,11, 1,1,       1801 ,093259,093259,093259,093259319800,1,739,16,0,2000,0,0,740,55000,128,738,37000,128
1100,20160112,11, 1,1,       1801 ,,093259,093259,093259320700,1,,,,,,0,740,55000,128,738,38000,128
1100,20160112,11, 1,1,       1801 ,,093259,093259,093259323200,1,,,,,,0,740,47000,128,738,38000,128
1100,20160112,11, 1,1,       1801 ,,093259,093259,093259324200,1,,,,,,0,740,47000,128,739,1000,128
1100,20160112,11, 1,1,       1801 ,,093259,093259,093259325000,1,,,,,,0,740,46000,128,739,1000,128
1100,20160112,11, 1,1,       1801 ,093259,093259,093259,093259326600,1,739,16,0,1000,0,0,739,1000,128,738,39000,128
1100,20160112,11, 1,1,       1801 ,,093259,093259,093259327500,1,,,,,,0,739,1000,128,738,39000,128
1100,20160112,11, 1,1,       1801 ,,093259,093259,093259328200,1,,,,,,0,739,6000,128,738,39000,128
1100,20160112,11, 1,1,       1801 ,,093259,093259,093259335000,1,,,,,,0,739,8000,128,738,39000,128
1100,20160112,11, 1,1,       1801 ,,093259,093259,093259339500,1,,,,,,0,739,8000,128,738,38000,128
1100,20160112,11, 1,1,       1801 ,,093259,093259,093259346100,1,,,,,,0,739,8000,128,738,37000,128
1100,20160112,11, 1,1,       1801 ,093259,093259,093259,093259429700,1,739,48,0,1000,0,0,739,7000,128,738,37000,128
1100,20160112,11, 1,1,       1801 ,,093300,093300,093300334200,1,,,,,,0,739,7000,128,738,37000,128
1100,20160112,11, 1,1,       1801 ,,093300,093300,093300448200,1,,,,,,0,739,8000,128,738,37000,128
1100,20160112,11, 1,1,       1801 ,,093302,093302,093302279100,1,,,,,,0,739,8000,128,738,38000,128
1100,20160112,11, 1,1,       1801 ,,093302,093302,093302391300,1,,,,,,0,739,8000,128,738,37000,128
1100,20160112,11, 1,1,       1801 ,,093303,093303,093303428600,1,,,,,,0,739,8000,128,738,38000,128
1100,20160112,11, 1,1,       1801 ,,093303,093303,093303811400,1,,,,,,0,739,8000,128,738,41000,128
1100,20160112,11, 1,1,       1801 ,,093303,093303,093303836700,1,,,,,,0,739,8000,128,738,42000,128
1100,20160112,11, 1,1,       1801 ,093308,093308,093308,093308402600,1,739,48,0,1000,0,0,739,7000,128,738,42000,128
1100,20160112,11, 1,1,       1801 ,,093308,093308,093308405000,1,,,,,,0,739,7000,128,738,42000,128
1100,20160112,11, 1,1,       1801 ,,093314,093314,093314890500,1,,,,,,0,739,5000,128,738,42000,128
1100,20160112,11, 1,1,       1801 ,,093314,093314,093314891900,1,,,,,,0,739,5000,128,738,43000,128
1100,20160112,11, 1,1,       1801 ,,093314,093314,093314892600,1,,,,,,0,739,5000,128,738,44000,128
1100,20160112,11, 1,1,       1801 ,093314,093314,093314,093314923200,1,739,48,0,5000,0,0,740,45000,128,738,44000,128
1100,20160112,11, 1,1,       1801 ,,093314,093314,093314924600,1,,,,,,0,740,45000,128,738,44000,128
1100,20160112,11, 1,1,       1801 ,,093314,093314,093314937100,1,,,,,,0,740,45000,128,739,5000,128
1100,20160112,11, 1,1,       1801 ,,093314,093314,093314938400,1,,,,,,0,740,45000,128,739,7000,128
1100,20160112,11, 1,1,       1801 ,,093314,093314,093314939000,1,,,,,,0,740,45000,128,739,8000,128
1100,20160112,11, 1,1,       1801 ,,093314,093314,093314941100,1,,,,,,0,740,44000,128,739,8000,128
1100,20160112,11, 1,1,       1801 ,,093314,093314,093314942700,1,,,,,,0,740,44000,128,739,11000,128
1100,20160112,11, 1,1,       1801 ,,093314,093314,093314957200,1,,,,,,0,740,44000,128,739,12000,128
1100,20160112,11, 1,1,       1801 ,,093315,093315,093315061700,1,,,,,,0,740,44000,128,739,13000,128
1100,20160112,11, 1,1,       1801 ,,093315,093315,093315661600,1,,,,,,0,740,44000,128,739,16000,128
1100,20160112,11, 1,1,       1801 ,,093315,093315,093315662800,1,,,,,,0,740,38000,128,739,16000,128
1100,20160112,11, 1,1,       1801 ,,093315,093315,093315663600,1,,,,,,0,740,38000,128,739,19000,128
1100,20160112,11, 1,1,       1801 ,,093315,093315,093315784400,1,,,,,,0,740,39000,128,739,19000,128
1100,20160112,11, 1,1,       1801 ,,093318,093318,093318034000,1,,,,,,0,740,35000,128,739,19000,128
1100,20160112,11, 1,1,       1801 ,,093319,093319,093319982400,1,,,,,,0,740,35000,128,739,14000,128
1100,20160112,11, 1,1,       1801 ,,093321,093321,093321470800,1,,,,,,0,740,35000,128,739,13000,128
1100,20160112,11, 1,1,       1801 ,,093321,093321,093321640000,1,,,,,,0,740,35000,128,739,11000,128
1100,20160112,11, 1,1,       1801 ,,093321,093321,093321640800,1,,,,,,0,740,35000,128,739,10000,128
1100,20160112,11, 1,1,       1801 ,,093321,093321,093321740800,1,,,,,,0,740,35000,128,739,12000,128
1100,20160112,11, 1,1,       1801 ,,093324,093324,093324962800,1,,,,,,0,740,36000,128,739,12000,128
1100,20160112,11, 1,1,       1801 ,,093325,093325,093325703700,1,,,,,,0,740,35000,128,739,12000,128
1100,20160112,11, 1,1,       1801 ,,093325,093325,093325707200,1,,,,,,0,740,35000,128,739,13000,128
1100,20160112,11, 1,1,       1801 ,,093325,093325,093325708600,1,,,,,,0,740,35000,128,739,19000,128
1100,20160112,11, 1,1,       1801 ,,093330,093330,093330671100,1,,,,,,0,740,35000,128,739,16000,128
1100,20160112,11, 1,1,       1801 ,,093332,093332,093332063900,1,,,,,,0,740,35000,128,739,17000,128
1100,20160112,11, 1,1,       1801 ,,093333,093333,093333479000,1,,,,,,0,740,35000,128,739,18000,128
1100,20160112,11, 1,1,       1801 ,,093333,093333,093333652900,1,,,,,,0,740,35000,128,739,17000,128
1100,20160112,11, 1,1,       1801 ,093336,093336,093336,093336129500,1,740,48,0,2000,0,0,740,33000,128,739,17000,128
1100,20160112,11, 1,1,       1801 ,,093336,093336,093336131700,1,,,,,,0,740,31000,128,739,17000,128
1100,20160112,11, 1,1,       1801 ,,093336,093336,093336133100,1,,,,,,0,740,28000,128,739,17000,128
1100,20160112,11, 1,1,       1801 ,,093336,093336,093336142200,1,,,,,,0,740,28000,128,739,18000,128
1100,20160112,11, 1,1,       1801 ,,093340,093340,093340732100,1,,,,,,0,740,28000,128,739,20000,128
1100,20160112,11, 1,1,       1801 ,,093340,093340,093340735300,1,,,,,,0,740,28000,128,739,21000,128
1100,20160112,11, 1,1,       1801 ,,093340,093340,093340761600,1,,,,,,0,740,28000,128,739,22000,128
1100,20160112,11, 1,1,       1801 ,,093341,093341,093341007000,1,,,,,,0,740,10000,128,739,22000,128
1100,20160112,11, 1,1,       1801 ,093341,093341,093341,093341008400,1,740,48,0,10000,0,0,741,65000,128,739,22000,128
1100,20160112,11, 1,1,       1801 ,,093341,093341,093341011100,1,,,,,,0,741,65000,128,739,24000,128
1100,20160112,11, 1,1,       1801 ,,093341,093341,093341014200,1,,,,,,0,741,65000,128,740,1000,128
1100,20160112,11, 1,1,       1801 ,,093341,093341,093341015700,1,,,,,,0,741,63000,128,740,1000,128
1100,20160112,11, 1,1,       1801 ,,093341,093341,093341017900,1,,,,,,0,741,63000,128,740,3000,128
1100,20160112,11, 1,1,       1801 ,,093341,093341,093341019400,1,,,,,,0,741,62000,128,740,3000,128
1100,20160112,11, 1,1,       1801 ,,093341,093341,093341022200,1,,,,,,0,741,63000,128,740,3000,128
1100,20160112,11, 1,1,       1801 ,,093341,093341,093341030600,1,,,,,,0,741,55000,128,740,3000,128
1100,20160112,11, 1,1,       1801 ,,093341,093341,093341031400,1,,,,,,0,741,54000,128,740,3000,128
1100,20160112,11, 1,1,       1801 ,,093341,093341,093341033900,1,,,,,,0,741,54000,128,740,5000,128
1100,20160112,11, 1,1,       1801 ,,093341,093341,093341037500,1,,,,,,0,741,53000,128,740,5000,128
1100,20160112,11, 1,1,       1801 ,,093341,093341,093341038400,1,,,,,,0,741,53000,128,740,6000,128
1100,20160112,11, 1,1,       1801 ,093341,093341,093341,093341039200,1,740,16,0,1000,0,0,741,53000,128,740,5000,128
1100,20160112,11, 1,1,       1801 ,,093341,093341,093341041000,1,,,,,,0,741,38000,128,740,5000,128
1100,20160112,11, 1,1,       1801 ,,093341,093341,093341044100,1,,,,,,0,741,38000,128,740,6000,128
1100,20160112,11, 1,1,       1801 ,,093341,093341,093341054200,1,,,,,,0,741,38000,128,740,7000,128
1100,20160112,11, 1,1,       1801 ,,093341,093341,093341136300,1,,,,,,0,741,35000,128,740,7000,128
1100,20160112,11, 1,1,       1801 ,,093341,093341,093341188900,1,,,,,,0,741,34000,128,740,7000,128
1100,20160112,11, 1,1,       1801 ,,093341,093341,093341202000,1,,,,,,0,741,34000,128,740,8000,128
1100,20160112,11, 1,1,       1801 ,,093341,093341,093341638800,1,,,,,,0,741,34000,128,740,9000,128
1100,20160112,11, 1,1,       1801 ,,093342,093342,093342302100,1,,,,,,0,741,35000,128,740,9000,128
1100,20160112,11, 1,1,       1801 ,,093343,093343,093343717200,1,,,,,,0,741,35000,128,740,13000,128
1100,20160112,11, 1,1,       1801 ,,093344,093344,093344254300,1,,,,,,0,741,31000,128,740,13000,128
1100,20160112,11, 1,1,       1801 ,,093344,093344,093344522400,1,,,,,,0,741,32000,128,740,13000,128
1100,20160112,11, 1,1,       1801 ,,093345,093345,093345413500,1,,,,,,0,741,33000,128,740,13000,128
1100,20160112,11, 1,1,       1801 ,,093350,093350,093350351600,1,,,,,,0,741,33000,128,740,12000,128
1100,20160112,11, 1,1,       1801 ,,093350,093350,093350490900,1,,,,,,0,741,33000,128,740,10000,128
1100,20160112,11, 1,1,       1801 ,093353,093353,093353,093353309700,1,740,16,0,1000,0,0,741,33000,128,740,9000,128
1100,20160112,11, 1,1,       1801 ,093353,093353,093353,093353311300,1,740,16,0,3000,0,0,741,33000,128,740,6000,128
1100,20160112,11, 1,1,       1801 ,093353,093353,093353,093353312600,1,740,16,0,6000,0,0,741,33000,128,739,35000,128
1100,20160112,11, 1,1,       1801 ,,093353,093353,093353314800,1,,,,,,0,741,34000,128,739,35000,128
1100,20160112,11, 1,1,       1801 ,,093353,093353,093353315500,1,,,,,,0,740,2000,128,739,35000,128
1100,20160112,11, 1,1,       1801 ,,093353,093353,093353316900,1,,,,,,0,740,4000,128,739,35000,128
1100,20160112,11, 1,1,       1801 ,,093353,093353,093353318100,1,,,,,,0,740,4000,128,739,33000,128
1100,20160112,11, 1,1,       1801 ,,093353,093353,093353320100,1,,,,,,0,740,4000,128,739,31000,128
1100,20160112,11, 1,1,       1801 ,,093353,093353,093353320800,1,,,,,,0,740,5000,128,739,31000,128
1100,20160112,11, 1,1,       1801 ,,093353,093353,093353321500,1,,,,,,0,740,5000,128,739,29000,128
1100,20160112,11, 1,1,       1801 ,,093353,093353,093353324700,1,,,,,,0,740,5000,128,739,23000,128
1100,20160112,11, 1,1,       1801 ,,093353,093353,093353326100,1,,,,,,0,740,9000,128,739,23000,128
1100,20160112,11, 1,1,       1801 ,,093353,093353,093353326700,1,,,,,,0,740,9000,128,739,22000,128
1100,20160112,11, 1,1,       1801 ,,093353,093353,093353327400,1,,,,,,0,740,9000,128,739,21000,128
1100,20160112,11, 1,1,       1801 ,,093353,093353,093353328900,1,,,,,,0,740,9000,128,739,18000,128
1100,20160112,11, 1,1,       1801 ,,093353,093353,093353329800,1,,,,,,0,740,9000,128,739,14000,128
1100,20160112,11, 1,1,       1801 ,,093353,093353,093353330900,1,,,,,,0,740,10000,128,739,14000,128
1100,20160112,11, 1,1,       1801 ,,093353,093353,093353332900,1,,,,,,0,740,11000,128,739,14000,128
1100,20160112,11, 1,1,       1801 ,,093353,093353,093353334300,1,,,,,,0,740,11000,128,739,11000,128
1100,20160112,11, 1,1,       1801 ,,093353,093353,093353362200,1,,,,,,0,740,11000,128,739,8000,128
1100,20160112,11, 1,1,       1801 ,,093353,093353,093353470200,1,,,,,,0,740,11000,128,739,10000,128
1100,20160112,11, 1,1,       1801 ,,093353,093353,093353471900,1,,,,,,0,740,14000,128,739,10000,128
1100,20160112,11, 1,1,       1801 ,,093353,093353,093353734400,1,,,,,,0,740,15000,128,739,10000,128
1100,20160112,11, 1,1,       1801 ,,093354,093354,093354311500,1,,,,,,0,740,15000,128,739,8000,128
1100,20160112,11, 1,1,       1801 ,,093355,093355,093355574500,1,,,,,,0,740,15000,128,739,3000,128
1100,20160112,11, 1,1,       1801 ,,093357,093357,093357795700,1,,,,,,0,740,15000,128,739,5000,128
1100,20160112,11, 1,1,       1801 ,,093404,093404,093404008000,1,,,,,,0,740,14000,128,739,5000,128
1100,20160112,11, 1,1,       1801 ,093406,093406,093406,093406560400,1,739,16,0,5000,0,0,739,5000,128,738,77000,128
1100,20160112,11, 1,1,       1801 ,093406,093406,093406,093406562500,1,739,48,0,5000,0,0,740,14000,128,738,77000,128
1100,20160112,11, 1,1,       1801 ,,093406,093406,093406564400,1,,,,,,0,740,14000,128,738,77000,128
1100,20160112,11, 1,1,       1801 ,,093406,093406,093406566200,1,,,,,,0,739,1000,128,738,77000,128
1100,20160112,11, 1,1,       1801 ,093406,093406,093406,093406567000,1,739,48,0,1000,0,0,740,14000,128,738,77000,128
1100,20160112,11, 1,1,       1801 ,,093406,093406,093406569400,1,,,,,,0,740,14000,128,738,76000,128
1100,20160112,11, 1,1,       1801 ,,093406,093406,093406571700,1,,,,,,0,740,14000,128,738,74000,128
1100,20160112,11, 1,1,       1801 ,,093406,093406,093406573800,1,,,,,,0,740,14000,128,738,70000,128
1100,20160112,11, 1,1,       1801 ,,093406,093406,093406575200,1,,,,,,0,740,18000,128,738,70000,128
1100,20160112,11, 1,1,       1801 ,,093406,093406,093406577200,1,,,,,,0,740,18000,128,738,66000,128
1100,20160112,11, 1,1,       1801 ,,093406,093406,093406577900,1,,,,,,0,740,25000,128,738,66000,128
1100,20160112,11, 1,1,       1801 ,,093406,093406,093406579300,1,,,,,,0,740,26000,128,738,66000,128
1100,20160112,11, 1,1,       1801 ,,093406,093406,093406580000,1,,,,,,0,740,27000,128,738,66000,128
1100,20160112,11, 1,1,       1801 ,,093406,093406,093406580700,1,,,,,,0,740,27000,128,738,67000,128
1100,20160112,11, 1,1,       1801 ,,093406,093406,093406582200,1,,,,,,0,740,27000,128,739,4000,128
1100,20160112,11, 1,1,       1801 ,,093406,093406,093406582800,1,,,,,,0,740,27000,128,739,9000,128
1100,20160112,11, 1,1,       1801 ,,093406,093406,093406583600,1,,,,,,0,740,27000,128,739,11000,128
1100,20160112,11, 1,1,       1801 ,,093406,093406,093406590900,1,,,,,,0,740,20000,128,739,11000,128
1100,20160112,11, 1,1,       1801 ,,093406,093406,093406591600,1,,,,,,0,740,19000,128,739,11000,128
1100,20160112,11, 1,1,       1801 ,,093406,093406,093406592400,1,,,,,,0,740,19000,128,739,6000,128
1100,20160112,11, 1,1,       1801 ,,093406,093406,093406700300,1,,,,,,0,740,19000,128,739,8000,128
1100,20160112,11, 1,1,       1801 ,,093406,093406,093406701500,1,,,,,,0,740,19000,128,739,6000,128
1100,20160112,11, 1,1,       1801 ,,093407,093407,093407717100,1,,,,,,0,740,19000,128,739,9000,128
1100,20160112,11, 1,1,       1801 ,,093407,093407,093407718400,1,,,,,,0,740,19000,128,739,12000,128
1100,20160112,11, 1,1,       1801 ,,093407,093407,093407719000,1,,,,,,0,740,15000,128,739,12000,128
1100,20160112,11, 1,1,       1801 ,093410,093410,093410,093410684700,1,739,16,0,5000,0,0,740,15000,128,739,7000,128
1100,20160112,11, 1,1,       1801 ,093410,093410,093410,093410686500,1,739,16,0,1000,0,0,740,15000,128,739,6000,128
1100,20160112,11, 1,1,       1801 ,,093410,093410,093410688000,1,,,,,,0,740,15000,128,739,3000,128
1100,20160112,11, 1,1,       1801 ,,093410,093410,093410801100,1,,,,,,0,740,15000,128,739,5000,128
1100,20160112,11, 1,1,       1801 ,,093410,093410,093410802200,1,,,,,,0,740,15000,128,739,6000,128
1100,20160112,11, 1,1,       1801 ,,093412,093412,093412710400,1,,,,,,0,740,16000,128,739,6000,128
1100,20160112,11, 1,1,       1801 ,093414,093414,093414,093414323000,1,739,16,0,6000,0,0,739,4000,128,738,71000,128
1100,20160112,11, 1,1,       1801 ,,093414,093414,093414324500,1,,,,,,0,739,4000,128,738,70000,128
1100,20160112,11, 1,1,       1801 ,,093414,093414,093414326400,1,,,,,,0,739,4000,128,738,69000,128
1100,20160112,11, 1,1,       1801 ,,093414,093414,093414327200,1,,,,,,0,739,4000,128,738,68000,128
1100,20160112,11, 1,1,       1801 ,,093414,093414,093414330600,1,,,,,,0,739,4000,128,738,62000,128
1100,20160112,11, 1,1,       1801 ,,093414,093414,093414334200,1,,,,,,0,739,4000,128,738,60000,128
1100,20160112,11, 1,1,       1801 ,,093414,093414,093414336000,1,,,,,,0,739,6000,128,738,60000,128
1100,20160112,11, 1,1,       1801 ,,093414,093414,093414336600,1,,,,,,0,739,7000,128,738,60000,128
1100,20160112,11, 1,1,       1801 ,,093414,093414,093414337200,1,,,,,,0,739,7000,128,738,61000,128
1100,20160112,11, 1,1,       1801 ,,093414,093414,093414337800,1,,,,,,0,739,7000,128,738,58000,128
1100,20160112,11, 1,1,       1801 ,,093414,093414,093414346300,1,,,,,,0,739,7000,128,738,57000,128
1100,20160112,11, 1,1,       1801 ,,093414,093414,093414375800,1,,,,,,0,739,7000,128,738,41000,128
1100,20160112,11, 1,1,       1801 ,,093414,093414,093414378100,1,,,,,,0,739,7000,128,738,40000,128
1100,20160112,11, 1,1,       1801 ,,093414,093414,093414471500,1,,,,,,0,739,7000,128,738,41000,128
1100,20160112,11, 1,1,       1801 ,,093414,093414,093414532500,1,,,,,,0,739,8000,128,738,41000,128
1100,20160112,11, 1,1,       1801 ,,093417,093417,093417698000,1,,,,,,0,739,8000,128,738,40000,128
1100,20160112,11, 1,1,       1801 ,,093418,093418,093418980000,1,,,,,,0,739,8000,128,738,38000,128
1100,20160112,11, 1,1,       1801 ,,093420,093420,093420837600,1,,,,,,0,739,8000,128,738,39000,128
1100,20160112,11, 1,1,       1801 ,,093420,093420,093420839500,1,,,,,,0,739,8000,128,738,38000,128
1100,20160112,11, 1,1,       1801 ,,093423,093423,093423410200,1,,,,,,0,739,8000,128,738,39000,128
1100,20160112,11, 1,1,       1801 ,,093423,093423,093423840400,1,,,,,,0,739,8000,128,738,38000,128
1100,20160112,11, 1,1,       1801 ,,093432,093432,093432542100,1,,,,,,0,739,8000,128,738,41000,128
1100,20160112,11, 1,1,       1801 ,,093433,093433,093433091700,1,,,,,,0,739,8000,128,738,42000,128
1100,20160112,11, 1,1,       1801 ,,093434,093434,093434544700,1,,,,,,0,739,8000,128,738,43000,128
1100,20160112,11, 1,1,       1801 ,,093435,093435,093435209700,1,,,,,,0,739,8000,128,738,42000,128
1100,20160112,11, 1,1,       1801 ,,093435,093435,093435211100,1,,,,,,0,739,8000,128,738,43000,128
1100,20160112,11, 1,1,       1801 ,,093436,093436,093436398700,1,,,,,,0,739,8000,128,738,44000,128
1100,20160112,11, 1,1,       1801 ,,093437,093437,093437221500,1,,,,,,0,739,7000,128,738,44000,128
1100,20160112,11, 1,1,       1801 ,,093437,093437,093437223200,1,,,,,,0,739,5000,128,738,44000,128
1100,20160112,11, 1,1,       1801 ,,093437,093437,093437224000,1,,,,,,0,739,5000,128,738,50000,128
1100,20160112,11, 1,1,       1801 ,,093437,093437,093437224600,1,,,,,,0,739,5000,128,738,51000,128
1100,20160112,11, 1,1,       1801 ,093437,093437,093437,093437225300,1,739,48,0,4000,0,0,739,1000,128,738,51000,128
1100,20160112,11, 1,1,       1801 ,,093437,093437,093437226200,1,,,,,,0,739,1000,128,738,52000,128
1100,20160112,11, 1,1,       1801 ,093437,093437,093437,093437227100,1,739,48,0,1000,0,0,740,33000,128,738,52000,128
1100,20160112,11, 1,1,       1801 ,,093437,093437,093437234200,1,,,,,,0,740,33000,128,739,1000,128
1100,20160112,11, 1,1,       1801 ,,093437,093437,093437239300,1,,,,,,0,740,33000,128,739,2000,128
1100,20160112,11, 1,1,       1801 ,,093437,093437,093437240000,1,,,,,,0,740,33000,128,739,3000,128
1100,20160112,11, 1,1,       1801 ,,093437,093437,093437242800,1,,,,,,0,740,26000,128,739,3000,128
1100,20160112,11, 1,1,       1801 ,,093437,093437,093437246100,1,,,,,,0,740,25000,128,739,3000,128
1100,20160112,11, 1,1,       1801 ,,093437,093437,093437247100,1,,,,,,0,740,25000,128,739,4000,128
1100,20160112,11, 1,1,       1801 ,,093437,093437,093437248000,1,,,,,,0,740,24000,128,739,4000,128
1100,20160112,11, 1,1,       1801 ,,093437,093437,093437248800,1,,,,,,0,740,24000,128,739,7000,128
1100,20160112,11, 1,1,       1801 ,,093437,093437,093437661700,1,,,,,,0,740,24000,128,739,6000,128
1100,20160112,11, 1,1,       1801 ,,093438,093438,093438182500,1,,,,,,0,740,25000,128,739,6000,128
1100,20160112,11, 1,1,       1801 ,,093438,093438,093438240600,1,,,,,,0,740,25000,128,739,5000,128
1100,20160112,11, 1,1,       1801 ,,093438,093438,093438330400,1,,,,,,0,740,25000,128,739,4000,128
1100,20160112,11, 1,1,       1801 ,,093439,093439,093439162700,1,,,,,,0,740,26000,128,739,4000,128
1100,20160112,11, 1,1,       1801 ,,093439,093439,093439164900,1,,,,,,0,740,26000,128,739,1000,128
1100,20160112,11, 1,1,       1801 ,093439,093439,093439,093439166200,1,739,16,0,1000,0,0,740,26000,128,738,51000,128
1100,20160112,11, 1,1,       1801 ,,093439,093439,093439168900,1,,,,,,0,740,29000,128,738,51000,128
1100,20160112,11, 1,1,       1801 ,,093439,093439,093439170200,1,,,,,,0,739,1000,128,738,51000,128
1100,20160112,11, 1,1,       1801 ,,093439,093439,093439171400,1,,,,,,0,739,3000,128,738,51000,128
1100,20160112,11, 1,1,       1801 ,,093439,093439,093439172500,1,,,,,,0,739,4000,128,738,51000,128
1100,20160112,11, 1,1,       1801 ,,093439,093439,093439176400,1,,,,,,0,739,4000,128,738,47000,128
1100,20160112,11, 1,1,       1801 ,,093439,093439,093439178300,1,,,,,,0,739,4000,128,738,46000,128
1100,20160112,11, 1,1,       1801 ,,093439,093439,093439181600,1,,,,,,0,739,4000,128,738,40000,128
1100,20160112,11, 1,1,       1801 ,,093439,093439,093439182300,1,,,,,,0,739,4000,128,738,39000,128
1100,20160112,11, 1,1,       1801 ,,093439,093439,093439183400,1,,,,,,0,739,4000,128,738,41000,128
1100,20160112,11, 1,1,       1801 ,,093439,093439,093439186900,1,,,,,,0,739,4000,128,738,38000,128
1100,20160112,11, 1,1,       1801 ,,093439,093439,093439316400,1,,,,,,0,739,4000,128,738,39000,128
1100,20160112,11, 1,1,       1801 ,093439,093439,093439,093439450400,1,739,48,0,4000,0,0,740,30000,128,739,1000,128
1100,20160112,11, 1,1,       1801 ,,093439,093439,093439452000,1,,,,,,0,740,30000,128,739,1000,128
1100,20160112,11, 1,1,       1801 ,,093439,093439,093439454400,1,,,,,,0,740,29000,128,739,1000,128
1100,20160112,11, 1,1,       1801 ,,093439,093439,093439455900,1,,,,,,0,740,27000,128,739,1000,128
1100,20160112,11, 1,1,       1801 ,,093439,093439,093439457200,1,,,,,,0,740,26000,128,739,1000,128
1100,20160112,11, 1,1,       1801 ,,093440,093440,093440976500,1,,,,,,0,740,25000,128,739,1000,128
1100,20160112,11, 1,1,       1801 ,,093441,093441,093441201000,1,,,,,,0,740,26000,128,739,1000,128
1100,20160112,11, 1,1,       1801 ,,093441,093441,093441354800,1,,,,,,0,740,25000,128,739,1000,128
1100,20160112,11, 1,1,       1801 ,,093441,093441,093441485900,1,,,,,,0,740,26000,128,739,1000,128
1100,20160112,11, 1,1,       1801 ,,093442,093442,093442390300,1,,,,,,0,740,26000,128,739,2000,128
1100,20160112,11, 1,1,       1801 ,,093442,093442,093442390900,1,,,,,,0,740,26000,128,739,4000,128
1100,20160112,11, 1,1,       1801 ,,093443,093443,093443592800,1,,,,,,0,740,22000,128,739,4000,128
1100,20160112,11, 1,1,       1801 ,,093443,093443,093443593600,1,,,,,,0,740,19000,128,739,4000,128
1100,20160112,11, 1,1,       1801 ,,093445,093445,093445080300,1,,,,,,0,740,20000,128,739,4000,128
1100,20160112,11, 1,1,       1801 ,,093447,093447,093447339100,1,,,,,,0,740,19000,128,739,4000,128
1100,20160112,11, 1,1,       1801 ,,093448,093448,093448057500,1,,,,,,0,740,20000,128,739,4000,128
1100,20160112,11, 1,1,       1801 ,,093449,093449,093449000200,1,,,,,,0,740,19000,128,739,4000,128
1100,20160112,11, 1,1,       1801 ,,093449,093449,093449180300,1,,,,,,0,740,20000,128,739,4000,128
1100,20160112,11, 1,1,       1801 ,,093452,093452,093452462000,1,,,,,,0,740,19000,128,739,4000,128
1100,20160112,11, 1,1,       1801 ,,093453,093453,093453319800,1,,,,,,0,740,20000,128,739,4000,128
1100,20160112,11, 1,1,       1801 ,,093454,093454,093454752600,1,,,,,,0,740,19000,128,739,4000,128
1100,20160112,11, 1,1,       1801 ,,093456,093456,093456640200,1,,,,,,0,740,20000,128,739,4000,128
1100,20160112,11, 1,1,       1801 ,,093456,093456,093456774500,1,,,,,,0,740,20000,128,739,3000,128
1100,20160112,11, 1,1,       1801 ,,093456,093456,093456775800,1,,,,,,0,740,20000,128,739,1000,128
1100,20160112,11, 1,1,       1801 ,,093456,093456,093456776500,1,,,,,,0,740,27000,128,739,1000,128
1100,20160112,11, 1,1,       1801 ,,093456,093456,093456777300,1,,,,,,0,740,30000,128,739,1000,128
1100,20160112,11, 1,1,       1801 ,,093456,093456,093456778100,1,,,,,,0,740,31000,128,739,1000,128
1100,20160112,11, 1,1,       1801 ,093456,093456,093456,093456779500,1,739,16,0,1000,0,0,740,31000,128,738,48000,128
1100,20160112,11, 1,1,       1801 ,,093456,093456,093456780900,1,,,,,,0,739,1000,128,738,48000,128
1100,20160112,11, 1,1,       1801 ,,093456,093456,093456782900,1,,,,,,0,739,3000,128,738,48000,128
1100,20160112,11, 1,1,       1801 ,,093456,093456,093456783500,1,,,,,,0,739,3000,128,738,44000,128
1100,20160112,11, 1,1,       1801 ,,093456,093456,093456785800,1,,,,,,0,739,3000,128,738,46000,128
1100,20160112,11, 1,1,       1801 ,,093456,093456,093456787800,1,,,,,,0,739,3000,128,738,40000,128
1100,20160112,11, 1,1,       1801 ,,093456,093456,093456788600,1,,,,,,0,739,5000,128,738,40000,128
1100,20160112,11, 1,1,       1801 ,,093456,093456,093456789200,1,,,,,,0,739,5000,128,738,39000,128
1100,20160112,11, 1,1,       1801 ,,093457,093457,093457544200,1,,,,,,0,739,5000,128,738,42000,128
1100,20160112,11, 1,1,       1801 ,,093457,093457,093457546100,1,,,,,,0,739,5000,128,738,41000,128
1100,20160112,11, 1,1,       1801 ,,093457,093457,093457548300,1,,,,,,0,739,5000,128,738,42000,128
1100,20160112,11, 1,1,       1801 ,,093457,093457,093457946800,1,,,,,,0,739,6000,128,738,42000,128
1100,20160112,11, 1,1,       1801 ,,093457,093457,093457948700,1,,,,,,0,739,6000,128,738,41000,128
1100,20160112,11, 1,1,       1801 ,,093500,093500,093500122100,1,,,,,,0,739,6000,128,738,39000,128
1100,20160112,11, 1,1,       1801 ,,093500,093500,093500143300,1,,,,,,0,739,6000,128,738,40000,128
1100,20160112,11, 1,1,       1801 ,,093500,093500,093500794200,1,,,,,,0,739,7000,128,738,40000,128
1100,20160112,11, 1,1,       1801 ,,093506,093506,093506093800,1,,,,,,0,739,8000,128,738,40000,128
1100,20160112,11, 1,1,       1801 ,,093507,093507,093507077900,1,,,,,,0,739,7000,128,738,40000,128
1100,20160112,11, 1,1,       1801 ,,093513,093513,093513040800,1,,,,,,0,739,9000,128,738,40000,128
1100,20160112,11, 1,1,       1801 ,,093513,093513,093513042700,1,,,,,,0,739,12000,128,738,40000,128
1100,20160112,11, 1,1,       1801 ,,093513,093513,093513043300,1,,,,,,0,739,19000,128,738,40000,128
1100,20160112,11, 1,1,       1801 ,,093513,093513,093513043900,1,,,,,,0,739,19000,128,738,39000,128
1100,20160112,11, 1,1,       1801 ,,093513,093513,093513044700,1,,,,,,0,739,19000,128,738,38000,128
1100,20160112,11, 1,1,       1801 ,,093513,093513,093513045400,1,,,,,,0,739,20000,128,738,38000,128
1100,20160112,11, 1,1,       1801 ,,093513,093513,093513046800,1,,,,,,0,739,20000,128,738,36000,128
1100,20160112,11, 1,1,       1801 ,,093513,093513,093513047600,1,,,,,,0,739,20000,128,738,33000,128
1100,20160112,11, 1,1,       1801 ,,093513,093513,093513048300,1,,,,,,0,739,20000,128,738,32000,128
1100,20160112,11, 1,1,       1801 ,,093513,093513,093513066500,1,,,,,,0,739,20000,128,738,31000,128
1100,20160112,11, 1,1,       1801 ,,093513,093513,093513067800,1,,,,,,0,739,20000,128,738,29000,128
1100,20160112,11, 1,1,       1801 ,,093513,093513,093513086600,1,,,,,,0,739,20000,128,738,26000,128
1100,20160112,11, 1,1,       1801 ,,093513,093513,093513101800,1,,,,,,0,739,20000,128,738,25000,128
1100,20160112,11, 1,1,       1801 ,,093515,093515,093515929800,1,,,,,,0,739,18000,128,738,25000,128
1100,20160112,11, 1,1,       1801 ,,093515,093515,093515943200,1,,,,,,0,739,18000,128,738,26000,128
1100,20160112,11, 1,1,       1801 ,,093517,093517,093517009500,1,,,,,,0,739,20000,128,738,26000,128
1100,20160112,11, 1,1,       1801 ,,093517,093517,093517014400,1,,,,,,0,739,20000,128,738,25000,128
1100,20160112,11, 1,1,       1801 ,,093517,093517,093517060600,1,,,,,,0,739,18000,128,738,25000,128
1100,20160112,11, 1,1,       1801 ,,093517,093517,093517163200,1,,,,,,0,739,18000,128,738,26000,128
1100,20160112,11, 1,1,       1801 ,,093517,093517,093517770500,1,,,,,,0,739,20000,128,738,26000,128
1100,20160112,11, 1,1,       1801 ,,093517,093517,093517772200,1,,,,,,0,739,20000,128,738,25000,128
1100,20160112,11, 1,1,       1801 ,,093518,093518,093518139600,1,,,,,,0,739,18000,128,738,25000,128
1100,20160112,11, 1,1,       1801 ,093520,093520,093520,093520223900,1,738,16,0,1000,0,0,739,18000,128,738,24000,128
1100,20160112,11, 1,1,       1801 ,,093520,093520,093520225600,1,,,,,,0,739,20000,128,738,24000,128
1100,20160112,11, 1,1,       1801 ,,093520,093520,093520226800,1,,,,,,0,739,21000,128,738,24000,128
1100,20160112,11, 1,1,       1801 ,,093521,093521,093521181500,1,,,,,,0,739,21000,128,738,25000,128
1100,20160112,11, 1,1,       1801 ,093525,093525,093525,093525683100,1,739,48,0,1000,0,0,739,20000,128,738,25000,128
1100,20160112,11, 1,1,       1801 ,,093525,093525,093525685200,1,,,,,,0,739,20000,128,738,25000,128
1100,20160112,11, 1,1,       1801 ,,093527,093527,093527266200,1,,,,,,0,739,20000,128,738,24000,128
1100,20160112,11, 1,1,       1801 ,093530,093530,093530,093530481100,1,739,48,0,4000,0,0,739,16000,128,738,24000,128
1100,20160112,11, 1,1,       1801 ,,093530,093530,093530482900,1,,,,,,0,739,16000,128,738,27000,128
1100,20160112,11, 1,1,       1801 ,,093530,093530,093530483600,1,,,,,,0,739,14000,128,738,27000,128
1100,20160112,11, 1,1,       1801 ,,093530,093530,093530485200,1,,,,,,0,739,14000,128,738,30000,128
1100,20160112,11, 1,1,       1801 ,,093530,093530,093530486800,1,,,,,,0,739,14000,128,738,31000,128
1100,20160112,11, 1,1,       1801 ,,093530,093530,093530489500,1,,,,,,0,739,13000,128,738,31000,128
1100,20160112,11, 1,1,       1801 ,,093530,093530,093530512400,1,,,,,,0,739,12000,128,738,31000,128
1100,20160112,11, 1,1,       1801 ,,093530,093530,093530517000,1,,,,,,0,739,12000,128,738,33000,128
1100,20160112,11, 1,1,       1801 ,093530,093530,093530,093530518500,1,739,48,0,12000,0,0,740,56000,128,738,33000,128
1100,20160112,11, 1,1,       1801 ,,093530,093530,093530524500,1,,,,,,0,740,55000,128,738,33000,128
1100,20160112,11, 1,1,       1801 ,,093530,093530,093530525500,1,,,,,,0,740,55000,128,739,3000,128
1100,20160112,11, 1,1,       1801 ,,093530,093530,093530537300,1,,,,,,0,740,56000,128,739,3000,128
1100,20160112,11, 1,1,       1801 ,,093530,093530,093530538100,1,,,,,,0,740,55000,128,739,3000,128
1100,20160112,11, 1,1,       1801 ,,093530,093530,093530611700,1,,,,,,0,740,52000,128,739,3000,128
1100,20160112,11, 1,1,       1801 ,093531,093531,093531,093531005500,1,739,16,0,3000,0,0,740,52000,128,738,47000,128
1100,20160112,11, 1,1,       1801 ,,093531,093531,093531007000,1,,,,,,0,740,52000,128,738,47000,128
1100,20160112,11, 1,1,       1801 ,,093531,093531,093531008900,1,,,,,,0,740,52000,128,738,44000,128
1100,20160112,11, 1,1,       1801 ,,093531,093531,093531009700,1,,,,,,0,740,52000,128,738,40000,128
1100,20160112,11, 1,1,       1801 ,,093531,093531,093531741200,1,,,,,,0,740,53000,128,738,40000,128
1100,20160112,11, 1,1,       1801 ,,093531,093531,093531742700,1,,,,,,0,740,53000,128,738,46000,128
1100,20160112,11, 1,1,       1801 ,,093532,093532,093532082800,1,,,,,,0,740,53000,128,738,45000,128
1100,20160112,11, 1,1,       1801 ,,093532,093532,093532083600,1,,,,,,0,740,54000,128,738,45000,128
1100,20160112,11, 1,1,       1801 ,,093532,093532,093532120900,1,,,,,,0,740,54000,128,738,44000,128
1100,20160112,11, 1,1,       1801 ,,093532,093532,093532797400,1,,,,,,0,740,54000,128,738,45000,128
1100,20160112,11, 1,1,       1801 ,,093533,093533,093533164700,1,,,,,,0,740,54000,128,738,46000,128
1100,20160112,11, 1,1,       1801 ,,093534,093534,093534111400,1,,,,,,0,740,54000,128,738,45000,128
1100,20160112,11, 1,1,       1801 ,,093535,093535,093535475900,1,,,,,,0,740,54000,128,738,66000,128
1100,20160112,11, 1,1,       1801 ,,093535,093535,093535477400,1,,,,,,0,740,53000,128,738,66000,128
1100,20160112,11, 1,1,       1801 ,,093535,093535,093535478300,1,,,,,,0,740,53000,128,738,67000,128
1100,20160112,11, 1,1,       1801 ,,093535,093535,093535479000,1,,,,,,0,740,49000,128,738,67000,128
1100,20160112,11, 1,1,       1801 ,,093535,093535,093535486500,1,,,,,,0,740,49000,128,738,73000,128
1100,20160112,11, 1,1,       1801 ,,093537,093537,093537916600,1,,,,,,0,740,49000,128,738,74000,128
1100,20160112,11, 1,1,       1801 ,,093539,093539,093539950400,1,,,,,,0,740,49000,128,739,1000,128
1100,20160112,11, 1,1,       1801 ,,093539,093539,093539952100,1,,,,,,0,740,49000,128,739,3000,128
1100,20160112,11, 1,1,       1801 ,,093539,093539,093539953800,1,,,,,,0,740,49000,128,739,4000,128
1100,20160112,11, 1,1,       1801 ,,093539,093539,093539955300,1,,,,,,0,740,42000,128,739,4000,128
1100,20160112,11, 1,1,       1801 ,,093539,093539,093539956100,1,,,,,,0,740,41000,128,739,4000,128
1100,20160112,11, 1,1,       1801 ,,093539,093539,093539956900,1,,,,,,0,740,41000,128,739,5000,128
1100,20160112,11, 1,1,       1801 ,,093539,093539,093539958400,1,,,,,,0,740,37000,128,739,5000,128
1100,20160112,11, 1,1,       1801 ,,093541,093541,093541530400,1,,,,,,0,740,37000,128,739,3000,128
1100,20160112,11, 1,1,       1801 ,,093541,093541,093541532600,1,,,,,,0,740,37000,128,739,2000,128
1100,20160112,11, 1,1,       1801 ,,093541,093541,093541533600,1,,,,,,0,740,38000,128,739,2000,128
1100,20160112,11, 1,1,       1801 ,,093544,093544,093544116500,1,,,,,,0,740,38000,128,739,23000,128
1100,20160112,11, 1,1,       1801 ,,093544,093544,093544118500,1,,,,,,0,740,37000,128,739,23000,128
1100,20160112,11, 1,1,       1801 ,,093546,093546,093546272900,1,,,,,,0,740,38000,128,739,23000,128
1100,20160112,11, 1,1,       1801 ,,093546,093546,093546274900,1,,,,,,0,740,41000,128,739,23000,128
1100,20160112,11, 1,1,       1801 ,,093546,093546,093546707100,1,,,,,,0,740,38000,128,739,23000,128
1100,20160112,11, 1,1,       1801 ,,093552,093552,093552280900,1,,,,,,0,740,37000,128,739,23000,128
1100,20160112,11, 1,1,       1801 ,,093604,093604,093604005600,1,,,,,,0,740,19000,128,739,23000,128
1100,20160112,11, 1,1,       1801 ,,093604,093604,093604007600,1,,,,,,0,740,19000,128,739,24000,128
1100,20160112,11, 1,1,       1801 ,,093604,093604,093604280600,1,,,,,,0,740,20000,128,739,24000,128
1100,20160112,11, 1,1,       1801 ,,093604,093604,093604322300,1,,,,,,0,740,20000,128,739,26000,128
1100,20160112,11, 1,1,       1801 ,,093607,093607,093607324700,1,,,,,,0,740,20000,128,739,25000,128
1100,20160112,11, 1,1,       1801 ,,093609,093609,093609000000,1,,,,,,0,740,19000,128,739,25000,128
1100,20160112,11, 1,1,       1801 ,,093609,093609,093609002100,1,,,,,,0,740,18000,128,739,25000,128
1100,20160112,11, 1,1,       1801 ,,093609,093609,093609004900,1,,,,,,0,740,19000,128,739,25000,128
1100,20160112,11, 1,1,       1801 ,,093609,093609,093609006000,1,,,,,,0,740,18000,128,739,25000,128
1100,20160112,11, 1,1,       1801 ,,093609,093609,093609008600,1,,,,,,0,740,19000,128,739,25000,128
1100,20160112,11, 1,1,       1801 ,,093610,093610,093610792500,1,,,,,,0,740,19000,128,739,26000,128
1100,20160112,11, 1,1,       1801 ,,093610,093610,093610794000,1,,,,,,0,740,16000,128,739,26000,128
1100,20160112,11, 1,1,       1801 ,,093610,093610,093610794700,1,,,,,,0,740,15000,128,739,26000,128
1100,20160112,11, 1,1,       1801 ,,093610,093610,093610795500,1,,,,,,0,740,15000,128,739,27000,128
1100,20160112,11, 1,1,       1801 ,,093610,093610,093610796100,1,,,,,,0,740,10000,128,739,27000,128
1100,20160112,11, 1,1,       1801 ,,093610,093610,093610797800,1,,,,,,0,740,10000,128,739,30000,128
1100,20160112,11, 1,1,       1801 ,,093610,093610,093610799100,1,,,,,,0,740,10000,128,739,33000,128
1100,20160112,11, 1,1,       1801 ,,093610,093610,093610800500,1,,,,,,0,740,10000,128,739,34000,128
1100,20160112,11, 1,1,       1801 ,,093611,093611,093611538600,1,,,,,,0,740,10000,128,739,37000,128
1100,20160112,11, 1,1,       1801 ,,093612,093612,093612823900,1,,,,,,0,740,12000,128,739,37000,128
1100,20160112,11, 1,1,       1801 ,,093612,093612,093612890400,1,,,,,,0,740,12000,128,739,39000,128
1100,20160112,11, 1,1,       1801 ,,093612,093612,093612891400,1,,,,,,0,740,10000,128,739,39000,128
1100,20160112,11, 1,1,       1801 ,,093612,093612,093612900700,1,,,,,,0,740,9000,128,739,39000,128
1100,20160112,11, 1,1,       1801 ,,093612,093612,093612915500,1,,,,,,0,740,7000,128,739,39000,128
1100,20160112,11, 1,1,       1801 ,,093616,093616,093616061500,1,,,,,,0,740,9000,128,739,39000,128
1100,20160112,11, 1,1,       1801 ,,093620,093620,093620460500,1,,,,,,0,740,9000,128,739,38000,128
1100,20160112,11, 1,1,       1801 ,,093623,093623,093623507400,1,,,,,,0,740,7000,128,739,38000,128
1100,20160112,11, 1,1,       1801 ,,093623,093623,093623661600,1,,,,,,0,740,7000,128,739,39000,128
1100,20160112,11, 1,1,       1801 ,,093624,093624,093624789200,1,,,,,,0,740,7000,128,739,37000,128
1100,20160112,11, 1,1,       1801 ,,093628,093628,093628830400,1,,,,,,0,740,9000,128,739,37000,128
1100,20160112,11, 1,1,       1801 ,,093629,093629,093629980000,1,,,,,,0,740,11000,128,739,37000,128
1100,20160112,11, 1,1,       1801 ,,093629,093629,093629981700,1,,,,,,0,740,18000,128,739,37000,128
1100,20160112,11, 1,1,       1801 ,,093629,093629,093629982900,1,,,,,,0,740,18000,128,739,34000,128
1100,20160112,11, 1,1,       1801 ,,093629,093629,093629983700,1,,,,,,0,740,18000,128,739,31000,128
1100,20160112,11, 1,1,       1801 ,,093629,093629,093629984400,1,,,,,,0,740,22000,128,739,31000,128
1100,20160112,11, 1,1,       1801 ,,093629,093629,093629985000,1,,,,,,0,740,22000,128,739,30000,128
1100,20160112,11, 1,1,       1801 ,,093629,093629,093629985700,1,,,,,,0,740,23000,128,739,30000,128
1100,20160112,11, 1,1,       1801 ,,093629,093629,093629999300,1,,,,,,0,740,23000,128,739,29000,128
1100,20160112,11, 1,1,       1801 ,,093630,093630,093630012100,1,,,,,,0,740,23000,128,739,26000,128
1100,20160112,11, 1,1,       1801 ,093636,093636,093636,093636379200,1,739,16,0,1000,0,0,740,23000,128,739,25000,128
1100,20160112,11, 1,1,       1801 ,093636,093636,093636,093636608300,1,740,48,0,1000,0,0,740,22000,128,739,25000,128
1100,20160112,11, 1,1,       1801 ,,093636,093636,093636974200,1,,,,,,0,740,22000,128,739,25000,128
1100,20160112,11, 1,1,       1801 ,,093638,093638,093638299600,1,,,,,,0,740,22000,128,739,26000,128
1100,20160112,11, 1,1,       1801 ,,093638,093638,093638971100,1,,,,,,0,740,22000,128,739,25000,128
1100,20160112,11, 1,1,       1801 ,,093639,093639,093639042700,1,,,,,,0,740,23000,128,739,25000,128
1100,20160112,11, 1,1,       1801 ,,093639,093639,093639850000,1,,,,,,0,740,22000,128,739,25000,128
1100,20160112,11, 1,1,       1801 ,,093641,093641,093641461900,1,,,,,,0,740,22000,128,739,26000,128
1100,20160112,11, 1,1,       1801 ,,093642,093642,093642523300,1,,,,,,0,740,22000,128,739,25000,128
1100,20160112,11, 1,1,       1801 ,,093642,093642,093642707300,1,,,,,,0,740,23000,128,739,25000,128
1100,20160112,11, 1,1,       1801 ,,093642,093642,093642889000,1,,,,,,0,740,24000,128,739,25000,128
1100,20160112,11, 1,1,       1801 ,,093643,093643,093643371900,1,,,,,,0,740,23000,128,739,25000,128
1100,20160112,11, 1,1,       1801 ,,093643,093643,093643400300,1,,,,,,0,740,24000,128,739,25000,128
1100,20160112,11, 1,1,       1801 ,,093650,093650,093650650100,1,,,,,,0,740,22000,128,739,25000,128
1100,20160112,11, 1,1,       1801 ,093651,093651,093651,093651361100,1,739,16,0,1000,0,0,740,22000,128,739,24000,128
1100,20160112,11, 1,1,       1801 ,,093651,093651,093651362900,1,,,,,,0,740,22000,128,739,24000,128
1100,20160112,11, 1,1,       1801 ,,093652,093652,093652333500,1,,,,,,0,740,21000,128,739,24000,128
1100,20160112,11, 1,1,       1801 ,,093652,093652,093652591400,1,,,,,,0,740,21000,128,739,22000,128
1100,20160112,11, 1,1,       1801 ,,093653,093653,093653691300,1,,,,,,0,740,21000,128,739,24000,128
1100,20160112,11, 1,1,       1801 ,,093653,093653,093653744000,1,,,,,,0,740,21000,128,739,23000,128
1100,20160112,11, 1,1,       1801 ,,093654,093654,093654152500,1,,,,,,0,740,22000,128,739,23000,128
1100,20160112,11, 1,1,       1801 ,,093654,093654,093654855200,1,,,,,,0,740,22000,128,739,24000,128
1100,20160112,11, 1,1,       1801 ,,093656,093656,093656232300,1,,,,,,0,740,21000,128,739,24000,128
1100,20160112,11, 1,1,       1801 ,,093656,093656,093656451000,1,,,,,,0,740,21000,128,739,25000,128
1100,20160112,11, 1,1,       1801 ,,093656,093656,093656642100,1,,,,,,0,740,21000,128,739,24000,128
1100,20160112,11, 1,1,       1801 ,,093656,093656,093656693100,1,,,,,,0,740,21000,128,739,25000,128
1100,20160112,11, 1,1,       1801 ,,093656,093656,093656695100,1,,,,,,0,740,21000,128,739,27000,128
1100,20160112,11, 1,1,       1801 ,,093657,093657,093657592500,1,,,,,,0,740,21000,128,739,9000,128
1100,20160112,11, 1,1,       1801 ,,093657,093657,093657593800,1,,,,,,0,740,21000,128,739,11000,128
1100,20160112,11, 1,1,       1801 ,,093657,093657,093657594400,1,,,,,,0,740,14000,128,739,11000,128
1100,20160112,11, 1,1,       1801 ,,093700,093700,093700643200,1,,,,,,0,740,16000,128,739,11000,128
1100,20160112,11, 1,1,       1801 ,,093702,093702,093702963000,1,,,,,,0,740,17000,128,739,11000,128
1100,20160112,11, 1,1,       1801 ,,093703,093703,093703202700,1,,,,,,0,740,16000,128,739,11000,128
1100,20160112,11, 1,1,       1801 ,,093703,093703,093703540300,1,,,,,,0,740,17000,128,739,11000,128
1100,20160112,11, 1,1,       1801 ,,093703,093703,093703541200,1,,,,,,0,740,17000,128,739,10000,128
1100,20160112,11, 1,1,       1801 ,,093705,093705,093705472400,1,,,,,,0,740,16000,128,739,10000,128
1100,20160112,11, 1,1,       1801 ,,093705,093705,093705473300,1,,,,,,0,740,16000,128,739,11000,128
1100,20160112,11, 1,1,       1801 ,,093707,093707,093707479500,1,,,,,,0,740,16000,128,739,10000,128
1100,20160112,11, 1,1,       1801 ,093707,093707,093707,093707540600,1,740,48,0,1000,0,0,740,15000,128,739,10000,128
1100,20160112,11, 1,1,       1801 ,,093708,093708,093708116200,1,,,,,,0,740,13000,128,739,10000,128
1100,20160112,11, 1,1,       1801 ,,093708,093708,093708330900,1,,,,,,0,740,13000,128,739,11000,128
1100,20160112,11, 1,1,       1801 ,,093711,093711,093711365600,1,,,,,,0,740,14000,128,739,11000,128
1100,20160112,11, 1,1,       1801 ,,093711,093711,093711748000,1,,,,,,0,740,14000,128,739,26000,128
1100,20160112,11, 1,1,       1801 ,,093711,093711,093711749500,1,,,,,,0,740,14000,128,739,29000,128
1100,20160112,11, 1,1,       1801 ,,093711,093711,093711750200,1,,,,,,0,740,14000,128,739,30000,128
1100,20160112,11, 1,1,       1801 ,,093711,093711,093711750800,1,,,,,,0,740,13000,128,739,30000,128
1100,20160112,11, 1,1,       1801 ,,093711,093711,093711751600,1,,,,,,0,740,12000,128,739,30000,128
1100,20160112,11, 1,1,       1801 ,,093712,093712,093712536400,1,,,,,,0,740,12000,128,739,33000,128
1100,20160112,11, 1,1,       1801 ,,093716,093716,093716425800,1,,,,,,0,740,14000,128,739,33000,128
1100,20160112,11, 1,1,       1801 ,,093718,093718,093718147400,1,,,,,,0,740,14000,128,739,34000,128
1100,20160112,11, 1,1,       1801 ,,093718,093718,093718149600,1,,,,,,0,740,14000,128,739,37000,128
1100,20160112,11, 1,1,       1801 ,,093718,093718,093718492200,1,,,,,,0,740,12000,128,739,37000,128
1100,20160112,11, 1,1,       1801 ,,093718,093718,093718493100,1,,,,,,0,740,8000,128,739,37000,128
1100,20160112,11, 1,1,       1801 ,,093718,093718,093718493900,1,,,,,,0,740,8000,128,739,38000,128
1100,20160112,11, 1,1,       1801 ,,093718,093718,093718494900,1,,,,,,0,740,6000,128,739,38000,128
1100,20160112,11, 1,1,       1801 ,093718,093718,093718,093718496800,1,740,48,0,1000,0,0,740,5000,128,739,38000,128
1100,20160112,11, 1,1,       1801 ,093718,093718,093718,093718509600,1,740,48,0,5000,0,0,741,87000,128,739,38000,128
1100,20160112,11, 1,1,       1801 ,,093718,093718,093718510900,1,,,,,,0,741,87000,128,740,2000,128
1100,20160112,11, 1,1,       1801 ,,093718,093718,093718516300,1,,,,,,0,741,86000,128,740,2000,128
1100,20160112,11, 1,1,       1801 ,,093718,093718,093718520000,1,,,,,,0,741,87000,128,740,2000,128
1100,20160112,11, 1,1,       1801 ,,093718,093718,093718527100,1,,,,,,0,741,80000,128,740,2000,128
1100,20160112,11, 1,1,       1801 ,,093718,093718,093718528100,1,,,,,,0,741,80000,128,740,3000,128
1100,20160112,11, 1,1,       1801 ,,093718,093718,093718542800,1,,,,,,0,741,80000,128,740,4000,128
1100,20160112,11, 1,1,       1801 ,,093718,093718,093718544500,1,,,,,,0,741,79000,128,740,4000,128
1100,20160112,11, 1,1,       1801 ,,093718,093718,093718550700,1,,,,,,0,741,63000,128,740,4000,128
1100,20160112,11, 1,1,       1801 ,,093718,093718,093718552100,1,,,,,,0,741,63000,128,740,5000,128
1100,20160112,11, 1,1,       1801 ,,093718,093718,093718569500,1,,,,,,0,741,63000,128,740,6000,128
1100,20160112,11, 1,1,       1801 ,,093718,093718,093718596000,1,,,,,,0,741,63000,128,740,7000,128
1100,20160112,11, 1,1,       1801 ,,093718,093718,093718612100,1,,,,,,0,741,60000,128,740,7000,128
1100,20160112,11, 1,1,       1801 ,,093718,093718,093718630700,1,,,,,,0,741,59000,128,740,7000,128
1100,20160112,11, 1,1,       1801 ,,093718,093718,093718631500,1,,,,,,0,741,59000,128,740,6000,128
1100,20160112,11, 1,1,       1801 ,,093718,093718,093718684500,1,,,,,,0,741,59000,128,740,7000,128
1100,20160112,11, 1,1,       1801 ,,093719,093719,093719893900,1,,,,,,0,741,60000,128,740,7000,128
1100,20160112,11, 1,1,       1801 ,,093720,093720,093720023800,1,,,,,,0,741,59000,128,740,7000,128
1100,20160112,11, 1,1,       1801 ,,093720,093720,093720912900,1,,,,,,0,741,55000,128,740,7000,128
1100,20160112,11, 1,1,       1801 ,,093722,093722,093722021600,1,,,,,,0,741,55000,128,740,8000,128
1100,20160112,11, 1,1,       1801 ,,093722,093722,093722741600,1,,,,,,0,741,55000,128,740,7000,128
1100,20160112,11, 1,1,       1801 ,,093722,093722,093722743000,1,,,,,,0,741,55000,128,740,5000,128
1100,20160112,11, 1,1,       1801 ,,093722,093722,093722744100,1,,,,,,0,741,56000,128,740,5000,128
1100,20160112,11, 1,1,       1801 ,,093722,093722,093722744800,1,,,,,,0,741,57000,128,740,5000,128
1100,20160112,11, 1,1,       1801 ,093722,093722,093722,093722775500,1,740,16,0,1000,0,0,741,57000,128,740,4000,128
1100,20160112,11, 1,1,       1801 ,093722,093722,093722,093722777100,1,740,16,0,2000,0,0,741,57000,128,740,2000,128
1100,20160112,11, 1,1,       1801 ,093722,093722,093722,093722778100,1,740,16,0,2000,0,0,741,57000,128,739,55000,128
1100,20160112,11, 1,1,       1801 ,,093722,093722,093722779300,1,,,,,,0,741,57000,128,739,54000,128
1100,20160112,11, 1,1,       1801 ,,093722,093722,093722783300,1,,,,,,0,740,2000,128,739,54000,128
1100,20160112,11, 1,1,       1801 ,,093722,093722,093722784000,1,,,,,,0,740,3000,128,739,54000,128
1100,20160112,11, 1,1,       1801 ,,093722,093722,093722787300,1,,,,,,0,740,3000,128,739,52000,128
1100,20160112,11, 1,1,       1801 ,,093722,093722,093722788000,1,,,,,,0,740,3000,128,739,46000,128
1100,20160112,11, 1,1,       1801 ,,093722,093722,093722788800,1,,,,,,0,740,3000,128,739,40000,128
1100,20160112,11, 1,1,       1801 ,,093722,093722,093722811600,1,,,,,,0,740,3000,128,739,37000,128
1100,20160112,11, 1,1,       1801 ,,093722,093722,093722880000,1,,,,,,0,740,5000,128,739,37000,128
1100,20160112,11, 1,1,       1801 ,,093723,093723,093723799900,1,,,,,,0,740,4000,128,739,37000,128
1100,20160112,11, 1,1,       1801 ,,093723,093723,093723814100,1,,,,,,0,740,2000,128,739,37000,128
1100,20160112,11, 1,1,       1801 ,,093725,093725,093725088600,1,,,,,,0,740,3000,128,739,37000,128
1100,20160112,11, 1,1,       1801 ,093725,093725,093725,093725294300,1,740,48,0,2000,0,0,740,1000,128,739,37000,128
1100,20160112,11, 1,1,       1801 ,,093725,093725,093725296600,1,,,,,,0,740,1000,128,739,39000,128
1100,20160112,11, 1,1,       1801 ,093725,093725,093725,093725300400,1,740,48,0,1000,0,0,741,64000,128,739,39000,128
1100,20160112,11, 1,1,       1801 ,,093725,093725,093725301600,1,,,,,,0,741,64000,128,740,1000,128
1100,20160112,11, 1,1,       1801 ,,093725,093725,093725303200,1,,,,,,0,741,63000,128,740,1000,128
1100,20160112,11, 1,1,       1801 ,,093725,093725,093725308400,1,,,,,,0,741,62000,128,740,1000,128
1100,20160112,11, 1,1,       1801 ,,093725,093725,093725321900,1,,,,,,0,741,62000,128,740,3000,128
1100,20160112,11, 1,1,       1801 ,,093725,093725,093725380800,1,,,,,,0,741,55000,128,740,3000,128
1100,20160112,11, 1,1,       1801 ,,093725,093725,093725411400,1,,,,,,0,741,54000,128,740,3000,128
1100,20160112,11, 1,1,       1801 ,093725,093725,093725,093725452900,1,740,16,0,1000,0,0,741,54000,128,740,2000,128
1100,20160112,11, 1,1,       1801 ,,093725,093725,093725454800,1,,,,,,0,741,54000,128,740,2000,128
1100,20160112,11, 1,1,       1801 ,,093725,093725,093725759900,1,,,,,,0,741,54000,128,739,46000,128
1100,20160112,11, 1,1,       1801 ,,093725,093725,093725761100,1,,,,,,0,741,54000,128,739,44000,128
1100,20160112,11, 1,1,       1801 ,,093725,093725,093725762600,1,,,,,,0,740,2000,128,739,44000,128
1100,20160112,11, 1,1,       1801 ,,093725,093725,093725763800,1,,,,,,0,740,2000,128,739,42000,128
1100,20160112,11, 1,1,       1801 ,,093725,093725,093725791800,1,,,,,,0,740,2000,128,739,41000,128
1100,20160112,11, 1,1,       1801 ,,093725,093725,093725820100,1,,,,,,0,740,4000,128,739,41000,128
1100,20160112,11, 1,1,       1801 ,,093725,093725,093725821400,1,,,,,,0,740,5000,128,739,41000,128
1100,20160112,11, 1,1,       1801 ,,093727,093727,093727429800,1,,,,,,0,740,4000,128,739,41000,128
1100,20160112,11, 1,1,       1801 ,,093727,093727,093727444800,1,,,,,,0,740,2000,128,739,41000,128
1100,20160112,11, 1,1,       1801 ,,093727,093727,093727446000,1,,,,,,0,740,2000,128,739,42000,128
1100,20160112,11, 1,1,       1801 ,,093727,093727,093727718400,1,,,,,,0,740,3000,128,739,42000,128
1100,20160112,11, 1,1,       1801 ,093728,093728,093728,093728555200,1,740,48,0,1000,0,0,740,2000,128,739,42000,128
1100,20160112,11, 1,1,       1801 ,093728,093728,093728,093728557000,1,740,48,0,2000,0,0,741,56000,128,739,42000,128
1100,20160112,11, 1,1,       1801 ,,093728,093728,093728557900,1,,,,,,0,741,56000,128,740,1000,128
1100,20160112,11, 1,1,       1801 ,,093728,093728,093728560400,1,,,,,,0,741,56000,128,740,3000,128
1100,20160112,11, 1,1,       1801 ,,093728,093728,093728564200,1,,,,,,0,741,56000,128,740,5000,128
1100,20160112,11, 1,1,       1801 ,,093728,093728,093728567000,1,,,,,,0,741,55000,128,740,5000,128
1100,20160112,11, 1,1,       1801 ,,093728,093728,093728567600,1,,,,,,0,741,55000,128,740,6000,128
1100,20160112,11, 1,1,       1801 ,,093728,093728,093728584700,1,,,,,,0,741,54000,128,740,6000,128
1100,20160112,11, 1,1,       1801 ,,093728,093728,093728949200,1,,,,,,0,741,54000,128,740,5000,128
1100,20160112,11, 1,1,       1801 ,,093729,093729,093729051000,1,,,,,,0,741,54000,128,740,6000,128
1100,20160112,11, 1,1,       1801 ,,093730,093730,093730201100,1,,,,,,0,741,54000,128,740,5000,128
1100,20160112,11, 1,1,       1801 ,,093730,093730,093730202100,1,,,,,,0,741,54000,128,740,4000,128
1100,20160112,11, 1,1,       1801 ,,093730,093730,093730491900,1,,,,,,0,741,54000,128,740,5000,128
1100,20160112,11, 1,1,       1801 ,,093730,093730,093730493200,1,,,,,,0,741,54000,128,740,6000,128
1100,20160112,11, 1,1,       1801 ,,093731,093731,093731006400,1,,,,,,0,741,36000,128,740,6000,128
1100,20160112,11, 1,1,       1801 ,,093732,093732,093732491000,1,,,,,,0,741,36000,128,740,27000,128
1100,20160112,11, 1,1,       1801 ,,093732,093732,093732492300,1,,,,,,0,741,35000,128,740,27000,128
1100,20160112,11, 1,1,       1801 ,,093732,093732,093732493200,1,,,,,,0,741,27000,128,740,27000,128
1100,20160112,11, 1,1,       1801 ,,093732,093732,093732493900,1,,,,,,0,741,23000,128,740,27000,128
1100,20160112,11, 1,1,       1801 ,,093732,093732,093732494700,1,,,,,,0,741,23000,128,740,30000,128
1100,20160112,11, 1,1,       1801 ,,093732,093732,093732496100,1,,,,,,0,741,18000,128,740,30000,128
1100,20160112,11, 1,1,       1801 ,,093732,093732,093732496900,1,,,,,,0,741,18000,128,740,33000,128
1100,20160112,11, 1,1,       1801 ,,093732,093732,093732497500,1,,,,,,0,741,18000,128,740,35000,128
1100,20160112,11, 1,1,       1801 ,,093732,093732,093732498200,1,,,,,,0,741,14000,128,740,35000,128
1100,20160112,11, 1,1,       1801 ,,093732,093732,093732498900,1,,,,,,0,741,13000,128,740,35000,128
1100,20160112,11, 1,1,       1801 ,,093732,093732,093732499700,1,,,,,,0,741,11000,128,740,35000,128
1100,20160112,11, 1,1,       1801 ,,093732,093732,093732500400,1,,,,,,0,741,9000,128,740,35000,128
1100,20160112,11, 1,1,       1801 ,,093732,093732,093732501900,1,,,,,,0,741,9000,128,740,36000,128
1100,20160112,11, 1,1,       1801 ,,093732,093732,093732503300,1,,,,,,0,741,9000,128,740,38000,128
1100,20160112,11, 1,1,       1801 ,,093733,093733,093733500800,1,,,,,,0,741,11000,128,740,38000,128
1100,20160112,11, 1,1,       1801 ,,093734,093734,093734311800,1,,,,,,0,741,11000,128,740,41000,128
1100,20160112,11, 1,1,       1801 ,,093734,093734,093734313300,1,,,,,,0,741,11000,128,740,43000,128
1100,20160112,11, 1,1,       1801 ,,093739,093739,093739689600,1,,,,,,0,741,11000,128,740,41000,128
1100,20160112,11, 1,1,       1801 ,,093739,093739,093739800900,1,,,,,,0,741,11000,128,740,40000,128
1100,20160112,11, 1,1,       1801 ,,093739,093739,093739812500,1,,,,,,0,741,13000,128,740,40000,128
1100,20160112,11, 1,1,       1801 ,,093739,093739,093739821900,1,,,,,,0,741,14000,128,740,40000,128
1100,20160112,11, 1,1,       1801 ,,093740,093740,093740944900,1,,,,,,0,741,13000,128,740,40000,128
1100,20160112,11, 1,1,       1801 ,,093743,093743,093743420600,1,,,,,,0,741,11000,128,740,40000,128
1100,20160112,11, 1,1,       1801 ,,093744,093744,093744134100,1,,,,,,0,741,11000,128,740,41000,128
1100,20160112,11, 1,1,       1801 ,,093744,093744,093744248100,1,,,,,,0,741,11000,128,740,43000,128
1100,20160112,11, 1,1,       1801 ,,093744,093744,093744750300,1,,,,,,0,741,11000,128,740,41000,128
1100,20160112,11, 1,1,       1801 ,,093744,093744,093744780700,1,,,,,,0,741,11000,128,740,40000,128
1100,20160112,11, 1,1,       1801 ,,093744,093744,093744862900,1,,,,,,0,741,11000,128,740,41000,128
1100,20160112,11, 1,1,       1801 ,,093751,093751,093751310600,1,,,,,,0,741,11000,128,740,42000,128
1100,20160112,11, 1,1,       1801 ,,093751,093751,093751596300,1,,,,,,0,741,11000,128,740,41000,128
1100,20160112,11, 1,1,       1801 ,,093756,093756,093756412800,1,,,,,,0,741,13000,128,740,41000,128
1100,20160112,11, 1,1,       1801 ,,093756,093756,093756434500,1,,,,,,0,741,14000,128,740,41000,128
1100,20160112,11, 1,1,       1801 ,,093756,093756,093756436500,1,,,,,,0,741,14000,128,740,40000,128
1100,20160112,11, 1,1,       1801 ,,093757,093757,093757022000,1,,,,,,0,741,13000,128,740,40000,128
1100,20160112,11, 1,1,       1801 ,,093800,093800,093800019500,1,,,,,,0,741,11000,128,740,40000,128
1100,20160112,11, 1,1,       1801 ,,093800,093800,093800021700,1,,,,,,0,741,11000,128,740,41000,128
1100,20160112,11, 1,1,       1801 ,,093800,093800,093800022400,1,,,,,,0,741,11000,128,740,42000,128
1100,20160112,11, 1,1,       1801 ,,093800,093800,093800248800,1,,,,,,0,741,11000,128,740,48000,128
1100,20160112,11, 1,1,       1801 ,,093800,093800,093800252400,1,,,,,,0,741,9000,128,740,48000,128
1100,20160112,11, 1,1,       1801 ,,093800,093800,093800253100,1,,,,,,0,741,9000,128,740,50000,128
1100,20160112,11, 1,1,       1801 ,,093800,093800,093800353100,1,,,,,,0,741,9000,128,740,51000,128
1100,20160112,11, 1,1,       1801 ,,093800,093800,093800372600,1,,,,,,0,741,9000,128,740,50000,128
1100,20160112,11, 1,1,       1801 ,,093804,093804,093804739300,1,,,,,,0,741,11000,128,740,50000,128
1100,20160112,11, 1,1,       1801 ,093808,093808,093808,093808727800,1,741,48,0,1000,0,0,741,10000,128,740,50000,128
1100,20160112,11, 1,1,       1801 ,,093808,093808,093808729300,1,,,,,,0,741,8000,128,740,50000,128
1100,20160112,11, 1,1,       1801 ,,093808,093808,093808730000,1,,,,,,0,741,4000,128,740,50000,128
1100,20160112,11, 1,1,       1801 ,,093810,093810,093810208000,1,,,,,,0,741,4000,128,740,48000,128
1100,20160112,11, 1,1,       1801 ,093811,093811,093811,093811048900,1,741,48,0,1000,0,0,741,3000,128,740,48000,128
1100,20160112,11, 1,1,       1801 ,093811,093811,093811,093811050500,1,741,48,0,1000,0,0,741,2000,128,740,48000,128
1100,20160112,11, 1,1,       1801 ,093811,093811,093811,093811051400,1,741,48,0,2000,0,0,742,81000,128,741,1000,128
1100,20160112,11, 1,1,       1801 ,,093811,093811,093811055000,1,,,,,,0,742,82000,128,741,1000,128
1100,20160112,11, 1,1,       1801 ,,093811,093811,093811059400,1,,,,,,0,742,76000,128,741,1000,128
1100,20160112,11, 1,1,       1801 ,,093811,093811,093811060200,1,,,,,,0,742,70000,128,741,1000,128
1100,20160112,11, 1,1,       1801 ,,093811,093811,093811062400,1,,,,,,0,742,71000,128,741,1000,128
1100,20160112,11, 1,1,       1801 ,,093811,093811,093811066100,1,,,,,,0,742,68000,128,741,1000,128
1100,20160112,11, 1,1,       1801 ,,093811,093811,093811067500,1,,,,,,0,742,67000,128,741,1000,128
1100,20160112,11, 1,1,       1801 ,,093811,093811,093811068200,1,,,,,,0,742,66000,128,741,1000,128
1100,20160112,11, 1,1,       1801 ,,093811,093811,093811076200,1,,,,,,0,742,66000,128,741,2000,128
1100,20160112,11, 1,1,       1801 ,,093811,093811,093811117700,1,,,,,,0,742,66000,128,741,3000,128
1100,20160112,11, 1,1,       1801 ,,093811,093811,093811120100,1,,,,,,0,742,65000,128,741,3000,128
1100,20160112,11, 1,1,       1801 ,,093811,093811,093811120800,1,,,,,,0,742,48000,128,741,3000,128
1100,20160112,11, 1,1,       1801 ,,093811,093811,093811122000,1,,,,,,0,742,48000,128,741,4000,128
1100,20160112,11, 1,1,       1801 ,,093811,093811,093811122600,1,,,,,,0,742,48000,128,741,6000,128
1100,20160112,11, 1,1,       1801 ,,093811,093811,093811286800,1,,,,,,0,742,48000,128,741,7000,128
1100,20160112,11, 1,1,       1801 ,,093812,093812,093812024000,1,,,,,,0,742,48000,128,741,6000,128
1100,20160112,11, 1,1,       1801 ,,093813,093813,093813726900,1,,,,,,0,742,48000,128,741,27000,128
1100,20160112,11, 1,1,       1801 ,,093813,093813,093813728100,1,,,,,,0,742,47000,128,741,27000,128
1100,20160112,11, 1,1,       1801 ,,093813,093813,093813728900,1,,,,,,0,742,42000,128,741,27000,128
1100,20160112,11, 1,1,       1801 ,,093813,093813,093813729700,1,,,,,,0,742,41000,128,741,27000,128
1100,20160112,11, 1,1,       1801 ,,093814,093814,093814732900,1,,,,,,0,742,38000,128,741,27000,128
1100,20160112,11, 1,1,       1801 ,,093814,093814,093814734700,1,,,,,,0,742,38000,128,741,30000,128
1100,20160112,11, 1,1,       1801 ,,093814,093814,093814735800,1,,,,,,0,742,38000,128,741,32000,128
1100,20160112,11, 1,1,       1801 ,,093814,093814,093814736400,1,,,,,,0,742,35000,128,741,32000,128
1100,20160112,11, 1,1,       1801 ,,093815,093815,093815712300,1,,,,,,0,742,30000,128,741,32000,128
1100,20160112,11, 1,1,       1801 ,,093815,093815,093815714500,1,,,,,,0,742,30000,128,741,38000,128
1100,20160112,11, 1,1,       1801 ,,093815,093815,093815941300,1,,,,,,0,742,26000,128,741,38000,128
1100,20160112,11, 1,1,       1801 ,,093815,093815,093815943100,1,,,,,,0,742,24000,128,741,38000,128
1100,20160112,11, 1,1,       1801 ,,093815,093815,093815944700,1,,,,,,0,742,24000,128,741,41000,128
1100,20160112,11, 1,1,       1801 ,,093815,093815,093815945400,1,,,,,,0,742,23000,128,741,41000,128
1100,20160112,11, 1,1,       1801 ,,093816,093816,093816475600,1,,,,,,0,742,23000,128,741,42000,128
1100,20160112,11, 1,1,       1801 ,,093816,093816,093816537300,1,,,,,,0,742,23000,128,741,45000,128
1100,20160112,11, 1,1,       1801 ,,093816,093816,093816538500,1,,,,,,0,742,22000,128,741,45000,128
1100,20160112,11, 1,1,       1801 ,,093816,093816,093816809300,1,,,,,,0,742,22000,128,741,47000,128
1100,20160112,11, 1,1,       1801 ,093817,093817,093817,093817724400,1,741,16,0,2000,0,0,742,22000,128,741,45000,128
1100,20160112,11, 1,1,       1801 ,,093818,093818,093818109700,1,,,,,,0,742,20000,128,741,45000,128
1100,20160112,11, 1,1,       1801 ,,093818,093818,093818110800,1,,,,,,0,742,21000,128,741,45000,128
1100,20160112,11, 1,1,       1801 ,093818,093818,093818,093818112100,1,742,48,0,1000,0,0,742,20000,128,741,45000,128
1100,20160112,11, 1,1,       1801 ,,093820,093820,093820234500,1,,,,,,0,742,19000,128,741,45000,128
1100,20160112,11, 1,1,       1801 ,,093820,093820,093820236700,1,,,,,,0,742,19000,128,741,46000,128
1100,20160112,11, 1,1,       1801 ,,093831,093831,093831263700,1,,,,,,0,742,19000,128,741,45000,128
1100,20160112,11, 1,1,       1801 ,093831,093831,093831,093831265300,1,742,48,0,19000,0,0,743,52000,128,741,45000,128
1100,20160112,11, 1,1,       1801 ,,093831,093831,093831269200,1,,,,,,0,743,52000,128,741,45000,128
1100,20160112,11, 1,1,       1801 ,,093831,093831,093831269900,1,,,,,,0,743,52000,128,742,2000,128
1100,20160112,11, 1,1,       1801 ,093831,093831,093831,093831274700,1,742,16,0,1000,0,0,743,52000,128,742,1000,128
1100,20160112,11, 1,1,       1801 ,,093831,093831,093831275900,1,,,,,,0,743,52000,128,742,1000,128
1100,20160112,11, 1,1,       1801 ,,093831,093831,093831277900,1,,,,,,0,743,53000,128,742,1000,128
1100,20160112,11, 1,1,       1801 ,,093831,093831,093831282900,1,,,,,,0,743,47000,128,742,1000,128
1100,20160112,11, 1,1,       1801 ,,093831,093831,093831284400,1,,,,,,0,743,41000,128,742,1000,128
1100,20160112,11, 1,1,       1801 ,,093831,093831,093831285800,1,,,,,,0,743,37000,128,742,1000,128
1100,20160112,11, 1,1,       1801 ,,093831,093831,093831288000,1,,,,,,0,743,38000,128,742,1000,128
1100,20160112,11, 1,1,       1801 ,,093831,093831,093831288600,1,,,,,,0,743,35000,128,742,1000,128
1100,20160112,11, 1,1,       1801 ,,093831,093831,093831290000,1,,,,,,0,743,34000,128,742,1000,128
1100,20160112,11, 1,1,       1801 ,,093831,093831,093831290700,1,,,,,,0,743,34000,128,742,2000,128
1100,20160112,11, 1,1,       1801 ,,093831,093831,093831369500,1,,,,,,0,743,34000,128,742,4000,128
1100,20160112,11, 1,1,       1801 ,,093831,093831,093831494100,1,,,,,,0,743,34000,128,742,5000,128
1100,20160112,11, 1,1,       1801 ,,093831,093831,093831775800,1,,,,,,0,743,34000,128,742,6000,128
1100,20160112,11, 1,1,       1801 ,,093832,093832,093832683500,1,,,,,,0,743,34000,128,742,7000,128
1100,20160112,11, 1,1,       1801 ,,093832,093832,093832750000,1,,,,,,0,743,33000,128,742,7000,128
1100,20160112,11, 1,1,       1801 ,,093833,093833,093833739800,1,,,,,,0,743,33000,128,742,6000,128
1100,20160112,11, 1,1,       1801 ,,093833,093833,093833741100,1,,,,,,0,743,33000,128,742,4000,128
1100,20160112,11, 1,1,       1801 ,,093833,093833,093833742400,1,,,,,,0,743,34000,128,742,4000,128
1100,20160112,11, 1,1,       1801 ,,093833,093833,093833743100,1,,,,,,0,743,34000,128,742,3000,128
1100,20160112,11, 1,1,       1801 ,,093833,093833,093833771400,1,,,,,,0,743,34000,128,742,5000,128
1100,20160112,11, 1,1,       1801 ,,093833,093833,093833937500,1,,,,,,0,743,35000,128,742,5000,128
1100,20160112,11, 1,1,       1801 ,,093839,093839,093839187000,1,,,,,,0,743,35000,128,742,6000,128
1100,20160112,11, 1,1,       1801 ,,093839,093839,093839188300,1,,,,,,0,743,34000,128,742,6000,128
1100,20160112,11, 1,1,       1801 ,,093842,093842,093842621800,1,,,,,,0,743,35000,128,742,6000,128
1100,20160112,11, 1,1,       1801 ,093842,093842,093842,093842672900,1,742,16,0,6000,0,0,743,35000,128,741,31000,128
1100,20160112,11, 1,1,       1801 ,,093842,093842,093842674700,1,,,,,,0,743,35000,128,741,31000,128
1100,20160112,11, 1,1,       1801 ,,093842,093842,093842677200,1,,,,,,0,743,35000,128,741,30000,128
1100,20160112,11, 1,1,       1801 ,,093842,093842,093842678200,1,,,,,,0,742,1000,128,741,30000,128
1100,20160112,11, 1,1,       1801 ,,093842,093842,093842679000,1,,,,,,0,742,1000,128,741,28000,128
1100,20160112,11, 1,1,       1801 ,,093842,093842,093842680100,1,,,,,,0,742,1000,128,741,27000,128
1100,20160112,11, 1,1,       1801 ,,093842,093842,093842681000,1,,,,,,0,742,3000,128,741,27000,128
1100,20160112,11, 1,1,       1801 ,,093842,093842,093842682900,1,,,,,,0,742,4000,128,741,27000,128
1100,20160112,11, 1,1,       1801 ,,093842,093842,093842684500,1,,,,,,0,742,6000,128,741,27000,128
1100,20160112,11, 1,1,       1801 ,,093842,093842,093842686000,1,,,,,,0,742,7000,128,741,27000,128
1100,20160112,11, 1,1,       1801 ,,093842,093842,093842686900,1,,,,,,0,742,7000,128,741,28000,128
1100,20160112,11, 1,1,       1801 ,,093842,093842,093842688300,1,,,,,,0,742,7000,128,741,27000,128
1100,20160112,11, 1,1,       1801 ,,093842,093842,093842689200,1,,,,,,0,742,7000,128,741,24000,128
1100,20160112,11, 1,1,       1801 ,,093842,093842,093842690000,1,,,,,,0,742,7000,128,741,25000,128
1100,20160112,11, 1,1,       1801 ,,093842,093842,093842690800,1,,,,,,0,742,7000,128,741,24000,128
1100,20160112,11, 1,1,       1801 ,,093842,093842,093842691600,1,,,,,,0,742,7000,128,741,21000,128
1100,20160112,11, 1,1,       1801 ,,093842,093842,093842693400,1,,,,,,0,742,8000,128,741,21000,128
1100,20160112,11, 1,1,       1801 ,,093842,093842,093842694100,1,,,,,,0,742,8000,128,741,25000,128
1100,20160112,11, 1,1,       1801 ,,093842,093842,093842694900,1,,,,,,0,742,11000,128,741,25000,128
1100,20160112,11, 1,1,       1801 ,,093842,093842,093842786300,1,,,,,,0,742,11000,128,741,22000,128
1100,20160112,11, 1,1,       1801 ,093843,093843,093843,093843557700,1,742,48,0,11000,0,0,743,46000,128,741,22000,128
1100,20160112,11, 1,1,       1801 ,,093843,093843,093843559200,1,,,,,,0,743,46000,128,741,22000,128
1100,20160112,11, 1,1,       1801 ,,093843,093843,093843559900,1,,,,,,0,743,45000,128,741,22000,128
1100,20160112,11, 1,1,       1801 ,,093843,093843,093843561100,1,,,,,,0,743,45000,128,742,4000,128
1100,20160112,11, 1,1,       1801 ,,093843,093843,093843562500,1,,,,,,0,743,43000,128,742,4000,128
1100,20160112,11, 1,1,       1801 ,,093843,093843,093843564700,1,,,,,,0,743,43000,128,741,18000,128
1100,20160112,11, 1,1,       1801 ,,093843,093843,093843565600,1,,,,,,0,743,43000,128,741,19000,128
1100,20160112,11, 1,1,       1801 ,,093843,093843,093843567000,1,,,,,,0,743,44000,128,741,19000,128
1100,20160112,11, 1,1,       1801 ,,093843,093843,093843568300,1,,,,,,0,743,38000,128,741,19000,128
1100,20160112,11, 1,1,       1801 ,,093843,093843,093843569100,1,,,,,,0,743,38000,128,741,22000,128
1100,20160112,11, 1,1,       1801 ,,093843,093843,093843569700,1,,,,,,0,743,38000,128,741,23000,128
1100,20160112,11, 1,1,       1801 ,,093843,093843,093843570300,1,,,,,,0,743,38000,128,742,3000,128
1100,20160112,11, 1,1,       1801 ,,093843,093843,093843571700,1,,,,,,0,743,38000,128,742,4000,128
1100,20160112,11, 1,1,       1801 ,093843,093843,093843,093843667900,1,742,16,0,1000,0,0,743,38000,128,742,3000,128
1100,20160112,11, 1,1,       1801 ,093843,093843,093843,093843670300,1,742,16,0,1000,0,0,743,38000,128,742,2000,128
1100,20160112,11, 1,1,       1801 ,,093843,093843,093843671300,1,,,,,,0,743,38000,128,742,1000,128
1100,20160112,11, 1,1,       1801 ,093843,093843,093843,093843672100,1,742,16,0,1000,0,0,743,38000,128,741,23000,128
1100,20160112,11, 1,1,       1801 ,,093844,093844,093844394900,1,,,,,,0,743,40000,128,741,23000,128
1100,20160112,11, 1,1,       1801 ,,093844,093844,093844867800,1,,,,,,0,743,40000,128,741,22000,128
1100,20160112,11, 1,1,       1801 ,,093845,093845,093845737500,1,,,,,,0,743,40000,128,742,1000,128
1100,20160112,11, 1,1,       1801 ,093845,093845,093845,093845739400,1,742,16,0,1000,0,0,743,40000,128,741,22000,128
1100,20160112,11, 1,1,       1801 ,,093845,093845,093845740200,1,,,,,,0,743,40000,128,741,22000,128
1100,20160112,11, 1,1,       1801 ,,093845,093845,093845741900,1,,,,,,0,743,34000,128,741,22000,128
1100,20160112,11, 1,1,       1801 ,,093845,093845,093845742700,1,,,,,,0,743,34000,128,741,23000,128
1100,20160112,11, 1,1,       1801 ,,093845,093845,093845743300,1,,,,,,0,743,34000,128,741,29000,128
1100,20160112,11, 1,1,       1801 ,,093845,093845,093845743900,1,,,,,,0,743,34000,128,741,28000,128
1100,20160112,11, 1,1,       1801 ,,093845,093845,093845745200,1,,,,,,0,743,34000,128,741,29000,128
1100,20160112,11, 1,1,       1801 ,,093845,093845,093845836500,1,,,,,,0,743,34000,128,741,28000,128
1100,20160112,11, 1,1,       1801 ,,093845,093845,093845838000,1,,,,,,0,743,34000,128,741,27000,128
1100,20160112,11, 1,1,       1801 ,,093846,093846,093846652400,1,,,,,,0,743,34000,128,741,28000,128
1100,20160112,11, 1,1,       1801 ,,093847,093847,093847248500,1,,,,,,0,743,34000,128,741,27000,128
1100,20160112,11, 1,1,       1801 ,,093847,093847,093847432900,1,,,,,,0,743,34000,128,741,28000,128
1100,20160112,11, 1,1,       1801 ,,093847,093847,093847435000,1,,,,,,0,743,34000,128,741,29000,128
1100,20160112,11, 1,1,       1801 ,,093848,093848,093848462400,1,,,,,,0,743,34000,128,741,30000,128
1100,20160112,11, 1,1,       1801 ,,093849,093849,093849932000,1,,,,,,0,743,33000,128,741,30000,128
1100,20160112,11, 1,1,       1801 ,,093849,093849,093849933400,1,,,,,,0,743,33000,128,741,33000,128
1100,20160112,11, 1,1,       1801 ,,093851,093851,093851953200,1,,,,,,0,743,33000,128,741,41000,128
1100,20160112,11, 1,1,       1801 ,,093851,093851,093851954400,1,,,,,,0,743,32000,128,741,41000,128
1100,20160112,11, 1,1,       1801 ,,093851,093851,093851985000,1,,,,,,0,743,33000,128,741,41000,128
1100,20160112,11, 1,1,       1801 ,,093854,093854,093854348200,1,,,,,,0,743,31000,128,741,41000,128
1100,20160112,11, 1,1,       1801 ,,093855,093855,093855905700,1,,,,,,0,743,30000,128,741,41000,128
1100,20160112,11, 1,1,       1801 ,,093858,093858,093858490600,1,,,,,,0,743,31000,128,741,41000,128
1100,20160112,11, 1,1,       1801 ,,093858,093858,093858509800,1,,,,,,0,743,30000,128,741,41000,128
1100,20160112,11, 1,1,       1801 ,,093859,093859,093859770800,1,,,,,,0,743,31000,128,741,41000,128
1100,20160112,11, 1,1,       1801 ,,093859,093859,093859931500,1,,,,,,0,743,31000,128,741,40000,128
1100,20160112,11, 1,1,       1801 ,,093859,093859,093859932500,1,,,,,,0,743,32000,128,741,40000,128
1100,20160112,11, 1,1,       1801 ,,093903,093903,093903911300,1,,,,,,0,742,2000,128,741,40000,128
1100,20160112,11, 1,1,       1801 ,,093903,093903,093903914200,1,,,,,,0,742,2000,128,741,34000,128
1100,20160112,11, 1,1,       1801 ,,093903,093903,093903916400,1,,,,,,0,742,2000,128,741,33000,128
1100,20160112,11, 1,1,       1801 ,,093903,093903,093903917000,1,,,,,,0,742,2000,128,741,32000,128
1100,20160112,11, 1,1,       1801 ,,093903,093903,093903956200,1,,,,,,0,742,4000,128,741,32000,128
1100,20160112,11, 1,1,       1801 ,,093904,093904,093904176900,1,,,,,,0,742,4000,128,741,35000,128
1100,20160112,11, 1,1,       1801 ,,093904,093904,093904289000,1,,,,,,0,742,5000,128,741,35000,128
1100,20160112,11, 1,1,       1801 ,,093904,093904,093904538400,1,,,,,,0,742,5000,128,741,38000,128
1100,20160112,11, 1,1,       1801 ,,093905,093905,093905679000,1,,,,,,0,742,3000,128,741,38000,128
1100,20160112,11, 1,1,       1801 ,,093909,093909,093909080600,1,,,,,,0,742,3000,128,741,39000,128
1100,20160112,11, 1,1,       1801 ,,093909,093909,093909269300,1,,,,,,0,742,1000,128,741,39000,128
1100,20160112,11, 1,1,       1801 ,,093909,093909,093909272500,1,,,,,,0,742,1000,128,741,40000,128
1100,20160112,11, 1,1,       1801 ,,093910,093910,093910858700,1,,,,,,0,743,46000,128,741,40000,128
1100,20160112,11, 1,1,       1801 ,,093910,093910,093910862100,1,,,,,,0,743,46000,128,741,41000,128
1100,20160112,11, 1,1,       1801 ,,093910,093910,093910862700,1,,,,,,0,743,40000,128,741,41000,128
1100,20160112,11, 1,1,       1801 ,,093910,093910,093910864300,1,,,,,,0,743,39000,128,741,41000,128
1100,20160112,11, 1,1,       1801 ,,093910,093910,093910865100,1,,,,,,0,743,39000,128,741,42000,128
1100,20160112,11, 1,1,       1801 ,,093915,093915,093915591900,1,,,,,,0,743,39000,128,741,41000,128
1100,20160112,11, 1,1,       1801 ,,093915,093915,093915981100,1,,,,,,0,743,40000,128,741,41000,128
1100,20160112,11, 1,1,       1801 ,,093915,093915,093915982700,1,,,,,,0,743,47000,128,741,41000,128
1100,20160112,11, 1,1,       1801 ,,093921,093921,093921492200,1,,,,,,0,743,47000,128,741,42000,128
1100,20160112,11, 1,1,       1801 ,,093921,093921,093921492900,1,,,,,,0,743,46000,128,741,42000,128
1100,20160112,11, 1,1,       1801 ,,093922,093922,093922030900,1,,,,,,0,743,46000,128,741,41000,128
1100,20160112,11, 1,1,       1801 ,,093922,093922,093922071400,1,,,,,,0,743,47000,128,741,41000,128
1100,20160112,11, 1,1,       1801 ,,093923,093923,093923832200,1,,,,,,0,743,46000,128,741,41000,128
1100,20160112,11, 1,1,       1801 ,,093924,093924,093924492100,1,,,,,,0,743,46000,128,741,42000,128
1100,20160112,11, 1,1,       1801 ,,093926,093926,093926122100,1,,,,,,0,743,46000,128,741,41000,128
1100,20160112,11, 1,1,       1801 ,,093935,093935,093935949900,1,,,,,,0,743,46000,128,741,40000,128
1100,20160112,11, 1,1,       1801 ,,093936,093936,093936248600,1,,,,,,0,743,46000,128,741,41000,128
1100,20160112,11, 1,1,       1801 ,,093936,093936,093936250100,1,,,,,,0,743,46000,128,741,47000,128
1100,20160112,11, 1,1,       1801 ,,093936,093936,093936251200,1,,,,,,0,743,45000,128,741,47000,128
1100,20160112,11, 1,1,       1801 ,,093936,093936,093936512400,1,,,,,,0,743,45000,128,741,48000,128
1100,20160112,11, 1,1,       1801 ,,093936,093936,093936713600,1,,,,,,0,743,45000,128,741,49000,128
1100,20160112,11, 1,1,       1801 ,,093936,093936,093936832500,1,,,,,,0,743,45000,128,741,48000,128
1100,20160112,11, 1,1,       1801 ,,093936,093936,093936892100,1,,,,,,0,743,45000,128,741,49000,128
1100,20160112,11, 1,1,       1801 ,,093937,093937,093937043000,1,,,,,,0,743,45000,128,741,48000,128
1100,20160112,11, 1,1,       1801 ,,093939,093939,093939532400,1,,,,,,0,743,46000,128,741,48000,128
1100,20160112,11, 1,1,       1801 ,,093946,093946,093946411900,1,,,,,,0,743,45000,128,741,48000,128
1100,20160112,11, 1,1,       1801 ,,093950,093950,093950152000,1,,,,,,0,743,45000,128,741,49000,128
1100,20160112,11, 1,1,       1801 ,,093951,093951,093951260500,1,,,,,,0,743,45000,128,741,48000,128
1100,20160112,11, 1,1,       1801 ,,093952,093952,093952552100,1,,,,,,0,743,45000,128,741,47000,128
1100,20160112,11, 1,1,       1801 ,,093956,093956,093956552300,1,,,,,,0,743,45000,128,741,48000,128
1100,20160112,11, 1,1,       1801 ,,094003,094003,094003118200,1,,,,,,0,743,44000,128,741,48000,128
1100,20160112,11, 1,1,       1801 ,,094003,094003,094003657300,1,,,,,,0,743,44000,128,741,53000,128
1100,20160112,11, 1,1,       1801 ,,094005,094005,094005162200,1,,,,,,0,743,44000,128,741,52000,128
1100,20160112,11, 1,1,       1801 ,,094005,094005,094005302300,1,,,,,,0,743,44000,128,741,53000,128
1100,20160112,11, 1,1,       1801 ,,094005,094005,094005306400,1,,,,,,0,743,37000,128,741,53000,128
1100,20160112,11, 1,1,       1801 ,,094006,094006,094006672400,1,,,,,,0,743,37000,128,741,52000,128
1100,20160112,11, 1,1,       1801 ,,094007,094007,094007942100,1,,,,,,0,743,37000,128,741,53000,128
1100,20160112,11, 1,1,       1801 ,,094008,094008,094008022000,1,,,,,,0,743,37000,128,741,52000,128
1100,20160112,11, 1,1,       1801 ,,094008,094008,094008193500,1,,,,,,0,743,37000,128,741,53000,128
1100,20160112,11, 1,1,       1801 ,,094011,094011,094011002000,1,,,,,,0,743,37000,128,741,54000,128
1100,20160112,11, 1,1,       1801 ,,094014,094014,094014659800,1,,,,,,0,743,37000,128,741,55000,128
1100,20160112,11, 1,1,       1801 ,,094016,094016,094016148500,1,,,,,,0,743,37000,128,741,54000,128
1100,20160112,11, 1,1,       1801 ,,094025,094025,094025732100,1,,,,,,0,743,37000,128,741,55000,128
1100,20160112,11, 1,1,       1801 ,,094025,094025,094025733600,1,,,,,,0,743,34000,128,741,55000,128
1100,20160112,11, 1,1,       1801 ,,094025,094025,094025734300,1,,,,,,0,743,31000,128,741,55000,128
1100,20160112,11, 1,1,       1801 ,,094025,094025,094025771600,1,,,,,,0,743,30000,128,741,55000,128
1100,20160112,11, 1,1,       1801 ,,094025,094025,094025833000,1,,,,,,0,743,31000,128,741,55000,128
1100,20160112,11, 1,1,       1801 ,,094025,094025,094025912200,1,,,,,,0,743,31000,128,741,54000,128
1100,20160112,11, 1,1,       1801 ,,094028,094028,094028414600,1,,,,,,0,743,31000,128,742,1000,128
1100,20160112,11, 1,1,       1801 ,,094028,094028,094028416500,1,,,,,,0,743,31000,128,742,2000,128
1100,20160112,11, 1,1,       1801 ,,094028,094028,094028417900,1,,,,,,0,743,25000,128,742,2000,128
1100,20160112,11, 1,1,       1801 ,,094028,094028,094028420100,1,,,,,,0,743,25000,128,742,4000,128
1100,20160112,11, 1,1,       1801 ,,094028,094028,094028420800,1,,,,,,0,743,24000,128,742,4000,128
1100,20160112,11, 1,1,       1801 ,,094028,094028,094028421800,1,,,,,,0,743,25000,128,742,4000,128
1100,20160112,11, 1,1,       1801 ,,094028,094028,094028994300,1,,,,,,0,743,25000,128,742,5000,128
1100,20160112,11, 1,1,       1801 ,,094029,094029,094029712900,1,,,,,,0,743,26000,128,742,5000,128
1100,20160112,11, 1,1,       1801 ,,094029,094029,094029786100,1,,,,,,0,743,26000,128,742,4000,128
1100,20160112,11, 1,1,       1801 ,,094029,094029,094029787500,1,,,,,,0,743,26000,128,742,2000,128
1100,20160112,11, 1,1,       1801 ,094029,094029,094029,094029793200,1,742,16,0,1000,0,0,743,26000,128,742,1000,128
1100,20160112,11, 1,1,       1801 ,094029,094029,094029,094029795600,1,742,16,0,1000,0,0,743,26000,128,741,53000,128
1100,20160112,11, 1,1,       1801 ,,094029,094029,094029798200,1,,,,,,0,742,2000,128,741,53000,128
1100,20160112,11, 1,1,       1801 ,,094029,094029,094029803100,1,,,,,,0,742,2000,128,741,52000,128
1100,20160112,11, 1,1,       1801 ,,094029,094029,094029804800,1,,,,,,0,742,2000,128,741,51000,128
1100,20160112,11, 1,1,       1801 ,,094029,094029,094029808000,1,,,,,,0,742,3000,128,741,51000,128
1100,20160112,11, 1,1,       1801 ,,094029,094029,094029808900,1,,,,,,0,742,3000,128,741,50000,128
1100,20160112,11, 1,1,       1801 ,,094029,094029,094029816600,1,,,,,,0,742,3000,128,741,47000,128
1100,20160112,11, 1,1,       1801 ,094029,094029,094029,094029825700,1,742,48,0,2000,0,0,742,1000,128,741,47000,128
1100,20160112,11, 1,1,       1801 ,094029,094029,094029,094029827200,1,742,48,0,1000,0,0,743,32000,128,741,47000,128
1100,20160112,11, 1,1,       1801 ,,094029,094029,094029829600,1,,,,,,0,743,32000,128,741,41000,128
1100,20160112,11, 1,1,       1801 ,,094029,094029,094029833200,1,,,,,,0,743,32000,128,742,5000,128
1100,20160112,11, 1,1,       1801 ,,094029,094029,094029834900,1,,,,,,0,743,33000,128,742,5000,128
1100,20160112,11, 1,1,       1801 ,,094029,094029,094029837200,1,,,,,,0,743,32000,128,742,5000,128
1100,20160112,11, 1,1,       1801 ,,094029,094029,094029838100,1,,,,,,0,743,32000,128,742,6000,128
1100,20160112,11, 1,1,       1801 ,,094029,094029,094029838800,1,,,,,,0,743,32000,128,742,8000,128
1100,20160112,11, 1,1,       1801 ,,094029,094029,094029844200,1,,,,,,0,743,26000,128,742,8000,128
1100,20160112,11, 1,1,       1801 ,,094029,094029,094029987400,1,,,,,,0,743,29000,128,742,8000,128
1100,20160112,11, 1,1,       1801 ,,094030,094030,094030111200,1,,,,,,0,743,26000,128,742,8000,128
1100,20160112,11, 1,1,       1801 ,,094031,094031,094031224100,1,,,,,,0,743,26000,128,742,7000,128
1100,20160112,11, 1,1,       1801 ,,094031,094031,094031225400,1,,,,,,0,743,26000,128,742,5000,128
1100,20160112,11, 1,1,       1801 ,,094034,094034,094034532400,1,,,,,,0,743,25000,128,742,5000,128
1100,20160112,11, 1,1,       1801 ,,094034,094034,094034533300,1,,,,,,0,743,25000,128,742,7000,128
1100,20160112,11, 1,1,       1801 ,,094034,094034,094034534000,1,,,,,,0,743,25000,128,742,8000,128
1100,20160112,11, 1,1,       1801 ,,094034,094034,094034534700,1,,,,,,0,743,28000,128,742,8000,128
1100,20160112,11, 1,1,       1801 ,,094034,094034,094034535400,1,,,,,,0,743,31000,128,742,8000,128
1100,20160112,11, 1,1,       1801 ,,094034,094034,094034546200,1,,,,,,0,743,32000,128,742,8000,128
1100,20160112,11, 1,1,       1801 ,,094042,094042,094042002300,1,,,,,,0,743,33000,128,742,8000,128
1100,20160112,11, 1,1,       1801 ,,094042,094042,094042021400,1,,,,,,0,743,33000,128,742,7000,128
1100,20160112,11, 1,1,       1801 ,094042,094042,094042,094042045300,1,742,16,0,1000,0,0,743,33000,128,742,6000,128
1100,20160112,11, 1,1,       1801 ,,094042,094042,094042046700,1,,,,,,0,743,33000,128,742,4000,128
1100,20160112,11, 1,1,       1801 ,094042,094042,094042,094042160100,1,742,16,0,4000,0,0,743,33000,128,741,34000,128
1100,20160112,11, 1,1,       1801 ,,094042,094042,094042161700,1,,,,,,0,743,33000,128,741,34000,128
1100,20160112,11, 1,1,       1801 ,,094042,094042,094042162400,1,,,,,,0,743,34000,128,741,34000,128
1100,20160112,11, 1,1,       1801 ,,094042,094042,094042163000,1,,,,,,0,743,34000,128,741,33000,128
1100,20160112,11, 1,1,       1801 ,,094042,094042,094042164600,1,,,,,,0,743,34000,128,741,32000,128
1100,20160112,11, 1,1,       1801 ,,094042,094042,094042185700,1,,,,,,0,743,34000,128,741,34000,128
1100,20160112,11, 1,1,       1801 ,,094042,094042,094042186800,1,,,,,,0,743,33000,128,741,34000,128
1100,20160112,11, 1,1,       1801 ,,094042,094042,094042281900,1,,,,,,0,743,33000,128,742,1000,128
1100,20160112,11, 1,1,       1801 ,,094042,094042,094042467700,1,,,,,,0,743,33000,128,742,2000,128
1100,20160112,11, 1,1,       1801 ,,094042,094042,094042471700,1,,,,,,0,743,33000,128,742,4000,128
1100,20160112,11, 1,1,       1801 ,,094047,094047,094047989500,1,,,,,,0,743,33000,128,742,2000,128
1100,20160112,11, 1,1,       1801 ,,094047,094047,094047991200,1,,,,,,0,743,41000,128,742,2000,128
1100,20160112,11, 1,1,       1801 ,,094047,094047,094047992400,1,,,,,,0,743,42000,128,742,2000,128
1100,20160112,11, 1,1,       1801 ,,094048,094048,094048148400,1,,,,,,0,743,41000,128,742,2000,128
1100,20160112,11, 1,1,       1801 ,094048,094048,094048,094048326400,1,742,16,0,2000,0,0,742,2000,128,741,43000,128
1100,20160112,11, 1,1,       1801 ,,094048,094048,094048327900,1,,,,,,0,742,2000,128,741,43000,128
1100,20160112,11, 1,1,       1801 ,,094048,094048,094048331400,1,,,,,,0,742,2000,128,741,37000,128
1100,20160112,11, 1,1,       1801 ,,094048,094048,094048332100,1,,,,,,0,742,2000,128,741,36000,128
1100,20160112,11, 1,1,       1801 ,,094048,094048,094048334100,1,,,,,,0,742,3000,128,741,36000,128
1100,20160112,11, 1,1,       1801 ,,094048,094048,094048334800,1,,,,,,0,742,3000,128,741,35000,128
1100,20160112,11, 1,1,       1801 ,,094048,094048,094048336300,1,,,,,,0,742,3000,128,741,32000,128
1100,20160112,11, 1,1,       1801 ,,094048,094048,094048572000,1,,,,,,0,742,3000,128,741,31000,128
1100,20160112,11, 1,1,       1801 ,094048,094048,094048,094048613800,1,742,48,0,1000,0,0,742,2000,128,741,31000,128
1100,20160112,11, 1,1,       1801 ,,094049,094049,094049111100,1,,,,,,0,742,1000,128,741,31000,128
1100,20160112,11, 1,1,       1801 ,094050,094050,094050,094050269800,1,742,48,0,1000,0,0,743,54000,128,741,31000,128
1100,20160112,11, 1,1,       1801 ,,094050,094050,094050271300,1,,,,,,0,743,54000,128,741,31000,128
1100,20160112,11, 1,1,       1801 ,,094050,094050,094050272800,1,,,,,,0,743,55000,128,741,31000,128
1100,20160112,11, 1,1,       1801 ,,094050,094050,094050274100,1,,,,,,0,743,55000,128,742,2000,128
1100,20160112,11, 1,1,       1801 ,,094050,094050,094050274700,1,,,,,,0,743,55000,128,742,7000,128
1100,20160112,11, 1,1,       1801 ,,094050,094050,094050275300,1,,,,,,0,743,49000,128,742,7000,128
1100,20160112,11, 1,1,       1801 ,,094050,094050,094050276800,1,,,,,,0,743,48000,128,742,7000,128
1100,20160112,11, 1,1,       1801 ,,094050,094050,094050278900,1,,,,,,0,743,48000,128,742,9000,128
1100,20160112,11, 1,1,       1801 ,,094050,094050,094050279600,1,,,,,,0,743,42000,128,742,9000,128
1100,20160112,11, 1,1,       1801 ,,094050,094050,094050280900,1,,,,,,0,743,42000,128,742,10000,128
1100,20160112,11, 1,1,       1801 ,094050,094050,094050,094050282300,1,742,16,0,1000,0,0,743,42000,128,742,9000,128
1100,20160112,11, 1,1,       1801 ,,094050,094050,094050286100,1,,,,,,0,743,42000,128,742,9000,128
1100,20160112,11, 1,1,       1801 ,094050,094050,094050,094050777900,1,742,16,0,2000,0,0,743,42000,128,742,7000,128
1100,20160112,11, 1,1,       1801 ,,094050,094050,094050779500,1,,,,,,0,743,42000,128,742,6000,128
1100,20160112,11, 1,1,       1801 ,,094050,094050,094050780400,1,,,,,,0,743,42000,128,742,4000,128
1100,20160112,11, 1,1,       1801 ,094050,094050,094050,094050781200,1,742,16,0,2000,0,0,743,42000,128,742,2000,128
1100,20160112,11, 1,1,       1801 ,094050,094050,094050,094050782200,1,742,16,0,1000,0,0,743,42000,128,742,1000,128
1100,20160112,11, 1,1,       1801 ,,094050,094050,094050802200,1,,,,,,0,743,43000,128,742,1000,128
1100,20160112,11, 1,1,       1801 ,,094053,094053,094053337900,1,,,,,,0,743,42000,128,742,1000,128
1100,20160112,11, 1,1,       1801 ,094055,094055,094055,094055141200,1,742,16,0,1000,0,0,743,42000,128,741,31000,128
1100,20160112,11, 1,1,       1801 ,,094055,094055,094055142700,1,,,,,,0,743,42000,128,741,31000,128
1100,20160112,11, 1,1,       1801 ,,094055,094055,094055144000,1,,,,,,0,743,42000,128,741,30000,128
1100,20160112,11, 1,1,       1801 ,,094055,094055,094055151200,1,,,,,,0,743,42000,128,741,31000,128
1100,20160112,11, 1,1,       1801 ,,094059,094059,094059030400,1,,,,,,0,743,42000,128,741,32000,128
1100,20160112,11, 1,1,       1801 ,,094100,094100,094100048500,1,,,,,,0,743,41000,128,741,32000,128
1100,20160112,11, 1,1,       1801 ,,094112,094112,094112991700,1,,,,,,0,743,42000,128,741,32000,128
1100,20160112,11, 1,1,       1801 ,,094113,094113,094113000500,1,,,,,,0,743,42000,128,741,31000,128
1100,20160112,11, 1,1,       1801 ,,094113,094113,094113557300,1,,,,,,0,743,42000,128,741,32000,128
1100,20160112,11, 1,1,       1801 ,,094114,094114,094114005500,1,,,,,,0,743,60000,128,741,32000,128
1100,20160112,11, 1,1,       1801 ,,094114,094114,094114011900,1,,,,,,0,743,66000,128,741,32000,128
1100,20160112,11, 1,1,       1801 ,,094114,094114,094114013200,1,,,,,,0,743,66000,128,741,29000,128
1100,20160112,11, 1,1,       1801 ,,094114,094114,094114014500,1,,,,,,0,743,66000,128,741,26000,128
1100,20160112,11, 1,1,       1801 ,,094114,094114,094114955200,1,,,,,,0,743,66000,128,741,25000,128
1100,20160112,11, 1,1,       1801 ,,094115,094115,094115002300,1,,,,,,0,743,67000,128,741,25000,128
1100,20160112,11, 1,1,       1801 ,,094115,094115,094115009300,1,,,,,,0,742,2000,128,741,25000,128
1100,20160112,11, 1,1,       1801 ,,094115,094115,094115012800,1,,,,,,0,742,4000,128,741,25000,128
1100,20160112,11, 1,1,       1801 ,,094115,094115,094115014100,1,,,,,,0,742,7000,128,741,25000,128
1100,20160112,11, 1,1,       1801 ,,094115,094115,094115014700,1,,,,,,0,742,9000,128,741,25000,128
1100,20160112,11, 1,1,       1801 ,,094115,094115,094115015400,1,,,,,,0,742,10000,128,741,25000,128
1100,20160112,11, 1,1,       1801 ,,094115,094115,094115017000,1,,,,,,0,742,11000,128,741,25000,128
1100,20160112,11, 1,1,       1801 ,,094115,094115,094115017600,1,,,,,,0,742,12000,128,741,25000,128
1100,20160112,11, 1,1,       1801 ,,094115,094115,094115032800,1,,,,,,0,742,11000,128,741,25000,128
1100,20160112,11, 1,1,       1801 ,,094115,094115,094115044800,1,,,,,,0,742,11000,128,741,24000,128
1100,20160112,11, 1,1,       1801 ,,094115,094115,094115059700,1,,,,,,0,742,9000,128,741,24000,128
1100,20160112,11, 1,1,       1801 ,,094115,094115,094115061300,1,,,,,,0,742,7000,128,741,24000,128
1100,20160112,11, 1,1,       1801 ,,094115,094115,094115921700,1,,,,,,0,742,8000,128,741,24000,128
1100,20160112,11, 1,1,       1801 ,,094115,094115,094115923400,1,,,,,,0,742,16000,128,741,24000,128
1100,20160112,11, 1,1,       1801 ,,094115,094115,094115924000,1,,,,,,0,742,19000,128,741,24000,128
1100,20160112,11, 1,1,       1801 ,,094115,094115,094115932200,1,,,,,,0,742,20000,128,741,24000,128
1100,20160112,11, 1,1,       1801 ,,094116,094116,094116235500,1,,,,,,0,742,19000,128,741,24000,128
1100,20160112,11, 1,1,       1801 ,,094116,094116,094116318000,1,,,,,,0,742,21000,128,741,24000,128
1100,20160112,11, 1,1,       1801 ,,094120,094120,094120236300,1,,,,,,0,742,21000,128,741,25000,128
1100,20160112,11, 1,1,       1801 ,,094120,094120,094120940500,1,,,,,,0,742,20000,128,741,25000,128
1100,20160112,11, 1,1,       1801 ,,094123,094123,094123632200,1,,,,,,0,742,20000,128,741,24000,128
1100,20160112,11, 1,1,       1801 ,,094123,094123,094123912800,1,,,,,,0,742,20000,128,741,25000,128
1100,20160112,11, 1,1,       1801 ,,094125,094125,094125370700,1,,,,,,0,742,20000,128,741,24000,128
1100,20160112,11, 1,1,       1801 ,,094126,094126,094126198900,1,,,,,,0,742,20000,128,741,25000,128
1100,20160112,11, 1,1,       1801 ,,094126,094126,094126200900,1,,,,,,0,742,20000,128,741,26000,128
1100,20160112,11, 1,1,       1801 ,,094126,094126,094126202200,1,,,,,,0,742,20000,128,741,30000,128
1100,20160112,11, 1,1,       1801 ,,094126,094126,094126203700,1,,,,,,0,742,20000,128,741,33000,128
1100,20160112,11, 1,1,       1801 ,,094126,094126,094126537000,1,,,,,,0,742,20000,128,741,36000,128
1100,20160112,11, 1,1,       1801 ,094127,094127,094127,094127243900,1,742,48,0,1000,0,0,742,19000,128,741,36000,128
1100,20160112,11, 1,1,       1801 ,,094127,094127,094127245400,1,,,,,,0,742,18000,128,741,36000,128
1100,20160112,11, 1,1,       1801 ,,094127,094127,094127246200,1,,,,,,0,742,15000,128,741,36000,128
1100,20160112,11, 1,1,       1801 ,,094127,094127,094127246900,1,,,,,,0,742,12000,128,741,36000,128
1100,20160112,11, 1,1,       1801 ,,094127,094127,094127247600,1,,,,,,0,742,4000,128,741,36000,128
1100,20160112,11, 1,1,       1801 ,094127,094127,094127,094127248300,1,742,48,0,1000,0,0,742,3000,128,741,36000,128
1100,20160112,11, 1,1,       1801 ,094127,094127,094127,094127249200,1,742,48,0,3000,0,0,743,76000,128,741,36000,128
1100,20160112,11, 1,1,       1801 ,,094127,094127,094127250000,1,,,,,,0,743,75000,128,741,36000,128
1100,20160112,11, 1,1,       1801 ,,094127,094127,094127252100,1,,,,,,0,743,75000,128,742,1000,128
1100,20160112,11, 1,1,       1801 ,,094127,094127,094127253400,1,,,,,,0,743,73000,128,742,1000,128
1100,20160112,11, 1,1,       1801 ,,094127,094127,094127254800,1,,,,,,0,743,67000,128,742,1000,128
1100,20160112,11, 1,1,       1801 ,,094127,094127,094127256300,1,,,,,,0,743,68000,128,742,1000,128
1100,20160112,11, 1,1,       1801 ,,094127,094127,094127258300,1,,,,,,0,743,60000,128,742,1000,128
1100,20160112,11, 1,1,       1801 ,,094127,094127,094127259600,1,,,,,,0,743,54000,128,742,1000,128
1100,20160112,11, 1,1,       1801 ,,094127,094127,094127260300,1,,,,,,0,743,53000,128,742,1000,128
1100,20160112,11, 1,1,       1801 ,,094127,094127,094127261000,1,,,,,,0,743,53000,128,742,3000,128
1100,20160112,11, 1,1,       1801 ,,094127,094127,094127261600,1,,,,,,0,743,52000,128,742,3000,128
1100,20160112,11, 1,1,       1801 ,,094127,094127,094127263000,1,,,,,,0,743,46000,128,742,3000,128
1100,20160112,11, 1,1,       1801 ,,094127,094127,094127271300,1,,,,,,0,743,46000,128,742,4000,128
1100,20160112,11, 1,1,       1801 ,,094127,094127,094127446300,1,,,,,,0,743,45000,128,742,4000,128
1100,20160112,11, 1,1,       1801 ,094127,094127,094127,094127479900,1,742,16,0,1000,0,0,743,45000,128,742,3000,128
1100,20160112,11, 1,1,       1801 ,,094127,094127,094127481700,1,,,,,,0,743,45000,128,742,3000,128
1100,20160112,11, 1,1,       1801 ,,094127,094127,094127581100,1,,,,,,0,743,45000,128,742,4000,128
1100,20160112,11, 1,1,       1801 ,,094127,094127,094127582100,1,,,,,,0,743,45000,128,742,5000,128
1100,20160112,11, 1,1,       1801 ,,094128,094128,094128551800,1,,,,,,0,743,45000,128,742,4000,128
1100,20160112,11, 1,1,       1801 ,,094131,094131,094131633300,1,,,,,,0,743,46000,128,742,4000,128
1100,20160112,11, 1,1,       1801 ,,094131,094131,094131878500,1,,,,,,0,743,45000,128,742,4000,128
1100,20160112,11, 1,1,       1801 ,,094132,094132,094132122300,1,,,,,,0,743,46000,128,742,4000,128
1100,20160112,11, 1,1,       1801 ,,094132,094132,094132173800,1,,,,,,0,743,45000,128,742,4000,128
1100,20160112,11, 1,1,       1801 ,094140,094140,094140,094140431600,1,742,16,0,1000,0,0,743,45000,128,742,3000,128
1100,20160112,11, 1,1,       1801 ,,094140,094140,094140433100,1,,,,,,0,743,45000,128,742,2000,128
1100,20160112,11, 1,1,       1801 ,,094142,094142,094142704100,1,,,,,,0,743,46000,128,742,2000,128
1100,20160112,11, 1,1,       1801 ,,094143,094143,094143512000,1,,,,,,0,743,45000,128,742,2000,128
1100,20160112,11, 1,1,       1801 ,,094145,094145,094145280200,1,,,,,,0,743,46000,128,742,2000,128
1100,20160112,11, 1,1,       1801 ,,094145,094145,094145535700,1,,,,,,0,743,49000,128,742,2000,128
1100,20160112,11, 1,1,       1801 ,,094146,094146,094146093100,1,,,,,,0,743,50000,128,742,2000,128
1100,20160112,11, 1,1,       1801 ,,094146,094146,094146094600,1,,,,,,0,743,58000,128,742,2000,128
1100,20160112,11, 1,1,       1801 ,,094148,094148,094148743600,1,,,,,,0,743,57000,128,742,2000,128
1100,20160112,11, 1,1,       1801 ,,094159,094159,094159019000,1,,,,,,0,743,57000,128,742,1000,128
1100,20160112,11, 1,1,       1801 ,,094159,094159,094159033600,1,,,,,,0,743,58000,128,742,1000,128
1100,20160112,11, 1,1,       1801 ,,094159,094159,094159042500,1,,,,,,0,743,59000,128,742,1000,128
1100,20160112,11, 1,1,       1801 ,094159,094159,094159,094159045300,1,742,16,0,1000,0,0,743,59000,128,741,42000,128
1100,20160112,11, 1,1,       1801 ,,094159,094159,094159046800,1,,,,,,0,742,1000,128,741,42000,128
1100,20160112,11, 1,1,       1801 ,,094159,094159,094159050000,1,,,,,,0,742,1000,128,741,41000,128
1100,20160112,11, 1,1,       1801 ,,094159,094159,094159053400,1,,,,,,0,742,1000,128,741,35000,128
1100,20160112,11, 1,1,       1801 ,,094159,094159,094159054200,1,,,,,,0,742,1000,128,741,34000,128
1100,20160112,11, 1,1,       1801 ,,094159,094159,094159055200,1,,,,,,0,742,1000,128,741,35000,128
1100,20160112,11, 1,1,       1801 ,,094159,094159,094159056100,1,,,,,,0,742,3000,128,741,35000,128
1100,20160112,11, 1,1,       1801 ,,094159,094159,094159057000,1,,,,,,0,742,4000,128,741,35000,128
1100,20160112,11, 1,1,       1801 ,,094159,094159,094159061400,1,,,,,,0,742,4000,128,741,32000,128
1100,20160112,11, 1,1,       1801 ,,094159,094159,094159069700,1,,,,,,0,742,6000,128,741,32000,128
1100,20160112,11, 1,1,       1801 ,,094159,094159,094159081600,1,,,,,,0,742,7000,128,741,32000,128
1100,20160112,11, 1,1,       1801 ,,094159,094159,094159096600,1,,,,,,0,742,15000,128,741,32000,128
1100,20160112,11, 1,1,       1801 ,,094159,094159,094159098200,1,,,,,,0,742,18000,128,741,32000,128
1100,20160112,11, 1,1,       1801 ,,094159,094159,094159099000,1,,,,,,0,742,21000,128,741,32000,128
1100,20160112,11, 1,1,       1801 ,,094159,094159,094159112700,1,,,,,,0,742,21000,128,741,28000,128
1100,20160112,11, 1,1,       1801 ,,094159,094159,094159114300,1,,,,,,0,742,21000,128,741,25000,128
1100,20160112,11, 1,1,       1801 ,,094159,094159,094159115700,1,,,,,,0,742,21000,128,741,24000,128
1100,20160112,11, 1,1,       1801 ,,094159,094159,094159116400,1,,,,,,0,742,21000,128,741,23000,128
1100,20160112,11, 1,1,       1801 ,,094203,094203,094203092600,1,,,,,,0,742,21000,128,741,25000,128
1100,20160112,11, 1,1,       1801 ,094211,094211,094211,094211112900,1,742,48,0,1000,0,0,742,20000,128,741,24000,128
1100,20160112,11, 1,1,       1801 ,,094211,094211,094211115700,1,,,,,,0,742,20000,128,741,28000,128
1100,20160112,11, 1,1,       1801 ,,094211,094211,094211116400,1,,,,,,0,742,20000,128,741,31000,128
1100,20160112,11, 1,1,       1801 ,,094211,094211,094211118100,1,,,,,,0,742,17000,128,741,31000,128
1100,20160112,11, 1,1,       1801 ,,094211,094211,094211119600,1,,,,,,0,742,14000,128,741,31000,128
1100,20160112,11, 1,1,       1801 ,,094211,094211,094211120800,1,,,,,,0,742,14000,128,741,33000,128
1100,20160112,11, 1,1,       1801 ,,094211,094211,094211454600,1,,,,,,0,742,13000,128,741,33000,128
1100,20160112,11, 1,1,       1801 ,,094212,094212,094212226400,1,,,,,,0,742,13000,128,741,34000,128
1100,20160112,11, 1,1,       1801 ,,094212,094212,094212271000,1,,,,,,0,742,13000,128,741,35000,128
1100,20160112,11, 1,1,       1801 ,,094212,094212,094212272700,1,,,,,,0,742,5000,128,741,35000,128
1100,20160112,11, 1,1,       1801 ,,094212,094212,094212274700,1,,,,,,0,742,3000,128,741,35000,128
1100,20160112,11, 1,1,       1801 ,,094212,094212,094212275400,1,,,,,,0,742,2000,128,741,35000,128
1100,20160112,11, 1,1,       1801 ,094212,094212,094212,094212276700,1,742,48,0,1000,0,0,742,1000,128,741,35000,128
1100,20160112,11, 1,1,       1801 ,,094212,094212,094212282800,1,,,,,,0,742,1000,128,741,35000,128
1100,20160112,11, 1,1,       1801 ,,094214,094214,094214076700,1,,,,,,0,743,68000,128,741,35000,128
1100,20160112,11, 1,1,       1801 ,,094214,094214,094214080100,1,,,,,,0,743,68000,128,741,36000,128
1100,20160112,11, 1,1,       1801 ,,094214,094214,094214080700,1,,,,,,0,743,69000,128,741,36000,128
1100,20160112,11, 1,1,       1801 ,,094214,094214,094214081400,1,,,,,,0,743,69000,128,741,42000,128
1100,20160112,11, 1,1,       1801 ,,094214,094214,094214082100,1,,,,,,0,743,70000,128,741,42000,128
1100,20160112,11, 1,1,       1801 ,,094214,094214,094214082700,1,,,,,,0,743,69000,128,741,42000,128
1100,20160112,11, 1,1,       1801 ,,094214,094214,094214121500,1,,,,,,0,743,63000,128,741,42000,128
1100,20160112,11, 1,1,       1801 ,,094214,094214,094214154200,1,,,,,,0,742,2000,128,741,42000,128
1100,20160112,11, 1,1,       1801 ,,094215,094215,094215483100,1,,,,,,0,742,2000,128,741,41000,128
1100,20160112,11, 1,1,       1801 ,,094215,094215,094215484400,1,,,,,,0,742,2000,128,741,35000,128
1100,20160112,11, 1,1,       1801 ,,094215,094215,094215486000,1,,,,,,0,742,4000,128,741,35000,128
1100,20160112,11, 1,1,       1801 ,,094216,094216,094216223000,1,,,,,,0,742,4000,128,741,36000,128
1100,20160112,11, 1,1,       1801 ,,094216,094216,094216311600,1,,,,,,0,742,2000,128,741,36000,128
1100,20160112,11, 1,1,       1801 ,,094217,094217,094217538700,1,,,,,,0,742,2000,128,741,39000,128
1100,20160112,11, 1,1,       1801 ,,094218,094218,094218339500,1,,,,,,0,742,3000,128,741,39000,128
1100,20160112,11, 1,1,       1801 ,,094227,094227,094227308900,1,,,,,,0,742,3000,128,741,40000,128
1100,20160112,11, 1,1,       1801 ,094227,094227,094227,094227310300,1,742,48,0,1000,0,0,742,2000,128,741,40000,128
1100,20160112,11, 1,1,       1801 ,094227,094227,094227,094227311800,1,742,48,0,2000,0,0,743,50000,128,741,40000,128
1100,20160112,11, 1,1,       1801 ,,094227,094227,094227316400,1,,,,,,0,743,50000,128,742,1000,128
1100,20160112,11, 1,1,       1801 ,,094227,094227,094227319000,1,,,,,,0,743,44000,128,742,1000,128
1100,20160112,11, 1,1,       1801 ,,094227,094227,094227321800,1,,,,,,0,743,38000,128,742,1000,128
1100,20160112,11, 1,1,       1801 ,,094227,094227,094227323100,1,,,,,,0,743,38000,128,742,3000,128
1100,20160112,11, 1,1,       1801 ,,094227,094227,094227323700,1,,,,,,0,743,37000,128,742,3000,128
1100,20160112,11, 1,1,       1801 ,,094227,094227,094227325200,1,,,,,,0,743,29000,128,742,3000,128
1100,20160112,11, 1,1,       1801 ,,094227,094227,094227519000,1,,,,,,0,743,29000,128,742,4000,128
1100,20160112,11, 1,1,       1801 ,,094232,094232,094232680800,1,,,,,,0,743,30000,128,742,4000,128
1100,20160112,11, 1,1,       1801 ,,094232,094232,094232808800,1,,,,,,0,743,29000,128,742,4000,128
1100,20160112,11, 1,1,       1801 ,,094237,094237,094237991800,1,,,,,,0,743,30000,128,742,4000,128
1100,20160112,11, 1,1,       1801 ,094238,094238,094238,094238033200,1,742,16,0,1000,0,0,743,30000,128,742,3000,128
1100,20160112,11, 1,1,       1801 ,,094238,094238,094238035200,1,,,,,,0,743,30000,128,742,3000,128
1100,20160112,11, 1,1,       1801 ,,094240,094240,094240624200,1,,,,,,0,743,30000,128,742,1000,128
1100,20160112,11, 1,1,       1801 ,,094240,094240,094240626500,1,,,,,,0,743,38000,128,742,1000,128
1100,20160112,11, 1,1,       1801 ,094240,094240,094240,094240627800,1,742,16,0,1000,0,0,743,38000,128,741,44000,128
1100,20160112,11, 1,1,       1801 ,,094240,094240,094240628600,1,,,,,,0,742,1000,128,741,44000,128
1100,20160112,11, 1,1,       1801 ,,094240,094240,094240634000,1,,,,,,0,742,1000,128,741,43000,128
1100,20160112,11, 1,1,       1801 ,,094240,094240,094240634800,1,,,,,,0,742,1000,128,741,37000,128
1100,20160112,11, 1,1,       1801 ,,094240,094240,094240635600,1,,,,,,0,742,1000,128,741,36000,128
1100,20160112,11, 1,1,       1801 ,,094240,094240,094240636500,1,,,,,,0,742,1000,128,741,33000,128
1100,20160112,11, 1,1,       1801 ,,094240,094240,094240638200,1,,,,,,0,742,1000,128,741,35000,128
1100,20160112,11, 1,1,       1801 ,,094240,094240,094240639700,1,,,,,,0,742,2000,128,741,35000,128
1100,20160112,11, 1,1,       1801 ,,094241,094241,094241053800,1,,,,,,0,742,3000,128,741,35000,128
1100,20160112,11, 1,1,       1801 ,,094241,094241,094241055200,1,,,,,,0,742,5000,128,741,35000,128
1100,20160112,11, 1,1,       1801 ,,094241,094241,094241056400,1,,,,,,0,742,5000,128,741,34000,128
1100,20160112,11, 1,1,       1801 ,,094241,094241,094241640100,1,,,,,,0,742,4000,128,741,34000,128
1100,20160112,11, 1,1,       1801 ,,094251,094251,094251152800,1,,,,,,0,742,3000,128,741,34000,128
1100,20160112,11, 1,1,       1801 ,,094255,094255,094255707400,1,,,,,,0,742,3000,128,741,35000,128
1100,20160112,11, 1,1,       1801 ,,094255,094255,094255801200,1,,,,,,0,742,1000,128,741,35000,128
1100,20160112,11, 1,1,       1801 ,,094255,094255,094255802100,1,,,,,,0,743,49000,128,741,35000,128
1100,20160112,11, 1,1,       1801 ,,094255,094255,094255805000,1,,,,,,0,742,5000,128,741,35000,128
1100,20160112,11, 1,1,       1801 ,,094255,094255,094255806400,1,,,,,,0,742,6000,128,741,35000,128
1100,20160112,11, 1,1,       1801 ,,094255,094255,094255808000,1,,,,,,0,742,8000,128,741,35000,128
1100,20160112,11, 1,1,       1801 ,,094255,094255,094255809400,1,,,,,,0,742,9000,128,741,35000,128
1100,20160112,11, 1,1,       1801 ,,094255,094255,094255943900,1,,,,,,0,742,10000,128,741,35000,128
1100,20160112,11, 1,1,       1801 ,,094255,094255,094255945200,1,,,,,,0,742,13000,128,741,35000,128
1100,20160112,11, 1,1,       1801 ,,094255,094255,094255945900,1,,,,,,0,742,21000,128,741,35000,128
1100,20160112,11, 1,1,       1801 ,,094255,094255,094255947700,1,,,,,,0,742,24000,128,741,35000,128
1100,20160112,11, 1,1,       1801 ,,094259,094259,094259537300,1,,,,,,0,742,24000,128,741,38000,128
1100,20160112,11, 1,1,       1801 ,,094302,094302,094302454500,1,,,,,,0,742,25000,128,741,38000,128
1100,20160112,11, 1,1,       1801 ,,094306,094306,094306785800,1,,,,,,0,742,25000,128,741,37000,128
1100,20160112,11, 1,1,       1801 ,,094308,094308,094308951300,1,,,,,,0,742,25000,128,741,33000,128
1100,20160112,11, 1,1,       1801 ,,094309,094309,094309066600,1,,,,,,0,742,26000,128,741,33000,128
1100,20160112,11, 1,1,       1801 ,,094309,094309,094309693600,1,,,,,,0,742,36000,128,741,33000,128
1100,20160112,11, 1,1,       1801 ,,094309,094309,094309694800,1,,,,,,0,742,36000,128,741,31000,128
1100,20160112,11, 1,1,       1801 ,,094309,094309,094309695600,1,,,,,,0,742,36000,128,741,29000,128
1100,20160112,11, 1,1,       1801 ,,094309,094309,094309696300,1,,,,,,0,742,36000,128,741,26000,128
1100,20160112,11, 1,1,       1801 ,,094309,094309,094309697100,1,,,,,,0,742,36000,128,741,25000,128
1100,20160112,11, 1,1,       1801 ,,094309,094309,094309697800,1,,,,,,0,742,36000,128,741,19000,128
1100,20160112,11, 1,1,       1801 ,,094309,094309,094309711400,1,,,,,,0,742,36000,128,741,16000,128
1100,20160112,11, 1,1,       1801 ,,094309,094309,094309712800,1,,,,,,0,742,36000,128,741,14000,128
1100,20160112,11, 1,1,       1801 ,,094309,094309,094309714300,1,,,,,,0,742,36000,128,741,11000,128
1100,20160112,11, 1,1,       1801 ,,094309,094309,094309715400,1,,,,,,0,742,36000,128,741,9000,128
1100,20160112,11, 1,1,       1801 ,,094310,094310,094310330600,1,,,,,,0,742,38000,128,741,9000,128
1100,20160112,11, 1,1,       1801 ,094310,094310,094310,094310335600,1,741,16,0,1000,0,0,742,38000,128,741,8000,128
1100,20160112,11, 1,1,       1801 ,094310,094310,094310,094310337000,1,741,16,0,1000,0,0,742,38000,128,741,7000,128
1100,20160112,11, 1,1,       1801 ,094310,094310,094310,094310338500,1,741,16,0,1000,0,0,742,38000,128,741,6000,128
1100,20160112,11, 1,1,       1801 ,094310,094310,094310,094310339800,1,741,16,0,3000,0,0,742,38000,128,741,3000,128
1100,20160112,11, 1,1,       1801 ,,094310,094310,094310341100,1,,,,,,0,742,38000,128,741,3000,128
1100,20160112,11, 1,1,       1801 ,094310,094310,094310,094310342000,1,741,16,0,2000,0,0,742,38000,128,741,1000,128
1100,20160112,11, 1,1,       1801 ,094310,094310,094310,094310343400,1,741,16,0,1000,0,0,742,38000,128,740,62000,128
1100,20160112,11, 1,1,       1801 ,,094310,094310,094310347600,1,,,,,,0,742,38000,128,740,62000,128
1100,20160112,11, 1,1,       1801 ,,094310,094310,094310355100,1,,,,,,0,741,2000,128,740,62000,128
1100,20160112,11, 1,1,       1801 ,,094310,094310,094310358000,1,,,,,,0,741,3000,128,740,62000,128
1100,20160112,11, 1,1,       1801 ,,094310,094310,094310359000,1,,,,,,0,741,6000,128,740,62000,128
1100,20160112,11, 1,1,       1801 ,,094310,094310,094310359700,1,,,,,,0,741,9000,128,740,62000,128
1100,20160112,11, 1,1,       1801 ,094310,094310,094310,094310370200,1,741,48,0,1000,0,0,741,8000,128,740,62000,128
1100,20160112,11, 1,1,       1801 ,,094310,094310,094310371400,1,,,,,,0,741,8000,128,740,62000,128
1100,20160112,11, 1,1,       1801 ,,094310,094310,094310374200,1,,,,,,0,741,8000,128,740,59000,128
1100,20160112,11, 1,1,       1801 ,,094310,094310,094310375300,1,,,,,,0,741,8000,128,740,58000,128
1100,20160112,11, 1,1,       1801 ,,094310,094310,094310377800,1,,,,,,0,741,7000,128,740,58000,128
1100,20160112,11, 1,1,       1801 ,,094310,094310,094310380200,1,,,,,,0,741,7000,128,740,52000,128
1100,20160112,11, 1,1,       1801 ,,094310,094310,094310381000,1,,,,,,0,741,4000,128,740,52000,128
1100,20160112,11, 1,1,       1801 ,,094310,094310,094310383900,1,,,,,,0,741,4000,128,740,36000,128
1100,20160112,11, 1,1,       1801 ,,094310,094310,094310397500,1,,,,,,0,741,4000,128,740,30000,128
1100,20160112,11, 1,1,       1801 ,,094310,094310,094310424200,1,,,,,,0,741,5000,128,740,30000,128
1100,20160112,11, 1,1,       1801 ,,094310,094310,094310444700,1,,,,,,0,741,6000,128,740,30000,128
1100,20160112,11, 1,1,       1801 ,,094310,094310,094310540700,1,,,,,,0,741,5000,128,740,30000,128
1100,20160112,11, 1,1,       1801 ,,094311,094311,094311344100,1,,,,,,0,741,2000,128,740,30000,128
1100,20160112,11, 1,1,       1801 ,,094312,094312,094312977300,1,,,,,,0,741,2000,128,740,31000,128
1100,20160112,11, 1,1,       1801 ,,094313,094313,094313746000,1,,,,,,0,741,2000,128,740,35000,128
1100,20160112,11, 1,1,       1801 ,094319,094319,094319,094319389100,1,741,48,0,1000,0,0,741,1000,128,740,35000,128
1100,20160112,11, 1,1,       1801 ,094319,094319,094319,094319390600,1,741,48,0,1000,0,0,742,55000,128,740,35000,128
1100,20160112,11, 1,1,       1801 ,,094319,094319,094319391900,1,,,,,,0,742,55000,128,740,35000,128
1100,20160112,11, 1,1,       1801 ,,094319,094319,094319394100,1,,,,,,0,742,55000,128,741,2000,128
1100,20160112,11, 1,1,       1801 ,,094319,094319,094319396200,1,,,,,,0,742,57000,128,741,2000,128
1100,20160112,11, 1,1,       1801 ,,094319,094319,094319398500,1,,,,,,0,742,49000,128,741,2000,128
1100,20160112,11, 1,1,       1801 ,,094319,094319,094319399300,1,,,,,,0,742,43000,128,741,2000,128
1100,20160112,11, 1,1,       1801 ,,094319,094319,094319400100,1,,,,,,0,742,43000,128,741,6000,128
1100,20160112,11, 1,1,       1801 ,,094319,094319,094319400900,1,,,,,,0,742,37000,128,741,6000,128
1100,20160112,11, 1,1,       1801 ,,094319,094319,094319401800,1,,,,,,0,742,34000,128,741,6000,128
1100,20160112,11, 1,1,       1801 ,,094319,094319,094319404100,1,,,,,,0,742,34000,128,741,8000,128
1100,20160112,11, 1,1,       1801 ,,094319,094319,094319404600,1,,,,,,0,742,34000,128,741,9000,128
1100,20160112,11, 1,1,       1801 ,,094319,094319,094319405300,1,,,,,,0,742,30000,128,741,9000,128
1100,20160112,11, 1,1,       1801 ,,094319,094319,094319406900,1,,,,,,0,742,29000,128,741,9000,128
1100,20160112,11, 1,1,       1801 ,,094319,094319,094319407600,1,,,,,,0,742,29000,128,741,12000,128
1100,20160112,11, 1,1,       1801 ,,094320,094320,094320791400,1,,,,,,0,742,26000,128,741,12000,128
1100,20160112,11, 1,1,       1801 ,,094321,094321,094321507900,1,,,,,,0,742,26000,128,741,13000,128
1100,20160112,11, 1,1,       1801 ,,094322,094322,094322472500,1,,,,,,0,742,24000,128,741,13000,128
1100,20160112,11, 1,1,       1801 ,,094324,094324,094324620800,1,,,,,,0,742,25000,128,741,13000,128
1100,20160112,11, 1,1,       1801 ,,094336,094336,094336670700,1,,,,,,0,742,24000,128,741,13000,128
1100,20160112,11, 1,1,       1801 ,,094337,094337,094337560400,1,,,,,,0,742,24000,128,741,14000,128
1100,20160112,11, 1,1,       1801 ,,094337,094337,094337561700,1,,,,,,0,742,21000,128,741,14000,128
1100,20160112,11, 1,1,       1801 ,,094337,094337,094337562400,1,,,,,,0,742,21000,128,741,20000,128
1100,20160112,11, 1,1,       1801 ,,094337,094337,094337563600,1,,,,,,0,742,21000,128,741,24000,128
1100,20160112,11, 1,1,       1801 ,,094337,094337,094337581900,1,,,,,,0,742,20000,128,741,24000,128
1100,20160112,11, 1,1,       1801 ,,094339,094339,094339929100,1,,,,,,0,742,20000,128,741,26000,128
1100,20160112,11, 1,1,       1801 ,,094343,094343,094343817300,1,,,,,,0,742,20000,128,741,25000,128
1100,20160112,11, 1,1,       1801 ,,094343,094343,094343819200,1,,,,,,0,742,19000,128,741,25000,128
1100,20160112,11, 1,1,       1801 ,,094345,094345,094345943800,1,,,,,,0,742,22000,128,741,25000,128
1100,20160112,11, 1,1,       1801 ,,094345,094345,094345945800,1,,,,,,0,742,23000,128,741,25000,128
1100,20160112,11, 1,1,       1801 ,,094350,094350,094350422400,1,,,,,,0,742,23000,128,741,23000,128
1100,20160112,11, 1,1,       1801 ,,094350,094350,094350424600,1,,,,,,0,742,23000,128,741,22000,128
1100,20160112,11, 1,1,       1801 ,094352,094352,094352,094352087800,1,741,16,0,1000,0,0,742,23000,128,741,21000,128
1100,20160112,11, 1,1,       1801 ,,094352,094352,094352089300,1,,,,,,0,742,23000,128,741,17000,128
1100,20160112,11, 1,1,       1801 ,,094355,094355,094355705900,1,,,,,,0,742,24000,128,741,17000,128
1100,20160112,11, 1,1,       1801 ,,094355,094355,094355742200,1,,,,,,0,742,24000,128,741,16000,128
1100,20160112,11, 1,1,       1801 ,,094358,094358,094358029300,1,,,,,,0,742,24000,128,741,10000,128
1100,20160112,11, 1,1,       1801 ,,094358,094358,094358031200,1,,,,,,0,742,24000,128,741,8000,128
1100,20160112,11, 1,1,       1801 ,,094358,094358,094358031900,1,,,,,,0,742,27000,128,741,8000,128
1100,20160112,11, 1,1,       1801 ,,094358,094358,094358032700,1,,,,,,0,742,30000,128,741,8000,128
1100,20160112,11, 1,1,       1801 ,,094359,094359,094359109400,1,,,,,,0,742,30000,128,741,10000,128
1100,20160112,11, 1,1,       1801 ,,094359,094359,094359502700,1,,,,,,0,742,30000,128,741,11000,128
1100,20160112,11, 1,1,       1801 ,,094401,094401,094401360400,1,,,,,,0,742,29000,128,741,11000,128
1100,20160112,11, 1,1,       1801 ,,094402,094402,094402889900,1,,,,,,0,742,30000,128,741,11000,128
1100,20160112,11, 1,1,       1801 ,094402,094402,094402,094402935300,1,741,16,0,1000,0,0,742,30000,128,741,10000,128
1100,20160112,11, 1,1,       1801 ,,094403,094403,094403190300,1,,,,,,0,742,31000,128,741,10000,128
1100,20160112,11, 1,1,       1801 ,,094403,094403,094403210600,1,,,,,,0,742,30000,128,741,10000,128
1100,20160112,11, 1,1,       1801 ,,094403,094403,094403231800,1,,,,,,0,742,31000,128,741,10000,128
1100,20160112,11, 1,1,       1801 ,,094403,094403,094403334500,1,,,,,,0,742,30000,128,741,10000,128
1100,20160112,11, 1,1,       1801 ,,094404,094404,094404882400,1,,,,,,0,742,30000,128,741,11000,128
1100,20160112,11, 1,1,       1801 ,,094405,094405,094405916800,1,,,,,,0,742,30000,128,741,13000,128
1100,20160112,11, 1,1,       1801 ,,094405,094405,094405918500,1,,,,,,0,742,30000,128,741,19000,128
1100,20160112,11, 1,1,       1801 ,,094411,094411,094411360900,1,,,,,,0,742,30000,128,741,18000,128
1100,20160112,11, 1,1,       1801 ,,094416,094416,094416277000,1,,,,,,0,742,30000,128,741,16000,128
1100,20160112,11, 1,1,       1801 ,,094416,094416,094416279800,1,,,,,,0,742,31000,128,741,16000,128
1100,20160112,11, 1,1,       1801 ,,094416,094416,094416287100,1,,,,,,0,742,31000,128,741,10000,128
1100,20160112,11, 1,1,       1801 ,,094420,094420,094420005500,1,,,,,,0,742,49000,128,741,10000,128
1100,20160112,11, 1,1,       1801 ,,094420,094420,094420006800,1,,,,,,0,742,49000,128,741,6000,128
1100,20160112,11, 1,1,       1801 ,,094420,094420,094420007500,1,,,,,,0,742,56000,128,741,6000,128
1100,20160112,11, 1,1,       1801 ,,094420,094420,094420008100,1,,,,,,0,742,56000,128,741,3000,128
1100,20160112,11, 1,1,       1801 ,,094420,094420,094420009700,1,,,,,,0,742,56000,128,741,1000,128
1100,20160112,11, 1,1,       1801 ,094420,094420,094420,094420010500,1,741,16,0,1000,0,0,742,56000,128,740,47000,128
1100,20160112,11, 1,1,       1801 ,,094420,094420,094420011200,1,,,,,,0,742,57000,128,740,47000,128
1100,20160112,11, 1,1,       1801 ,,094421,094421,094421004700,1,,,,,,0,742,39000,128,740,47000,128
1100,20160112,11, 1,1,       1801 ,,094421,094421,094421006100,1,,,,,,0,742,38000,128,740,47000,128
1100,20160112,11, 1,1,       1801 ,,094421,094421,094421006900,1,,,,,,0,742,38000,128,740,44000,128
1100,20160112,11, 1,1,       1801 ,,094421,094421,094421007600,1,,,,,,0,742,40000,128,740,44000,128
1100,20160112,11, 1,1,       1801 ,094423,094423,094423,094423544000,1,742,48,0,4000,0,0,742,36000,128,740,44000,128
1100,20160112,11, 1,1,       1801 ,,094423,094423,094423545600,1,,,,,,0,742,36000,128,740,45000,128
1100,20160112,11, 1,1,       1801 ,,094423,094423,094423546300,1,,,,,,0,742,36000,128,741,2000,128
1100,20160112,11, 1,1,       1801 ,,094423,094423,094423547600,1,,,,,,0,742,36000,128,741,3000,128
1100,20160112,11, 1,1,       1801 ,,094423,094423,094423549800,1,,,,,,0,742,36000,128,741,5000,128
1100,20160112,11, 1,1,       1801 ,,094423,094423,094423627700,1,,,,,,0,742,36000,128,741,3000,128
1100,20160112,11, 1,1,       1801 ,,094424,094424,094424192300,1,,,,,,0,742,36000,128,741,2000,128
1100,20160112,11, 1,1,       1801 ,094424,094424,094424,094424261200,1,741,16,0,2000,0,0,742,36000,128,740,46000,128
1100,20160112,11, 1,1,       1801 ,,094424,094424,094424265100,1,,,,,,0,742,37000,128,740,46000,128
1100,20160112,11, 1,1,       1801 ,,094424,094424,094424266500,1,,,,,,0,742,37000,128,740,44000,128
1100,20160112,11, 1,1,       1801 ,,094424,094424,094424269800,1,,,,,,0,742,37000,128,740,41000,128
1100,20160112,11, 1,1,       1801 ,,094424,094424,094424723900,1,,,,,,0,742,37000,128,740,42000,128
1100,20160112,11, 1,1,       1801 ,,094425,094425,094425448900,1,,,,,,0,742,36000,128,740,42000,128
1100,20160112,11, 1,1,       1801 ,,094434,094434,094434338400,1,,,,,,0,742,42000,128,740,42000,128
1100,20160112,11, 1,1,       1801 ,,094435,094435,094435863200,1,,,,,,0,742,43000,128,740,42000,128
1100,20160112,11, 1,1,       1801 ,,094435,094435,094435922000,1,,,,,,0,742,42000,128,740,42000,128
1100,20160112,11, 1,1,       1801 ,,094436,094436,094436321800,1,,,,,,0,742,43000,128,740,42000,128
1100,20160112,11, 1,1,       1801 ,,094436,094436,094436860100,1,,,,,,0,741,2000,128,740,42000,128
1100,20160112,11, 1,1,       1801 ,,094436,094436,094436863500,1,,,,,,0,741,2000,128,740,36000,128
1100,20160112,11, 1,1,       1801 ,,094436,094436,094436870300,1,,,,,,0,741,2000,128,740,35000,128
1100,20160112,11, 1,1,       1801 ,,094436,094436,094436871400,1,,,,,,0,741,3000,128,740,35000,128
1100,20160112,11, 1,1,       1801 ,,094436,094436,094436873000,1,,,,,,0,741,3000,128,740,29000,128
1100,20160112,11, 1,1,       1801 ,,094436,094436,094436874900,1,,,,,,0,741,6000,128,740,29000,128
1100,20160112,11, 1,1,       1801 ,,094436,094436,094436884700,1,,,,,,0,741,6000,128,740,33000,128
1100,20160112,11, 1,1,       1801 ,,094436,094436,094436886700,1,,,,,,0,741,6000,128,740,30000,128
1100,20160112,11, 1,1,       1801 ,,094436,094436,094436898200,1,,,,,,0,741,6000,128,740,29000,128
1100,20160112,11, 1,1,       1801 ,,094436,094436,094436919600,1,,,,,,0,741,7000,128,740,29000,128
1100,20160112,11, 1,1,       1801 ,,094439,094439,094439200100,1,,,,,,0,741,6000,128,740,29000,128
1100,20160112,11, 1,1,       1801 ,,094441,094441,094441934500,1,,,,,,0,741,7000,128,740,29000,128
1100,20160112,11, 1,1,       1801 ,,094441,094441,094441936300,1,,,,,,0,741,15000,128,740,29000,128
1100,20160112,11, 1,1,       1801 ,,094441,094441,094441938200,1,,,,,,0,741,18000,128,740,29000,128
1100,20160112,11, 1,1,       1801 ,,094441,094441,094441949100,1,,,,,,0,741,18000,128,740,30000,128
1100,20160112,11, 1,1,       1801 ,,094448,094448,094448251100,1,,,,,,0,741,17000,128,740,30000,128
1100,20160112,11, 1,1,       1801 ,,094455,094455,094455161800,1,,,,,,0,741,17000,128,740,33000,128
1100,20160112,11, 1,1,       1801 ,,094455,094455,094455240800,1,,,,,,0,741,17000,128,740,34000,128
1100,20160112,11, 1,1,       1801 ,,094456,094456,094456431000,1,,,,,,0,741,15000,128,740,34000,128
1100,20160112,11, 1,1,       1801 ,,094456,094456,094456432600,1,,,,,,0,741,12000,128,740,34000,128
1100,20160112,11, 1,1,       1801 ,,094456,094456,094456433300,1,,,,,,0,741,4000,128,740,34000,128
1100,20160112,11, 1,1,       1801 ,,094456,094456,094456434100,1,,,,,,0,741,1000,128,740,34000,128
1100,20160112,11, 1,1,       1801 ,094456,094456,094456,094456435600,1,741,48,0,1000,0,0,742,60000,128,740,34000,128
1100,20160112,11, 1,1,       1801 ,,094456,094456,094456436600,1,,,,,,0,742,60000,128,740,35000,128
1100,20160112,11, 1,1,       1801 ,,094456,094456,094456439800,1,,,,,,0,742,56000,128,740,35000,128
1100,20160112,11, 1,1,       1801 ,,094456,094456,094456440900,1,,,,,,0,741,1000,128,740,35000,128
1100,20160112,11, 1,1,       1801 ,094456,094456,094456,094456443000,1,741,48,0,1000,0,0,742,56000,128,740,35000,128
1100,20160112,11, 1,1,       1801 ,,094456,094456,094456443800,1,,,,,,0,742,56000,128,740,35000,128
1100,20160112,11, 1,1,       1801 ,,094456,094456,094456444500,1,,,,,,0,741,5000,128,740,35000,128
1100,20160112,11, 1,1,       1801 ,,094456,094456,094456446300,1,,,,,,0,741,5000,128,740,34000,128
1100,20160112,11, 1,1,       1801 ,,094456,094456,094456448300,1,,,,,,0,741,6000,128,740,34000,128
1100,20160112,11, 1,1,       1801 ,,094456,094456,094456459600,1,,,,,,0,741,8000,128,740,34000,128
1100,20160112,11, 1,1,       1801 ,,094456,094456,094456488100,1,,,,,,0,741,7000,128,740,34000,128
1100,20160112,11, 1,1,       1801 ,,094456,094456,094456535300,1,,,,,,0,741,8000,128,740,34000,128
1100,20160112,11, 1,1,       1801 ,094456,094456,094456,094456752600,1,741,48,0,1000,0,0,741,7000,128,740,34000,128
1100,20160112,11, 1,1,       1801 ,,094456,094456,094456754400,1,,,,,,0,741,5000,128,740,34000,128
1100,20160112,11, 1,1,       1801 ,094456,094456,094456,094456879600,1,741,48,0,1000,0,0,741,4000,128,740,34000,128
1100,20160112,11, 1,1,       1801 ,094456,094456,094456,094456882000,1,741,48,0,1000,0,0,741,3000,128,740,34000,128
1100,20160112,11, 1,1,       1801 ,,094456,094456,094456883300,1,,,,,,0,741,3000,128,740,35000,128
1100,20160112,11, 1,1,       1801 ,,094457,094457,094457748900,1,,,,,,0,741,3000,128,740,34000,128
1100,20160112,11, 1,1,       1801 ,,094459,094459,094459452200,1,,,,,,0,741,5000,128,740,34000,128
1100,20160112,11, 1,1,       1801 ,,094459,094459,094459800800,1,,,,,,0,741,5000,128,740,33000,128
1100,20160112,11, 1,1,       1801 ,,094459,094459,094459865400,1,,,,,,0,741,6000,128,740,33000,128
1100,20160112,11, 1,1,       1801 ,,094501,094501,094501969000,1,,,,,,0,741,5000,128,740,33000,128
1100,20160112,11, 1,1,       1801 ,,094502,094502,094502063500,1,,,,,,0,741,5000,128,740,34000,128
1100,20160112,11, 1,1,       1801 ,094503,094503,094503,094503325200,1,741,48,0,1000,0,0,741,4000,128,740,33000,128
1100,20160112,11, 1,1,       1801 ,,094504,094504,094504071600,1,,,,,,0,741,4000,128,740,33000,128
1100,20160112,11, 1,1,       1801 ,,094504,094504,094504072300,1,,,,,,0,741,4000,128,740,34000,128
1100,20160112,11, 1,1,       1801 ,,094504,094504,094504501400,1,,,,,,0,741,4000,128,740,33000,128
1100,20160112,11, 1,1,       1801 ,,094504,094504,094504651900,1,,,,,,0,741,4000,128,740,34000,128
1100,20160112,11, 1,1,       1801 ,,094505,094505,094505050900,1,,,,,,0,741,4000,128,740,33000,128
1100,20160112,11, 1,1,       1801 ,,094505,094505,094505061100,1,,,,,,0,741,4000,128,740,34000,128
1100,20160112,11, 1,1,       1801 ,,094505,094505,094505953900,1,,,,,,0,741,4000,128,740,35000,128
1100,20160112,11, 1,1,       1801 ,,094513,094513,094513274600,1,,,,,,0,741,4000,128,740,34000,128
1100,20160112,11, 1,1,       1801 ,,094514,094514,094514129700,1,,,,,,0,741,4000,128,740,35000,128
1100,20160112,11, 1,1,       1801 ,,094514,094514,094514131400,1,,,,,,0,741,4000,128,740,41000,128
1100,20160112,11, 1,1,       1801 ,,094514,094514,094514132500,1,,,,,,0,741,3000,128,740,41000,128
1100,20160112,11, 1,1,       1801 ,,094515,094515,094515431700,1,,,,,,0,741,3000,128,740,40000,128
1100,20160112,11, 1,1,       1801 ,094515,094515,094515,094515620100,1,741,48,0,1000,0,0,741,2000,128,740,40000,128
1100,20160112,11, 1,1,       1801 ,,094515,094515,094515621500,1,,,,,,0,742,58000,128,740,40000,128
1100,20160112,11, 1,1,       1801 ,,094515,094515,094515622800,1,,,,,,0,742,56000,128,740,40000,128
1100,20160112,11, 1,1,       1801 ,,094515,094515,094515623600,1,,,,,,0,742,56000,128,741,1000,128
1100,20160112,11, 1,1,       1801 ,,094515,094515,094515626400,1,,,,,,0,742,52000,128,741,1000,128
1100,20160112,11, 1,1,       1801 ,,094515,094515,094515630200,1,,,,,,0,742,46000,128,741,1000,128
1100,20160112,11, 1,1,       1801 ,,094515,094515,094515632300,1,,,,,,0,742,43000,128,741,1000,128
1100,20160112,11, 1,1,       1801 ,,094515,094515,094515634600,1,,,,,,0,742,37000,128,741,1000,128
1100,20160112,11, 1,1,       1801 ,,094515,094515,094515635400,1,,,,,,0,742,37000,128,741,3000,128
1100,20160112,11, 1,1,       1801 ,,094515,094515,094515636000,1,,,,,,0,742,37000,128,741,4000,128
1100,20160112,11, 1,1,       1801 ,,094515,094515,094515643300,1,,,,,,0,742,37000,128,741,5000,128
1100,20160112,11, 1,1,       1801 ,,094515,094515,094515644800,1,,,,,,0,742,30000,128,741,5000,128
1100,20160112,11, 1,1,       1801 ,,094515,094515,094515654000,1,,,,,,0,742,30000,128,741,6000,128
1100,20160112,11, 1,1,       1801 ,,094515,094515,094515990500,1,,,,,,0,742,29000,128,741,6000,128
1100,20160112,11, 1,1,       1801 ,,094516,094516,094516442600,1,,,,,,0,742,30000,128,741,6000,128
1100,20160112,11, 1,1,       1801 ,,094516,094516,094516920800,1,,,,,,0,742,29000,128,741,6000,128
1100,20160112,11, 1,1,       1801 ,,094519,094519,094519403100,1,,,,,,0,742,30000,128,741,6000,128
1100,20160112,11, 1,1,       1801 ,,094519,094519,094519404400,1,,,,,,0,742,30000,128,741,5000,128
1100,20160112,11, 1,1,       1801 ,,094521,094521,094521309200,1,,,,,,0,742,30000,128,741,6000,128
1100,20160112,11, 1,1,       1801 ,,094522,094522,094522004700,1,,,,,,0,742,48000,128,741,6000,128
1100,20160112,11, 1,1,       1801 ,,094522,094522,094522005900,1,,,,,,0,742,48000,128,741,5000,128
1100,20160112,11, 1,1,       1801 ,,094522,094522,094522006700,1,,,,,,0,742,55000,128,741,5000,128
1100,20160112,11, 1,1,       1801 ,,094522,094522,094522007700,1,,,,,,0,742,55000,128,741,3000,128
1100,20160112,11, 1,1,       1801 ,,094522,094522,094522537700,1,,,,,,0,742,58000,128,741,3000,128
1100,20160112,11, 1,1,       1801 ,094526,094526,094526,094526698100,1,741,16,0,1000,0,0,742,58000,128,741,2000,128
1100,20160112,11, 1,1,       1801 ,094526,094526,094526,094526699800,1,741,16,0,1000,0,0,742,58000,128,741,1000,128
1100,20160112,11, 1,1,       1801 ,094526,094526,094526,094526700800,1,741,16,0,1000,0,0,742,58000,128,740,50000,128
1100,20160112,11, 1,1,       1801 ,,094526,094526,094526701800,1,,,,,,0,742,59000,128,740,50000,128
1100,20160112,11, 1,1,       1801 ,,094526,094526,094526705200,1,,,,,,0,741,2000,128,740,50000,128
1100,20160112,11, 1,1,       1801 ,,094526,094526,094526707700,1,,,,,,0,741,2000,128,740,47000,128
1100,20160112,11, 1,1,       1801 ,,094526,094526,094526710500,1,,,,,,0,741,2000,128,740,41000,128
1100,20160112,11, 1,1,       1801 ,,094526,094526,094526711300,1,,,,,,0,741,2000,128,740,35000,128
1100,20160112,11, 1,1,       1801 ,,094526,094526,094526713300,1,,,,,,0,741,2000,128,740,34000,128
1100,20160112,11, 1,1,       1801 ,,094526,094526,094526714100,1,,,,,,0,741,2000,128,740,31000,128
1100,20160112,11, 1,1,       1801 ,,094526,094526,094526715600,1,,,,,,0,741,3000,128,740,31000,128
1100,20160112,11, 1,1,       1801 ,,094527,094527,094527492900,1,,,,,,0,741,2000,128,740,31000,128
1100,20160112,11, 1,1,       1801 ,,094530,094530,094530059900,1,,,,,,0,741,2000,128,740,32000,128
1100,20160112,11, 1,1,       1801 ,,094530,094530,094530891300,1,,,,,,0,741,2000,128,740,34000,128
1100,20160112,11, 1,1,       1801 ,,094532,094532,094532630800,1,,,,,,0,741,2000,128,740,33000,128
1100,20160112,11, 1,1,       1801 ,,094532,094532,094532729100,1,,,,,,0,741,2000,128,740,35000,128
1100,20160112,11, 1,1,       1801 ,,094532,094532,094532825300,1,,,,,,0,741,2000,128,740,36000,128
1100,20160112,11, 1,1,       1801 ,,094533,094533,094533426300,1,,,,,,0,742,71000,128,740,36000,128
1100,20160112,11, 1,1,       1801 ,,094533,094533,094533429700,1,,,,,,0,742,69000,128,740,36000,128
1100,20160112,11, 1,1,       1801 ,,094533,094533,094533430300,1,,,,,,0,742,65000,128,740,36000,128
1100,20160112,11, 1,1,       1801 ,,094533,094533,094533431100,1,,,,,,0,742,65000,128,740,42000,128
1100,20160112,11, 1,1,       1801 ,,094533,094533,094533431700,1,,,,,,0,742,64000,128,740,42000,128
1100,20160112,11, 1,1,       1801 ,,094534,094534,094534128500,1,,,,,,0,742,64000,128,741,1000,128
1100,20160112,11, 1,1,       1801 ,,094534,094534,094534131200,1,,,,,,0,742,57000,128,741,1000,128
1100,20160112,11, 1,1,       1801 ,094534,094534,094534,094534245200,1,742,48,0,2000,0,0,742,55000,128,741,1000,128
1100,20160112,11, 1,1,       1801 ,,094534,094534,094534246800,1,,,,,,0,742,55000,128,741,2000,128
1100,20160112,11, 1,1,       1801 ,,094534,094534,094534247400,1,,,,,,0,742,55000,128,741,4000,128
1100,20160112,11, 1,1,       1801 ,,094534,094534,094534248100,1,,,,,,0,742,54000,128,741,4000,128
1100,20160112,11, 1,1,       1801 ,,094534,094534,094534248900,1,,,,,,0,742,54000,128,741,8000,128
1100,20160112,11, 1,1,       1801 ,,094534,094534,094534249500,1,,,,,,0,742,54000,128,741,9000,128
1100,20160112,11, 1,1,       1801 ,,094534,094534,094534250300,1,,,,,,0,742,51000,128,741,9000,128
1100,20160112,11, 1,1,       1801 ,,094534,094534,094534251100,1,,,,,,0,742,51000,128,741,12000,128
1100,20160112,11, 1,1,       1801 ,,094535,094535,094535707700,1,,,,,,0,742,51000,128,741,11000,128
1100,20160112,11, 1,1,       1801 ,094538,094538,094538,094538477500,1,742,48,0,2000,0,0,742,49000,128,741,11000,128
1100,20160112,11, 1,1,       1801 ,,094538,094538,094538479200,1,,,,,,0,742,46000,128,741,11000,128
1100,20160112,11, 1,1,       1801 ,,094548,094548,094548401500,1,,,,,,0,742,46000,128,741,12000,128
1100,20160112,11, 1,1,       1801 ,094548,094548,094548,094548446200,1,741,16,0,1000,0,0,742,46000,128,741,11000,128
1100,20160112,11, 1,1,       1801 ,,094548,094548,094548448400,1,,,,,,0,742,46000,128,741,10000,128
1100,20160112,11, 1,1,       1801 ,,094548,094548,094548808400,1,,,,,,0,742,46000,128,741,11000,128
1100,20160112,11, 1,1,       1801 ,,094551,094551,094551029500,1,,,,,,0,742,46000,128,741,10000,128
1100,20160112,11, 1,1,       1801 ,,094551,094551,094551032100,1,,,,,,0,742,47000,128,741,10000,128
1100,20160112,11, 1,1,       1801 ,,094551,094551,094551730000,1,,,,,,0,742,47000,128,741,11000,128
1100,20160112,11, 1,1,       1801 ,,094551,094551,094551730900,1,,,,,,0,742,46000,128,741,11000,128
1100,20160112,11, 1,1,       1801 ,,094552,094552,094552069900,1,,,,,,0,742,44000,128,741,11000,128
1100,20160112,11, 1,1,       1801 ,,094552,094552,094552071300,1,,,,,,0,742,44000,128,741,13000,128
1100,20160112,11, 1,1,       1801 ,,094552,094552,094552669300,1,,,,,,0,742,44000,128,741,11000,128
1100,20160112,11, 1,1,       1801 ,,094556,094556,094556412700,1,,,,,,0,742,46000,128,741,11000,128
1100,20160112,11, 1,1,       1801 ,,094600,094600,094600134000,1,,,,,,0,742,47000,128,741,11000,128
1100,20160112,11, 1,1,       1801 ,,094601,094601,094601622700,1,,,,,,0,742,47000,128,741,13000,128
1100,20160112,11, 1,1,       1801 ,,094605,094605,094605019200,1,,,,,,0,742,47000,128,741,11000,128
1100,20160112,11, 1,1,       1801 ,,094605,094605,094605682300,1,,,,,,0,742,47000,128,741,12000,128
1100,20160112,11, 1,1,       1801 ,,094608,094608,094608403200,1,,,,,,0,742,47000,128,741,11000,128
1100,20160112,11, 1,1,       1801 ,,094608,094608,094608404000,1,,,,,,0,742,48000,128,741,11000,128
1100,20160112,11, 1,1,       1801 ,,094618,094618,094618069500,1,,,,,,0,742,48000,128,741,10000,128
1100,20160112,11, 1,1,       1801 ,,094618,094618,094618071100,1,,,,,,0,742,51000,128,741,10000,128
1100,20160112,11, 1,1,       1801 ,,094618,094618,094618226300,1,,,,,,0,742,53000,128,741,10000,128
1100,20160112,11, 1,1,       1801 ,,094620,094620,094620389300,1,,,,,,0,742,53000,128,741,8000,128
1100,20160112,11, 1,1,       1801 ,094620,094620,094620,094620391300,1,741,16,0,8000,0,0,742,53000,128,740,54000,128
1100,20160112,11, 1,1,       1801 ,,094620,094620,094620397500,1,,,,,,0,742,54000,128,740,54000,128
1100,20160112,11, 1,1,       1801 ,,094620,094620,094620400300,1,,,,,,0,742,54000,128,740,51000,128
1100,20160112,11, 1,1,       1801 ,,094620,094620,094620402200,1,,,,,,0,742,61000,128,740,51000,128
1100,20160112,11, 1,1,       1801 ,,094620,094620,094620412200,1,,,,,,0,742,61000,128,740,48000,128
1100,20160112,11, 1,1,       1801 ,,094620,094620,094620461500,1,,,,,,0,741,2000,128,740,48000,128
1100,20160112,11, 1,1,       1801 ,,094620,094620,094620467200,1,,,,,,0,741,2000,128,740,46000,128
1100,20160112,11, 1,1,       1801 ,,094620,094620,094620472700,1,,,,,,0,741,2000,128,740,45000,128
1100,20160112,11, 1,1,       1801 ,,094620,094620,094620474100,1,,,,,,0,741,3000,128,740,45000,128
1100,20160112,11, 1,1,       1801 ,,094620,094620,094620477500,1,,,,,,0,741,3000,128,740,39000,128
1100,20160112,11, 1,1,       1801 ,,094620,094620,094620483300,1,,,,,,0,741,3000,128,740,33000,128
1100,20160112,11, 1,1,       1801 ,,094620,094620,094620503800,1,,,,,,0,741,3000,128,740,30000,128
1100,20160112,11, 1,1,       1801 ,,094621,094621,094621421400,1,,,,,,0,741,4000,128,740,30000,128
1100,20160112,11, 1,1,       1801 ,,094621,094621,094621423400,1,,,,,,0,741,5000,128,740,30000,128
1100,20160112,11, 1,1,       1801 ,,094621,094621,094621433500,1,,,,,,0,741,7000,128,740,30000,128
1100,20160112,11, 1,1,       1801 ,,094624,094624,094624005100,1,,,,,,0,741,25000,128,740,30000,128
1100,20160112,11, 1,1,       1801 ,,094624,094624,094624006700,1,,,,,,0,741,25000,128,740,26000,128
1100,20160112,11, 1,1,       1801 ,,094624,094624,094624007400,1,,,,,,0,741,25000,128,740,24000,128
1100,20160112,11, 1,1,       1801 ,,094624,094624,094624008200,1,,,,,,0,741,25000,128,740,21000,128
1100,20160112,11, 1,1,       1801 ,,094624,094624,094624008900,1,,,,,,0,741,31000,128,740,21000,128
1100,20160112,11, 1,1,       1801 ,,094624,094624,094624009500,1,,,,,,0,741,34000,128,740,21000,128
1100,20160112,11, 1,1,       1801 ,,094624,094624,094624010200,1,,,,,,0,741,34000,128,740,20000,128
1100,20160112,11, 1,1,       1801 ,,094626,094626,094626668900,1,,,,,,0,741,34000,128,740,18000,128
1100,20160112,11, 1,1,       1801 ,,094626,094626,094626670800,1,,,,,,0,741,41000,128,740,18000,128
1100,20160112,11, 1,1,       1801 ,,094626,094626,094626953500,1,,,,,,0,741,41000,128,740,17000,128
1100,20160112,11, 1,1,       1801 ,094626,094626,094626,094626955300,1,740,16,0,17000,0,0,741,41000,128,739,84000,128
1100,20160112,11, 1,1,       1801 ,,094626,094626,094626961800,1,,,,,,0,741,41000,128,739,83000,128
1100,20160112,11, 1,1,       1801 ,,094626,094626,094626962900,1,,,,,,0,741,42000,128,739,83000,128
1100,20160112,11, 1,1,       1801 ,,094626,094626,094626965200,1,,,,,,0,741,42000,128,739,80000,128
1100,20160112,11, 1,1,       1801 ,,094626,094626,094626967300,1,,,,,,0,741,42000,128,739,78000,128
1100,20160112,11, 1,1,       1801 ,,094626,094626,094626970900,1,,,,,,0,741,44000,128,739,78000,128
1100,20160112,11, 1,1,       1801 ,,094626,094626,094626971900,1,,,,,,0,741,50000,128,739,78000,128
1100,20160112,11, 1,1,       1801 ,,094626,094626,094626975100,1,,,,,,0,741,50000,128,739,74000,128
1100,20160112,11, 1,1,       1801 ,,094626,094626,094626977800,1,,,,,,0,741,51000,128,739,74000,128
1100,20160112,11, 1,1,       1801 ,,094626,094626,094626984000,1,,,,,,0,741,51000,128,740,4000,128
1100,20160112,11, 1,1,       1801 ,,094626,094626,094626986700,1,,,,,,0,741,50000,128,740,4000,128
1100,20160112,11, 1,1,       1801 ,094626,094626,094626,094626988300,1,740,16,0,2000,0,0,741,50000,128,740,2000,128
1100,20160112,11, 1,1,       1801 ,094626,094626,094626,094626989900,1,740,16,0,2000,0,0,740,2000,128,739,76000,128
1100,20160112,11, 1,1,       1801 ,,094626,094626,094626992000,1,,,,,,0,740,2000,128,739,76000,128
1100,20160112,11, 1,1,       1801 ,,094627,094627,094627004300,1,,,,,,0,740,4000,128,739,76000,128
1100,20160112,11, 1,1,       1801 ,,094627,094627,094627005000,1,,,,,,0,740,4000,128,739,74000,128
1100,20160112,11, 1,1,       1801 ,,094627,094627,094627007000,1,,,,,,0,740,4000,128,739,73000,128
1100,20160112,11, 1,1,       1801 ,,094627,094627,094627008500,1,,,,,,0,740,4000,128,739,67000,128
1100,20160112,11, 1,1,       1801 ,,094627,094627,094627009300,1,,,,,,0,740,5000,128,739,67000,128
1100,20160112,11, 1,1,       1801 ,,094627,094627,094627011500,1,,,,,,0,740,6000,128,739,67000,128
1100,20160112,11, 1,1,       1801 ,,094627,094627,094627033100,1,,,,,,0,740,6000,128,739,66000,128
1100,20160112,11, 1,1,       1801 ,,094627,094627,094627036300,1,,,,,,0,740,6000,128,739,49000,128
1100,20160112,11, 1,1,       1801 ,,094627,094627,094627187300,1,,,,,,0,740,6000,128,739,46000,128
1100,20160112,11, 1,1,       1801 ,,094627,094627,094627999400,1,,,,,,0,740,4000,128,739,46000,128
1100,20160112,11, 1,1,       1801 ,,094628,094628,094628373900,1,,,,,,0,740,3000,128,739,46000,128
1100,20160112,11, 1,1,       1801 ,,094630,094630,094630180500,1,,,,,,0,740,4000,128,739,46000,128
1100,20160112,11, 1,1,       1801 ,,094631,094631,094631677700,1,,,,,,0,740,3000,128,739,46000,128
1100,20160112,11, 1,1,       1801 ,,094632,094632,094632080000,1,,,,,,0,740,4000,128,739,46000,128
1100,20160112,11, 1,1,       1801 ,,094637,094637,094637648500,1,,,,,,0,740,3000,128,739,46000,128
1100,20160112,11, 1,1,       1801 ,,094638,094638,094638265200,1,,,,,,0,740,4000,128,739,46000,128
1100,20160112,11, 1,1,       1801 ,,094639,094639,094639130700,1,,,,,,0,740,3000,128,739,46000,128
1100,20160112,11, 1,1,       1801 ,,094640,094640,094640440200,1,,,,,,0,740,1000,128,739,46000,128
1100,20160112,11, 1,1,       1801 ,094640,094640,094640,094640442400,1,740,48,0,1000,0,0,741,62000,128,739,46000,128
1100,20160112,11, 1,1,       1801 ,,094640,094640,094640443400,1,,,,,,0,741,62000,128,739,47000,128
1100,20160112,11, 1,1,       1801 ,,094640,094640,094640486600,1,,,,,,0,741,59000,128,739,47000,128
1100,20160112,11, 1,1,       1801 ,,094640,094640,094640488800,1,,,,,,0,741,55000,128,739,47000,128
1100,20160112,11, 1,1,       1801 ,,094641,094641,094641838900,1,,,,,,0,741,57000,128,739,47000,128
1100,20160112,11, 1,1,       1801 ,,094641,094641,094641852300,1,,,,,,0,741,57000,128,739,46000,128
1100,20160112,11, 1,1,       1801 ,,094641,094641,094641922500,1,,,,,,0,741,57000,128,739,47000,128
1100,20160112,11, 1,1,       1801 ,,094643,094643,094643930400,1,,,,,,0,741,57000,128,739,55000,128
1100,20160112,11, 1,1,       1801 ,,094643,094643,094643931900,1,,,,,,0,741,57000,128,739,61000,128
1100,20160112,11, 1,1,       1801 ,,094644,094644,094644078800,1,,,,,,0,741,55000,128,739,61000,128
1100,20160112,11, 1,1,       1801 ,,094644,094644,094644172800,1,,,,,,0,741,49000,128,739,61000,128
1100,20160112,11, 1,1,       1801 ,,094644,094644,094644229000,1,,,,,,0,741,42000,128,739,61000,128
1100,20160112,11, 1,1,       1801 ,,094644,094644,094644230200,1,,,,,,0,741,40000,128,739,61000,128
1100,20160112,11, 1,1,       1801 ,,094644,094644,094644928700,1,,,,,,0,741,42000,128,739,61000,128
1100,20160112,11, 1,1,       1801 ,,094644,094644,094644998800,1,,,,,,0,741,40000,128,739,61000,128
1100,20160112,11, 1,1,       1801 ,,094646,094646,094646336900,1,,,,,,0,741,40000,128,739,67000,128
1100,20160112,11, 1,1,       1801 ,,094646,094646,094646349300,1,,,,,,0,741,40000,128,739,68000,128
1100,20160112,11, 1,1,       1801 ,,094652,094652,094652348300,1,,,,,,0,741,40000,128,739,69000,128
1100,20160112,11, 1,1,       1801 ,,094652,094652,094652365500,1,,,,,,0,741,39000,128,739,69000,128
1100,20160112,11, 1,1,       1801 ,,094654,094654,094654260300,1,,,,,,0,741,41000,128,739,69000,128
1100,20160112,11, 1,1,       1801 ,,094654,094654,094654291900,1,,,,,,0,741,41000,128,739,68000,128
1100,20160112,11, 1,1,       1801 ,,094654,094654,094654294200,1,,,,,,0,741,47000,128,739,68000,128
1100,20160112,11, 1,1,       1801 ,,094654,094654,094654482700,1,,,,,,0,741,48000,128,739,68000,128
1100,20160112,11, 1,1,       1801 ,,094655,094655,094655048800,1,,,,,,0,741,47000,128,739,68000,128
1100,20160112,11, 1,1,       1801 ,,094656,094656,094656732400,1,,,,,,0,741,48000,128,739,68000,128
1100,20160112,11, 1,1,       1801 ,,094656,094656,094656772300,1,,,,,,0,741,47000,128,739,68000,128
1100,20160112,11, 1,1,       1801 ,,094657,094657,094657112800,1,,,,,,0,741,47000,128,739,69000,128
1100,20160112,11, 1,1,       1801 ,,094704,094704,094704752500,1,,,,,,0,741,47000,128,739,68000,128
1100,20160112,11, 1,1,       1801 ,,094704,094704,094704892400,1,,,,,,0,741,47000,128,739,69000,128
1100,20160112,11, 1,1,       1801 ,,094704,094704,094704912800,1,,,,,,0,741,47000,128,739,68000,128
1100,20160112,11, 1,1,       1801 ,,094704,094704,094704992200,1,,,,,,0,741,47000,128,739,69000,128
1100,20160112,11, 1,1,       1801 ,,094706,094706,094706001500,1,,,,,,0,741,48000,128,739,69000,128
1100,20160112,11, 1,1,       1801 ,,094706,094706,094706003000,1,,,,,,0,741,55000,128,739,69000,128
1100,20160112,11, 1,1,       1801 ,,094706,094706,094706004200,1,,,,,,0,741,55000,128,739,68000,128
1100,20160112,11, 1,1,       1801 ,,094710,094710,094710236300,1,,,,,,0,741,54000,128,739,68000,128
1100,20160112,11, 1,1,       1801 ,,094717,094717,094717029400,1,,,,,,0,741,54000,128,739,69000,128
1100,20160112,11, 1,1,       1801 ,,094719,094719,094719500500,1,,,,,,0,741,52000,128,739,69000,128
1100,20160112,11, 1,1,       1801 ,,094721,094721,094721471300,1,,,,,,0,741,52000,128,739,70000,128
1100,20160112,11, 1,1,       1801 ,,094723,094723,094723230600,1,,,,,,0,741,52000,128,740,1000,128
1100,20160112,11, 1,1,       1801 ,,094723,094723,094723231800,1,,,,,,0,741,52000,128,740,3000,128
1100,20160112,11, 1,1,       1801 ,,094723,094723,094723232400,1,,,,,,0,741,52000,128,740,4000,128
1100,20160112,11, 1,1,       1801 ,,094723,094723,094723235900,1,,,,,,0,741,45000,128,740,4000,128
1100,20160112,11, 1,1,       1801 ,,094723,094723,094723551700,1,,,,,,0,741,48000,128,740,4000,128
1100,20160112,11, 1,1,       1801 ,,094723,094723,094723822000,1,,,,,,0,741,47000,128,740,4000,128
1100,20160112,11, 1,1,       1801 ,094723,094723,094723,094723847900,1,740,16,0,1000,0,0,741,47000,128,740,3000,128
1100,20160112,11, 1,1,       1801 ,094723,094723,094723,094723849500,1,740,16,0,2000,0,0,741,47000,128,740,1000,128
1100,20160112,11, 1,1,       1801 ,,094723,094723,094723850400,1,,,,,,0,741,47000,128,739,72000,128
1100,20160112,11, 1,1,       1801 ,,094723,094723,094723851600,1,,,,,,0,740,1000,128,739,72000,128
1100,20160112,11, 1,1,       1801 ,,094723,094723,094723852200,1,,,,,,0,740,1000,128,739,71000,128
1100,20160112,11, 1,1,       1801 ,094723,094723,094723,094723853100,1,740,48,0,1000,0,0,741,47000,128,740,4000,128
1100,20160112,11, 1,1,       1801 ,,094723,094723,094723854100,1,,,,,,0,741,47000,128,740,4000,128
1100,20160112,11, 1,1,       1801 ,,094723,094723,094723855500,1,,,,,,0,741,49000,128,740,4000,128
1100,20160112,11, 1,1,       1801 ,,094723,094723,094723859300,1,,,,,,0,741,51000,128,740,4000,128
1100,20160112,11, 1,1,       1801 ,,094723,094723,094723860000,1,,,,,,0,741,55000,128,740,4000,128
1100,20160112,11, 1,1,       1801 ,,094723,094723,094723861300,1,,,,,,0,741,53000,128,740,4000,128
1100,20160112,11, 1,1,       1801 ,,094723,094723,094723863900,1,,,,,,0,741,53000,128,739,72000,128
1100,20160112,11, 1,1,       1801 ,,094723,094723,094723865400,1,,,,,,0,741,53000,128,740,2000,128
1100,20160112,11, 1,1,       1801 ,,094723,094723,094723866800,1,,,,,,0,741,49000,128,740,2000,128
1100,20160112,11, 1,1,       1801 ,,094723,094723,094723878900,1,,,,,,0,741,47000,128,740,2000,128
1100,20160112,11, 1,1,       1801 ,,094723,094723,094723879700,1,,,,,,0,741,46000,128,740,2000,128
1100,20160112,11, 1,1,       1801 ,094723,094723,094723,094723882300,1,740,16,0,1000,0,0,741,46000,128,740,1000,128
1100,20160112,11, 1,1,       1801 ,094723,094723,094723,094723884000,1,740,16,0,1000,0,0,741,46000,128,739,72000,128
1100,20160112,11, 1,1,       1801 ,,094723,094723,094723885100,1,,,,,,0,740,1000,128,739,72000,128
1100,20160112,11, 1,1,       1801 ,,094723,094723,094723886500,1,,,,,,0,740,1000,128,739,70000,128
1100,20160112,11, 1,1,       1801 ,,094723,094723,094723911300,1,,,,,,0,740,1000,128,739,64000,128
1100,20160112,11, 1,1,       1801 ,,094723,094723,094723912800,1,,,,,,0,740,1000,128,739,63000,128
1100,20160112,11, 1,1,       1801 ,,094723,094723,094723914100,1,,,,,,0,740,1000,128,739,62000,128
1100,20160112,11, 1,1,       1801 ,,094724,094724,094724913900,1,,,,,,0,740,1000,128,739,54000,128
1100,20160112,11, 1,1,       1801 ,,094725,094725,094725005800,1,,,,,,0,740,19000,128,739,54000,128
1100,20160112,11, 1,1,       1801 ,,094725,094725,094725007700,1,,,,,,0,740,19000,128,739,48000,128
1100,20160112,11, 1,1,       1801 ,,094725,094725,094725008500,1,,,,,,0,740,20000,128,739,48000,128
1100,20160112,11, 1,1,       1801 ,,094725,094725,094725015200,1,,,,,,0,740,20000,128,739,47000,128
1100,20160112,11, 1,1,       1801 ,,094728,094728,094728715100,1,,,,,,0,740,20000,128,739,48000,128
1100,20160112,11, 1,1,       1801 ,,094733,094733,094733345100,1,,,,,,0,740,20000,128,739,47000,128
1100,20160112,11, 1,1,       1801 ,,094733,094733,094733346000,1,,,,,,0,740,21000,128,739,47000,128
1100,20160112,11, 1,1,       1801 ,,094733,094733,094733347800,1,,,,,,0,740,24000,128,739,47000,128
1100,20160112,11, 1,1,       1801 ,,094736,094736,094736432500,1,,,,,,0,740,23000,128,739,47000,128
1100,20160112,11, 1,1,       1801 ,,094738,094738,094738810900,1,,,,,,0,740,22000,128,739,47000,128
1100,20160112,11, 1,1,       1801 ,,094742,094742,094742537000,1,,,,,,0,740,22000,128,739,50000,128
1100,20160112,11, 1,1,       1801 ,,094745,094745,094745005100,1,,,,,,0,740,4000,128,739,50000,128
1100,20160112,11, 1,1,       1801 ,,094745,094745,094745006400,1,,,,,,0,740,4000,128,739,51000,128
1100,20160112,11, 1,1,       1801 ,,094745,094745,094745007000,1,,,,,,0,740,1000,128,739,51000,128
1100,20160112,11, 1,1,       1801 ,,094745,094745,094745007800,1,,,,,,0,741,45000,128,739,51000,128
1100,20160112,11, 1,1,       1801 ,,094745,094745,094745009400,1,,,,,,0,741,46000,128,739,51000,128
1100,20160112,11, 1,1,       1801 ,,094745,094745,094745011400,1,,,,,,0,740,2000,128,739,51000,128
1100,20160112,11, 1,1,       1801 ,,094745,094745,094745012700,1,,,,,,0,740,4000,128,739,51000,128
1100,20160112,11, 1,1,       1801 ,,094745,094745,094745013200,1,,,,,,0,740,4000,128,739,57000,128
1100,20160112,11, 1,1,       1801 ,,094745,094745,094745013900,1,,,,,,0,740,4000,128,739,58000,128
1100,20160112,11, 1,1,       1801 ,,094745,094745,094745014600,1,,,,,,0,740,4000,128,739,57000,128
1100,20160112,11, 1,1,       1801 ,,094745,094745,094745015900,1,,,,,,0,740,6000,128,739,57000,128
1100,20160112,11, 1,1,       1801 ,,094745,094745,094745017800,1,,,,,,0,740,6000,128,739,56000,128
1100,20160112,11, 1,1,       1801 ,,094748,094748,094748108200,1,,,,,,0,740,6000,128,739,57000,128
1100,20160112,11, 1,1,       1801 ,,094748,094748,094748150200,1,,,,,,0,740,4000,128,739,57000,128
1100,20160112,11, 1,1,       1801 ,094748,094748,094748,094748152300,1,740,48,0,3000,0,0,740,1000,128,739,57000,128
1100,20160112,11, 1,1,       1801 ,,094748,094748,094748154500,1,,,,,,0,740,1000,128,739,58000,128
1100,20160112,11, 1,1,       1801 ,094748,094748,094748,094748155400,1,740,48,0,1000,0,0,741,46000,128,739,58000,128
1100,20160112,11, 1,1,       1801 ,,094748,094748,094748159200,1,,,,,,0,741,46000,128,740,1000,128
1100,20160112,11, 1,1,       1801 ,,094748,094748,094748160100,1,,,,,,0,741,46000,128,740,2000,128
1100,20160112,11, 1,1,       1801 ,,094748,094748,094748165200,1,,,,,,0,741,44000,128,740,2000,128
1100,20160112,11, 1,1,       1801 ,,094748,094748,094748166300,1,,,,,,0,741,44000,128,740,4000,128
1100,20160112,11, 1,1,       1801 ,,094748,094748,094748173000,1,,,,,,0,741,37000,128,740,4000,128
1100,20160112,11, 1,1,       1801 ,,094748,094748,094748186400,1,,,,,,0,741,34000,128,740,4000,128
1100,20160112,11, 1,1,       1801 ,,094748,094748,094748568200,1,,,,,,0,741,34000,128,740,5000,128
1100,20160112,11, 1,1,       1801 ,,094748,094748,094748569600,1,,,,,,0,741,34000,128,740,8000,128
1100,20160112,11, 1,1,       1801 ,,094750,094750,094750214000,1,,,,,,0,741,30000,128,740,8000,128
1100,20160112,11, 1,1,       1801 ,,094750,094750,094750215300,1,,,,,,0,741,24000,128,740,8000,128
1100,20160112,11, 1,1,       1801 ,,094803,094803,094803199500,1,,,,,,0,741,24000,128,740,7000,128
1100,20160112,11, 1,1,       1801 ,,094803,094803,094803204700,1,,,,,,0,741,31000,128,740,7000,128
1100,20160112,11, 1,1,       1801 ,,094803,094803,094803206500,1,,,,,,0,741,31000,128,740,5000,128
1100,20160112,11, 1,1,       1801 ,,094803,094803,094803207200,1,,,,,,0,741,31000,128,740,2000,128
1100,20160112,11, 1,1,       1801 ,,094803,094803,094803208000,1,,,,,,0,741,38000,128,740,2000,128
1100,20160112,11, 1,1,       1801 ,094803,094803,094803,094803208800,1,740,16,0,2000,0,0,741,38000,128,739,61000,128
1100,20160112,11, 1,1,       1801 ,,094803,094803,094803209600,1,,,,,,0,740,2000,128,739,61000,128
1100,20160112,11, 1,1,       1801 ,,094803,094803,094803213200,1,,,,,,0,740,2000,128,739,59000,128
1100,20160112,11, 1,1,       1801 ,,094803,094803,094803214700,1,,,,,,0,740,4000,128,739,59000,128
1100,20160112,11, 1,1,       1801 ,,094803,094803,094803216600,1,,,,,,0,740,4000,128,739,53000,128
1100,20160112,11, 1,1,       1801 ,,094803,094803,094803217300,1,,,,,,0,740,5000,128,739,53000,128
1100,20160112,11, 1,1,       1801 ,,094803,094803,094803218100,1,,,,,,0,740,5000,128,739,52000,128
1100,20160112,11, 1,1,       1801 ,,094803,094803,094803236400,1,,,,,,0,740,5000,128,739,49000,128
1100,20160112,11, 1,1,       1801 ,,094804,094804,094804225500,1,,,,,,0,740,3000,128,739,49000,128
1100,20160112,11, 1,1,       1801 ,,094805,094805,094805026400,1,,,,,,0,740,3000,128,739,52000,128
1100,20160112,11, 1,1,       1801 ,,094805,094805,094805257300,1,,,,,,0,740,4000,128,739,52000,128
1100,20160112,11, 1,1,       1801 ,,094810,094810,094810460700,1,,,,,,0,740,3000,128,739,52000,128
1100,20160112,11, 1,1,       1801 ,,094810,094810,094810609200,1,,,,,,0,740,1000,128,739,52000,128
1100,20160112,11, 1,1,       1801 ,,094811,094811,094811481500,1,,,,,,0,740,2000,128,739,52000,128
1100,20160112,11, 1,1,       1801 ,,094811,094811,094811499300,1,,,,,,0,740,4000,128,739,52000,128
1100,20160112,11, 1,1,       1801 ,,094811,094811,094811642400,1,,,,,,0,740,3000,128,739,52000,128
1100,20160112,11, 1,1,       1801 ,,094816,094816,094816720700,1,,,,,,0,740,1000,128,739,52000,128
1100,20160112,11, 1,1,       1801 ,,094816,094816,094816723600,1,,,,,,0,740,1000,128,739,53000,128
1100,20160112,11, 1,1,       1801 ,094816,094816,094816,094816830100,1,740,48,0,1000,0,0,741,44000,128,739,53000,128
1100,20160112,11, 1,1,       1801 ,,094816,094816,094816831000,1,,,,,,0,741,44000,128,740,2000,128
1100,20160112,11, 1,1,       1801 ,,094816,094816,094816831700,1,,,,,,0,741,44000,128,740,3000,128
1100,20160112,11, 1,1,       1801 ,,094816,094816,094816835100,1,,,,,,0,741,40000,128,740,3000,128
1100,20160112,11, 1,1,       1801 ,,094816,094816,094816837600,1,,,,,,0,741,38000,128,740,3000,128
1100,20160112,11, 1,1,       1801 ,,094816,094816,094816839000,1,,,,,,0,741,31000,128,740,3000,128
1100,20160112,11, 1,1,       1801 ,,094816,094816,094816848600,1,,,,,,0,741,31000,128,740,4000,128
1100,20160112,11, 1,1,       1801 ,,094817,094817,094817089400,1,,,,,,0,741,31000,128,740,5000,128
1100,20160112,11, 1,1,       1801 ,,094817,094817,094817091500,1,,,,,,0,741,31000,128,740,8000,128
1100,20160112,11, 1,1,       1801 ,,094817,094817,094817432200,1,,,,,,0,741,24000,128,740,8000,128
1100,20160112,11, 1,1,       1801 ,,094822,094822,094822270300,1,,,,,,0,741,24000,128,740,7000,128
1100,20160112,11, 1,1,       1801 ,094830,094830,094830,094830290500,1,740,16,0,4000,0,0,741,24000,128,740,3000,128
1100,20160112,11, 1,1,       1801 ,094830,094830,094830,094830292400,1,740,16,0,2000,0,0,741,24000,128,740,1000,128
1100,20160112,11, 1,1,       1801 ,,094830,094830,094830294200,1,,,,,,0,741,24000,128,740,1000,128
1100,20160112,11, 1,1,       1801 ,094830,094830,094830,094830294800,1,740,16,0,1000,0,0,741,24000,128,739,64000,128
1100,20160112,11, 1,1,       1801 ,,094830,094830,094830295600,1,,,,,,0,740,2000,128,739,64000,128
1100,20160112,11, 1,1,       1801 ,,094830,094830,094830300100,1,,,,,,0,740,2000,128,739,62000,128
1100,20160112,11, 1,1,       1801 ,,094830,094830,094830303700,1,,,,,,0,740,2000,128,739,61000,128
1100,20160112,11, 1,1,       1801 ,,094830,094830,094830304400,1,,,,,,0,740,2000,128,739,60000,128
1100,20160112,11, 1,1,       1801 ,,094830,094830,094830305100,1,,,,,,0,740,4000,128,739,60000,128
1100,20160112,11, 1,1,       1801 ,,094830,094830,094830306300,1,,,,,,0,740,4000,128,739,54000,128
1100,20160112,11, 1,1,       1801 ,,094830,094830,094830307700,1,,,,,,0,740,4000,128,739,55000,128
1100,20160112,11, 1,1,       1801 ,,094830,094830,094830308400,1,,,,,,0,740,2000,128,739,55000,128
1100,20160112,11, 1,1,       1801 ,,094830,094830,094830309100,1,,,,,,0,740,3000,128,739,55000,128
1100,20160112,11, 1,1,       1801 ,,094830,094830,094830311400,1,,,,,,0,740,3000,128,739,52000,128
1100,20160112,11, 1,1,       1801 ,,094830,094830,094830596000,1,,,,,,0,740,3000,128,739,51000,128
1100,20160112,11, 1,1,       1801 ,094830,094830,094830,094830619100,1,740,48,0,1000,0,0,740,2000,128,739,51000,128
1100,20160112,11, 1,1,       1801 ,,094830,094830,094830620500,1,,,,,,0,740,1000,128,739,51000,128
1100,20160112,11, 1,1,       1801 ,,094834,094834,094834249100,1,,,,,,0,740,2000,128,739,51000,128
1100,20160112,11, 1,1,       1801 ,,094834,094834,094834333500,1,,,,,,0,740,3000,128,739,51000,128
1100,20160112,11, 1,1,       1801 ,,094834,094834,094834347200,1,,,,,,0,740,2000,128,739,51000,128
1100,20160112,11, 1,1,       1801 ,,094835,094835,094835429800,1,,,,,,0,740,1000,128,739,51000,128
1100,20160112,11, 1,1,       1801 ,,094835,094835,094835431200,1,,,,,,0,740,1000,128,739,52000,128
1100,20160112,11, 1,1,       1801 ,,094835,094835,094835433000,1,,,,,,0,741,46000,128,739,52000,128
1100,20160112,11, 1,1,       1801 ,,094835,094835,094835434700,1,,,,,,0,741,44000,128,739,52000,128
1100,20160112,11, 1,1,       1801 ,,094836,094836,094836306900,1,,,,,,0,741,44000,128,740,10000,128
1100,20160112,11, 1,1,       1801 ,,094836,094836,094836309800,1,,,,,,0,741,42000,128,740,10000,128
1100,20160112,11, 1,1,       1801 ,,094836,094836,094836311200,1,,,,,,0,741,35000,128,740,10000,128
1100,20160112,11, 1,1,       1801 ,,094836,094836,094836311800,1,,,,,,0,741,34000,128,740,10000,128
1100,20160112,11, 1,1,       1801 ,,094836,094836,094836313200,1,,,,,,0,741,34000,128,740,12000,128
1100,20160112,11, 1,1,       1801 ,094836,094836,094836,094836680500,1,740,16,0,4000,0,0,741,34000,128,740,8000,128
1100,20160112,11, 1,1,       1801 ,,094836,094836,094836682200,1,,,,,,0,741,34000,128,740,6000,128
1100,20160112,11, 1,1,       1801 ,,094836,094836,094836759200,1,,,,,,0,741,34000,128,740,7000,128
1100,20160112,11, 1,1,       1801 ,,094836,094836,094836760500,1,,,,,,0,741,34000,128,740,9000,128
1100,20160112,11, 1,1,       1801 ,094840,094840,094840,094840359700,1,740,16,0,4000,0,0,741,34000,128,740,5000,128
1100,20160112,11, 1,1,       1801 ,,094840,094840,094840361800,1,,,,,,0,741,34000,128,740,4000,128
1100,20160112,11, 1,1,       1801 ,,094840,094840,094840362800,1,,,,,,0,741,34000,128,740,2000,128
1100,20160112,11, 1,1,       1801 ,,094840,094840,094840364000,1,,,,,,0,741,30000,128,740,2000,128
1100,20160112,11, 1,1,       1801 ,094840,094840,094840,094840365800,1,740,16,0,1000,0,0,741,30000,128,740,1000,128
1100,20160112,11, 1,1,       1801 ,094840,094840,094840,094840367900,1,740,16,0,1000,0,0,741,30000,128,739,59000,128
1100,20160112,11, 1,1,       1801 ,,094840,094840,094840378500,1,,,,,,0,741,30000,128,739,59000,128
1100,20160112,11, 1,1,       1801 ,,094840,094840,094840383400,1,,,,,,0,741,31000,128,739,59000,128
1100,20160112,11, 1,1,       1801 ,,094841,094841,094841048800,1,,,,,,0,741,30000,128,739,59000,128
1100,20160112,11, 1,1,       1801 ,,094842,094842,094842652100,1,,,,,,0,741,30000,128,739,60000,128
1100,20160112,11, 1,1,       1801 ,,094842,094842,094842653400,1,,,,,,0,741,39000,128,739,60000,128
1100,20160112,11, 1,1,       1801 ,,094842,094842,094842654600,1,,,,,,0,741,39000,128,739,54000,128
1100,20160112,11, 1,1,       1801 ,,094842,094842,094842655900,1,,,,,,0,741,40000,128,739,54000,128
1100,20160112,11, 1,1,       1801 ,,094843,094843,094843448800,1,,,,,,0,741,39000,128,739,54000,128
1100,20160112,11, 1,1,       1801 ,,094844,094844,094844891000,1,,,,,,0,741,39000,128,739,62000,128
1100,20160112,11, 1,1,       1801 ,,094844,094844,094844900300,1,,,,,,0,740,2000,128,739,62000,128
1100,20160112,11, 1,1,       1801 ,,094844,094844,094844903000,1,,,,,,0,740,2000,128,739,60000,128
1100,20160112,11, 1,1,       1801 ,,094844,094844,094844905800,1,,,,,,0,740,2000,128,739,59000,128
1100,20160112,11, 1,1,       1801 ,,094844,094844,094844906500,1,,,,,,0,740,6000,128,739,59000,128
1100,20160112,11, 1,1,       1801 ,,094844,094844,094844907100,1,,,,,,0,740,8000,128,739,59000,128
1100,20160112,11, 1,1,       1801 ,,094844,094844,094844907800,1,,,,,,0,740,9000,128,739,59000,128
1100,20160112,11, 1,1,       1801 ,,094844,094844,094844909000,1,,,,,,0,740,10000,128,739,59000,128
1100,20160112,11, 1,1,       1801 ,,094849,094849,094849111800,1,,,,,,0,740,10000,128,739,62000,128
1100,20160112,11, 1,1,       1801 ,,094855,094855,094855373200,1,,,,,,0,740,9000,128,739,62000,128
1100,20160112,11, 1,1,       1801 ,094855,094855,094855,094855389400,1,740,48,0,1000,0,0,740,8000,128,739,62000,128
1100,20160112,11, 1,1,       1801 ,094855,094855,094855,094855391400,1,740,48,0,2000,0,0,740,6000,128,739,62000,128
1100,20160112,11, 1,1,       1801 ,,094855,094855,094855393600,1,,,,,,0,740,4000,128,739,62000,128
1100,20160112,11, 1,1,       1801 ,,094855,094855,094855394700,1,,,,,,0,740,4000,128,739,63000,128
1100,20160112,11, 1,1,       1801 ,094855,094855,094855,094855396600,1,740,48,0,1000,0,0,740,3000,128,739,63000,128
1100,20160112,11, 1,1,       1801 ,094855,094855,094855,094855398600,1,740,48,0,3000,0,0,741,49000,128,739,63000,128
1100,20160112,11, 1,1,       1801 ,,094855,094855,094855399900,1,,,,,,0,741,49000,128,740,2000,128
1100,20160112,11, 1,1,       1801 ,,094855,094855,094855401000,1,,,,,,0,741,49000,128,740,3000,128
1100,20160112,11, 1,1,       1801 ,094855,094855,094855,094855404100,1,740,16,0,1000,0,0,741,49000,128,740,2000,128
1100,20160112,11, 1,1,       1801 ,,094855,094855,094855406200,1,,,,,,0,741,49000,128,740,2000,128
1100,20160112,11, 1,1,       1801 ,,094855,094855,094855407300,1,,,,,,0,741,49000,128,740,3000,128
1100,20160112,11, 1,1,       1801 ,,094855,094855,094855415900,1,,,,,,0,741,47000,128,740,3000,128
1100,20160112,11, 1,1,       1801 ,,094855,094855,094855418000,1,,,,,,0,741,47000,128,740,2000,128
1100,20160112,11, 1,1,       1801 ,,094855,094855,094855419100,1,,,,,,0,741,48000,128,740,2000,128
1100,20160112,11, 1,1,       1801 ,,094855,094855,094855452700,1,,,,,,0,741,48000,128,740,1000,128
1100,20160112,11, 1,1,       1801 ,,094855,094855,094855454100,1,,,,,,0,741,48000,128,739,66000,128
1100,20160112,11, 1,1,       1801 ,,094855,094855,094855455400,1,,,,,,0,741,48000,128,739,64000,128
1100,20160112,11, 1,1,       1801 ,,094855,094855,094855457000,1,,,,,,0,740,2000,128,739,64000,128
1100,20160112,11, 1,1,       1801 ,,094855,094855,094855458400,1,,,,,,0,740,2000,128,739,63000,128
1100,20160112,11, 1,1,       1801 ,,094855,094855,094855459200,1,,,,,,0,740,2000,128,739,61000,128
1100,20160112,11, 1,1,       1801 ,,094855,094855,094855490400,1,,,,,,0,740,2000,128,739,60000,128
1100,20160112,11, 1,1,       1801 ,,094855,094855,094855609600,1,,,,,,0,740,2000,128,739,61000,128
1100,20160112,11, 1,1,       1801 ,,094855,094855,094855636500,1,,,,,,0,740,2000,128,739,58000,128
1100,20160112,11, 1,1,       1801 ,,094856,094856,094856229600,1,,,,,,0,740,3000,128,739,58000,128
1100,20160112,11, 1,1,       1801 ,,094856,094856,094856231200,1,,,,,,0,740,5000,128,739,58000,128
1100,20160112,11, 1,1,       1801 ,,094856,094856,094856232500,1,,,,,,0,740,5000,128,739,57000,128
1100,20160112,11, 1,1,       1801 ,,094856,094856,094856555700,1,,,,,,0,740,5000,128,739,49000,128
1100,20160112,11, 1,1,       1801 ,,094901,094901,094901308700,1,,,,,,0,740,6000,128,739,49000,128
1100,20160112,11, 1,1,       1801 ,,094902,094902,094902006300,1,,,,,,0,740,6000,128,739,48000,128
1100,20160112,11, 1,1,       1801 ,,094902,094902,094902031300,1,,,,,,0,740,6000,128,739,49000,128
1100,20160112,11, 1,1,       1801 ,,094902,094902,094902038700,1,,,,,,0,740,6000,128,739,48000,128
1100,20160112,11, 1,1,       1801 ,,094902,094902,094902227300,1,,,,,,0,740,6000,128,739,47000,128
1100,20160112,11, 1,1,       1801 ,,094902,094902,094902554300,1,,,,,,0,740,7000,128,739,47000,128
1100,20160112,11, 1,1,       1801 ,,094906,094906,094906921600,1,,,,,,0,740,6000,128,739,47000,128
1100,20160112,11, 1,1,       1801 ,,094914,094914,094914537100,1,,,,,,0,740,6000,128,739,50000,128
1100,20160112,11, 1,1,       1801 ,,094919,094919,094919831000,1,,,,,,0,740,7000,128,739,50000,128
1100,20160112,11, 1,1,       1801 ,,094923,094923,094923784200,1,,,,,,0,740,7000,128,739,51000,128
1100,20160112,11, 1,1,       1801 ,,094926,094926,094926520600,1,,,,,,0,740,6000,128,739,51000,128
1100,20160112,11, 1,1,       1801 ,,094926,094926,094926558200,1,,,,,,0,740,5000,128,739,51000,128
1100,20160112,11, 1,1,       1801 ,,094926,094926,094926624100,1,,,,,,0,740,5000,128,739,52000,128
1100,20160112,11, 1,1,       1801 ,,094927,094927,094927219800,1,,,,,,0,740,6000,128,739,52000,128
1100,20160112,11, 1,1,       1801 ,,094927,094927,094927241300,1,,,,,,0,740,6000,128,739,51000,128
1100,20160112,11, 1,1,       1801 ,,094929,094929,094929005700,1,,,,,,0,740,24000,128,739,51000,128
1100,20160112,11, 1,1,       1801 ,,094929,094929,094929007200,1,,,,,,0,740,27000,128,739,51000,128
1100,20160112,11, 1,1,       1801 ,,094929,094929,094929007900,1,,,,,,0,740,33000,128,739,51000,128
1100,20160112,11, 1,1,       1801 ,,094929,094929,094929008600,1,,,,,,0,740,34000,128,739,51000,128
1100,20160112,11, 1,1,       1801 ,,094929,094929,094929010000,1,,,,,,0,740,34000,128,739,50000,128
1100,20160112,11, 1,1,       1801 ,,094929,094929,094929010800,1,,,,,,0,740,34000,128,739,48000,128
1100,20160112,11, 1,1,       1801 ,,094929,094929,094929011500,1,,,,,,0,740,43000,128,739,48000,128
1100,20160112,11, 1,1,       1801 ,,094929,094929,094929012200,1,,,,,,0,740,43000,128,739,45000,128
1100,20160112,11, 1,1,       1801 ,,094929,094929,094929013800,1,,,,,,0,740,43000,128,739,42000,128
1100,20160112,11, 1,1,       1801 ,,094929,094929,094929430800,1,,,,,,0,740,43000,128,739,41000,128
1100,20160112,11, 1,1,       1801 ,,094929,094929,094929539300,1,,,,,,0,740,43000,128,739,38000,128
1100,20160112,11, 1,1,       1801 ,,094933,094933,094933131200,1,,,,,,0,740,43000,128,739,39000,128
1100,20160112,11, 1,1,       1801 ,,094933,094933,094933794700,1,,,,,,0,740,43000,128,739,38000,128
1100,20160112,11, 1,1,       1801 ,,094946,094946,094946274800,1,,,,,,0,740,44000,128,739,38000,128
1100,20160112,11, 1,1,       1801 ,,094951,094951,094951893000,1,,,,,,0,740,44000,128,739,39000,128
1100,20160112,11, 1,1,       1801 ,,094951,094951,094951936000,1,,,,,,0,740,44000,128,739,40000,128
1100,20160112,11, 1,1,       1801 ,,094952,094952,094952689900,1,,,,,,0,740,38000,128,739,40000,128
1100,20160112,11, 1,1,       1801 ,,094952,094952,094952691500,1,,,,,,0,740,29000,128,739,40000,128
1100,20160112,11, 1,1,       1801 ,,094952,094952,094952692300,1,,,,,,0,740,29000,128,739,43000,128
1100,20160112,11, 1,1,       1801 ,,094952,094952,094952692900,1,,,,,,0,740,29000,128,739,46000,128
1100,20160112,11, 1,1,       1801 ,,094952,094952,094952693600,1,,,,,,0,740,28000,128,739,46000,128
1100,20160112,11, 1,1,       1801 ,094952,094952,094952,094952782500,1,740,48,0,2000,0,0,740,26000,128,739,46000,128
1100,20160112,11, 1,1,       1801 ,,094952,094952,094952785100,1,,,,,,0,740,24000,128,739,46000,128
1100,20160112,11, 1,1,       1801 ,094952,094952,094952,094952792200,1,740,48,0,1000,0,0,740,23000,128,739,46000,128
1100,20160112,11, 1,1,       1801 ,,094952,094952,094952794100,1,,,,,,0,740,23000,128,739,46000,128
1100,20160112,11, 1,1,       1801 ,,094952,094952,094952795600,1,,,,,,0,740,22000,128,739,46000,128
1100,20160112,11, 1,1,       1801 ,,094952,094952,094952796900,1,,,,,,0,740,19000,128,739,46000,128
1100,20160112,11, 1,1,       1801 ,094952,094952,094952,094952798300,1,740,48,0,1000,0,0,740,18000,128,739,46000,128
1100,20160112,11, 1,1,       1801 ,094952,094952,094952,094952800600,1,740,48,0,2000,0,0,740,16000,128,739,46000,128
1100,20160112,11, 1,1,       1801 ,094952,094952,094952,094952803100,1,740,48,0,2000,0,0,740,14000,128,739,46000,128
1100,20160112,11, 1,1,       1801 ,094952,094952,094952,094952804900,1,740,48,0,10000,0,0,740,4000,128,739,46000,128
1100,20160112,11, 1,1,       1801 ,094952,094952,094952,094952806800,1,740,48,0,4000,0,0,741,56000,128,739,46000,128
1100,20160112,11, 1,1,       1801 ,,094952,094952,094952812500,1,,,,,,0,741,56000,128,739,47000,128
1100,20160112,11, 1,1,       1801 ,,094952,094952,094952817800,1,,,,,,0,741,56000,128,740,1000,128
1100,20160112,11, 1,1,       1801 ,,094952,094952,094952819600,1,,,,,,0,741,56000,128,740,2000,128
1100,20160112,11, 1,1,       1801 ,,094952,094952,094952822200,1,,,,,,0,741,56000,128,740,3000,128
1100,20160112,11, 1,1,       1801 ,,094952,094952,094952827000,1,,,,,,0,741,52000,128,740,3000,128
1100,20160112,11, 1,1,       1801 ,094952,094952,094952,094952828200,1,740,16,0,1000,0,0,741,52000,128,740,2000,128
1100,20160112,11, 1,1,       1801 ,,094952,094952,094952830200,1,,,,,,0,741,52000,128,740,2000,128
1100,20160112,11, 1,1,       1801 ,,094952,094952,094952831900,1,,,,,,0,741,50000,128,740,2000,128
1100,20160112,11, 1,1,       1801 ,,094952,094952,094952836000,1,,,,,,0,741,50000,128,740,4000,128
1100,20160112,11, 1,1,       1801 ,,094952,094952,094952837600,1,,,,,,0,741,50000,128,740,5000,128
1100,20160112,11, 1,1,       1801 ,,094952,094952,094952838500,1,,,,,,0,741,49000,128,740,5000,128
1100,20160112,11, 1,1,       1801 ,,094952,094952,094952846800,1,,,,,,0,741,50000,128,740,5000,128
1100,20160112,11, 1,1,       1801 ,,094952,094952,094952847600,1,,,,,,0,741,50000,128,740,4000,128
1100,20160112,11, 1,1,       1801 ,,094952,094952,094952849400,1,,,,,,0,741,43000,128,740,4000,128
1100,20160112,11, 1,1,       1801 ,,094952,094952,094952873800,1,,,,,,0,741,43000,128,740,5000,128
1100,20160112,11, 1,1,       1801 ,,094953,094953,094953061200,1,,,,,,0,741,40000,128,740,5000,128
1100,20160112,11, 1,1,       1801 ,,094953,094953,094953094200,1,,,,,,0,741,40000,128,740,6000,128
1100,20160112,11, 1,1,       1801 ,,094953,094953,094953650600,1,,,,,,0,741,39000,128,740,6000,128
1100,20160112,11, 1,1,       1801 ,,094953,094953,094953819400,1,,,,,,0,741,39000,128,740,5000,128
1100,20160112,11, 1,1,       1801 ,,094955,094955,094955436000,1,,,,,,0,741,42000,128,740,5000,128
1100,20160112,11, 1,1,       1801 ,,094958,094958,094958493400,1,,,,,,0,741,42000,128,740,4000,128
1100,20160112,11, 1,1,       1801 ,,095002,095002,095002401200,1,,,,,,0,741,43000,128,740,4000,128
1100,20160112,11, 1,1,       1801 ,,095002,095002,095002421100,1,,,,,,0,741,43000,128,740,2000,128
1100,20160112,11, 1,1,       1801 ,,095002,095002,095002422400,1,,,,,,0,741,43000,128,740,1000,128
1100,20160112,11, 1,1,       1801 ,095002,095002,095002,095002424500,1,740,16,0,1000,0,0,741,43000,128,739,60000,128
1100,20160112,11, 1,1,       1801 ,,095002,095002,095002426200,1,,,,,,0,741,43000,128,739,59000,128
1100,20160112,11, 1,1,       1801 ,,095002,095002,095002436300,1,,,,,,0,741,43000,128,739,56000,128
1100,20160112,11, 1,1,       1801 ,,095002,095002,095002461800,1,,,,,,0,741,44000,128,739,56000,128
1100,20160112,11, 1,1,       1801 ,,095002,095002,095002482400,1,,,,,,0,741,43000,128,739,56000,128
1100,20160112,11, 1,1,       1801 ,,095003,095003,095003122300,1,,,,,,0,741,43000,128,739,57000,128
1100,20160112,11, 1,1,       1801 ,,095003,095003,095003123800,1,,,,,,0,741,49000,128,739,57000,128
1100,20160112,11, 1,1,       1801 ,,095003,095003,095003192000,1,,,,,,0,741,50000,128,739,57000,128
1100,20160112,11, 1,1,       1801 ,,095004,095004,095004652100,1,,,,,,0,741,49000,128,739,57000,128
1100,20160112,11, 1,1,       1801 ,,095004,095004,095004662100,1,,,,,,0,741,50000,128,739,57000,128
1100,20160112,11, 1,1,       1801 ,,095004,095004,095004679900,1,,,,,,0,740,1000,128,739,57000,128
1100,20160112,11, 1,1,       1801 ,,095004,095004,095004682600,1,,,,,,0,740,1000,128,739,55000,128
1100,20160112,11, 1,1,       1801 ,,095004,095004,095004684000,1,,,,,,0,740,1000,128,739,49000,128
1100,20160112,11, 1,1,       1801 ,,095004,095004,095004685400,1,,,,,,0,740,1000,128,739,48000,128
1100,20160112,11, 1,1,       1801 ,,095004,095004,095004686200,1,,,,,,0,740,2000,128,739,48000,128
1100,20160112,11, 1,1,       1801 ,,095004,095004,095004686900,1,,,,,,0,740,4000,128,739,48000,128
1100,20160112,11, 1,1,       1801 ,,095004,095004,095004687600,1,,,,,,0,740,5000,128,739,48000,128
1100,20160112,11, 1,1,       1801 ,,095004,095004,095004688400,1,,,,,,0,740,5000,128,739,47000,128
1100,20160112,11, 1,1,       1801 ,,095005,095005,095005052600,1,,,,,,0,740,4000,128,739,47000,128
1100,20160112,11, 1,1,       1801 ,,095005,095005,095005889600,1,,,,,,0,740,3000,128,739,47000,128
1100,20160112,11, 1,1,       1801 ,,095005,095005,095005891000,1,,,,,,0,740,1000,128,739,47000,128
1100,20160112,11, 1,1,       1801 ,,095005,095005,095005893800,1,,,,,,0,740,1000,128,739,48000,128
1100,20160112,11, 1,1,       1801 ,095005,095005,095005,095005924500,1,740,48,0,1000,0,0,741,52000,128,739,48000,128
1100,20160112,11, 1,1,       1801 ,,095005,095005,095005925900,1,,,,,,0,741,52000,128,739,48000,128
1100,20160112,11, 1,1,       1801 ,,095005,095005,095005927300,1,,,,,,0,741,52000,128,739,49000,128
1100,20160112,11, 1,1,       1801 ,,095005,095005,095005928000,1,,,,,,0,741,52000,128,740,2000,128
1100,20160112,11, 1,1,       1801 ,,095005,095005,095005928600,1,,,,,,0,741,48000,128,740,2000,128
1100,20160112,11, 1,1,       1801 ,,095005,095005,095005929300,1,,,,,,0,741,46000,128,740,2000,128
1100,20160112,11, 1,1,       1801 ,,095005,095005,095005931400,1,,,,,,0,741,46000,128,740,4000,128
1100,20160112,11, 1,1,       1801 ,,095005,095005,095005932100,1,,,,,,0,741,40000,128,740,4000,128
1100,20160112,11, 1,1,       1801 ,,095005,095005,095005933500,1,,,,,,0,741,40000,128,740,5000,128
1100,20160112,11, 1,1,       1801 ,,095005,095005,095005934100,1,,,,,,0,741,39000,128,740,5000,128
1100,20160112,11, 1,1,       1801 ,,095010,095010,095010501200,1,,,,,,0,741,40000,128,740,5000,128
1100,20160112,11, 1,1,       1801 ,,095010,095010,095010510000,1,,,,,,0,741,40000,128,740,4000,128
1100,20160112,11, 1,1,       1801 ,,095010,095010,095010530100,1,,,,,,0,741,40000,128,740,2000,128
1100,20160112,11, 1,1,       1801 ,095010,095010,095010,095010940900,1,740,16,0,2000,0,0,741,40000,128,739,54000,128
1100,20160112,11, 1,1,       1801 ,,095010,095010,095010943300,1,,,,,,0,741,40000,128,739,54000,128
1100,20160112,11, 1,1,       1801 ,,095010,095010,095010946600,1,,,,,,0,741,40000,128,739,50000,128
1100,20160112,11, 1,1,       1801 ,,095010,095010,095010947900,1,,,,,,0,741,40000,128,739,51000,128
1100,20160112,11, 1,1,       1801 ,,095013,095013,095013201500,1,,,,,,0,741,41000,128,739,51000,128
1100,20160112,11, 1,1,       1801 ,,095013,095013,095013471200,1,,,,,,0,741,40000,128,739,51000,128
1100,20160112,11, 1,1,       1801 ,,095015,095015,095015071100,1,,,,,,0,741,40000,128,739,59000,128
1100,20160112,11, 1,1,       1801 ,,095015,095015,095015072400,1,,,,,,0,741,40000,128,739,60000,128
1100,20160112,11, 1,1,       1801 ,,095015,095015,095015073000,1,,,,,,0,741,40000,128,739,66000,128
1100,20160112,11, 1,1,       1801 ,,095015,095015,095015073600,1,,,,,,0,741,46000,128,739,66000,128
1100,20160112,11, 1,1,       1801 ,,095015,095015,095015074200,1,,,,,,0,741,46000,128,739,67000,128
1100,20160112,11, 1,1,       1801 ,,095015,095015,095015074900,1,,,,,,0,741,46000,128,739,66000,128
1100,20160112,11, 1,1,       1801 ,,095021,095021,095021086700,1,,,,,,0,741,46000,128,739,72000,128
1100,20160112,11, 1,1,       1801 ,,095024,095024,095024667900,1,,,,,,0,741,46000,128,740,2000,128
1100,20160112,11, 1,1,       1801 ,,095024,095024,095024669400,1,,,,,,0,741,44000,128,740,2000,128
1100,20160112,11, 1,1,       1801 ,,095024,095024,095024673200,1,,,,,,0,741,44000,128,740,4000,128
1100,20160112,11, 1,1,       1801 ,,095024,095024,095024674600,1,,,,,,0,741,44000,128,740,5000,128
1100,20160112,11, 1,1,       1801 ,,095024,095024,095024679400,1,,,,,,0,741,38000,128,740,5000,128
1100,20160112,11, 1,1,       1801 ,,095024,095024,095024680800,1,,,,,,0,741,37000,128,740,5000,128
1100,20160112,11, 1,1,       1801 ,,095024,095024,095024700100,1,,,,,,0,741,28000,128,740,5000,128
1100,20160112,11, 1,1,       1801 ,,095024,095024,095024705600,1,,,,,,0,741,28000,128,740,8000,128
1100,20160112,11, 1,1,       1801 ,,095024,095024,095024708700,1,,,,,,0,741,28000,128,740,9000,128
1100,20160112,11, 1,1,       1801 ,,095024,095024,095024771100,1,,,,,,0,741,22000,128,740,9000,128
1100,20160112,11, 1,1,       1801 ,,095024,095024,095024776100,1,,,,,,0,741,22000,128,740,15000,128
1100,20160112,11, 1,1,       1801 ,,095024,095024,095024793300,1,,,,,,0,741,21000,128,740,15000,128
1100,20160112,11, 1,1,       1801 ,,095024,095024,095024796200,1,,,,,,0,741,21000,128,740,16000,128
1100,20160112,11, 1,1,       1801 ,,095025,095025,095025061700,1,,,,,,0,741,19000,128,740,16000,128
1100,20160112,11, 1,1,       1801 ,,095025,095025,095025063300,1,,,,,,0,741,16000,128,740,16000,128
1100,20160112,11, 1,1,       1801 ,095025,095025,095025,095025064800,1,741,48,0,1000,0,0,741,15000,128,740,16000,128
1100,20160112,11, 1,1,       1801 ,095025,095025,095025,095025065800,1,741,48,0,1000,0,0,741,14000,128,740,16000,128
1100,20160112,11, 1,1,       1801 ,095025,095025,095025,095025066900,1,741,48,0,1000,0,0,741,13000,128,740,16000,128
1100,20160112,11, 1,1,       1801 ,,095025,095025,095025068200,1,,,,,,0,741,13000,128,740,16000,128
1100,20160112,11, 1,1,       1801 ,095025,095025,095025,095025069100,1,741,48,0,13000,0,0,742,81000,128,740,16000,128
1100,20160112,11, 1,1,       1801 ,,095025,095025,095025071700,1,,,,,,0,742,81000,128,740,16000,128
1100,20160112,11, 1,1,       1801 ,,095025,095025,095025077200,1,,,,,,0,742,81000,128,740,18000,128
1100,20160112,11, 1,1,       1801 ,,095025,095025,095025078100,1,,,,,,0,742,81000,128,740,19000,128
1100,20160112,11, 1,1,       1801 ,,095025,095025,095025080600,1,,,,,,0,742,79000,128,740,19000,128
1100,20160112,11, 1,1,       1801 ,,095025,095025,095025081900,1,,,,,,0,741,1000,128,740,19000,128
1100,20160112,11, 1,1,       1801 ,,095025,095025,095025082800,1,,,,,,0,741,1000,128,740,20000,128
1100,20160112,11, 1,1,       1801 ,,095025,095025,095025083700,1,,,,,,0,741,1000,128,740,23000,128
1100,20160112,11, 1,1,       1801 ,095025,095025,095025,095025085000,1,741,48,0,1000,0,0,742,79000,128,741,5000,128
1100,20160112,11, 1,1,       1801 ,,095025,095025,095025086400,1,,,,,,0,742,79000,128,741,5000,128
1100,20160112,11, 1,1,       1801 ,,095025,095025,095025087700,1,,,,,,0,742,79000,128,741,6000,128
1100,20160112,11, 1,1,       1801 ,,095025,095025,095025088900,1,,,,,,0,742,79000,128,741,7000,128
1100,20160112,11, 1,1,       1801 ,095025,095025,095025,095025094300,1,741,16,0,1000,0,0,742,79000,128,741,6000,128
1100,20160112,11, 1,1,       1801 ,,095025,095025,095025096200,1,,,,,,0,742,79000,128,741,7000,128
1100,20160112,11, 1,1,       1801 ,,095025,095025,095025097900,1,,,,,,0,742,78000,128,741,7000,128
1100,20160112,11, 1,1,       1801 ,,095025,095025,095025101200,1,,,,,,0,742,72000,128,741,7000,128
1100,20160112,11, 1,1,       1801 ,,095025,095025,095025102100,1,,,,,,0,742,65000,128,741,7000,128
1100,20160112,11, 1,1,       1801 ,,095025,095025,095025103100,1,,,,,,0,742,63000,128,741,7000,128
1100,20160112,11, 1,1,       1801 ,095025,095025,095025,095025104100,1,741,16,0,2000,0,0,742,63000,128,741,5000,128
1100,20160112,11, 1,1,       1801 ,,095025,095025,095025105300,1,,,,,,0,742,63000,128,741,7000,128
1100,20160112,11, 1,1,       1801 ,,095025,095025,095025108200,1,,,,,,0,742,63000,128,741,5000,128
1100,20160112,11, 1,1,       1801 ,,095025,095025,095025109200,1,,,,,,0,742,62000,128,741,5000,128
1100,20160112,11, 1,1,       1801 ,,095025,095025,095025110500,1,,,,,,0,742,59000,128,741,5000,128
1100,20160112,11, 1,1,       1801 ,,095025,095025,095025113000,1,,,,,,0,742,59000,128,741,6000,128
1100,20160112,11, 1,1,       1801 ,,095025,095025,095025156000,1,,,,,,0,742,43000,128,741,6000,128
1100,20160112,11, 1,1,       1801 ,,095025,095025,095025157700,1,,,,,,0,742,45000,128,741,6000,128
1100,20160112,11, 1,1,       1801 ,,095025,095025,095025237600,1,,,,,,0,742,44000,128,741,6000,128
1100,20160112,11, 1,1,       1801 ,,095025,095025,095025471600,1,,,,,,0,742,44000,128,741,7000,128
1100,20160112,11, 1,1,       1801 ,095025,095025,095025,095025502700,1,741,16,0,1000,0,0,742,44000,128,741,6000,128
1100,20160112,11, 1,1,       1801 ,,095025,095025,095025504400,1,,,,,,0,742,44000,128,741,6000,128
1100,20160112,11, 1,1,       1801 ,,095025,095025,095025512600,1,,,,,,0,742,44000,128,741,5000,128
1100,20160112,11, 1,1,       1801 ,,095025,095025,095025521700,1,,,,,,0,742,44000,128,741,6000,128
1100,20160112,11, 1,1,       1801 ,095025,095025,095025,095025563800,1,741,16,0,1000,0,0,742,44000,128,741,5000,128
1100,20160112,11, 1,1,       1801 ,095025,095025,095025,095025611500,1,741,16,0,1000,0,0,742,44000,128,741,4000,128
1100,20160112,11, 1,1,       1801 ,095025,095025,095025,095025626300,1,741,16,0,1000,0,0,742,44000,128,741,3000,128
1100,20160112,11, 1,1,       1801 ,095025,095025,095025,095025667000,1,741,16,0,1000,0,0,742,44000,128,741,2000,128
1100,20160112,11, 1,1,       1801 ,095025,095025,095025,095025668400,1,741,16,0,2000,0,0,742,44000,128,740,25000,128
1100,20160112,11, 1,1,       1801 ,,095025,095025,095025671000,1,,,,,,0,742,44000,128,740,23000,128
1100,20160112,11, 1,1,       1801 ,,095025,095025,095025673000,1,,,,,,0,742,44000,128,740,25000,128
1100,20160112,11, 1,1,       1801 ,,095025,095025,095025673600,1,,,,,,0,741,1000,128,740,25000,128
1100,20160112,11, 1,1,       1801 ,,095025,095025,095025674200,1,,,,,,0,741,1000,128,740,24000,128
1100,20160112,11, 1,1,       1801 ,,095025,095025,095025675000,1,,,,,,0,741,1000,128,740,22000,128
1100,20160112,11, 1,1,       1801 ,,095025,095025,095025675900,1,,,,,,0,741,1000,128,740,23000,128
1100,20160112,11, 1,1,       1801 ,,095025,095025,095025676500,1,,,,,,0,741,3000,128,740,23000,128
1100,20160112,11, 1,1,       1801 ,095025,095025,095025,095025679600,1,741,48,0,1000,0,0,741,2000,128,740,23000,128
1100,20160112,11, 1,1,       1801 ,,095025,095025,095025680600,1,,,,,,0,741,2000,128,740,23000,128
1100,20160112,11, 1,1,       1801 ,,095025,095025,095025688300,1,,,,,,0,742,50000,128,740,23000,128
1100,20160112,11, 1,1,       1801 ,,095025,095025,095025821400,1,,,,,,0,742,51000,128,740,23000,128
1100,20160112,11, 1,1,       1801 ,,095026,095026,095026336400,1,,,,,,0,742,45000,128,740,23000,128
1100,20160112,11, 1,1,       1801 ,,095026,095026,095026337100,1,,,,,,0,742,45000,128,740,26000,128
1100,20160112,11, 1,1,       1801 ,,095026,095026,095026521900,1,,,,,,0,742,46000,128,740,26000,128
1100,20160112,11, 1,1,       1801 ,,095026,095026,095026555800,1,,,,,,0,742,45000,128,740,26000,128
1100,20160112,11, 1,1,       1801 ,,095026,095026,095026602900,1,,,,,,0,742,46000,128,740,26000,128
1100,20160112,11, 1,1,       1801 ,,095026,095026,095026749500,1,,,,,,0,742,46000,128,740,25000,128
1100,20160112,11, 1,1,       1801 ,,095026,095026,095026751600,1,,,,,,0,742,46000,128,740,28000,128
1100,20160112,11, 1,1,       1801 ,,095027,095027,095027011500,1,,,,,,0,742,46000,128,740,25000,128
1100,20160112,11, 1,1,       1801 ,,095029,095029,095029069000,1,,,,,,0,742,46000,128,740,33000,128
1100,20160112,11, 1,1,       1801 ,,095029,095029,095029070200,1,,,,,,0,742,43000,128,740,33000,128
1100,20160112,11, 1,1,       1801 ,,095029,095029,095029070900,1,,,,,,0,742,42000,128,740,33000,128
1100,20160112,11, 1,1,       1801 ,,095029,095029,095029071600,1,,,,,,0,742,42000,128,740,39000,128
1100,20160112,11, 1,1,       1801 ,,095031,095031,095031006100,1,,,,,,0,742,60000,128,740,39000,128
1100,20160112,11, 1,1,       1801 ,,095031,095031,095031007500,1,,,,,,0,742,61000,128,740,39000,128
1100,20160112,11, 1,1,       1801 ,,095033,095033,095033497700,1,,,,,,0,742,61000,128,740,40000,128
1100,20160112,11, 1,1,       1801 ,,095033,095033,095033499100,1,,,,,,0,742,67000,128,740,40000,128
1100,20160112,11, 1,1,       1801 ,,095034,095034,095034679300,1,,,,,,0,742,67000,128,740,34000,128
1100,20160112,11, 1,1,       1801 ,,095034,095034,095034753000,1,,,,,,0,742,68000,128,740,34000,128
1100,20160112,11, 1,1,       1801 ,,095034,095034,095034785100,1,,,,,,0,742,68000,128,740,33000,128
1100,20160112,11, 1,1,       1801 ,,095039,095039,095039050700,1,,,,,,0,742,68000,128,740,34000,128
1100,20160112,11, 1,1,       1801 ,,095040,095040,095040564600,1,,,,,,0,742,68000,128,740,33000,128
1100,20160112,11, 1,1,       1801 ,,095040,095040,095040582200,1,,,,,,0,741,2000,128,740,33000,128
1100,20160112,11, 1,1,       1801 ,,095040,095040,095040584100,1,,,,,,0,741,4000,128,740,33000,128
1100,20160112,11, 1,1,       1801 ,,095040,095040,095040584800,1,,,,,,0,741,5000,128,740,33000,128
1100,20160112,11, 1,1,       1801 ,,095040,095040,095040586600,1,,,,,,0,741,6000,128,740,33000,128
1100,20160112,11, 1,1,       1801 ,,095040,095040,095040588300,1,,,,,,0,741,10000,128,740,33000,128
1100,20160112,11, 1,1,       1801 ,,095040,095040,095040589100,1,,,,,,0,741,11000,128,740,33000,128
1100,20160112,11, 1,1,       1801 ,,095040,095040,095040603300,1,,,,,,0,741,11000,128,740,30000,128
1100,20160112,11, 1,1,       1801 ,,095045,095045,095045419800,1,,,,,,0,741,12000,128,740,30000,128
1100,20160112,11, 1,1,       1801 ,,095045,095045,095045421200,1,,,,,,0,741,12000,128,740,29000,128
1100,20160112,11, 1,1,       1801 ,,095045,095045,095045422000,1,,,,,,0,741,15000,128,740,29000,128
1100,20160112,11, 1,1,       1801 ,,095045,095045,095045423300,1,,,,,,0,741,15000,128,740,26000,128
1100,20160112,11, 1,1,       1801 ,,095051,095051,095051716900,1,,,,,,0,741,14000,128,740,26000,128
1100,20160112,11, 1,1,       1801 ,,095051,095051,095051730700,1,,,,,,0,741,14000,128,740,27000,128
1100,20160112,11, 1,1,       1801 ,,095051,095051,095051746000,1,,,,,,0,741,12000,128,740,27000,128
1100,20160112,11, 1,1,       1801 ,,095058,095058,095058173300,1,,,,,,0,741,11000,128,740,27000,128
1100,20160112,11, 1,1,       1801 ,,095058,095058,095058175300,1,,,,,,0,741,11000,128,740,30000,128
1100,20160112,11, 1,1,       1801 ,,095058,095058,095058183100,1,,,,,,0,741,7000,128,740,30000,128
1100,20160112,11, 1,1,       1801 ,,095058,095058,095058183900,1,,,,,,0,741,5000,128,740,30000,128
1100,20160112,11, 1,1,       1801 ,,095058,095058,095058185600,1,,,,,,0,741,2000,128,740,30000,128
1100,20160112,11, 1,1,       1801 ,095058,095058,095058,095058241900,1,741,48,0,2000,0,0,742,69000,128,740,30000,128
1100,20160112,11, 1,1,       1801 ,,095058,095058,095058243800,1,,,,,,0,742,69000,128,740,31000,128
1100,20160112,11, 1,1,       1801 ,095058,095058,095058,095058246500,1,740,16,0,1000,0,0,742,69000,128,740,30000,128
1100,20160112,11, 1,1,       1801 ,,095058,095058,095058248200,1,,,,,,0,742,69000,128,740,29000,128
1100,20160112,11, 1,1,       1801 ,,095058,095058,095058250900,1,,,,,,0,742,68000,128,740,29000,128
1100,20160112,11, 1,1,       1801 ,,095058,095058,095058292900,1,,,,,,0,742,69000,128,740,29000,128
1100,20160112,11, 1,1,       1801 ,,095058,095058,095058349000,1,,,,,,0,742,68000,128,740,29000,128
1100,20160112,11, 1,1,       1801 ,,095058,095058,095058372100,1,,,,,,0,742,69000,128,740,29000,128
1100,20160112,11, 1,1,       1801 ,,095100,095100,095100571700,1,,,,,,0,742,70000,128,740,29000,128
1100,20160112,11, 1,1,       1801 ,,095103,095103,095103753200,1,,,,,,0,742,69000,128,740,29000,128
1100,20160112,11, 1,1,       1801 ,,095103,095103,095103917100,1,,,,,,0,742,69000,128,740,30000,128
1100,20160112,11, 1,1,       1801 ,,095104,095104,095104482000,1,,,,,,0,742,70000,128,740,30000,128
1100,20160112,11, 1,1,       1801 ,,095108,095108,095108181400,1,,,,,,0,742,70000,128,740,31000,128
1100,20160112,11, 1,1,       1801 ,,095108,095108,095108182900,1,,,,,,0,742,70000,128,740,37000,128
1100,20160112,11, 1,1,       1801 ,,095108,095108,095108184000,1,,,,,,0,742,69000,128,740,37000,128
1100,20160112,11, 1,1,       1801 ,,095112,095112,095112973200,1,,,,,,0,742,70000,128,740,37000,128
1100,20160112,11, 1,1,       1801 ,,095113,095113,095113921800,1,,,,,,0,742,69000,128,740,37000,128
1100,20160112,11, 1,1,       1801 ,,095116,095116,095116084000,1,,,,,,0,742,70000,128,740,37000,128
1100,20160112,11, 1,1,       1801 ,095120,095120,095120,095120701100,1,740,16,0,1000,0,0,742,70000,128,740,36000,128
1100,20160112,11, 1,1,       1801 ,,095120,095120,095120702900,1,,,,,,0,742,71000,128,740,36000,128
1100,20160112,11, 1,1,       1801 ,,095120,095120,095120703600,1,,,,,,0,741,2000,128,740,36000,128
1100,20160112,11, 1,1,       1801 ,,095120,095120,095120705000,1,,,,,,0,741,4000,128,740,36000,128
1100,20160112,11, 1,1,       1801 ,,095120,095120,095120705700,1,,,,,,0,741,5000,128,740,36000,128
1100,20160112,11, 1,1,       1801 ,,095120,095120,095120707900,1,,,,,,0,741,5000,128,740,30000,128
1100,20160112,11, 1,1,       1801 ,,095120,095120,095120712500,1,,,,,,0,741,6000,128,740,30000,128
1100,20160112,11, 1,1,       1801 ,,095120,095120,095120939300,1,,,,,,0,741,6000,128,740,29000,128
1100,20160112,11, 1,1,       1801 ,,095120,095120,095120940200,1,,,,,,0,741,7000,128,740,29000,128
1100,20160112,11, 1,1,       1801 ,095125,095125,095125,095125185900,1,740,16,0,1000,0,0,741,7000,128,740,28000,128
1100,20160112,11, 1,1,       1801 ,,095125,095125,095125188200,1,,,,,,0,741,16000,128,740,28000,128
1100,20160112,11, 1,1,       1801 ,,095125,095125,095125189400,1,,,,,,0,741,16000,128,740,21000,128
1100,20160112,11, 1,1,       1801 ,,095125,095125,095125190200,1,,,,,,0,741,16000,128,740,18000,128
1100,20160112,11, 1,1,       1801 ,,095125,095125,095125191100,1,,,,,,0,741,19000,128,740,18000,128
1100,20160112,11, 1,1,       1801 ,,095125,095125,095125191700,1,,,,,,0,741,25000,128,740,18000,128
1100,20160112,11, 1,1,       1801 ,,095125,095125,095125192200,1,,,,,,0,741,25000,128,740,16000,128
1100,20160112,11, 1,1,       1801 ,,095125,095125,095125193000,1,,,,,,0,741,25000,128,740,15000,128
1100,20160112,11, 1,1,       1801 ,,095125,095125,095125193700,1,,,,,,0,741,25000,128,740,12000,128
1100,20160112,11, 1,1,       1801 ,,095125,095125,095125194400,1,,,,,,0,741,25000,128,740,11000,128
1100,20160112,11, 1,1,       1801 ,,095125,095125,095125292100,1,,,,,,0,741,26000,128,740,11000,128
1100,20160112,11, 1,1,       1801 ,095125,095125,095125,095125572000,1,740,16,0,11000,0,0,740,9000,128,739,69000,128
1100,20160112,11, 1,1,       1801 ,,095125,095125,095125573800,1,,,,,,0,740,9000,128,739,69000,128
1100,20160112,11, 1,1,       1801 ,,095125,095125,095125575400,1,,,,,,0,740,9000,128,739,67000,128
1100,20160112,11, 1,1,       1801 ,,095125,095125,095125576900,1,,,,,,0,740,9000,128,739,65000,128
1100,20160112,11, 1,1,       1801 ,,095125,095125,095125577700,1,,,,,,0,740,11000,128,739,65000,128
1100,20160112,11, 1,1,       1801 ,,095125,095125,095125580400,1,,,,,,0,740,11000,128,739,64000,128
1100,20160112,11, 1,1,       1801 ,,095125,095125,095125581100,1,,,,,,0,740,11000,128,739,58000,128
1100,20160112,11, 1,1,       1801 ,095125,095125,095125,095125584000,1,740,48,0,1000,0,0,740,10000,128,739,58000,128
1100,20160112,11, 1,1,       1801 ,,095125,095125,095125584900,1,,,,,,0,740,10000,128,739,58000,128
1100,20160112,11, 1,1,       1801 ,,095125,095125,095125586300,1,,,,,,0,740,10000,128,739,54000,128
1100,20160112,11, 1,1,       1801 ,,095125,095125,095125587700,1,,,,,,0,740,10000,128,739,53000,128
1100,20160112,11, 1,1,       1801 ,,095125,095125,095125589200,1,,,,,,0,740,11000,128,739,53000,128
1100,20160112,11, 1,1,       1801 ,,095125,095125,095125592700,1,,,,,,0,740,12000,128,739,53000,128
1100,20160112,11, 1,1,       1801 ,,095125,095125,095125594100,1,,,,,,0,740,12000,128,739,47000,128
1100,20160112,11, 1,1,       1801 ,,095125,095125,095125594800,1,,,,,,0,740,12000,128,739,48000,128
1100,20160112,11, 1,1,       1801 ,,095125,095125,095125602500,1,,,,,,0,740,13000,128,739,48000,128
1100,20160112,11, 1,1,       1801 ,,095128,095128,095128440600,1,,,,,,0,740,12000,128,739,48000,128
1100,20160112,11, 1,1,       1801 ,,095128,095128,095128621900,1,,,,,,0,740,10000,128,739,48000,128
1100,20160112,11, 1,1,       1801 ,,095129,095129,095129032100,1,,,,,,0,740,12000,128,739,48000,128
1100,20160112,11, 1,1,       1801 ,,095130,095130,095130609300,1,,,,,,0,740,11000,128,739,48000,128
1100,20160112,11, 1,1,       1801 ,,095130,095130,095130610100,1,,,,,,0,740,11000,128,739,47000,128
1100,20160112,11, 1,1,       1801 ,,095131,095131,095131646700,1,,,,,,0,740,11000,128,739,48000,128
1100,20160112,11, 1,1,       1801 ,,095131,095131,095131741600,1,,,,,,0,740,9000,128,739,48000,128
1100,20160112,11, 1,1,       1801 ,,095133,095133,095133016800,1,,,,,,0,740,9000,128,739,47000,128
1100,20160112,11, 1,1,       1801 ,,095133,095133,095133018900,1,,,,,,0,740,9000,128,739,51000,128
1100,20160112,11, 1,1,       1801 ,095133,095133,095133,095133051200,1,740,48,0,1000,0,0,740,8000,128,739,51000,128
1100,20160112,11, 1,1,       1801 ,095133,095133,095133,095133059700,1,740,48,0,2000,0,0,740,6000,128,739,51000,128
1100,20160112,11, 1,1,       1801 ,095133,095133,095133,095133061000,1,740,48,0,1000,0,0,740,5000,128,739,51000,128
1100,20160112,11, 1,1,       1801 ,095133,095133,095133,095133062200,1,740,48,0,1000,0,0,740,4000,128,739,51000,128
1100,20160112,11, 1,1,       1801 ,,095133,095133,095133064300,1,,,,,,0,740,5000,128,739,51000,128
1100,20160112,11, 1,1,       1801 ,,095134,095134,095134049000,1,,,,,,0,740,5000,128,739,52000,128
1100,20160112,11, 1,1,       1801 ,,095134,095134,095134732500,1,,,,,,0,740,5000,128,739,51000,128
1100,20160112,11, 1,1,       1801 ,,095134,095134,095134941800,1,,,,,,0,740,5000,128,739,52000,128
1100,20160112,11, 1,1,       1801 ,095134,095134,095134,095134943000,1,740,48,0,5000,0,0,741,41000,128,739,52000,128
1100,20160112,11, 1,1,       1801 ,,095134,095134,095134944300,1,,,,,,0,741,39000,128,739,52000,128
1100,20160112,11, 1,1,       1801 ,,095134,095134,095134946500,1,,,,,,0,741,33000,128,739,52000,128
1100,20160112,11, 1,1,       1801 ,,095134,095134,095134996900,1,,,,,,0,741,34000,128,739,52000,128
1100,20160112,11, 1,1,       1801 ,,095135,095135,095135079600,1,,,,,,0,741,34000,128,739,53000,128
1100,20160112,11, 1,1,       1801 ,,095140,095140,095140465100,1,,,,,,0,741,34000,128,739,52000,128
1100,20160112,11, 1,1,       1801 ,,095140,095140,095140466500,1,,,,,,0,741,34000,128,739,53000,128
1100,20160112,11, 1,1,       1801 ,,095140,095140,095140519500,1,,,,,,0,741,34000,128,739,52000,128
1100,20160112,11, 1,1,       1801 ,,095145,095145,095145521800,1,,,,,,0,741,34000,128,739,53000,128
1100,20160112,11, 1,1,       1801 ,,095145,095145,095145802300,1,,,,,,0,741,34000,128,739,52000,128
1100,20160112,11, 1,1,       1801 ,,095155,095155,095155991900,1,,,,,,0,741,34000,128,740,1000,128
1100,20160112,11, 1,1,       1801 ,,095155,095155,095155994100,1,,,,,,0,741,34000,128,740,7000,128
1100,20160112,11, 1,1,       1801 ,,095155,095155,095155996800,1,,,,,,0,741,34000,128,740,8000,128
1100,20160112,11, 1,1,       1801 ,,095155,095155,095155997400,1,,,,,,0,741,34000,128,740,10000,128
1100,20160112,11, 1,1,       1801 ,,095155,095155,095155999300,1,,,,,,0,741,25000,128,740,10000,128
1100,20160112,11, 1,1,       1801 ,,095156,095156,095156000000,1,,,,,,0,741,25000,128,740,13000,128
1100,20160112,11, 1,1,       1801 ,,095156,095156,095156000700,1,,,,,,0,741,25000,128,740,12000,128
1100,20160112,11, 1,1,       1801 ,,095156,095156,095156001400,1,,,,,,0,741,21000,128,740,12000,128
1100,20160112,11, 1,1,       1801 ,,095156,095156,095156002200,1,,,,,,0,741,18000,128,740,12000,128
1100,20160112,11, 1,1,       1801 ,,095156,095156,095156003300,1,,,,,,0,741,18000,128,740,14000,128
1100,20160112,11, 1,1,       1801 ,,095156,095156,095156009800,1,,,,,,0,741,11000,128,740,14000,128
1100,20160112,11, 1,1,       1801 ,,095203,095203,095203550800,1,,,,,,0,741,10000,128,740,14000,128
1100,20160112,11, 1,1,       1801 ,,095203,095203,095203552800,1,,,,,,0,741,10000,128,740,20000,128
1100,20160112,11, 1,1,       1801 ,,095204,095204,095204407400,1,,,,,,0,741,10000,128,740,21000,128
1100,20160112,11, 1,1,       1801 ,,095205,095205,095205302400,1,,,,,,0,741,11000,128,740,21000,128
1100,20160112,11, 1,1,       1801 ,,095209,095209,095209699600,1,,,,,,0,741,10000,128,740,21000,128
1100,20160112,11, 1,1,       1801 ,,095209,095209,095209790300,1,,,,,,0,741,11000,128,740,21000,128
1100,20160112,11, 1,1,       1801 ,,095210,095210,095210103400,1,,,,,,0,741,10000,128,740,21000,128
1100,20160112,11, 1,1,       1801 ,,095210,095210,095210277300,1,,,,,,0,741,11000,128,740,21000,128
1100,20160112,11, 1,1,       1801 ,,095214,095214,095214302900,1,,,,,,0,741,10000,128,740,21000,128
1100,20160112,11, 1,1,       1801 ,,095214,095214,095214613100,1,,,,,,0,741,11000,128,740,21000,128
1100,20160112,11, 1,1,       1801 ,,095221,095221,095221804900,1,,,,,,0,741,10000,128,740,21000,128
1100,20160112,11, 1,1,       1801 ,,095221,095221,095221955000,1,,,,,,0,741,11000,128,740,21000,128
1100,20160112,11, 1,1,       1801 ,,095224,095224,095224341600,1,,,,,,0,741,10000,128,740,21000,128
1100,20160112,11, 1,1,       1801 ,,095225,095225,095225565400,1,,,,,,0,741,11000,128,740,21000,128
1100,20160112,11, 1,1,       1801 ,,095226,095226,095226221800,1,,,,,,0,741,10000,128,740,21000,128
1100,20160112,11, 1,1,       1801 ,,095228,095228,095228129500,1,,,,,,0,741,10000,128,740,15000,128
1100,20160112,11, 1,1,       1801 ,,095228,095228,095228145900,1,,,,,,0,741,11000,128,740,15000,128
1100,20160112,11, 1,1,       1801 ,,095228,095228,095228363600,1,,,,,,0,741,13000,128,740,15000,128
1100,20160112,11, 1,1,       1801 ,,095230,095230,095230184500,1,,,,,,0,741,12000,128,740,15000,128
1100,20160112,11, 1,1,       1801 ,,095230,095230,095230221300,1,,,,,,0,741,12000,128,740,16000,128
1100,20160112,11, 1,1,       1801 ,095231,095231,095231,095231414200,1,740,16,0,5000,0,0,741,12000,128,740,11000,128
1100,20160112,11, 1,1,       1801 ,,095231,095231,095231415800,1,,,,,,0,741,12000,128,740,9000,128
1100,20160112,11, 1,1,       1801 ,,095231,095231,095231646300,1,,,,,,0,741,18000,128,740,9000,128
1100,20160112,11, 1,1,       1801 ,,095231,095231,095231647800,1,,,,,,0,741,21000,128,740,9000,128
1100,20160112,11, 1,1,       1801 ,095231,095231,095231,095231657100,1,740,16,0,2000,0,0,741,19000,128,740,7000,128
1100,20160112,11, 1,1,       1801 ,,095231,095231,095231658900,1,,,,,,0,741,28000,128,740,7000,128
1100,20160112,11, 1,1,       1801 ,,095231,095231,095231660100,1,,,,,,0,741,28000,128,740,4000,128
1100,20160112,11, 1,1,       1801 ,,095231,095231,095231660800,1,,,,,,0,741,28000,128,740,2000,128
1100,20160112,11, 1,1,       1801 ,,095231,095231,095231670600,1,,,,,,0,741,29000,128,740,2000,128
1100,20160112,11, 1,1,       1801 ,095231,095231,095231,095231671800,1,740,16,0,1000,0,0,741,29000,128,740,1000,128
1100,20160112,11, 1,1,       1801 ,095231,095231,095231,095231673200,1,740,16,0,1000,0,0,741,29000,128,739,63000,128
1100,20160112,11, 1,1,       1801 ,,095231,095231,095231674900,1,,,,,,0,740,1000,128,739,63000,128
1100,20160112,11, 1,1,       1801 ,,095231,095231,095231677100,1,,,,,,0,740,1000,128,739,61000,128
1100,20160112,11, 1,1,       1801 ,,095231,095231,095231679600,1,,,,,,0,740,1000,128,739,59000,128
1100,20160112,11, 1,1,       1801 ,,095231,095231,095231683500,1,,,,,,0,740,1000,128,739,55000,128
1100,20160112,11, 1,1,       1801 ,,095231,095231,095231686300,1,,,,,,0,740,1000,128,739,52000,128
1100,20160112,11, 1,1,       1801 ,095231,095231,095231,095231698400,1,740,48,0,1000,0,0,741,52000,128,739,52000,128
1100,20160112,11, 1,1,       1801 ,,095231,095231,095231699800,1,,,,,,0,741,52000,128,739,52000,128
1100,20160112,11, 1,1,       1801 ,,095231,095231,095231701100,1,,,,,,0,741,52000,128,740,5000,128
1100,20160112,11, 1,1,       1801 ,,095231,095231,095231704100,1,,,,,,0,741,50000,128,740,5000,128
1100,20160112,11, 1,1,       1801 ,,095231,095231,095231704800,1,,,,,,0,741,44000,128,740,5000,128
1100,20160112,11, 1,1,       1801 ,,095231,095231,095231705600,1,,,,,,0,741,44000,128,740,9000,128
1100,20160112,11, 1,1,       1801 ,,095231,095231,095231706900,1,,,,,,0,741,44000,128,740,12000,128
1100,20160112,11, 1,1,       1801 ,,095231,095231,095231707600,1,,,,,,0,741,44000,128,740,18000,128
1100,20160112,11, 1,1,       1801 ,,095231,095231,095231708300,1,,,,,,0,741,43000,128,740,18000,128
1100,20160112,11, 1,1,       1801 ,,095231,095231,095231709100,1,,,,,,0,741,43000,128,740,19000,128
1100,20160112,11, 1,1,       1801 ,,095231,095231,095231709800,1,,,,,,0,741,34000,128,740,19000,128
1100,20160112,11, 1,1,       1801 ,,095231,095231,095231710500,1,,,,,,0,741,30000,128,740,19000,128
1100,20160112,11, 1,1,       1801 ,,095231,095231,095231711300,1,,,,,,0,741,27000,128,740,19000,128
1100,20160112,11, 1,1,       1801 ,095231,095231,095231,095231712100,1,740,16,0,4000,0,0,741,27000,128,740,15000,128
1100,20160112,11, 1,1,       1801 ,,095231,095231,095231712900,1,,,,,,0,741,24000,128,740,15000,128
1100,20160112,11, 1,1,       1801 ,,095233,095233,095233369300,1,,,,,,0,741,17000,128,740,15000,128
1100,20160112,11, 1,1,       1801 ,,095233,095233,095233370700,1,,,,,,0,741,17000,128,740,19000,128
1100,20160112,11, 1,1,       1801 ,,095236,095236,095236651700,1,,,,,,0,741,11000,128,740,19000,128
1100,20160112,11, 1,1,       1801 ,,095237,095237,095237202300,1,,,,,,0,741,12000,128,740,19000,128
1100,20160112,11, 1,1,       1801 ,,095245,095245,095245407200,1,,,,,,0,741,13000,128,740,19000,128
1100,20160112,11, 1,1,       1801 ,,095245,095245,095245408500,1,,,,,,0,741,13000,128,740,13000,128
1100,20160112,11, 1,1,       1801 ,,095245,095245,095245417300,1,,,,,,0,741,14000,128,740,13000,128
1100,20160112,11, 1,1,       1801 ,,095245,095245,095245771900,1,,,,,,0,741,14000,128,740,12000,128
1100,20160112,11, 1,1,       1801 ,,095245,095245,095245774200,1,,,,,,0,741,17000,128,740,12000,128
1100,20160112,11, 1,1,       1801 ,,095245,095245,095245775000,1,,,,,,0,741,26000,128,740,12000,128
1100,20160112,11, 1,1,       1801 ,,095245,095245,095245776300,1,,,,,,0,741,26000,128,740,8000,128
1100,20160112,11, 1,1,       1801 ,,095245,095245,095245777000,1,,,,,,0,741,26000,128,740,4000,128
1100,20160112,11, 1,1,       1801 ,,095245,095245,095245779300,1,,,,,,0,741,26000,128,740,1000,128
1100,20160112,11, 1,1,       1801 ,095245,095245,095245,095245780500,1,740,16,0,1000,0,0,741,26000,128,739,60000,128
1100,20160112,11, 1,1,       1801 ,,095245,095245,095245781900,1,,,,,,0,741,26000,128,739,60000,128
1100,20160112,11, 1,1,       1801 ,,095245,095245,095245782500,1,,,,,,0,741,26000,128,739,58000,128
1100,20160112,11, 1,1,       1801 ,,095245,095245,095245783900,1,,,,,,0,741,26000,128,739,54000,128
1100,20160112,11, 1,1,       1801 ,,095245,095245,095245784700,1,,,,,,0,741,32000,128,739,54000,128
1100,20160112,11, 1,1,       1801 ,,095245,095245,095245792100,1,,,,,,0,741,33000,128,739,54000,128
1100,20160112,11, 1,1,       1801 ,,095246,095246,095246349000,1,,,,,,0,741,32000,128,739,54000,128
1100,20160112,11, 1,1,       1801 ,,095249,095249,095249094600,1,,,,,,0,741,36000,128,739,54000,128
1100,20160112,11, 1,1,       1801 ,,095253,095253,095253063400,1,,,,,,0,741,36000,128,739,56000,128
1100,20160112,11, 1,1,       1801 ,,095300,095300,095300335800,1,,,,,,0,741,43000,128,739,56000,128
1100,20160112,11, 1,1,       1801 ,,095300,095300,095300468800,1,,,,,,0,741,43000,128,739,57000,128
1100,20160112,11, 1,1,       1801 ,,095302,095302,095302529500,1,,,,,,0,741,44000,128,739,57000,128
1100,20160112,11, 1,1,       1801 ,,095305,095305,095305219000,1,,,,,,0,740,1000,128,739,57000,128
1100,20160112,11, 1,1,       1801 ,,095305,095305,095305220500,1,,,,,,0,740,1000,128,739,55000,128
1100,20160112,11, 1,1,       1801 ,,095305,095305,095305222000,1,,,,,,0,740,2000,128,739,55000,128
1100,20160112,11, 1,1,       1801 ,,095305,095305,095305223200,1,,,,,,0,740,2000,128,739,49000,128
1100,20160112,11, 1,1,       1801 ,,095305,095305,095305225300,1,,,,,,0,740,4000,128,739,49000,128
1100,20160112,11, 1,1,       1801 ,,095305,095305,095305225900,1,,,,,,0,740,5000,128,739,49000,128
1100,20160112,11, 1,1,       1801 ,,095305,095305,095305226700,1,,,,,,0,740,5000,128,739,48000,128
1100,20160112,11, 1,1,       1801 ,,095305,095305,095305227400,1,,,,,,0,740,5000,128,739,47000,128
1100,20160112,11, 1,1,       1801 ,,095305,095305,095305547400,1,,,,,,0,740,5000,128,739,50000,128
1100,20160112,11, 1,1,       1801 ,,095309,095309,095309437200,1,,,,,,0,740,9000,128,739,50000,128
1100,20160112,11, 1,1,       1801 ,,095309,095309,095309438800,1,,,,,,0,740,12000,128,739,50000,128
1100,20160112,11, 1,1,       1801 ,,095309,095309,095309440200,1,,,,,,0,740,21000,128,739,50000,128
1100,20160112,11, 1,1,       1801 ,,095309,095309,095309441000,1,,,,,,0,740,22000,128,739,50000,128
1100,20160112,11, 1,1,       1801 ,,095311,095311,095311450300,1,,,,,,0,740,23000,128,739,50000,128
1100,20160112,11, 1,1,       1801 ,,095314,095314,095314264500,1,,,,,,0,740,22000,128,739,50000,128
1100,20160112,11, 1,1,       1801 ,,095316,095316,095316542700,1,,,,,,0,740,18000,128,739,50000,128
1100,20160112,11, 1,1,       1801 ,,095318,095318,095318362900,1,,,,,,0,740,24000,128,739,50000,128
1100,20160112,11, 1,1,       1801 ,095323,095323,095323,095323200700,1,740,48,0,1000,0,0,740,23000,128,739,50000,128
1100,20160112,11, 1,1,       1801 ,,095323,095323,095323237900,1,,,,,,0,740,22000,128,739,50000,128
1100,20160112,11, 1,1,       1801 ,,095323,095323,095323254600,1,,,,,,0,740,23000,128,739,50000,128
1100,20160112,11, 1,1,       1801 ,,095324,095324,095324800700,1,,,,,,0,740,23000,128,739,51000,128
1100,20160112,11, 1,1,       1801 ,,095324,095324,095324932000,1,,,,,,0,740,14000,128,739,51000,128
1100,20160112,11, 1,1,       1801 ,,095324,095324,095324933300,1,,,,,,0,740,13000,128,739,51000,128
1100,20160112,11, 1,1,       1801 ,,095324,095324,095324934100,1,,,,,,0,740,11000,128,739,51000,128
1100,20160112,11, 1,1,       1801 ,,095324,095324,095324934900,1,,,,,,0,740,10000,128,739,51000,128
1100,20160112,11, 1,1,       1801 ,095324,095324,095324,095324935600,1,740,48,0,2000,0,0,740,8000,128,739,51000,128
1100,20160112,11, 1,1,       1801 ,,095324,095324,095324937100,1,,,,,,0,740,7000,128,739,51000,128
1100,20160112,11, 1,1,       1801 ,,095324,095324,095324957400,1,,,,,,0,740,2000,128,739,51000,128
1100,20160112,11, 1,1,       1801 ,,095324,095324,095324958600,1,,,,,,0,740,2000,128,739,52000,128
1100,20160112,11, 1,1,       1801 ,,095325,095325,095325249000,1,,,,,,0,740,2000,128,739,51000,128
1100,20160112,11, 1,1,       1801 ,,095326,095326,095326397800,1,,,,,,0,740,5000,128,739,51000,128
1100,20160112,11, 1,1,       1801 ,,095333,095333,095333007600,1,,,,,,0,740,5000,128,739,50000,128
1100,20160112,11, 1,1,       1801 ,,095333,095333,095333305700,1,,,,,,0,740,5000,128,739,51000,128
1100,20160112,11, 1,1,       1801 ,,095334,095334,095334600100,1,,,,,,0,740,5000,128,739,50000,128
1100,20160112,11, 1,1,       1801 ,,095335,095335,095335502700,1,,,,,,0,740,5000,128,739,51000,128
1100,20160112,11, 1,1,       1801 ,,095335,095335,095335599600,1,,,,,,0,740,5000,128,739,50000,128
1100,20160112,11, 1,1,       1801 ,,095335,095335,095335902400,1,,,,,,0,740,7000,128,739,50000,128
1100,20160112,11, 1,1,       1801 ,,095335,095335,095335903700,1,,,,,,0,740,8000,128,739,50000,128
1100,20160112,11, 1,1,       1801 ,,095336,095336,095336309400,1,,,,,,0,740,10000,128,739,50000,128
1100,20160112,11, 1,1,       1801 ,,095336,095336,095336363500,1,,,,,,0,740,7000,128,739,50000,128
1100,20160112,11, 1,1,       1801 ,,095341,095341,095341523300,1,,,,,,0,740,8000,128,739,50000,128
1100,20160112,11, 1,1,       1801 ,,095346,095346,095346122500,1,,,,,,0,740,7000,128,739,50000,128
1100,20160112,11, 1,1,       1801 ,,095348,095348,095348833200,1,,,,,,0,740,6000,128,739,50000,128
1100,20160112,11, 1,1,       1801 ,,095349,095349,095349716000,1,,,,,,0,740,6000,128,739,51000,128
1100,20160112,11, 1,1,       1801 ,,095350,095350,095350589400,1,,,,,,0,740,5000,128,739,51000,128
1100,20160112,11, 1,1,       1801 ,,095354,095354,095354557300,1,,,,,,0,740,5000,128,739,52000,128
1100,20160112,11, 1,1,       1801 ,,095354,095354,095354558900,1,,,,,,0,740,5000,128,739,53000,128
1100,20160112,11, 1,1,       1801 ,,095356,095356,095356060000,1,,,,,,0,740,5000,128,739,52000,128
1100,20160112,11, 1,1,       1801 ,,095356,095356,095356229200,1,,,,,,0,740,6000,128,739,52000,128
1100,20160112,11, 1,1,       1801 ,,095357,095357,095357514100,1,,,,,,0,740,6000,128,739,53000,128
1100,20160112,11, 1,1,       1801 ,,095357,095357,095357520500,1,,,,,,0,740,5000,128,739,53000,128
1100,20160112,11, 1,1,       1801 ,,095400,095400,095400760000,1,,,,,,0,740,5000,128,739,52000,128
1100,20160112,11, 1,1,       1801 ,,095402,095402,095402000000,1,,,,,,0,740,6000,128,739,52000,128
1100,20160112,11, 1,1,       1801 ,,095402,095402,095402039500,1,,,,,,0,740,7000,128,739,52000,128
1100,20160112,11, 1,1,       1801 ,,095403,095403,095403674400,1,,,,,,0,740,7000,128,739,56000,128
1100,20160112,11, 1,1,       1801 ,,095403,095403,095403963900,1,,,,,,0,740,8000,128,739,56000,128
1100,20160112,11, 1,1,       1801 ,,095406,095406,095406375400,1,,,,,,0,740,8000,128,739,55000,128
1100,20160112,11, 1,1,       1801 ,095407,095407,095407,095407055600,1,739,16,0,2000,0,0,740,8000,128,739,53000,128
1100,20160112,11, 1,1,       1801 ,,095408,095408,095408677500,1,,,,,,0,740,8000,128,739,52000,128
1100,20160112,11, 1,1,       1801 ,,095408,095408,095408971300,1,,,,,,0,740,8000,128,739,51000,128
1100,20160112,11, 1,1,       1801 ,,095408,095408,095408972000,1,,,,,,0,740,7000,128,739,51000,128
1100,20160112,11, 1,1,       1801 ,,095411,095411,095411218000,1,,,,,,0,740,7000,128,739,52000,128
1100,20160112,11, 1,1,       1801 ,,095411,095411,095411234400,1,,,,,,0,740,6000,128,739,52000,128
1100,20160112,11, 1,1,       1801 ,,095416,095416,095416043100,1,,,,,,0,740,5000,128,739,52000,128
1100,20160112,11, 1,1,       1801 ,,095416,095416,095416044300,1,,,,,,0,740,3000,128,739,52000,128
1100,20160112,11, 1,1,       1801 ,,095416,095416,095416045800,1,,,,,,0,740,3000,128,739,54000,128
1100,20160112,11, 1,1,       1801 ,,095416,095416,095416052400,1,,,,,,0,740,3000,128,739,55000,128
1100,20160112,11, 1,1,       1801 ,,095416,095416,095416062700,1,,,,,,0,740,1000,128,739,55000,128
1100,20160112,11, 1,1,       1801 ,095416,095416,095416,095416102400,1,740,48,0,1000,0,0,741,54000,128,739,55000,128
1100,20160112,11, 1,1,       1801 ,,095416,095416,095416104000,1,,,,,,0,741,54000,128,739,55000,128
1100,20160112,11, 1,1,       1801 ,,095416,095416,095416124800,1,,,,,,0,741,54000,128,739,53000,128
1100,20160112,11, 1,1,       1801 ,,095416,095416,095416126000,1,,,,,,0,741,54000,128,739,55000,128
1100,20160112,11, 1,1,       1801 ,,095416,095416,095416140000,1,,,,,,0,741,54000,128,739,53000,128
1100,20160112,11, 1,1,       1801 ,,095416,095416,095416140700,1,,,,,,0,741,54000,128,739,55000,128
1100,20160112,11, 1,1,       1801 ,,095416,095416,095416161400,1,,,,,,0,741,55000,128,739,55000,128
1100,20160112,11, 1,1,       1801 ,,095416,095416,095416209700,1,,,,,,0,741,55000,128,739,53000,128
1100,20160112,11, 1,1,       1801 ,,095416,095416,095416212200,1,,,,,,0,741,55000,128,739,59000,128
1100,20160112,11, 1,1,       1801 ,,095416,095416,095416287100,1,,,,,,0,741,52000,128,739,59000,128
1100,20160112,11, 1,1,       1801 ,,095416,095416,095416542500,1,,,,,,0,741,52000,128,739,58000,128
1100,20160112,11, 1,1,       1801 ,,095417,095417,095417131000,1,,,,,,0,741,52000,128,740,1000,128
1100,20160112,11, 1,1,       1801 ,,095417,095417,095417133900,1,,,,,,0,741,50000,128,740,1000,128
1100,20160112,11, 1,1,       1801 ,095417,095417,095417,095417135300,1,740,16,0,1000,0,0,741,50000,128,739,62000,128
1100,20160112,11, 1,1,       1801 ,,095417,095417,095417136100,1,,,,,,0,741,50000,128,739,62000,128
1100,20160112,11, 1,1,       1801 ,,095417,095417,095417136800,1,,,,,,0,741,50000,128,739,66000,128
1100,20160112,11, 1,1,       1801 ,,095417,095417,095417138100,1,,,,,,0,740,6000,128,739,66000,128
1100,20160112,11, 1,1,       1801 ,,095417,095417,095417138700,1,,,,,,0,740,8000,128,739,66000,128
1100,20160112,11, 1,1,       1801 ,,095417,095417,095417140800,1,,,,,,0,740,10000,128,739,66000,128
1100,20160112,11, 1,1,       1801 ,,095417,095417,095417143000,1,,,,,,0,740,10000,128,739,64000,128
1100,20160112,11, 1,1,       1801 ,,095417,095417,095417143700,1,,,,,,0,740,10000,128,739,58000,128
1100,20160112,11, 1,1,       1801 ,,095417,095417,095417145200,1,,,,,,0,740,11000,128,739,58000,128
1100,20160112,11, 1,1,       1801 ,,095417,095417,095417145800,1,,,,,,0,740,11000,128,739,54000,128
1100,20160112,11, 1,1,       1801 ,,095417,095417,095417159500,1,,,,,,0,740,11000,128,739,52000,128
1100,20160112,11, 1,1,       1801 ,,095417,095417,095417162000,1,,,,,,0,740,11000,128,739,49000,128
1100,20160112,11, 1,1,       1801 ,,095417,095417,095417228200,1,,,,,,0,740,11000,128,739,48000,128
1100,20160112,11, 1,1,       1801 ,,095417,095417,095417964300,1,,,,,,0,740,11000,128,739,47000,128
1100,20160112,11, 1,1,       1801 ,,095418,095418,095418792400,1,,,,,,0,740,11000,128,739,46000,128
1100,20160112,11, 1,1,       1801 ,,095420,095420,095420290700,1,,,,,,0,740,11000,128,739,47000,128
1100,20160112,11, 1,1,       1801 ,,095420,095420,095420452600,1,,,,,,0,740,11000,128,739,46000,128
1100,20160112,11, 1,1,       1801 ,,095424,095424,095424123500,1,,,,,,0,740,11000,128,739,47000,128
1100,20160112,11, 1,1,       1801 ,,095424,095424,095424411900,1,,,,,,0,740,10000,128,739,47000,128
1100,20160112,11, 1,1,       1801 ,,095424,095424,095424421900,1,,,,,,0,740,10000,128,739,48000,128
1100,20160112,11, 1,1,       1801 ,095424,095424,095424,095424423800,1,740,48,0,1000,0,0,740,9000,128,739,48000,128
1100,20160112,11, 1,1,       1801 ,,095424,095424,095424425300,1,,,,,,0,740,7000,128,739,48000,128
1100,20160112,11, 1,1,       1801 ,,095425,095425,095425207200,1,,,,,,0,740,7000,128,739,49000,128
1100,20160112,11, 1,1,       1801 ,,095426,095426,095426006800,1,,,,,,0,740,7000,128,739,48000,128
1100,20160112,11, 1,1,       1801 ,,095426,095426,095426443800,1,,,,,,0,740,8000,128,739,48000,128
1100,20160112,11, 1,1,       1801 ,,095428,095428,095428489700,1,,,,,,0,740,8000,128,739,50000,128
1100,20160112,11, 1,1,       1801 ,,095428,095428,095428492300,1,,,,,,0,740,8000,128,739,56000,128
1100,20160112,11, 1,1,       1801 ,,095428,095428,095428671600,1,,,,,,0,740,8000,128,739,57000,128
1100,20160112,11, 1,1,       1801 ,,095429,095429,095429249000,1,,,,,,0,740,8000,128,739,56000,128
1100,20160112,11, 1,1,       1801 ,095430,095430,095430,095430182000,1,740,48,0,1000,0,0,740,7000,128,739,56000,128
1100,20160112,11, 1,1,       1801 ,,095430,095430,095430184500,1,,,,,,0,740,7000,128,739,57000,128
1100,20160112,11, 1,1,       1801 ,095430,095430,095430,095430185300,1,740,48,0,5000,0,0,740,2000,128,739,57000,128
1100,20160112,11, 1,1,       1801 ,095430,095430,095430,095430186600,1,740,48,0,1000,0,0,740,1000,128,739,57000,128
1100,20160112,11, 1,1,       1801 ,095430,095430,095430,095430187700,1,740,48,0,1000,0,0,741,50000,128,739,57000,128
1100,20160112,11, 1,1,       1801 ,,095430,095430,095430192500,1,,,,,,0,741,50000,128,740,1000,128
1100,20160112,11, 1,1,       1801 ,,095430,095430,095430194500,1,,,,,,0,741,50000,128,740,2000,128
1100,20160112,11, 1,1,       1801 ,,095430,095430,095430207200,1,,,,,,0,741,49000,128,740,2000,128
1100,20160112,11, 1,1,       1801 ,,095430,095430,095430211200,1,,,,,,0,741,42000,128,740,2000,128
1100,20160112,11, 1,1,       1801 ,,095430,095430,095430213300,1,,,,,,0,741,40000,128,740,2000,128
1100,20160112,11, 1,1,       1801 ,,095430,095430,095430216700,1,,,,,,0,741,40000,128,740,3000,128
1100,20160112,11, 1,1,       1801 ,,095430,095430,095430217800,1,,,,,,0,741,34000,128,740,3000,128
1100,20160112,11, 1,1,       1801 ,,095430,095430,095430291600,1,,,,,,0,741,34000,128,740,4000,128
1100,20160112,11, 1,1,       1801 ,,095430,095430,095430428100,1,,,,,,0,741,34000,128,740,5000,128
1100,20160112,11, 1,1,       1801 ,095431,095431,095431,095431151800,1,740,16,0,1000,0,0,741,34000,128,740,4000,128
1100,20160112,11, 1,1,       1801 ,,095431,095431,095431814000,1,,,,,,0,741,36000,128,740,4000,128
1100,20160112,11, 1,1,       1801 ,095431,095431,095431,095431827700,1,740,16,0,2000,0,0,741,36000,128,740,2000,128
1100,20160112,11, 1,1,       1801 ,,095431,095431,095431829900,1,,,,,,0,741,36000,128,740,1000,128
1100,20160112,11, 1,1,       1801 ,,095433,095433,095433448600,1,,,,,,0,741,40000,128,740,1000,128
1100,20160112,11, 1,1,       1801 ,095433,095433,095433,095433449800,1,740,16,0,1000,0,0,741,40000,128,739,57000,128
1100,20160112,11, 1,1,       1801 ,,095433,095433,095433453400,1,,,,,,0,740,1000,128,739,57000,128
1100,20160112,11, 1,1,       1801 ,,095433,095433,095433454100,1,,,,,,0,740,6000,128,739,57000,128
1100,20160112,11, 1,1,       1801 ,,095433,095433,095433454700,1,,,,,,0,740,6000,128,739,55000,128
1100,20160112,11, 1,1,       1801 ,,095433,095433,095433456900,1,,,,,,0,740,6000,128,739,53000,128
1100,20160112,11, 1,1,       1801 ,,095433,095433,095433458400,1,,,,,,0,740,6000,128,739,55000,128
1100,20160112,11, 1,1,       1801 ,,095433,095433,095433461100,1,,,,,,0,740,6000,128,739,54000,128
1100,20160112,11, 1,1,       1801 ,,095433,095433,095433461900,1,,,,,,0,740,8000,128,739,54000,128
1100,20160112,11, 1,1,       1801 ,,095433,095433,095433462600,1,,,,,,0,740,8000,128,739,48000,128
1100,20160112,11, 1,1,       1801 ,,095433,095433,095433463200,1,,,,,,0,740,9000,128,739,48000,128
1100,20160112,11, 1,1,       1801 ,,095434,095434,095434501800,1,,,,,,0,740,9000,128,739,46000,128
1100,20160112,11, 1,1,       1801 ,,095435,095435,095435546300,1,,,,,,0,740,9000,128,739,49000,128
1100,20160112,11, 1,1,       1801 ,,095435,095435,095435869600,1,,,,,,0,740,8000,128,739,49000,128
1100,20160112,11, 1,1,       1801 ,,095435,095435,095435880500,1,,,,,,0,740,7000,128,739,49000,128
1100,20160112,11, 1,1,       1801 ,,095435,095435,095435881700,1,,,,,,0,740,7000,128,739,51000,128
1100,20160112,11, 1,1,       1801 ,,095435,095435,095435883100,1,,,,,,0,740,5000,128,739,51000,128
1100,20160112,11, 1,1,       1801 ,,095435,095435,095435892900,1,,,,,,0,740,5000,128,739,52000,128
1100,20160112,11, 1,1,       1801 ,,095435,095435,095435972300,1,,,,,,0,740,5000,128,739,51000,128
1100,20160112,11, 1,1,       1801 ,,095436,095436,095436571500,1,,,,,,0,740,5000,128,739,49000,128
1100,20160112,11, 1,1,       1801 ,,095436,095436,095436580100,1,,,,,,0,740,7000,128,739,49000,128
1100,20160112,11, 1,1,       1801 ,,095436,095436,095436582300,1,,,,,,0,740,8000,128,739,49000,128
1100,20160112,11, 1,1,       1801 ,,095436,095436,095436584200,1,,,,,,0,740,10000,128,739,49000,128
1100,20160112,11, 1,1,       1801 ,,095436,095436,095436585800,1,,,,,,0,740,10000,128,739,48000,128
1100,20160112,11, 1,1,       1801 ,,095436,095436,095436605000,1,,,,,,0,740,11000,128,739,48000,128
1100,20160112,11, 1,1,       1801 ,,095439,095439,095439699600,1,,,,,,0,740,9000,128,739,48000,128
1100,20160112,11, 1,1,       1801 ,,095441,095441,095441447100,1,,,,,,0,740,8000,128,739,48000,128
1100,20160112,11, 1,1,       1801 ,,095442,095442,095442872200,1,,,,,,0,740,9000,128,739,48000,128
1100,20160112,11, 1,1,       1801 ,,095442,095442,095442873700,1,,,,,,0,740,9000,128,739,49000,128
1100,20160112,11, 1,1,       1801 ,,095442,095442,095442874400,1,,,,,,0,740,9000,128,739,48000,128
1100,20160112,11, 1,1,       1801 ,,095443,095443,095443547700,1,,,,,,0,740,8000,128,739,48000,128
1100,20160112,11, 1,1,       1801 ,,095443,095443,095443788600,1,,,,,,0,740,9000,128,739,48000,128
1100,20160112,11, 1,1,       1801 ,095448,095448,095448,095448110500,1,740,48,0,1000,0,0,740,8000,128,739,48000,128
1100,20160112,11, 1,1,       1801 ,,095449,095449,095449062500,1,,,,,,0,740,7000,128,739,48000,128
1100,20160112,11, 1,1,       1801 ,,095449,095449,095449265300,1,,,,,,0,740,7000,128,739,49000,128
1100,20160112,11, 1,1,       1801 ,,095449,095449,095449277900,1,,,,,,0,740,5000,128,739,49000,128
1100,20160112,11, 1,1,       1801 ,,095449,095449,095449298900,1,,,,,,0,740,4000,128,739,49000,128
1100,20160112,11, 1,1,       1801 ,,095449,095449,095449299600,1,,,,,,0,740,4000,128,739,51000,128
1100,20160112,11, 1,1,       1801 ,,095449,095449,095449301000,1,,,,,,0,741,51000,128,739,51000,128
1100,20160112,11, 1,1,       1801 ,,095449,095449,095449302900,1,,,,,,0,741,51000,128,739,52000,128
1100,20160112,11, 1,1,       1801 ,,095449,095449,095449310100,1,,,,,,0,741,51000,128,739,50000,128
1100,20160112,11, 1,1,       1801 ,,095449,095449,095449332900,1,,,,,,0,740,2000,128,739,50000,128
1100,20160112,11, 1,1,       1801 ,,095449,095449,095449334500,1,,,,,,0,740,2000,128,739,49000,128
1100,20160112,11, 1,1,       1801 ,,095449,095449,095449335200,1,,,,,,0,740,4000,128,739,49000,128
1100,20160112,11, 1,1,       1801 ,,095449,095449,095449335900,1,,,,,,0,740,5000,128,739,49000,128
1100,20160112,11, 1,1,       1801 ,,095500,095500,095500001900,1,,,,,,0,740,3000,128,739,49000,128
1100,20160112,11, 1,1,       1801 ,,095500,095500,095500002700,1,,,,,,0,740,2000,128,739,49000,128
1100,20160112,11, 1,1,       1801 ,,095500,095500,095500003700,1,,,,,,0,740,2000,128,739,51000,128
1100,20160112,11, 1,1,       1801 ,,095500,095500,095500004900,1,,,,,,0,741,54000,128,739,51000,128
1100,20160112,11, 1,1,       1801 ,,095500,095500,095500011900,1,,,,,,0,741,54000,128,739,52000,128
1100,20160112,11, 1,1,       1801 ,,095500,095500,095500013100,1,,,,,,0,741,54000,128,739,50000,128
1100,20160112,11, 1,1,       1801 ,,095500,095500,095500036800,1,,,,,,0,741,51000,128,739,50000,128
1100,20160112,11, 1,1,       1801 ,,095501,095501,095501448900,1,,,,,,0,741,51000,128,739,49000,128
1100,20160112,11, 1,1,       1801 ,,095501,095501,095501450500,1,,,,,,0,741,51000,128,739,55000,128
1100,20160112,11, 1,1,       1801 ,,095501,095501,095501451700,1,,,,,,0,741,51000,128,739,56000,128
1100,20160112,11, 1,1,       1801 ,,095501,095501,095501452300,1,,,,,,0,741,45000,128,739,56000,128
1100,20160112,11, 1,1,       1801 ,,095501,095501,095501453600,1,,,,,,0,741,44000,128,739,56000,128
1100,20160112,11, 1,1,       1801 ,,095504,095504,095504167800,1,,,,,,0,741,48000,128,739,56000,128
1100,20160112,11, 1,1,       1801 ,,095505,095505,095505162500,1,,,,,,0,741,48000,128,739,55000,128
1100,20160112,11, 1,1,       1801 ,,095505,095505,095505279000,1,,,,,,0,741,48000,128,739,56000,128
1100,20160112,11, 1,1,       1801 ,,095505,095505,095505281700,1,,,,,,0,741,48000,128,739,57000,128
1100,20160112,11, 1,1,       1801 ,,095505,095505,095505748300,1,,,,,,0,741,41000,128,739,57000,128
1100,20160112,11, 1,1,       1801 ,,095505,095505,095505749700,1,,,,,,0,741,39000,128,739,57000,128
1100,20160112,11, 1,1,       1801 ,,095513,095513,095513021500,1,,,,,,0,741,39000,128,739,56000,128
1100,20160112,11, 1,1,       1801 ,,095513,095513,095513039900,1,,,,,,0,741,39000,128,739,55000,128
1100,20160112,11, 1,1,       1801 ,,095513,095513,095513100400,1,,,,,,0,740,2000,128,739,55000,128
1100,20160112,11, 1,1,       1801 ,,095513,095513,095513102700,1,,,,,,0,740,3000,128,739,55000,128
1100,20160112,11, 1,1,       1801 ,,095513,095513,095513104800,1,,,,,,0,740,5000,128,739,55000,128
1100,20160112,11, 1,1,       1801 ,,095513,095513,095513105500,1,,,,,,0,740,5000,128,739,49000,128
1100,20160112,11, 1,1,       1801 ,,095513,095513,095513106200,1,,,,,,0,740,5000,128,739,48000,128
1100,20160112,11, 1,1,       1801 ,,095513,095513,095513106900,1,,,,,,0,740,6000,128,739,48000,128
1100,20160112,11, 1,1,       1801 ,,095519,095519,095519413200,1,,,,,,0,740,6000,128,739,49000,128
1100,20160112,11, 1,1,       1801 ,,095519,095519,095519907000,1,,,,,,0,740,6000,128,739,51000,128
1100,20160112,11, 1,1,       1801 ,,095523,095523,095523181400,1,,,,,,0,740,5000,128,739,51000,128
1100,20160112,11, 1,1,       1801 ,,095523,095523,095523193400,1,,,,,,0,740,3000,128,739,51000,128
1100,20160112,11, 1,1,       1801 ,,095523,095523,095523198100,1,,,,,,0,740,2000,128,739,51000,128
1100,20160112,11, 1,1,       1801 ,,095523,095523,095523214100,1,,,,,,0,740,2000,128,739,52000,128
1100,20160112,11, 1,1,       1801 ,,095528,095528,095528004600,1,,,,,,0,740,2000,128,739,51000,128
1100,20160112,11, 1,1,       1801 ,,095528,095528,095528006300,1,,,,,,0,740,2000,128,739,57000,128
1100,20160112,11, 1,1,       1801 ,,095533,095533,095533181100,1,,,,,,0,740,2000,128,739,58000,128
1100,20160112,11, 1,1,       1801 ,,095533,095533,095533242500,1,,,,,,0,740,2000,128,739,59000,128
1100,20160112,11, 1,1,       1801 ,,095533,095533,095533548900,1,,,,,,0,740,2000,128,739,58000,128
1100,20160112,11, 1,1,       1801 ,,095535,095535,095535460100,1,,,,,,0,740,3000,128,739,58000,128
1100,20160112,11, 1,1,       1801 ,,095540,095540,095540002500,1,,,,,,0,740,3000,128,739,57000,128
1100,20160112,11, 1,1,       1801 ,,095541,095541,095541011500,1,,,,,,0,740,3000,128,739,58000,128
1100,20160112,11, 1,1,       1801 ,,095541,095541,095541013200,1,,,,,,0,740,1000,128,739,58000,128
1100,20160112,11, 1,1,       1801 ,095542,095542,095542,095542439200,1,740,48,0,1000,0,0,741,56000,131,739,58000,128
1100,20160112,11, 1,1,       1801 ,095542,095542,095542,095542439200,2,741,48,0,1000,0,0,741,55000,128,739,58000,128
1100,20160112,11, 1,1,       1801 ,,095542,095542,095542441100,1,,,,,,0,741,55000,128,739,58000,128
1100,20160112,11, 1,1,       1801 ,,095542,095542,095542442400,1,,,,,,0,741,47000,128,739,58000,128
1100,20160112,11, 1,1,       1801 ,,095542,095542,095542443200,1,,,,,,0,741,47000,128,739,59000,128
1100,20160112,11, 1,1,       1801 ,,095542,095542,095542443900,1,,,,,,0,741,47000,128,740,1000,128
1100,20160112,11, 1,1,       1801 ,,095542,095542,095542444500,1,,,,,,0,741,41000,128,740,1000,128
1100,20160112,11, 1,1,       1801 ,,095542,095542,095542445300,1,,,,,,0,741,39000,128,740,1000,128
1100,20160112,11, 1,1,       1801 ,,095542,095542,095542449100,1,,,,,,0,741,39000,128,740,3000,128
1100,20160112,11, 1,1,       1801 ,,095542,095542,095542449700,1,,,,,,0,741,39000,128,740,4000,128
1100,20160112,11, 1,1,       1801 ,,095542,095542,095542450400,1,,,,,,0,741,39000,128,740,6000,128
1100,20160112,11, 1,1,       1801 ,,095542,095542,095542451100,1,,,,,,0,741,39000,128,740,7000,128
1100,20160112,11, 1,1,       1801 ,,095542,095542,095542452300,1,,,,,,0,741,39000,128,740,8000,128
1100,20160112,11, 1,1,       1801 ,,095542,095542,095542454800,1,,,,,,0,741,39000,128,740,11000,128
1100,20160112,11, 1,1,       1801 ,095542,095542,095542,095542455400,1,740,16,0,1000,0,0,741,39000,128,740,10000,128
1100,20160112,11, 1,1,       1801 ,,095542,095542,095542456300,1,,,,,,0,741,30000,128,740,10000,128
1100,20160112,11, 1,1,       1801 ,,095542,095542,095542730200,1,,,,,,0,741,30000,128,740,9000,128
1100,20160112,11, 1,1,       1801 ,,095542,095542,095542740100,1,,,,,,0,741,30000,128,740,11000,128
1100,20160112,11, 1,1,       1801 ,,095543,095543,095543652300,1,,,,,,0,741,30000,128,740,12000,128
1100,20160112,11, 1,1,       1801 ,,095543,095543,095543655600,1,,,,,,0,741,29000,128,740,12000,128
1100,20160112,11, 1,1,       1801 ,,095545,095545,095545669200,1,,,,,,0,741,26000,128,740,12000,128
1100,20160112,11, 1,1,       1801 ,,095546,095546,095546516100,1,,,,,,0,741,26000,128,740,11000,128
1100,20160112,11, 1,1,       1801 ,,095547,095547,095547403300,1,,,,,,0,741,26000,128,740,10000,128
1100,20160112,11, 1,1,       1801 ,,095552,095552,095552193200,1,,,,,,0,741,27000,128,740,10000,128
1100,20160112,11, 1,1,       1801 ,,095552,095552,095552272700,1,,,,,,0,741,27000,128,740,9000,128
1100,20160112,11, 1,1,       1801 ,,095552,095552,095552274400,1,,,,,,0,741,30000,128,740,9000,128
1100,20160112,11, 1,1,       1801 ,,095552,095552,095552461700,1,,,,,,0,741,36000,128,740,9000,128
1100,20160112,11, 1,1,       1801 ,,095552,095552,095552463100,1,,,,,,0,741,45000,128,740,9000,128
1100,20160112,11, 1,1,       1801 ,,095552,095552,095552463700,1,,,,,,0,741,45000,128,740,7000,128
1100,20160112,11, 1,1,       1801 ,,095552,095552,095552465200,1,,,,,,0,741,45000,128,740,5000,128
1100,20160112,11, 1,1,       1801 ,095552,095552,095552,095552466000,1,740,16,0,2000,0,0,741,45000,128,740,3000,128
1100,20160112,11, 1,1,       1801 ,,095552,095552,095552466900,1,,,,,,0,741,45000,128,740,2000,128
1100,20160112,11, 1,1,       1801 ,095552,095552,095552,095552467700,1,740,16,0,1000,0,0,741,45000,128,740,1000,128
1100,20160112,11, 1,1,       1801 ,095552,095552,095552,095552468700,1,740,16,0,1000,0,0,741,45000,128,739,62000,128
1100,20160112,11, 1,1,       1801 ,,095552,095552,095552470500,1,,,,,,0,740,2000,128,739,62000,128
1100,20160112,11, 1,1,       1801 ,,095552,095552,095552471200,1,,,,,,0,740,3000,128,739,62000,128
1100,20160112,11, 1,1,       1801 ,,095552,095552,095552472000,1,,,,,,0,740,4000,128,739,62000,128
1100,20160112,11, 1,1,       1801 ,,095552,095552,095552477000,1,,,,,,0,740,5000,128,739,62000,128
1100,20160112,11, 1,1,       1801 ,,095552,095552,095552478800,1,,,,,,0,740,5000,128,739,60000,128
1100,20160112,11, 1,1,       1801 ,,095552,095552,095552481700,1,,,,,,0,740,5000,128,739,58000,128
1100,20160112,11, 1,1,       1801 ,,095552,095552,095552483100,1,,,,,,0,740,5000,128,739,54000,128
1100,20160112,11, 1,1,       1801 ,,095552,095552,095552483900,1,,,,,,0,740,5000,128,739,53000,128
1100,20160112,11, 1,1,       1801 ,,095552,095552,095552486300,1,,,,,,0,740,5000,128,739,50000,128
1100,20160112,11, 1,1,       1801 ,,095552,095552,095552723600,1,,,,,,0,740,6000,128,739,50000,128
1100,20160112,11, 1,1,       1801 ,,095552,095552,095552725100,1,,,,,,0,740,6000,128,739,44000,128
1100,20160112,11, 1,1,       1801 ,,095552,095552,095552730600,1,,,,,,0,740,7000,128,739,44000,128
1100,20160112,11, 1,1,       1801 ,,095554,095554,095554430500,1,,,,,,0,740,8000,128,739,44000,128
1100,20160112,11, 1,1,       1801 ,,095555,095555,095555609800,1,,,,,,0,740,7000,128,739,44000,128
1100,20160112,11, 1,1,       1801 ,,095555,095555,095555633600,1,,,,,,0,740,7000,128,739,45000,128
1100,20160112,11, 1,1,       1801 ,,095556,095556,095556633100,1,,,,,,0,740,7000,128,739,44000,128
1100,20160112,11, 1,1,       1801 ,,095557,095557,095557164500,1,,,,,,0,740,8000,128,739,44000,128
1100,20160112,11, 1,1,       1801 ,,095557,095557,095557171400,1,,,,,,0,740,7000,128,739,44000,128
1100,20160112,11, 1,1,       1801 ,,095557,095557,095557173800,1,,,,,,0,740,8000,128,739,44000,128
1100,20160112,11, 1,1,       1801 ,,095557,095557,095557180900,1,,,,,,0,740,7000,128,739,44000,128
1100,20160112,11, 1,1,       1801 ,,095557,095557,095557313100,1,,,,,,0,740,8000,128,739,44000,128
1100,20160112,11, 1,1,       1801 ,,095558,095558,095558810600,1,,,,,,0,740,10000,128,739,44000,128
1100,20160112,11, 1,1,       1801 ,,095559,095559,095559114000,1,,,,,,0,740,11000,128,739,44000,128
1100,20160112,11, 1,1,       1801 ,,095600,095600,095600241700,1,,,,,,0,740,9000,128,739,44000,128
1100,20160112,11, 1,1,       1801 ,,095600,095600,095600330400,1,,,,,,0,740,8000,128,739,44000,128
1100,20160112,11, 1,1,       1801 ,,095602,095602,095602115400,1,,,,,,0,740,9000,128,739,44000,128
1100,20160112,11, 1,1,       1801 ,,095604,095604,095604756900,1,,,,,,0,740,8000,128,739,44000,128
1100,20160112,11, 1,1,       1801 ,,095607,095607,095607399500,1,,,,,,0,740,8000,128,739,45000,128
1100,20160112,11, 1,1,       1801 ,,095611,095611,095611737400,1,,,,,,0,740,8000,128,739,48000,128
1100,20160112,11, 1,1,       1801 ,,095613,095613,095613498200,1,,,,,,0,740,8000,128,739,49000,128
1100,20160112,11, 1,1,       1801 ,,095613,095613,095613570300,1,,,,,,0,740,6000,128,739,49000,128
1100,20160112,11, 1,1,       1801 ,,095613,095613,095613571700,1,,,,,,0,740,5000,128,739,49000,128
1100,20160112,11, 1,1,       1801 ,095617,095617,095617,095617303500,1,740,48,0,1000,0,0,740,4000,128,739,49000,128
1100,20160112,11, 1,1,       1801 ,095617,095617,095617,095617305100,1,740,48,0,1000,0,0,740,3000,128,739,49000,128
1100,20160112,11, 1,1,       1801 ,095617,095617,095617,095617306500,1,740,48,0,2000,0,0,740,1000,128,739,49000,128
1100,20160112,11, 1,1,       1801 ,095617,095617,095617,095617308000,1,740,48,0,1000,0,0,741,54000,128,739,49000,128
1100,20160112,11, 1,1,       1801 ,,095617,095617,095617316700,1,,,,,,0,741,54000,128,739,55000,128
1100,20160112,11, 1,1,       1801 ,,095617,095617,095617317600,1,,,,,,0,741,54000,128,739,56000,128
1100,20160112,11, 1,1,       1801 ,,095617,095617,095617321800,1,,,,,,0,741,54000,128,739,58000,128
1100,20160112,11, 1,1,       1801 ,,095617,095617,095617325900,1,,,,,,0,741,48000,128,739,58000,128
1100,20160112,11, 1,1,       1801 ,,095617,095617,095617331800,1,,,,,,0,741,48000,128,739,59000,128
1100,20160112,11, 1,1,       1801 ,,095617,095617,095617339000,1,,,,,,0,741,47000,128,739,59000,128
1100,20160112,11, 1,1,       1801 ,,095617,095617,095617372800,1,,,,,,0,741,47000,128,739,57000,128
1100,20160112,11, 1,1,       1801 ,,095617,095617,095617475900,1,,,,,,0,741,47000,128,739,59000,128
1100,20160112,11, 1,1,       1801 ,,095617,095617,095617571200,1,,,,,,0,741,47000,128,740,1000,128
1100,20160112,11, 1,1,       1801 ,,095617,095617,095617573200,1,,,,,,0,741,45000,128,740,1000,128
1100,20160112,11, 1,1,       1801 ,,095617,095617,095617575400,1,,,,,,0,741,36000,128,740,1000,128
1100,20160112,11, 1,1,       1801 ,,095617,095617,095617576200,1,,,,,,0,741,28000,128,740,1000,128
1100,20160112,11, 1,1,       1801 ,,095617,095617,095617578300,1,,,,,,0,741,28000,128,740,3000,128
1100,20160112,11, 1,1,       1801 ,,095617,095617,095617578900,1,,,,,,0,741,28000,128,740,5000,128
1100,20160112,11, 1,1,       1801 ,,095617,095617,095617579600,1,,,,,,0,741,27000,128,740,5000,128
1100,20160112,11, 1,1,       1801 ,,095617,095617,095617580300,1,,,,,,0,741,27000,128,740,6000,128
1100,20160112,11, 1,1,       1801 ,,095617,095617,095617581000,1,,,,,,0,741,27000,128,740,7000,128
1100,20160112,11, 1,1,       1801 ,,095617,095617,095617581700,1,,,,,,0,741,27000,128,740,8000,128
1100,20160112,11, 1,1,       1801 ,,095617,095617,095617583000,1,,,,,,0,741,24000,128,740,8000,128
1100,20160112,11, 1,1,       1801 ,,095617,095617,095617584200,1,,,,,,0,741,24000,128,740,14000,128
1100,20160112,11, 1,1,       1801 ,,095617,095617,095617595800,1,,,,,,0,741,24000,128,740,13000,128
1100,20160112,11, 1,1,       1801 ,,095617,095617,095617668400,1,,,,,,0,741,24000,128,740,12000,128
1100,20160112,11, 1,1,       1801 ,095619,095619,095619,095619181100,1,740,16,0,1000,0,0,741,24000,128,740,11000,128
1100,20160112,11, 1,1,       1801 ,,095621,095621,095621973900,1,,,,,,0,741,24000,128,740,11000,128
1100,20160112,11, 1,1,       1801 ,,095624,095624,095624792100,1,,,,,,0,741,24000,128,740,10000,128
1100,20160112,11, 1,1,       1801 ,,095625,095625,095625280900,1,,,,,,0,741,25000,128,740,10000,128
1100,20160112,11, 1,1,       1801 ,,095625,095625,095625282500,1,,,,,,0,741,25000,128,740,16000,128
1100,20160112,11, 1,1,       1801 ,,095625,095625,095625284800,1,,,,,,0,741,24000,128,740,16000,128
1100,20160112,11, 1,1,       1801 ,,095625,095625,095625480600,1,,,,,,0,741,24000,128,740,15000,128
1100,20160112,11, 1,1,       1801 ,,095625,095625,095625483400,1,,,,,,0,741,25000,128,740,15000,128
1100,20160112,11, 1,1,       1801 ,,095626,095626,095626681600,1,,,,,,0,741,24000,128,740,15000,128
1100,20160112,11, 1,1,       1801 ,,095626,095626,095626701800,1,,,,,,0,741,25000,128,740,15000,128
1100,20160112,11, 1,1,       1801 ,,095627,095627,095627603700,1,,,,,,0,741,24000,128,740,15000,128
1100,20160112,11, 1,1,       1801 ,,095629,095629,095629104500,1,,,,,,0,741,25000,128,740,15000,128
1100,20160112,11, 1,1,       1801 ,,095633,095633,095633203600,1,,,,,,0,741,24000,128,740,15000,128
1100,20160112,11, 1,1,       1801 ,,095640,095640,095640262400,1,,,,,,0,741,25000,128,740,15000,128
1100,20160112,11, 1,1,       1801 ,,095642,095642,095642361400,1,,,,,,0,741,24000,128,740,15000,128
1100,20160112,11, 1,1,       1801 ,,095644,095644,095644659000,1,,,,,,0,741,25000,128,740,15000,128
1100,20160112,11, 1,1,       1801 ,,095644,095644,095644810800,1,,,,,,0,741,24000,128,740,15000,128
1100,20160112,11, 1,1,       1801 ,,095645,095645,095645563400,1,,,,,,0,741,25000,128,740,15000,128
1100,20160112,11, 1,1,       1801 ,,095650,095650,095650317500,1,,,,,,0,741,26000,128,740,15000,128
1100,20160112,11, 1,1,       1801 ,,095650,095650,095650318900,1,,,,,,0,741,26000,128,740,9000,128
1100,20160112,11, 1,1,       1801 ,,095652,095652,095652120800,1,,,,,,0,741,25000,128,740,9000,128
1100,20160112,11, 1,1,       1801 ,,095657,095657,095657816100,1,,,,,,0,741,25000,128,740,11000,128
1100,20160112,11, 1,1,       1801 ,,095657,095657,095657839300,1,,,,,,0,741,25000,128,740,12000,128
1100,20160112,11, 1,1,       1801 ,,095657,095657,095657921700,1,,,,,,0,741,25000,128,740,10000,128
1100,20160112,11, 1,1,       1801 ,,095658,095658,095658022200,1,,,,,,0,741,25000,128,740,9000,128
1100,20160112,11, 1,1,       1801 ,,095700,095700,095700270900,1,,,,,,0,741,25000,128,740,10000,128
1100,20160112,11, 1,1,       1801 ,,095700,095700,095700860900,1,,,,,,0,741,25000,128,740,9000,128
1100,20160112,11, 1,1,       1801 ,,095701,095701,095701518400,1,,,,,,0,741,26000,128,740,9000,128
1100,20160112,11, 1,1,       1801 ,,095701,095701,095701740900,1,,,,,,0,741,25000,128,740,9000,128
1100,20160112,11, 1,1,       1801 ,,095702,095702,095702362600,1,,,,,,0,741,26000,128,740,9000,128
1100,20160112,11, 1,1,       1801 ,,095702,095702,095702486700,1,,,,,,0,741,25000,128,740,9000,128
1100,20160112,11, 1,1,       1801 ,,095703,095703,095703393800,1,,,,,,0,741,26000,128,740,9000,128
1100,20160112,11, 1,1,       1801 ,,095703,095703,095703552000,1,,,,,,0,741,27000,128,740,9000,128
1100,20160112,11, 1,1,       1801 ,,095704,095704,095704711700,1,,,,,,0,741,27000,128,740,10000,128
1100,20160112,11, 1,1,       1801 ,,095709,095709,095709714800,1,,,,,,0,741,27000,128,740,9000,128
1100,20160112,11, 1,1,       1801 ,,095709,095709,095709716500,1,,,,,,0,741,30000,128,740,9000,128
1100,20160112,11, 1,1,       1801 ,,095719,095719,095719422700,1,,,,,,0,741,29000,128,740,9000,128
1100,20160112,11, 1,1,       1801 ,,095720,095720,095720246700,1,,,,,,0,741,23000,128,740,9000,128
1100,20160112,11, 1,1,       1801 ,,095722,095722,095722070000,1,,,,,,0,741,23000,128,740,11000,128
1100,20160112,11, 1,1,       1801 ,,095722,095722,095722072800,1,,,,,,0,741,20000,128,740,11000,128
1100,20160112,11, 1,1,       1801 ,,095722,095722,095722075900,1,,,,,,0,741,20000,128,740,12000,128
1100,20160112,11, 1,1,       1801 ,,095722,095722,095722311400,1,,,,,,0,741,20000,128,740,10000,128
1100,20160112,11, 1,1,       1801 ,,095722,095722,095722314100,1,,,,,,0,741,20000,128,740,9000,128
1100,20160112,11, 1,1,       1801 ,,095722,095722,095722316000,1,,,,,,0,741,20000,128,740,17000,128
1100,20160112,11, 1,1,       1801 ,,095726,095726,095726402000,1,,,,,,0,741,20000,128,740,18000,128
1100,20160112,11, 1,1,       1801 ,,095727,095727,095727749300,1,,,,,,0,741,20000,128,740,17000,128
1100,20160112,11, 1,1,       1801 ,,095729,095729,095729012800,1,,,,,,0,741,21000,128,740,17000,128
1100,20160112,11, 1,1,       1801 ,,095732,095732,095732669400,1,,,,,,0,741,21000,128,740,19000,128
1100,20160112,11, 1,1,       1801 ,,095732,095732,095732671500,1,,,,,,0,741,21000,128,740,20000,128
1100,20160112,11, 1,1,       1801 ,,095732,095732,095732691300,1,,,,,,0,741,20000,128,740,20000,128
1100,20160112,11, 1,1,       1801 ,,095732,095732,095732799400,1,,,,,,0,741,20000,128,740,18000,128
1100,20160112,11, 1,1,       1801 ,,095732,095732,095732853200,1,,,,,,0,741,20000,128,740,17000,128
1100,20160112,11, 1,1,       1801 ,,095732,095732,095732870800,1,,,,,,0,741,20000,128,740,18000,128
1100,20160112,11, 1,1,       1801 ,,095732,095732,095732917700,1,,,,,,0,741,20000,128,740,17000,128
1100,20160112,11, 1,1,       1801 ,,095733,095733,095733040500,1,,,,,,0,741,20000,128,740,18000,128
1100,20160112,11, 1,1,       1801 ,,095734,095734,095734031400,1,,,,,,0,741,20000,128,740,17000,128
1100,20160112,11, 1,1,       1801 ,,095734,095734,095734814900,1,,,,,,0,741,20000,128,740,18000,128
1100,20160112,11, 1,1,       1801 ,095734,095734,095734,095734836200,1,740,16,0,1000,0,0,741,20000,128,740,17000,128
1100,20160112,11, 1,1,       1801 ,,095734,095734,095736078100,1,,,,,,0,741,20000,128,740,17000,128
1100,20160112,11, 1,1,       1801 ,,095736,095736,095736975500,1,,,,,,0,741,16000,128,740,17000,128
1100,20160112,11, 1,1,       1801 ,,095738,095738,095738861900,1,,,,,,0,741,17000,128,740,17000,128
1100,20160112,11, 1,1,       1801 ,,095741,095741,095741712200,1,,,,,,0,741,16000,128,740,17000,128
1100,20160112,11, 1,1,       1801 ,,095741,095741,095741721700,1,,,,,,0,741,17000,128,740,17000,128
1100,20160112,11, 1,1,       1801 ,,095741,095741,095741900800,1,,,,,,0,741,16000,128,740,17000,128
1100,20160112,11, 1,1,       1801 ,,095742,095742,095742046200,1,,,,,,0,741,17000,128,740,17000,128
1100,20160112,11, 1,1,       1801 ,,095742,095742,095742066400,1,,,,,,0,741,17000,128,740,16000,128
1100,20160112,11, 1,1,       1801 ,,095742,095742,095742360300,1,,,,,,0,741,16000,128,740,16000,128
1100,20160112,11, 1,1,       1801 ,,095742,095742,095742970300,1,,,,,,0,741,17000,128,740,16000,128
1100,20160112,11, 1,1,       1801 ,,095742,095742,095742972300,1,,,,,,0,741,17000,128,740,8000,128
1100,20160112,11, 1,1,       1801 ,,095743,095743,095743001500,1,,,,,,0,741,17000,128,740,9000,128
1100,20160112,11, 1,1,       1801 ,,095743,095743,095743428100,1,,,,,,0,741,16000,128,740,9000,128
1100,20160112,11, 1,1,       1801 ,,095745,095745,095745372700,1,,,,,,0,741,16000,128,740,17000,128
1100,20160112,11, 1,1,       1801 ,,095745,095745,095745374000,1,,,,,,0,741,16000,128,740,21000,128
1100,20160112,11, 1,1,       1801 ,,095745,095745,095745376000,1,,,,,,0,741,15000,128,740,21000,128
1100,20160112,11, 1,1,       1801 ,,095747,095747,095747610000,1,,,,,,0,741,16000,128,740,21000,128
1100,20160112,11, 1,1,       1801 ,,095747,095747,095747611500,1,,,,,,0,741,16000,128,740,22000,128
1100,20160112,11, 1,1,       1801 ,,095747,095747,095747612200,1,,,,,,0,741,17000,128,740,22000,128
1100,20160112,11, 1,1,       1801 ,,095749,095749,095749380800,1,,,,,,0,741,16000,128,740,22000,128
1100,20160112,11, 1,1,       1801 ,,095750,095750,095750292700,1,,,,,,0,741,16000,128,740,21000,128
1100,20160112,11, 1,1,       1801 ,,095751,095751,095751602100,1,,,,,,0,741,17000,128,740,21000,128
1100,20160112,11, 1,1,       1801 ,,095752,095752,095752760300,1,,,,,,0,741,16000,128,740,21000,128
1100,20160112,11, 1,1,       1801 ,,095756,095756,095756804100,1,,,,,,0,741,17000,128,740,21000,128
1100,20160112,11, 1,1,       1801 ,,095800,095800,095800909900,1,,,,,,0,741,16000,128,740,21000,128
1100,20160112,11, 1,1,       1801 ,,095801,095801,095801398400,1,,,,,,0,741,17000,128,740,21000,128
1100,20160112,11, 1,1,       1801 ,,095801,095801,095801571400,1,,,,,,0,741,16000,128,740,21000,128
1100,20160112,11, 1,1,       1801 ,,095803,095803,095803110600,1,,,,,,0,741,16000,128,740,23000,128
1100,20160112,11, 1,1,       1801 ,,095804,095804,095804348000,1,,,,,,0,741,17000,128,740,23000,128
1100,20160112,11, 1,1,       1801 ,095804,095804,095804,095804758100,1,741,48,0,5000,0,0,741,12000,128,740,23000,128
1100,20160112,11, 1,1,       1801 ,,095804,095804,095804759800,1,,,,,,0,741,12000,128,740,29000,128
1100,20160112,11, 1,1,       1801 ,095804,095804,095804,095804760400,1,741,48,0,12000,0,0,742,90000,128,740,29000,128
1100,20160112,11, 1,1,       1801 ,,095804,095804,095804762000,1,,,,,,0,742,90000,128,741,1000,128
1100,20160112,11, 1,1,       1801 ,,095804,095804,095804763600,1,,,,,,0,742,87000,128,741,1000,128
1100,20160112,11, 1,1,       1801 ,,095804,095804,095804765900,1,,,,,,0,742,87000,128,741,7000,128
1100,20160112,11, 1,1,       1801 ,,095804,095804,095804767900,1,,,,,,0,742,86000,128,741,7000,128
1100,20160112,11, 1,1,       1801 ,,095804,095804,095804769700,1,,,,,,0,742,87000,128,741,7000,128
1100,20160112,11, 1,1,       1801 ,,095804,095804,095804774600,1,,,,,,0,742,85000,128,741,7000,128
1100,20160112,11, 1,1,       1801 ,095804,095804,095804,095804775300,1,741,16,0,1000,0,0,742,85000,128,741,6000,128
1100,20160112,11, 1,1,       1801 ,,095804,095804,095804776300,1,,,,,,0,742,85000,128,741,6000,128
1100,20160112,11, 1,1,       1801 ,,095804,095804,095804777800,1,,,,,,0,742,79000,128,741,6000,128
1100,20160112,11, 1,1,       1801 ,,095804,095804,095804779200,1,,,,,,0,742,79000,128,740,34000,128
1100,20160112,11, 1,1,       1801 ,,095804,095804,095804779900,1,,,,,,0,742,79000,128,740,35000,128
1100,20160112,11, 1,1,       1801 ,,095804,095804,095804782800,1,,,,,,0,742,79000,128,741,2000,128
1100,20160112,11, 1,1,       1801 ,,095804,095804,095804783400,1,,,,,,0,742,73000,128,741,2000,128
1100,20160112,11, 1,1,       1801 ,095804,095804,095804,095804785400,1,741,16,0,1000,0,0,742,73000,128,741,1000,128
1100,20160112,11, 1,1,       1801 ,,095804,095804,095804786300,1,,,,,,0,742,73000,128,741,1000,128
1100,20160112,11, 1,1,       1801 ,095804,095804,095804,095804789200,1,741,16,0,1000,0,0,742,73000,128,740,33000,128
1100,20160112,11, 1,1,       1801 ,,095804,095804,095804789900,1,,,,,,0,742,74000,128,740,33000,128
1100,20160112,11, 1,1,       1801 ,,095804,095804,095804790600,1,,,,,,0,742,74000,128,740,31000,128
1100,20160112,11, 1,1,       1801 ,,095804,095804,095804792000,1,,,,,,0,741,4000,128,740,31000,128
1100,20160112,11, 1,1,       1801 ,,095804,095804,095804792700,1,,,,,,0,741,4000,128,740,33000,128
1100,20160112,11, 1,1,       1801 ,,095804,095804,095804793500,1,,,,,,0,741,4000,128,740,39000,128
1100,20160112,11, 1,1,       1801 ,,095804,095804,095804795400,1,,,,,,0,741,4000,128,740,37000,128
1100,20160112,11, 1,1,       1801 ,095804,095804,095804,095804797300,1,741,48,0,1000,0,0,741,3000,128,740,37000,128
1100,20160112,11, 1,1,       1801 ,,095804,095804,095804798200,1,,,,,,0,741,4000,128,740,37000,128
1100,20160112,11, 1,1,       1801 ,,095804,095804,095804812000,1,,,,,,0,741,4000,128,740,40000,128
1100,20160112,11, 1,1,       1801 ,,095804,095804,095804831700,1,,,,,,0,741,3000,128,740,40000,128
1100,20160112,11, 1,1,       1801 ,,095805,095805,095805246100,1,,,,,,0,741,4000,128,740,40000,128
1100,20160112,11, 1,1,       1801 ,,095805,095805,095805254000,1,,,,,,0,741,6000,128,740,40000,128
1100,20160112,11, 1,1,       1801 ,,095805,095805,095805258200,1,,,,,,0,741,6000,128,740,39000,128
1100,20160112,11, 1,1,       1801 ,,095805,095805,095805262900,1,,,,,,0,741,6000,128,740,37000,128
1100,20160112,11, 1,1,       1801 ,,095805,095805,095805274700,1,,,,,,0,741,8000,128,740,37000,128
1100,20160112,11, 1,1,       1801 ,,095805,095805,095805280900,1,,,,,,0,741,9000,128,740,37000,128
1100,20160112,11, 1,1,       1801 ,,095805,095805,095805294100,1,,,,,,0,741,9000,128,740,36000,128
1100,20160112,11, 1,1,       1801 ,,095805,095805,095805298100,1,,,,,,0,741,9000,128,740,35000,128
1100,20160112,11, 1,1,       1801 ,095805,095805,095805,095805304600,1,740,16,0,1000,0,0,741,9000,128,740,34000,128
1100,20160112,11, 1,1,       1801 ,,095805,095805,095805310400,1,,,,,,0,741,9000,128,740,30000,128
1100,20160112,11, 1,1,       1801 ,,095805,095805,095805315600,1,,,,,,0,741,9000,128,740,24000,128
1100,20160112,11, 1,1,       1801 ,,095805,095805,095805318200,1,,,,,,0,741,8000,128,740,24000,128
1100,20160112,11, 1,1,       1801 ,,095805,095805,095805322200,1,,,,,,0,741,12000,128,740,24000,128
1100,20160112,11, 1,1,       1801 ,095805,095805,095805,095805330900,1,740,16,0,2000,0,0,741,12000,128,740,22000,128
1100,20160112,11, 1,1,       1801 ,,095805,095805,095805338600,1,,,,,,0,741,12000,128,740,19000,128
1100,20160112,11, 1,1,       1801 ,,095805,095805,095805344700,1,,,,,,0,741,12000,128,740,13000,128
1100,20160112,11, 1,1,       1801 ,095805,095805,095805,095805347300,1,740,16,0,2000,0,0,741,12000,128,740,11000,128
1100,20160112,11, 1,1,       1801 ,,095805,095805,095805350500,1,,,,,,0,741,13000,128,740,11000,128
1100,20160112,11, 1,1,       1801 ,,095805,095805,095805354300,1,,,,,,0,741,14000,128,740,11000,128
1100,20160112,11, 1,1,       1801 ,,095805,095805,095805359800,1,,,,,,0,741,25000,128,740,11000,128
1100,20160112,11, 1,1,       1801 ,095805,095805,095805,095805363000,1,740,16,0,11000,0,0,741,25000,128,739,72000,128
1100,20160112,11, 1,1,       1801 ,,095805,095805,095805372300,1,,,,,,0,740,2000,128,739,72000,128
1100,20160112,11, 1,1,       1801 ,,095805,095805,095805376300,1,,,,,,0,740,3000,128,739,72000,128
1100,20160112,11, 1,1,       1801 ,,095805,095805,095805381300,1,,,,,,0,740,6000,128,739,72000,128
1100,20160112,11, 1,1,       1801 ,,095805,095805,095805385300,1,,,,,,0,740,6000,128,739,70000,128
1100,20160112,11, 1,1,       1801 ,,095805,095805,095805393200,1,,,,,,0,740,6000,128,739,66000,128
1100,20160112,11, 1,1,       1801 ,,095805,095805,095805396100,1,,,,,,0,740,6000,128,739,65000,128
1100,20160112,11, 1,1,       1801 ,,095805,095805,095805399100,1,,,,,,0,740,6000,128,739,63000,128
1100,20160112,11, 1,1,       1801 ,,095805,095805,095805412800,1,,,,,,0,740,6000,128,739,62000,128
1100,20160112,11, 1,1,       1801 ,,095805,095805,095805416100,1,,,,,,0,740,6000,128,739,61000,128
1100,20160112,11, 1,1,       1801 ,,095805,095805,095805426600,1,,,,,,0,740,6000,128,739,62000,128
1100,20160112,11, 1,1,       1801 ,,095805,095805,095805446100,1,,,,,,0,740,8000,128,739,62000,128
1100,20160112,11, 1,1,       1801 ,,095805,095805,095805463900,1,,,,,,0,740,8000,128,739,56000,128
1100,20160112,11, 1,1,       1801 ,,095805,095805,095805470500,1,,,,,,0,740,6000,128,739,56000,128
1100,20160112,11, 1,1,       1801 ,,095805,095805,095805474900,1,,,,,,0,740,8000,128,739,56000,128
1100,20160112,11, 1,1,       1801 ,,095805,095805,095805491800,1,,,,,,0,740,8000,128,739,55000,128
1100,20160112,11, 1,1,       1801 ,,095805,095805,095805543000,1,,,,,,0,740,6000,128,739,55000,128
1100,20160112,11, 1,1,       1801 ,,095805,095805,095805545800,1,,,,,,0,740,5000,128,739,55000,128
1100,20160112,11, 1,1,       1801 ,,095805,095805,095805553000,1,,,,,,0,740,6000,128,739,55000,128
1100,20160112,11, 1,1,       1801 ,,095805,095805,095805561100,1,,,,,,0,740,8000,128,739,55000,128
1100,20160112,11, 1,1,       1801 ,,095805,095805,095805566500,1,,,,,,0,740,8000,128,739,56000,128
1100,20160112,11, 1,1,       1801 ,,095805,095805,095805584400,1,,,,,,0,740,8000,128,739,53000,128
1100,20160112,11, 1,1,       1801 ,,095805,095805,095805792500,1,,,,,,0,740,9000,128,739,53000,128
1100,20160112,11, 1,1,       1801 ,095805,095805,095805,095805877000,1,740,48,0,1000,0,0,740,8000,128,739,53000,128
1100,20160112,11, 1,1,       1801 ,,095806,095806,095806030600,1,,,,,,0,740,8000,128,739,53000,128
1100,20160112,11, 1,1,       1801 ,,095806,095806,095806973900,1,,,,,,0,740,8000,128,739,48000,128
1100,20160112,11, 1,1,       1801 ,,095807,095807,095807092400,1,,,,,,0,740,8000,128,739,47000,128
1100,20160112,11, 1,1,       1801 ,095807,095807,095807,095807102600,1,740,48,0,1000,0,0,740,7000,128,739,47000,128
1100,20160112,11, 1,1,       1801 ,095807,095807,095807,095807104400,1,740,48,0,1000,0,0,740,6000,128,739,47000,128
1100,20160112,11, 1,1,       1801 ,,095807,095807,095807105400,1,,,,,,0,740,6000,128,739,46000,128
1100,20160112,11, 1,1,       1801 ,,095807,095807,095807208400,1,,,,,,0,740,8000,128,739,46000,128
1100,20160112,11, 1,1,       1801 ,,095808,095808,095808140000,1,,,,,,0,740,8000,128,739,47000,128
1100,20160112,11, 1,1,       1801 ,,095808,095808,095808638300,1,,,,,,0,740,9000,128,739,47000,128
1100,20160112,11, 1,1,       1801 ,,095809,095809,095809573300,1,,,,,,0,740,9000,128,739,48000,128
1100,20160112,11, 1,1,       1801 ,,095809,095809,095809589800,1,,,,,,0,740,7000,128,739,48000,128
1100,20160112,11, 1,1,       1801 ,,095809,095809,095809592000,1,,,,,,0,740,6000,128,739,48000,128
1100,20160112,11, 1,1,       1801 ,,095809,095809,095809596300,1,,,,,,0,740,6000,128,739,50000,128
1100,20160112,11, 1,1,       1801 ,095809,095809,095809,095809750700,1,740,48,0,2000,0,0,740,4000,128,739,50000,128
1100,20160112,11, 1,1,       1801 ,,095809,095809,095809752300,1,,,,,,0,740,2000,128,739,50000,128
1100,20160112,11, 1,1,       1801 ,,095809,095809,095809753600,1,,,,,,0,740,2000,128,739,51000,128
1100,20160112,11, 1,1,       1801 ,095809,095809,095809,095809781100,1,740,48,0,2000,0,0,741,39000,128,739,51000,128
1100,20160112,11, 1,1,       1801 ,,095809,095809,095809782400,1,,,,,,0,741,37000,128,739,51000,128
1100,20160112,11, 1,1,       1801 ,,095809,095809,095809784500,1,,,,,,0,741,37000,128,739,49000,128
1100,20160112,11, 1,1,       1801 ,,095809,095809,095809785300,1,,,,,,0,741,36000,128,739,49000,128
1100,20160112,11, 1,1,       1801 ,,095809,095809,095809786000,1,,,,,,0,741,37000,128,739,49000,128
1100,20160112,11, 1,1,       1801 ,,095811,095811,095811972800,1,,,,,,0,741,41000,128,739,49000,128
1100,20160112,11, 1,1,       1801 ,,095811,095811,095811974900,1,,,,,,0,741,41000,128,739,53000,128
1100,20160112,11, 1,1,       1801 ,,095811,095811,095811975500,1,,,,,,0,741,41000,128,739,52000,128
1100,20160112,11, 1,1,       1801 ,,095812,095812,095812186500,1,,,,,,0,741,38000,128,739,52000,128
1100,20160112,11, 1,1,       1801 ,,095812,095812,095812187900,1,,,,,,0,741,38000,128,739,53000,128
1100,20160112,11, 1,1,       1801 ,,095813,095813,095813702600,1,,,,,,0,741,38000,128,739,55000,128
1100,20160112,11, 1,1,       1801 ,,095813,095813,095813759700,1,,,,,,0,741,38000,128,739,56000,128
1100,20160112,11, 1,1,       1801 ,095813,095813,095813,095813796800,1,739,16,0,1000,0,0,741,38000,128,739,55000,128
1100,20160112,11, 1,1,       1801 ,,095814,095814,095814059100,1,,,,,,0,741,38000,128,739,53000,128
1100,20160112,11, 1,1,       1801 ,,095814,095814,095814582100,1,,,,,,0,741,38000,128,739,52000,128
1100,20160112,11, 1,1,       1801 ,,095814,095814,095814611100,1,,,,,,0,741,38000,128,739,51000,128
1100,20160112,11, 1,1,       1801 ,,095814,095814,095814811800,1,,,,,,0,741,38000,128,739,50000,128
1100,20160112,11, 1,1,       1801 ,,095815,095815,095815060900,1,,,,,,0,741,38000,128,739,51000,128
1100,20160112,11, 1,1,       1801 ,,095815,095815,095815151800,1,,,,,,0,741,38000,128,739,52000,128
1100,20160112,11, 1,1,       1801 ,,095815,095815,095815152400,1,,,,,,0,741,38000,128,739,54000,128
1100,20160112,11, 1,1,       1801 ,,095815,095815,095815239600,1,,,,,,0,741,38000,128,739,52000,128
1100,20160112,11, 1,1,       1801 ,,095815,095815,095815243100,1,,,,,,0,741,38000,128,739,51000,128
1100,20160112,11, 1,1,       1801 ,,095815,095815,095815315200,1,,,,,,0,741,38000,128,739,50000,128
1100,20160112,11, 1,1,       1801 ,,095815,095815,095815902000,1,,,,,,0,741,39000,128,739,50000,128
1100,20160112,11, 1,1,       1801 ,,095816,095816,095816201900,1,,,,,,0,741,38000,128,739,50000,128
1100,20160112,11, 1,1,       1801 ,,095816,095816,095816543400,1,,,,,,0,741,38000,128,739,51000,128
1100,20160112,11, 1,1,       1801 ,,095816,095816,095816711200,1,,,,,,0,741,38000,128,739,50000,128
1100,20160112,11, 1,1,       1801 ,,095816,095816,095816722100,1,,,,,,0,741,39000,128,739,50000,128
1100,20160112,11, 1,1,       1801 ,,095816,095816,095816841600,1,,,,,,0,741,38000,128,739,50000,128
1100,20160112,11, 1,1,       1801 ,,095817,095817,095817707800,1,,,,,,0,741,38000,128,739,51000,128
1100,20160112,11, 1,1,       1801 ,,095817,095817,095817731600,1,,,,,,0,741,38000,128,739,52000,128
1100,20160112,11, 1,1,       1801 ,,095817,095817,095817779200,1,,,,,,0,741,38000,128,739,54000,128
1100,20160112,11, 1,1,       1801 ,,095818,095818,095818362000,1,,,,,,0,741,38000,128,739,52000,128
1100,20160112,11, 1,1,       1801 ,,095819,095819,095819321800,1,,,,,,0,741,38000,128,739,51000,128
1100,20160112,11, 1,1,       1801 ,,095819,095819,095819672600,1,,,,,,0,741,38000,128,739,52000,128
1100,20160112,11, 1,1,       1801 ,,095824,095824,095824031500,1,,,,,,0,741,38000,128,739,51000,128
1100,20160112,11, 1,1,       1801 ,,095824,095824,095824033500,1,,,,,,0,741,38000,128,739,57000,128
1100,20160112,11, 1,1,       1801 ,,095824,095824,095824034800,1,,,,,,0,741,38000,128,739,58000,128
1100,20160112,11, 1,1,       1801 ,,095828,095828,095828982200,1,,,,,,0,741,38000,128,739,60000,128
1100,20160112,11, 1,1,       1801 ,,095828,095828,095828992100,1,,,,,,0,741,38000,128,739,61000,128
1100,20160112,11, 1,1,       1801 ,,095837,095837,095837959100,1,,,,,,0,741,38000,128,739,59000,128
1100,20160112,11, 1,1,       1801 ,,095838,095838,095838062400,1,,,,,,0,741,38000,128,739,58000,128
1100,20160112,11, 1,1,       1801 ,,095839,095839,095839790700,1,,,,,,0,741,38000,128,739,59000,128
1100,20160112,11, 1,1,       1801 ,,095840,095840,095840940600,1,,,,,,0,741,38000,128,739,58000,128
1100,20160112,11, 1,1,       1801 ,,095843,095843,095843131500,1,,,,,,0,741,38000,128,739,60000,128
1100,20160112,11, 1,1,       1801 ,,095843,095843,095843380800,1,,,,,,0,741,38000,128,739,58000,128
1100,20160112,11, 1,1,       1801 ,,095853,095853,095853680700,1,,,,,,0,741,38000,128,739,59000,128
1100,20160112,11, 1,1,       1801 ,,095854,095854,095854627800,1,,,,,,0,741,40000,128,739,59000,128
1100,20160112,11, 1,1,       1801 ,,095857,095857,095857723200,1,,,,,,0,741,41000,128,739,59000,128
1100,20160112,11, 1,1,       1801 ,,095857,095857,095857742400,1,,,,,,0,741,41000,128,739,58000,128
1100,20160112,11, 1,1,       1801 ,,095858,095858,095858574500,1,,,,,,0,741,41000,128,739,59000,128
1100,20160112,11, 1,1,       1801 ,,095858,095858,095858691600,1,,,,,,0,741,40000,128,739,59000,128
1100,20160112,11, 1,1,       1801 ,,095858,095858,095858693300,1,,,,,,0,741,46000,128,739,59000,128
1100,20160112,11, 1,1,       1801 ,,095858,095858,095858694500,1,,,,,,0,741,47000,128,739,59000,128
1100,20160112,11, 1,1,       1801 ,,095859,095859,095859410400,1,,,,,,0,741,43000,128,739,59000,128
1100,20160112,11, 1,1,       1801 ,,095859,095859,095859411900,1,,,,,,0,741,42000,128,739,59000,128
1100,20160112,11, 1,1,       1801 ,,095904,095904,095904347200,1,,,,,,0,741,42000,128,740,1000,128
1100,20160112,11, 1,1,       1801 ,095904,095904,095904,095904349200,1,740,16,0,1000,0,0,741,42000,128,739,59000,128
1100,20160112,11, 1,1,       1801 ,,095904,095904,095904349900,1,,,,,,0,741,42000,128,739,61000,128
1100,20160112,11, 1,1,       1801 ,,095904,095904,095904350700,1,,,,,,0,741,42000,128,739,63000,128
1100,20160112,11, 1,1,       1801 ,,095904,095904,095904353000,1,,,,,,0,740,2000,128,739,63000,128
1100,20160112,11, 1,1,       1801 ,,095904,095904,095904353600,1,,,,,,0,740,3000,128,739,63000,128
1100,20160112,11, 1,1,       1801 ,,095904,095904,095904354400,1,,,,,,0,740,3000,128,739,67000,128
1100,20160112,11, 1,1,       1801 ,,095904,095904,095904358600,1,,,,,,0,740,3000,128,739,69000,128
1100,20160112,11, 1,1,       1801 ,,095904,095904,095904359400,1,,,,,,0,740,3000,128,739,67000,128
1100,20160112,11, 1,1,       1801 ,,095904,095904,095904360900,1,,,,,,0,740,4000,128,739,67000,128
1100,20160112,11, 1,1,       1801 ,,095904,095904,095904361600,1,,,,,,0,740,4000,128,739,66000,128
1100,20160112,11, 1,1,       1801 ,095904,095904,095904,095904362300,1,740,48,0,3000,0,0,740,1000,128,739,66000,128
1100,20160112,11, 1,1,       1801 ,095904,095904,095904,095904363400,1,740,48,0,1000,0,0,741,44000,128,739,66000,128
1100,20160112,11, 1,1,       1801 ,,095904,095904,095904366600,1,,,,,,0,741,44000,128,739,62000,128
1100,20160112,11, 1,1,       1801 ,,095904,095904,095904367300,1,,,,,,0,741,47000,128,739,62000,128
1100,20160112,11, 1,1,       1801 ,,095904,095904,095904368000,1,,,,,,0,741,47000,128,740,1000,128
1100,20160112,11, 1,1,       1801 ,,095904,095904,095904369400,1,,,,,,0,741,45000,128,740,1000,128
1100,20160112,11, 1,1,       1801 ,095904,095904,095904,095904373300,1,740,16,0,1000,0,0,741,45000,128,739,62000,128
1100,20160112,11, 1,1,       1801 ,,095904,095904,095904374000,1,,,,,,0,741,45000,128,739,64000,128
1100,20160112,11, 1,1,       1801 ,,095904,095904,095904374800,1,,,,,,0,741,45000,128,739,68000,128
1100,20160112,11, 1,1,       1801 ,,095904,095904,095904386700,1,,,,,,0,741,42000,128,739,68000,128
1100,20160112,11, 1,1,       1801 ,,095904,095904,095904388000,1,,,,,,0,741,42000,128,739,64000,128
1100,20160112,11, 1,1,       1801 ,095904,095904,095904,095904411500,1,739,16,0,1000,0,0,741,42000,128,739,63000,128
1100,20160112,11, 1,1,       1801 ,,095904,095904,095904412900,1,,,,,,0,741,43000,128,739,63000,128
1100,20160112,11, 1,1,       1801 ,,095904,095904,095904449800,1,,,,,,0,741,43000,128,739,62000,128
1100,20160112,11, 1,1,       1801 ,,095904,095904,095904548700,1,,,,,,0,741,42000,128,739,62000,128
1100,20160112,11, 1,1,       1801 ,,095904,095904,095904588600,1,,,,,,0,741,42000,128,739,63000,128
1100,20160112,11, 1,1,       1801 ,,095905,095905,095905609500,1,,,,,,0,740,5000,128,739,63000,128
1100,20160112,11, 1,1,       1801 ,,095905,095905,095905612400,1,,,,,,0,740,6000,128,739,63000,128
1100,20160112,11, 1,1,       1801 ,,095905,095905,095905613100,1,,,,,,0,740,8000,128,739,63000,128
1100,20160112,11, 1,1,       1801 ,,095905,095905,095905614500,1,,,,,,0,740,8000,128,739,61000,128
1100,20160112,11, 1,1,       1801 ,,095905,095905,095905615300,1,,,,,,0,740,8000,128,739,55000,128
1100,20160112,11, 1,1,       1801 ,,095905,095905,095905616000,1,,,,,,0,740,8000,128,739,57000,128
1100,20160112,11, 1,1,       1801 ,,095905,095905,095905616700,1,,,,,,0,740,8000,128,739,56000,128
1100,20160112,11, 1,1,       1801 ,,095905,095905,095905617500,1,,,,,,0,740,8000,128,739,55000,128
1100,20160112,11, 1,1,       1801 ,,095906,095906,095906080700,1,,,,,,0,740,8000,128,739,53000,128
1100,20160112,11, 1,1,       1801 ,,095910,095910,095910073800,1,,,,,,0,740,10000,128,739,53000,128
1100,20160112,11, 1,1,       1801 ,,095910,095910,095910076000,1,,,,,,0,740,11000,128,739,53000,128
1100,20160112,11, 1,1,       1801 ,,095910,095910,095910486600,1,,,,,,0,740,12000,128,739,53000,128
1100,20160112,11, 1,1,       1801 ,,095914,095914,095914206600,1,,,,,,0,740,11000,128,739,53000,128
1100,20160112,11, 1,1,       1801 ,,095914,095914,095914420900,1,,,,,,0,740,12000,128,739,53000,128
1100,20160112,11, 1,1,       1801 ,,095914,095914,095914422400,1,,,,,,0,740,23000,128,739,53000,128
1100,20160112,11, 1,1,       1801 ,,095914,095914,095914423000,1,,,,,,0,740,26000,128,739,53000,128
1100,20160112,11, 1,1,       1801 ,,095914,095914,095914423700,1,,,,,,0,740,27000,128,739,53000,128
1100,20160112,11, 1,1,       1801 ,,095914,095914,095914424300,1,,,,,,0,740,27000,128,739,50000,128
1100,20160112,11, 1,1,       1801 ,,095914,095914,095914425100,1,,,,,,0,740,27000,128,739,46000,128
1100,20160112,11, 1,1,       1801 ,,095914,095914,095914431400,1,,,,,,0,740,27000,128,739,45000,128
1100,20160112,11, 1,1,       1801 ,095915,095915,095915,095915663500,1,740,48,0,10000,0,0,740,17000,128,739,45000,128
1100,20160112,11, 1,1,       1801 ,,095915,095915,095915666400,1,,,,,,0,740,17000,128,739,45000,128
1100,20160112,11, 1,1,       1801 ,,095922,095922,095922690000,1,,,,,,0,740,19000,128,739,45000,128
1100,20160112,11, 1,1,       1801 ,,095925,095925,095925411200,1,,,,,,0,740,17000,128,739,45000,128
1100,20160112,11, 1,1,       1801 ,,095925,095925,095925413000,1,,,,,,0,740,23000,128,739,45000,128
1100,20160112,11, 1,1,       1801 ,,095927,095927,095927706700,1,,,,,,0,740,25000,128,739,45000,128
1100,20160112,11, 1,1,       1801 ,,095927,095927,095927708100,1,,,,,,0,740,25000,128,739,44000,128
1100,20160112,11, 1,1,       1801 ,,095927,095927,095927778900,1,,,,,,0,740,31000,128,739,44000,128
1100,20160112,11, 1,1,       1801 ,,095942,095942,095942180100,1,,,,,,0,740,29000,128,739,44000,128
1100,20160112,11, 1,1,       1801 ,,095942,095942,095942191600,1,,,,,,0,740,29000,128,739,46000,128
1100,20160112,11, 1,1,       1801 ,,095942,095942,095942214100,1,,,,,,0,740,28000,128,739,46000,128
1100,20160112,11, 1,1,       1801 ,,095942,095942,095942216900,1,,,,,,0,740,28000,128,739,50000,128
1100,20160112,11, 1,1,       1801 ,,095942,095942,095942223800,1,,,,,,0,740,17000,128,739,50000,128
1100,20160112,11, 1,1,       1801 ,,095942,095942,095942233600,1,,,,,,0,740,16000,128,739,50000,128
1100,20160112,11, 1,1,       1801 ,,095942,095942,095942235700,1,,,,,,0,740,18000,128,739,50000,128
1100,20160112,11, 1,1,       1801 ,,095942,095942,095942905600,1,,,,,,0,740,18000,128,739,51000,128
1100,20160112,11, 1,1,       1801 ,,095943,095943,095943751900,1,,,,,,0,740,18000,128,739,49000,128
1100,20160112,11, 1,1,       1801 ,,095944,095944,095944143900,1,,,,,,0,740,24000,128,739,49000,128
1100,20160112,11, 1,1,       1801 ,,095944,095944,095944145900,1,,,,,,0,740,24000,128,739,48000,128
1100,20160112,11, 1,1,       1801 ,,095944,095944,095944146600,1,,,,,,0,740,25000,128,739,48000,128
1100,20160112,11, 1,1,       1801 ,,095944,095944,095944461000,1,,,,,,0,740,25000,128,739,50000,128
1100,20160112,11, 1,1,       1801 ,,095944,095944,095944462500,1,,,,,,0,740,19000,128,739,50000,128
1100,20160112,11, 1,1,       1801 ,,095944,095944,095944464200,1,,,,,,0,740,18000,128,739,50000,128
1100,20160112,11, 1,1,       1801 ,095947,095947,095947,095947177000,1,740,48,0,1000,0,0,740,17000,128,739,50000,128
1100,20160112,11, 1,1,       1801 ,,095947,095947,095947179100,1,,,,,,0,740,17000,128,739,53000,128
1100,20160112,11, 1,1,       1801 ,,095947,095947,095947960000,1,,,,,,0,740,15000,128,739,53000,128
1100,20160112,11, 1,1,       1801 ,,095948,095948,095948006900,1,,,,,,0,740,16000,128,739,53000,128
1100,20160112,11, 1,1,       1801 ,,095948,095948,095948051300,1,,,,,,0,740,18000,128,739,53000,128
1100,20160112,11, 1,1,       1801 ,,095951,095951,095951261700,1,,,,,,0,740,19000,128,739,53000,128
1100,20160112,11, 1,1,       1801 ,,095951,095951,095951263900,1,,,,,,0,740,20000,128,739,53000,128
1100,20160112,11, 1,1,       1801 ,,095954,095954,095954246400,1,,,,,,0,740,19000,128,739,53000,128
1100,20160112,11, 1,1,       1801 ,,095954,095954,095954380000,1,,,,,,0,740,20000,128,739,53000,128
1100,20160112,11, 1,1,       1801 ,,095954,095954,095954480600,1,,,,,,0,740,19000,128,739,53000,128
1100,20160112,11, 1,1,       1801 ,,095956,095956,095956570800,1,,,,,,0,740,19000,128,739,52000,128
1100,20160112,11, 1,1,       1801 ,,095959,095959,095959840400,1,,,,,,0,740,19000,128,739,50000,128
1100,20160112,11, 1,1,       1801 ,,100000,100000,100000653800,1,,,,,,0,740,20000,128,739,50000,128
1100,20160112,11, 1,1,       1801 ,,100000,100000,100000655300,1,,,,,,0,740,31000,128,739,50000,128
1100,20160112,11, 1,1,       1801 ,,100002,100002,100002781300,1,,,,,,0,740,31000,128,739,46000,128
1100,20160112,11, 1,1,       1801 ,,100002,100002,100002782700,1,,,,,,0,740,31000,128,739,43000,128
1100,20160112,11, 1,1,       1801 ,,100002,100002,100002795000,1,,,,,,0,740,33000,128,739,43000,128
1100,20160112,11, 1,1,       1801 ,,100003,100003,100003555400,1,,,,,,0,740,33000,128,739,40000,128
1100,20160112,11, 1,1,       1801 ,,100003,100003,100003557100,1,,,,,,0,740,39000,128,739,40000,128
1100,20160112,11, 1,1,       1801 ,,100005,100005,100005222700,1,,,,,,0,740,39000,128,739,43000,128
1100,20160112,11, 1,1,       1801 ,,100010,100010,100010462400,1,,,,,,0,740,39000,128,739,44000,128
1100,20160112,11, 1,1,       1801 ,,100010,100010,100010707700,1,,,,,,0,740,38000,128,739,44000,128
1100,20160112,11, 1,1,       1801 ,,100010,100010,100010710300,1,,,,,,0,740,38000,128,739,43000,128
1100,20160112,11, 1,1,       1801 ,100020,100020,100020,100020595800,1,740,48,0,1000,0,0,740,37000,128,739,43000,128
1100,20160112,11, 1,1,       1801 ,,100025,100025,100025615900,1,,,,,,0,740,37000,128,739,44000,128
1100,20160112,11, 1,1,       1801 ,,100025,100025,100025846900,1,,,,,,0,740,35000,128,739,44000,128
1100,20160112,11, 1,1,       1801 ,,100037,100037,100037119300,1,,,,,,0,740,35000,128,739,46000,128
1100,20160112,11, 1,1,       1801 ,,100037,100037,100037122200,1,,,,,,0,740,35000,128,739,50000,128
1100,20160112,11, 1,1,       1801 ,,100037,100037,100037123800,1,,,,,,0,740,35000,128,739,53000,128
1100,20160112,11, 1,1,       1801 ,,100037,100037,100037125300,1,,,,,,0,740,24000,128,739,53000,128
1100,20160112,11, 1,1,       1801 ,,100037,100037,100037129400,1,,,,,,0,740,18000,128,739,53000,128
1100,20160112,11, 1,1,       1801 ,,100037,100037,100037130700,1,,,,,,0,740,16000,128,739,53000,128
1100,20160112,11, 1,1,       1801 ,,100037,100037,100037131300,1,,,,,,0,740,15000,128,739,53000,128
1100,20160112,11, 1,1,       1801 ,,100037,100037,100037203400,1,,,,,,0,740,14000,128,739,53000,128
1100,20160112,11, 1,1,       1801 ,,100037,100037,100037538900,1,,,,,,0,740,14000,128,739,56000,128
1100,20160112,11, 1,1,       1801 ,100038,100038,100038,100038641900,1,740,48,0,1000,0,0,740,13000,128,739,55000,128
1100,20160112,11, 1,1,       1801 ,,100041,100041,100041512700,1,,,,,,0,740,14000,128,739,55000,128
1100,20160112,11, 1,1,       1801 ,,100046,100046,100046513000,1,,,,,,0,740,13000,128,739,55000,128
1100,20160112,11, 1,1,       1801 ,,100047,100047,100047014000,1,,,,,,0,740,14000,128,739,55000,128
1100,20160112,11, 1,1,       1801 ,100047,100047,100047,100047030800,1,739,16,0,2000,0,0,740,14000,128,739,53000,128
1100,20160112,11, 1,1,       1801 ,,100047,100047,100047449400,1,,,,,,0,740,14000,128,739,51000,128
1100,20160112,11, 1,1,       1801 ,,100047,100047,100047451400,1,,,,,,0,740,17000,128,739,51000,128
1100,20160112,11, 1,1,       1801 ,,100047,100047,100047454300,1,,,,,,0,740,23000,128,739,51000,128
1100,20160112,11, 1,1,       1801 ,,100047,100047,100047455000,1,,,,,,0,740,25000,128,739,51000,128
1100,20160112,11, 1,1,       1801 ,,100047,100047,100047455800,1,,,,,,0,740,26000,128,739,51000,128
1100,20160112,11, 1,1,       1801 ,,100047,100047,100047456500,1,,,,,,0,740,29000,128,739,51000,128
1100,20160112,11, 1,1,       1801 ,,100047,100047,100047457100,1,,,,,,0,740,40000,128,739,51000,128
1100,20160112,11, 1,1,       1801 ,,100047,100047,100047459300,1,,,,,,0,740,40000,128,739,49000,128
1100,20160112,11, 1,1,       1801 ,,100047,100047,100047460100,1,,,,,,0,740,40000,128,739,46000,128
1100,20160112,11, 1,1,       1801 ,,100047,100047,100047462200,1,,,,,,0,740,40000,128,739,42000,128
1100,20160112,11, 1,1,       1801 ,100047,100047,100047,100047519700,1,739,16,0,4000,0,0,740,40000,128,739,38000,128
1100,20160112,11, 1,1,       1801 ,100047,100047,100047,100047521600,1,739,16,0,17000,0,0,740,40000,128,739,21000,128
1100,20160112,11, 1,1,       1801 ,100047,100047,100047,100047522900,1,739,16,0,15000,0,0,740,40000,128,739,6000,128
1100,20160112,11, 1,1,       1801 ,100047,100047,100047,100047525400,1,739,16,0,6000,0,0,739,11000,128,738,89000,128
1100,20160112,11, 1,1,       1801 ,,100047,100047,100047528500,1,,,,,,0,739,13000,128,738,89000,128
1100,20160112,11, 1,1,       1801 ,,100047,100047,100047533400,1,,,,,,0,739,15000,128,738,89000,128
1100,20160112,11, 1,1,       1801 ,,100047,100047,100047543400,1,,,,,,0,739,22000,128,738,89000,128
1100,20160112,11, 1,1,       1801 ,,100047,100047,100047545000,1,,,,,,0,739,23000,128,738,89000,128
1100,20160112,11, 1,1,       1801 ,,100047,100047,100047549700,1,,,,,,0,739,29000,128,738,89000,128
1100,20160112,11, 1,1,       1801 ,,100047,100047,100047550500,1,,,,,,0,739,29000,128,738,86000,128
1100,20160112,11, 1,1,       1801 ,100047,100047,100047,100047551200,1,739,48,0,1000,0,0,739,28000,128,738,86000,128
1100,20160112,11, 1,1,       1801 ,,100047,100047,100047552200,1,,,,,,0,739,28000,128,738,86000,128
1100,20160112,11, 1,1,       1801 ,,100047,100047,100047554800,1,,,,,,0,739,28000,128,738,85000,128
1100,20160112,11, 1,1,       1801 ,,100047,100047,100047556400,1,,,,,,0,739,28000,128,738,83000,128
1100,20160112,11, 1,1,       1801 ,,100047,100047,100047561000,1,,,,,,0,739,28000,128,738,77000,128
1100,20160112,11, 1,1,       1801 ,,100047,100047,100047561800,1,,,,,,0,739,28000,128,738,76000,128
1100,20160112,11, 1,1,       1801 ,,100047,100047,100047562600,1,,,,,,0,739,29000,128,738,76000,128
1100,20160112,11, 1,1,       1801 ,,100047,100047,100047564400,1,,,,,,0,739,30000,128,738,76000,128
1100,20160112,11, 1,1,       1801 ,,100047,100047,100047565300,1,,,,,,0,739,30000,128,738,75000,128
1100,20160112,11, 1,1,       1801 ,,100047,100047,100047566300,1,,,,,,0,739,30000,128,738,71000,128
1100,20160112,11, 1,1,       1801 ,,100047,100047,100047570200,1,,,,,,0,739,31000,128,738,71000,128
1100,20160112,11, 1,1,       1801 ,,100047,100047,100047573000,1,,,,,,0,739,31000,128,738,53000,128
1100,20160112,11, 1,1,       1801 ,,100047,100047,100047574800,1,,,,,,0,739,31000,128,738,50000,128
1100,20160112,11, 1,1,       1801 ,100047,100047,100047,100047576600,1,739,48,0,1000,0,0,739,30000,128,738,50000,128
1100,20160112,11, 1,1,       1801 ,,100047,100047,100047577800,1,,,,,,0,739,30000,128,738,50000,128
1100,20160112,11, 1,1,       1801 ,,100047,100047,100047661700,1,,,,,,0,739,30000,128,738,47000,128
1100,20160112,11, 1,1,       1801 ,,100047,100047,100047669100,1,,,,,,0,739,28000,128,738,47000,128
1100,20160112,11, 1,1,       1801 ,100047,100047,100047,100047753400,1,738,16,0,1000,0,0,739,28000,128,738,46000,128
1100,20160112,11, 1,1,       1801 ,,100047,100047,100047763700,1,,,,,,0,739,28000,128,738,46000,128
1100,20160112,11, 1,1,       1801 ,,100047,100047,100047773800,1,,,,,,0,739,29000,128,738,46000,128
1100,20160112,11, 1,1,       1801 ,100047,100047,100047,100047859700,1,738,16,0,1000,0,0,739,29000,128,738,45000,128
1100,20160112,11, 1,1,       1801 ,,100048,100048,100048174900,1,,,,,,0,739,29000,128,738,45000,128
1100,20160112,11, 1,1,       1801 ,,100048,100048,100048461800,1,,,,,,0,739,20000,128,738,45000,128
1100,20160112,11, 1,1,       1801 ,,100048,100048,100048471300,1,,,,,,0,739,20000,128,738,44000,128
1100,20160112,11, 1,1,       1801 ,,100050,100050,100050007000,1,,,,,,0,739,38000,128,738,44000,128
1100,20160112,11, 1,1,       1801 ,,100050,100050,100050141800,1,,,,,,0,739,38000,128,738,42000,128
1100,20160112,11, 1,1,       1801 ,,100050,100050,100050686900,1,,,,,,0,739,41000,128,738,42000,128
1100,20160112,11, 1,1,       1801 ,,100050,100050,100050688200,1,,,,,,0,739,41000,128,738,38000,128
1100,20160112,11, 1,1,       1801 ,,100051,100051,100051511600,1,,,,,,0,739,41000,128,738,35000,128
1100,20160112,11, 1,1,       1801 ,,100053,100053,100053648800,1,,,,,,0,739,41000,128,738,34000,128
1100,20160112,11, 1,1,       1801 ,,100053,100053,100053650500,1,,,,,,0,739,44000,128,738,34000,128
1100,20160112,11, 1,1,       1801 ,,100054,100054,100054842600,1,,,,,,0,739,44000,128,738,33000,128
1100,20160112,11, 1,1,       1801 ,,100054,100054,100054844100,1,,,,,,0,739,55000,128,738,33000,128
1100,20160112,11, 1,1,       1801 ,,100054,100054,100054844800,1,,,,,,0,739,61000,128,738,33000,128
1100,20160112,11, 1,1,       1801 ,,100058,100058,100058278200,1,,,,,,0,739,61000,128,738,34000,128
1100,20160112,11, 1,1,       1801 ,,100058,100058,100058296400,1,,,,,,0,739,55000,128,738,34000,128
1100,20160112,11, 1,1,       1801 ,,100103,100103,100103335100,1,,,,,,0,739,55000,128,738,33000,128
1100,20160112,11, 1,1,       1801 ,,100104,100104,100104312800,1,,,,,,0,739,55000,128,738,34000,128
1100,20160112,11, 1,1,       1801 ,,100104,100104,100104486500,1,,,,,,0,739,61000,128,738,34000,128
1100,20160112,11, 1,1,       1801 ,,100105,100105,100105189600,1,,,,,,0,739,61000,128,738,33000,128
1100,20160112,11, 1,1,       1801 ,,100105,100105,100105367200,1,,,,,,0,739,61000,128,738,34000,128
1100,20160112,11, 1,1,       1801 ,,100105,100105,100105959400,1,,,,,,0,739,61000,128,738,33000,128
1100,20160112,11, 1,1,       1801 ,,100122,100122,100122540100,1,,,,,,0,739,63000,128,738,33000,128
1100,20160112,11, 1,1,       1801 ,,100122,100122,100122543800,1,,,,,,0,739,65000,128,738,33000,128
1100,20160112,11, 1,1,       1801 ,,100123,100123,100123513400,1,,,,,,0,739,65000,128,738,34000,128
1100,20160112,11, 1,1,       1801 ,,100129,100129,100129856600,1,,,,,,0,739,65000,128,738,36000,128
1100,20160112,11, 1,1,       1801 ,,100129,100129,100129868800,1,,,,,,0,739,65000,128,738,40000,128
1100,20160112,11, 1,1,       1801 ,,100129,100129,100129890400,1,,,,,,0,739,54000,128,738,40000,128
1100,20160112,11, 1,1,       1801 ,,100129,100129,100129893600,1,,,,,,0,739,53000,128,738,40000,128
1100,20160112,11, 1,1,       1801 ,,100130,100130,100130162200,1,,,,,,0,739,53000,128,738,38000,128
1100,20160112,11, 1,1,       1801 ,,100136,100136,100136714900,1,,,,,,0,739,56000,128,738,38000,128
1100,20160112,11, 1,1,       1801 ,,100143,100143,100143987100,1,,,,,,0,739,62000,128,738,38000,128
1100,20160112,11, 1,1,       1801 ,,100152,100152,100152076900,1,,,,,,0,739,60000,128,738,38000,128
1100,20160112,11, 1,1,       1801 ,,100152,100152,100152081500,1,,,,,,0,739,58000,128,738,38000,128
1100,20160112,11, 1,1,       1801 ,,100152,100152,100152420900,1,,,,,,0,739,58000,128,738,37000,128
1100,20160112,11, 1,1,       1801 ,,100155,100155,100155211100,1,,,,,,0,739,58000,128,738,38000,128
1100,20160112,11, 1,1,       1801 ,,100156,100156,100156815800,1,,,,,,0,739,58000,128,738,37000,128
1100,20160112,11, 1,1,       1801 ,,100156,100156,100156832000,1,,,,,,0,739,59000,128,738,37000,128
1100,20160112,11, 1,1,       1801 ,,100156,100156,100156834700,1,,,,,,0,739,70000,128,738,37000,128
1100,20160112,11, 1,1,       1801 ,,100158,100158,100158932700,1,,,,,,0,739,69000,128,738,37000,128
1100,20160112,11, 1,1,       1801 ,,100200,100200,100200323600,1,,,,,,0,739,70000,128,738,37000,128
1100,20160112,11, 1,1,       1801 ,,100201,100201,100201191300,1,,,,,,0,739,69000,128,738,37000,128
1100,20160112,11, 1,1,       1801 ,,100201,100201,100201443900,1,,,,,,0,739,69000,128,738,38000,128
1100,20160112,11, 1,1,       1801 ,,100206,100206,100206653200,1,,,,,,0,739,69000,128,738,37000,128
1100,20160112,11, 1,1,       1801 ,,100207,100207,100207920800,1,,,,,,0,739,69000,128,738,38000,128
1100,20160112,11, 1,1,       1801 ,,100207,100207,100207943500,1,,,,,,0,739,58000,128,738,38000,128
1100,20160112,11, 1,1,       1801 ,,100211,100211,100211711300,1,,,,,,0,739,60000,128,738,38000,128
1100,20160112,11, 1,1,       1801 ,,100211,100211,100211714800,1,,,,,,0,739,62000,128,738,38000,128
1100,20160112,11, 1,1,       1801 ,,100213,100213,100213461700,1,,,,,,0,739,60000,128,738,38000,128
1100,20160112,11, 1,1,       1801 ,,100214,100214,100214006000,1,,,,,,0,739,42000,128,738,38000,128
1100,20160112,11, 1,1,       1801 ,100214,100214,100214,100214480800,1,739,48,0,13000,0,0,739,29000,128,738,38000,128
1100,20160112,11, 1,1,       1801 ,100214,100214,100214,100214482000,1,739,48,0,10000,0,0,739,19000,128,738,38000,128
1100,20160112,11, 1,1,       1801 ,100214,100214,100214,100214483800,1,739,48,0,15000,0,0,739,4000,128,738,38000,128
1100,20160112,11, 1,1,       1801 ,,100214,100214,100214485100,1,,,,,,0,739,4000,128,738,40000,128
1100,20160112,11, 1,1,       1801 ,100214,100214,100214,100214487500,1,739,48,0,4000,0,0,740,53000,128,738,40000,128
1100,20160112,11, 1,1,       1801 ,,100214,100214,100214488600,1,,,,,,0,740,53000,128,738,41000,128
1100,20160112,11, 1,1,       1801 ,,100214,100214,100214490200,1,,,,,,0,740,53000,128,738,44000,128
1100,20160112,11, 1,1,       1801 ,,100214,100214,100214490900,1,,,,,,0,740,53000,128,739,2000,128
1100,20160112,11, 1,1,       1801 ,,100214,100214,100214493900,1,,,,,,0,740,53000,128,739,9000,128
1100,20160112,11, 1,1,       1801 ,,100214,100214,100214499000,1,,,,,,0,740,52000,128,739,9000,128
1100,20160112,11, 1,1,       1801 ,,100214,100214,100214499800,1,,,,,,0,740,52000,128,739,11000,128
1100,20160112,11, 1,1,       1801 ,,100214,100214,100214503700,1,,,,,,0,740,52000,128,739,12000,128
1100,20160112,11, 1,1,       1801 ,,100214,100214,100214506900,1,,,,,,0,740,53000,128,739,12000,128
1100,20160112,11, 1,1,       1801 ,,100214,100214,100214509100,1,,,,,,0,740,51000,128,739,12000,128
1100,20160112,11, 1,1,       1801 ,,100214,100214,100214510600,1,,,,,,0,740,51000,128,739,13000,128
1100,20160112,11, 1,1,       1801 ,,100214,100214,100214511200,1,,,,,,0,740,51000,128,739,15000,128
1100,20160112,11, 1,1,       1801 ,,100214,100214,100214512700,1,,,,,,0,740,52000,128,739,15000,128
1100,20160112,11, 1,1,       1801 ,,100214,100214,100214515000,1,,,,,,0,740,52000,128,739,17000,128
1100,20160112,11, 1,1,       1801 ,,100214,100214,100214515700,1,,,,,,0,740,50000,128,739,17000,128
1100,20160112,11, 1,1,       1801 ,100214,100214,100214,100214516500,1,739,16,0,2000,0,0,740,50000,128,739,15000,128
1100,20160112,11, 1,1,       1801 ,,100214,100214,100214517600,1,,,,,,0,740,50000,128,739,15000,128
1100,20160112,11, 1,1,       1801 ,,100214,100214,100214519400,1,,,,,,0,740,50000,128,739,16000,128
1100,20160112,11, 1,1,       1801 ,,100214,100214,100214520200,1,,,,,,0,740,44000,128,739,16000,128
1100,20160112,11, 1,1,       1801 ,,100214,100214,100214521200,1,,,,,,0,740,44000,128,739,20000,128
1100,20160112,11, 1,1,       1801 ,,100214,100214,100214522000,1,,,,,,0,740,40000,128,739,20000,128
1100,20160112,11, 1,1,       1801 ,,100214,100214,100214523600,1,,,,,,0,740,39000,128,739,20000,128
1100,20160112,11, 1,1,       1801 ,,100214,100214,100214561700,1,,,,,,0,740,36000,128,739,20000,128
1100,20160112,11, 1,1,       1801 ,,100214,100214,100214613000,1,,,,,,0,740,35000,128,739,20000,128
1100,20160112,11, 1,1,       1801 ,,100214,100214,100214614600,1,,,,,,0,740,35000,128,739,26000,128
1100,20160112,11, 1,1,       1801 ,,100214,100214,100214615800,1,,,,,,0,740,32000,128,739,26000,128
1100,20160112,11, 1,1,       1801 ,,100214,100214,100214674000,1,,,,,,0,740,24000,128,739,26000,128
1100,20160112,11, 1,1,       1801 ,,100215,100215,100215493800,1,,,,,,0,740,24000,128,739,25000,128
1100,20160112,11, 1,1,       1801 ,,100216,100216,100216090500,1,,,,,,0,740,22000,128,739,25000,128
1100,20160112,11, 1,1,       1801 ,,100216,100216,100216638300,1,,,,,,0,740,22000,128,739,27000,128
1100,20160112,11, 1,1,       1801 ,,100217,100217,100217391200,1,,,,,,0,740,11000,128,739,27000,128
1100,20160112,11, 1,1,       1801 ,,100217,100217,100217392500,1,,,,,,0,740,9000,128,739,27000,128
1100,20160112,11, 1,1,       1801 ,100217,100217,100217,100217393200,1,740,48,0,1000,0,0,740,8000,128,739,27000,128
1100,20160112,11, 1,1,       1801 ,,100217,100217,100217394100,1,,,,,,0,740,7000,128,739,27000,128
1100,20160112,11, 1,1,       1801 ,100217,100217,100217,100217394900,1,740,48,0,1000,0,0,740,6000,128,739,27000,128
1100,20160112,11, 1,1,       1801 ,100217,100217,100217,100217395800,1,740,48,0,1000,0,0,740,5000,128,739,27000,128
1100,20160112,11, 1,1,       1801 ,100217,100217,100217,100217396700,1,740,48,0,5000,0,0,741,64000,128,740,2000,128
1100,20160112,11, 1,1,       1801 ,,100217,100217,100217398400,1,,,,,,0,741,61000,128,740,2000,128
1100,20160112,11, 1,1,       1801 ,100217,100217,100217,100217399200,1,740,16,0,2000,0,0,741,61000,128,739,27000,128
1100,20160112,11, 1,1,       1801 ,,100217,100217,100217400000,1,,,,,,0,741,61000,128,739,27000,128
1100,20160112,11, 1,1,       1801 ,,100217,100217,100217401600,1,,,,,,0,741,59000,128,739,27000,128
1100,20160112,11, 1,1,       1801 ,,100217,100217,100217402400,1,,,,,,0,740,2000,128,739,27000,128
1100,20160112,11, 1,1,       1801 ,,100217,100217,100217405600,1,,,,,,0,740,2000,128,739,29000,128
1100,20160112,11, 1,1,       1801 ,,100217,100217,100217407900,1,,,,,,0,740,2000,128,739,33000,128
1100,20160112,11, 1,1,       1801 ,,100217,100217,100217408500,1,,,,,,0,740,2000,128,739,41000,128
1100,20160112,11, 1,1,       1801 ,,100217,100217,100217409100,1,,,,,,0,740,2000,128,739,45000,128
1100,20160112,11, 1,1,       1801 ,,100217,100217,100217412900,1,,,,,,0,740,2000,128,739,43000,128
1100,20160112,11, 1,1,       1801 ,,100217,100217,100217414200,1,,,,,,0,740,8000,128,739,43000,128
1100,20160112,11, 1,1,       1801 ,,100217,100217,100217414800,1,,,,,,0,740,8000,128,739,44000,128
1100,20160112,11, 1,1,       1801 ,,100217,100217,100217416000,1,,,,,,0,740,8000,128,739,43000,128
1100,20160112,11, 1,1,       1801 ,,100217,100217,100217416700,1,,,,,,0,740,10000,128,739,43000,128
1100,20160112,11, 1,1,       1801 ,100217,100217,100217,100217420000,1,740,48,0,1000,0,0,740,9000,128,739,43000,128
1100,20160112,11, 1,1,       1801 ,,100217,100217,100217420800,1,,,,,,0,740,3000,128,739,43000,128
1100,20160112,11, 1,1,       1801 ,,100217,100217,100217422200,1,,,,,,0,740,3000,128,739,39000,128
1100,20160112,11, 1,1,       1801 ,,100217,100217,100217423900,1,,,,,,0,740,3000,128,739,40000,128
1100,20160112,11, 1,1,       1801 ,,100217,100217,100217425300,1,,,,,,0,740,3000,128,739,39000,128
1100,20160112,11, 1,1,       1801 ,,100217,100217,100217538000,1,,,,,,0,740,3000,128,739,42000,128
1100,20160112,11, 1,1,       1801 ,,100218,100218,100218336300,1,,,,,,0,740,2000,128,739,42000,128
1100,20160112,11, 1,1,       1801 ,,100219,100219,100219155800,1,,,,,,0,740,2000,128,739,34000,128
1100,20160112,11, 1,1,       1801 ,100219,100219,100219,100219871500,1,740,48,0,1000,0,0,740,1000,128,739,34000,128
1100,20160112,11, 1,1,       1801 ,,100219,100219,100219873300,1,,,,,,0,740,1000,128,739,38000,128
1100,20160112,11, 1,1,       1801 ,,100219,100219,100219899300,1,,,,,,0,741,63000,128,739,38000,128
1100,20160112,11, 1,1,       1801 ,,100219,100219,100219901500,1,,,,,,0,741,61000,128,739,38000,128
1100,20160112,11, 1,1,       1801 ,,100219,100219,100219903600,1,,,,,,0,741,61000,128,739,44000,128
1100,20160112,11, 1,1,       1801 ,,100219,100219,100219911500,1,,,,,,0,741,58000,128,739,44000,128
1100,20160112,11, 1,1,       1801 ,,100219,100219,100219912800,1,,,,,,0,741,58000,128,739,40000,128
1100,20160112,11, 1,1,       1801 ,,100221,100221,100221069800,1,,,,,,0,741,42000,128,739,40000,128
1100,20160112,11, 1,1,       1801 ,,100221,100221,100221071500,1,,,,,,0,741,42000,128,739,41000,128
1100,20160112,11, 1,1,       1801 ,,100222,100222,100222711200,1,,,,,,0,741,42000,128,739,40000,128
1100,20160112,11, 1,1,       1801 ,,100232,100232,100232572100,1,,,,,,0,741,43000,128,739,40000,128
1100,20160112,11, 1,1,       1801 ,,100232,100232,100232573600,1,,,,,,0,741,43000,128,739,43000,128
1100,20160112,11, 1,1,       1801 ,,100232,100232,100232594800,1,,,,,,0,740,2000,128,739,43000,128
1100,20160112,11, 1,1,       1801 ,,100232,100232,100232598600,1,,,,,,0,740,6000,128,739,43000,128
1100,20160112,11, 1,1,       1801 ,,100232,100232,100232599400,1,,,,,,0,740,6000,128,739,37000,128
1100,20160112,11, 1,1,       1801 ,,100232,100232,100232600700,1,,,,,,0,740,7000,128,739,37000,128
1100,20160112,11, 1,1,       1801 ,,100232,100232,100232601500,1,,,,,,0,740,8000,128,739,37000,128
1100,20160112,11, 1,1,       1801 ,,100232,100232,100232602900,1,,,,,,0,740,8000,128,739,36000,128
1100,20160112,11, 1,1,       1801 ,,100232,100232,100232611600,1,,,,,,0,740,8000,128,739,33000,128
1100,20160112,11, 1,1,       1801 ,,100233,100233,100233610100,1,,,,,,0,740,7000,128,739,33000,128
1100,20160112,11, 1,1,       1801 ,,100233,100233,100233611800,1,,,,,,0,740,13000,128,739,33000,128
1100,20160112,11, 1,1,       1801 ,,100233,100233,100233613400,1,,,,,,0,740,16000,128,739,33000,128
1100,20160112,11, 1,1,       1801 ,,100233,100233,100233922600,1,,,,,,0,740,16000,128,739,34000,128
1100,20160112,11, 1,1,       1801 ,,100235,100235,100235748100,1,,,,,,0,740,16000,128,739,33000,128
1100,20160112,11, 1,1,       1801 ,,100235,100235,100235856200,1,,,,,,0,740,16000,128,739,34000,128
1100,20160112,11, 1,1,       1801 ,,100236,100236,100236076000,1,,,,,,0,740,16000,128,739,33000,128
1100,20160112,11, 1,1,       1801 ,,100239,100239,100239930800,1,,,,,,0,740,16000,128,739,34000,128
1100,20160112,11, 1,1,       1801 ,,100242,100242,100242702900,1,,,,,,0,740,16000,128,739,33000,128
1100,20160112,11, 1,1,       1801 ,,100246,100246,100246937400,1,,,,,,0,740,16000,128,739,34000,128
1100,20160112,11, 1,1,       1801 ,,100246,100246,100246953100,1,,,,,,0,740,16000,128,739,33000,128
1100,20160112,11, 1,1,       1801 ,,100250,100250,100250031700,1,,,,,,0,740,17000,128,739,33000,128
1100,20160112,11, 1,1,       1801 ,,100250,100250,100250973500,1,,,,,,0,740,16000,128,739,33000,128
1100,20160112,11, 1,1,       1801 ,,100251,100251,100251190700,1,,,,,,0,740,16000,128,739,34000,128
1100,20160112,11, 1,1,       1801 ,,100251,100251,100251537600,1,,,,,,0,740,16000,128,739,37000,128
1100,20160112,11, 1,1,       1801 ,,100251,100251,100251538900,1,,,,,,0,740,10000,128,739,37000,128
1100,20160112,11, 1,1,       1801 ,,100251,100251,100251541000,1,,,,,,0,740,9000,128,739,37000,128
1100,20160112,11, 1,1,       1801 ,,100251,100251,100251542200,1,,,,,,0,740,7000,128,739,37000,128
1100,20160112,11, 1,1,       1801 ,,100251,100251,100251542900,1,,,,,,0,740,4000,128,739,37000,128
1100,20160112,11, 1,1,       1801 ,,100251,100251,100251544800,1,,,,,,0,741,46000,128,739,37000,128
1100,20160112,11, 1,1,       1801 ,,100251,100251,100251545500,1,,,,,,0,741,46000,128,739,38000,128
1100,20160112,11, 1,1,       1801 ,,100251,100251,100251548400,1,,,,,,0,741,46000,128,739,46000,128
1100,20160112,11, 1,1,       1801 ,,100251,100251,100251549000,1,,,,,,0,741,46000,128,739,52000,128
1100,20160112,11, 1,1,       1801 ,,100251,100251,100251549700,1,,,,,,0,741,47000,128,739,52000,128
1100,20160112,11, 1,1,       1801 ,,100251,100251,100251551200,1,,,,,,0,741,47000,128,739,53000,128
1100,20160112,11, 1,1,       1801 ,,100251,100251,100251561700,1,,,,,,0,741,44000,128,739,53000,128
1100,20160112,11, 1,1,       1801 ,,100251,100251,100251748700,1,,,,,,0,741,44000,128,739,52000,128
1100,20160112,11, 1,1,       1801 ,,100252,100252,100252632900,1,,,,,,0,741,44000,128,739,53000,128
1100,20160112,11, 1,1,       1801 ,,100252,100252,100252848700,1,,,,,,0,741,44000,128,739,52000,128
1100,20160112,11, 1,1,       1801 ,,100254,100254,100254010400,1,,,,,,0,741,62000,128,739,52000,128
1100,20160112,11, 1,1,       1801 ,100259,100259,100259,100259200600,1,739,16,0,5000,0,0,741,62000,128,739,47000,128
1100,20160112,11, 1,1,       1801 ,,100259,100259,100259202200,1,,,,,,0,741,63000,128,739,47000,128
1100,20160112,11, 1,1,       1801 ,,100259,100259,100259202900,1,,,,,,0,740,2000,128,739,47000,128
1100,20160112,11, 1,1,       1801 ,,100259,100259,100259203600,1,,,,,,0,740,2000,128,739,45000,128
1100,20160112,11, 1,1,       1801 ,,100259,100259,100259204400,1,,,,,,0,740,4000,128,739,45000,128
1100,20160112,11, 1,1,       1801 ,,100259,100259,100259207200,1,,,,,,0,740,4000,128,739,44000,128
1100,20160112,11, 1,1,       1801 ,,100259,100259,100259207900,1,,,,,,0,740,4000,128,739,38000,128
1100,20160112,11, 1,1,       1801 ,,100259,100259,100259209200,1,,,,,,0,740,2000,128,739,38000,128
1100,20160112,11, 1,1,       1801 ,,100259,100259,100259211700,1,,,,,,0,740,2000,128,739,35000,128
1100,20160112,11, 1,1,       1801 ,100259,100259,100259,100259769700,1,740,48,0,1000,0,0,740,1000,128,739,35000,128
1100,20160112,11, 1,1,       1801 ,,100300,100300,100300844600,1,,,,,,0,740,1000,128,739,35000,128
1100,20160112,11, 1,1,       1801 ,100301,100301,100301,100301810500,1,740,48,0,1000,0,0,741,63000,128,739,35000,128
1100,20160112,11, 1,1,       1801 ,,100301,100301,100301812100,1,,,,,,0,741,63000,128,740,1000,128
1100,20160112,11, 1,1,       1801 ,,100301,100301,100301814300,1,,,,,,0,741,61000,128,740,1000,128
1100,20160112,11, 1,1,       1801 ,100301,100301,100301,100301829900,1,740,16,0,1000,0,0,741,61000,128,739,37000,128
1100,20160112,11, 1,1,       1801 ,,100301,100301,100301843200,1,,,,,,0,741,59000,128,739,37000,128
1100,20160112,11, 1,1,       1801 ,,100301,100301,100301858300,1,,,,,,0,741,59000,128,739,41000,128
1100,20160112,11, 1,1,       1801 ,,100301,100301,100301861100,1,,,,,,0,740,1000,128,739,41000,128
1100,20160112,11, 1,1,       1801 ,100301,100301,100301,100301874800,1,740,48,0,1000,0,0,741,59000,128,739,41000,128
1100,20160112,11, 1,1,       1801 ,,100301,100301,100301880200,1,,,,,,0,741,59000,128,740,2000,128
1100,20160112,11, 1,1,       1801 ,,100301,100301,100301886400,1,,,,,,0,741,59000,128,740,3000,128
1100,20160112,11, 1,1,       1801 ,,100301,100301,100301893200,1,,,,,,0,741,58000,128,740,3000,128
1100,20160112,11, 1,1,       1801 ,,100301,100301,100301903200,1,,,,,,0,741,57000,128,740,3000,128
1100,20160112,11, 1,1,       1801 ,,100301,100301,100301912000,1,,,,,,0,741,57000,128,740,5000,128
1100,20160112,11, 1,1,       1801 ,100301,100301,100301,100301922400,1,740,16,0,5000,0,0,740,1000,128,739,39000,128
1100,20160112,11, 1,1,       1801 ,,100301,100301,100301926500,1,,,,,,0,740,1000,128,739,39000,128
1100,20160112,11, 1,1,       1801 ,,100301,100301,100301936700,1,,,,,,0,740,1000,128,739,38000,128
1100,20160112,11, 1,1,       1801 ,100301,100301,100301,100301952900,1,740,48,0,1000,0,0,741,60000,128,739,38000,128
1100,20160112,11, 1,1,       1801 ,,100301,100301,100301957600,1,,,,,,0,741,60000,128,739,38000,128
1100,20160112,11, 1,1,       1801 ,,100301,100301,100301960800,1,,,,,,0,741,62000,128,739,38000,128
1100,20160112,11, 1,1,       1801 ,,100301,100301,100301967600,1,,,,,,0,741,56000,128,739,38000,128
1100,20160112,11, 1,1,       1801 ,,100301,100301,100301974500,1,,,,,,0,741,56000,128,739,36000,128
1100,20160112,11, 1,1,       1801 ,,100301,100301,100301977300,1,,,,,,0,741,56000,128,740,4000,128
1100,20160112,11, 1,1,       1801 ,,100301,100301,100301981700,1,,,,,,0,741,54000,128,740,4000,128
1100,20160112,11, 1,1,       1801 ,,100301,100301,100301985800,1,,,,,,0,741,53000,128,740,4000,128
1100,20160112,11, 1,1,       1801 ,,100301,100301,100301996900,1,,,,,,0,741,53000,128,740,5000,128
1100,20160112,11, 1,1,       1801 ,,100302,100302,100302000800,1,,,,,,0,741,53000,128,740,6000,128
1100,20160112,11, 1,1,       1801 ,,100302,100302,100302010900,1,,,,,,0,741,54000,128,740,6000,128
1100,20160112,11, 1,1,       1801 ,100302,100302,100302,100302016100,1,740,16,0,1000,0,0,741,54000,128,740,5000,128
1100,20160112,11, 1,1,       1801 ,,100302,100302,100302021900,1,,,,,,0,741,54000,128,740,4000,128
1100,20160112,11, 1,1,       1801 ,,100302,100302,100302030200,1,,,,,,0,741,54000,128,740,3000,128
1100,20160112,11, 1,1,       1801 ,,100302,100302,100302037800,1,,,,,,0,741,54000,128,740,4000,128
1100,20160112,11, 1,1,       1801 ,,100302,100302,100302049300,1,,,,,,0,741,53000,128,740,4000,128
1100,20160112,11, 1,1,       1801 ,,100302,100302,100302051700,1,,,,,,0,741,54000,128,740,4000,128
1100,20160112,11, 1,1,       1801 ,,100302,100302,100302055100,1,,,,,,0,741,54000,128,740,6000,128
1100,20160112,11, 1,1,       1801 ,,100302,100302,100302056800,1,,,,,,0,741,53000,128,740,6000,128
1100,20160112,11, 1,1,       1801 ,100302,100302,100302,100302060400,1,741,48,0,2000,0,0,741,51000,128,740,6000,128
1100,20160112,11, 1,1,       1801 ,,100302,100302,100302062600,1,,,,,,0,741,51000,128,740,10000,128
1100,20160112,11, 1,1,       1801 ,,100302,100302,100302066800,1,,,,,,0,741,51000,128,740,11000,128
1100,20160112,11, 1,1,       1801 ,,100302,100302,100302069700,1,,,,,,0,741,43000,128,740,11000,128
1100,20160112,11, 1,1,       1801 ,,100302,100302,100302073500,1,,,,,,0,741,43000,128,740,10000,128
1100,20160112,11, 1,1,       1801 ,,100302,100302,100302078200,1,,,,,,0,741,43000,128,740,11000,128
1100,20160112,11, 1,1,       1801 ,,100302,100302,100302080200,1,,,,,,0,741,43000,128,740,13000,128
1100,20160112,11, 1,1,       1801 ,,100302,100302,100302090500,1,,,,,,0,741,43000,128,740,14000,128
1100,20160112,11, 1,1,       1801 ,,100302,100302,100302093700,1,,,,,,0,741,43000,128,740,16000,128
1100,20160112,11, 1,1,       1801 ,,100302,100302,100302125100,1,,,,,,0,741,43000,128,740,19000,128
1100,20160112,11, 1,1,       1801 ,,100302,100302,100302170900,1,,,,,,0,741,45000,128,740,19000,128
1100,20160112,11, 1,1,       1801 ,,100302,100302,100302173000,1,,,,,,0,741,45000,128,740,20000,128
1100,20160112,11, 1,1,       1801 ,,100302,100302,100302192700,1,,,,,,0,741,45000,128,740,18000,128
1100,20160112,11, 1,1,       1801 ,,100302,100302,100302239400,1,,,,,,0,741,43000,128,740,18000,128
1100,20160112,11, 1,1,       1801 ,,100302,100302,100302247700,1,,,,,,0,741,43000,128,740,19000,128
1100,20160112,11, 1,1,       1801 ,,100302,100302,100302269800,1,,,,,,0,741,42000,128,740,19000,128
1100,20160112,11, 1,1,       1801 ,,100302,100302,100302339400,1,,,,,,0,741,44000,128,740,19000,128
1100,20160112,11, 1,1,       1801 ,,100302,100302,100302348000,1,,,,,,0,741,44000,128,740,18000,128
1100,20160112,11, 1,1,       1801 ,,100302,100302,100302356200,1,,,,,,0,741,44000,128,740,19000,128
1100,20160112,11, 1,1,       1801 ,,100302,100302,100302439500,1,,,,,,0,741,42000,128,740,19000,128
1100,20160112,11, 1,1,       1801 ,,100302,100302,100302558600,1,,,,,,0,741,42000,128,740,20000,128
1100,20160112,11, 1,1,       1801 ,,100302,100302,100302686400,1,,,,,,0,741,42000,128,740,19000,128
1100,20160112,11, 1,1,       1801 ,100302,100302,100302,100302794800,1,741,48,0,28000,0,0,741,14000,128,740,19000,128
1100,20160112,11, 1,1,       1801 ,,100302,100302,100302797500,1,,,,,,0,741,14000,128,740,21000,128
1100,20160112,11, 1,1,       1801 ,100302,100302,100302,100302798400,1,741,48,0,6000,0,0,741,8000,128,740,21000,128
1100,20160112,11, 1,1,       1801 ,,100302,100302,100302799500,1,,,,,,0,741,9000,128,740,21000,128
1100,20160112,11, 1,1,       1801 ,,100302,100302,100302803200,1,,,,,,0,741,7000,128,740,21000,128
1100,20160112,11, 1,1,       1801 ,100302,100302,100302,100302804400,1,741,48,0,1000,0,0,741,6000,128,740,21000,128
1100,20160112,11, 1,1,       1801 ,,100302,100302,100302805800,1,,,,,,0,741,6000,128,740,21000,128
1100,20160112,11, 1,1,       1801 ,,100302,100302,100302806900,1,,,,,,0,741,6000,128,740,29000,128
1100,20160112,11, 1,1,       1801 ,,100302,100302,100302807600,1,,,,,,0,741,7000,128,740,29000,128
1100,20160112,11, 1,1,       1801 ,,100303,100303,100303010400,1,,,,,,0,741,2000,128,740,29000,128
1100,20160112,11, 1,1,       1801 ,,100303,100303,100303012000,1,,,,,,0,741,6000,128,740,29000,128
1100,20160112,11, 1,1,       1801 ,,100303,100303,100303142000,1,,,,,,0,741,5000,128,740,29000,128
1100,20160112,11, 1,1,       1801 ,,100303,100303,100303319200,1,,,,,,0,741,6000,128,740,29000,128
1100,20160112,11, 1,1,       1801 ,,100303,100303,100303369100,1,,,,,,0,741,8000,128,740,29000,128
1100,20160112,11, 1,1,       1801 ,,100303,100303,100303392300,1,,,,,,0,741,8000,128,740,28000,128
1100,20160112,11, 1,1,       1801 ,,100303,100303,100303692300,1,,,,,,0,741,9000,128,740,28000,128
1100,20160112,11, 1,1,       1801 ,,100303,100303,100303694700,1,,,,,,0,741,11000,128,740,28000,128
1100,20160112,11, 1,1,       1801 ,,100303,100303,100303698200,1,,,,,,0,741,11000,128,740,26000,128
1100,20160112,11, 1,1,       1801 ,,100304,100304,100304129500,1,,,,,,0,741,11000,128,740,25000,128
1100,20160112,11, 1,1,       1801 ,100304,100304,100304,100304130700,1,740,16,0,6000,0,0,741,11000,128,740,19000,128
1100,20160112,11, 1,1,       1801 ,100304,100304,100304,100304135400,1,740,16,0,5000,0,0,741,11000,128,740,14000,128
1100,20160112,11, 1,1,       1801 ,,100304,100304,100304137300,1,,,,,,0,741,12000,128,740,14000,128
1100,20160112,11, 1,1,       1801 ,,100304,100304,100304138100,1,,,,,,0,741,12000,128,740,12000,128
1100,20160112,11, 1,1,       1801 ,,100304,100304,100304139300,1,,,,,,0,741,13000,128,740,12000,128
1100,20160112,11, 1,1,       1801 ,100304,100304,100304,100304140100,1,740,16,0,12000,0,0,741,13000,128,739,40000,128
1100,20160112,11, 1,1,       1801 ,,100304,100304,100304141300,1,,,,,,0,741,13000,128,739,40000,128
1100,20160112,11, 1,1,       1801 ,,100304,100304,100304142500,1,,,,,,0,740,1000,128,739,40000,128
1100,20160112,11, 1,1,       1801 ,,100304,100304,100304149300,1,,,,,,0,740,3000,128,739,40000,128
1100,20160112,11, 1,1,       1801 ,,100304,100304,100304152900,1,,,,,,0,740,3000,128,739,34000,128
1100,20160112,11, 1,1,       1801 ,,100304,100304,100304153700,1,,,,,,0,740,7000,128,739,34000,128
1100,20160112,11, 1,1,       1801 ,,100304,100304,100304154500,1,,,,,,0,740,8000,128,739,34000,128
1100,20160112,11, 1,1,       1801 ,,100304,100304,100304155300,1,,,,,,0,740,9000,128,739,34000,128
1100,20160112,11, 1,1,       1801 ,,100304,100304,100304157600,1,,,,,,0,740,9000,128,739,32000,128
1100,20160112,11, 1,1,       1801 ,,100304,100304,100304160100,1,,,,,,0,740,9000,128,739,31000,128
1100,20160112,11, 1,1,       1801 ,,100304,100304,100304161900,1,,,,,,0,740,7000,128,739,31000,128
1100,20160112,11, 1,1,       1801 ,100304,100304,100304,100304170000,1,740,48,0,1000,0,0,740,6000,128,739,31000,128
1100,20160112,11, 1,1,       1801 ,,100304,100304,100304172400,1,,,,,,0,740,6000,128,739,31000,128
1100,20160112,11, 1,1,       1801 ,100304,100304,100304,100304203100,1,740,48,0,1000,0,0,740,5000,128,739,31000,128
1100,20160112,11, 1,1,       1801 ,,100304,100304,100304254800,1,,,,,,0,740,5000,128,739,31000,128
1100,20160112,11, 1,1,       1801 ,,100305,100305,100305232800,1,,,,,,0,740,6000,128,739,31000,128
1100,20160112,11, 1,1,       1801 ,,100305,100305,100305901500,1,,,,,,0,740,7000,128,739,31000,128
1100,20160112,11, 1,1,       1801 ,,100307,100307,100307122500,1,,,,,,0,740,6000,128,739,31000,128
1100,20160112,11, 1,1,       1801 ,,100309,100309,100309704400,1,,,,,,0,740,7000,128,739,31000,128
1100,20160112,11, 1,1,       1801 ,,100309,100309,100309705700,1,,,,,,0,740,9000,128,739,31000,128
1100,20160112,11, 1,1,       1801 ,,100309,100309,100309706400,1,,,,,,0,740,10000,128,739,31000,128
1100,20160112,11, 1,1,       1801 ,,100310,100310,100310281700,1,,,,,,0,740,10000,128,739,27000,128
1100,20160112,11, 1,1,       1801 ,,100321,100321,100321460000,1,,,,,,0,740,9000,128,739,27000,128
1100,20160112,11, 1,1,       1801 ,,100321,100321,100321465500,1,,,,,,0,740,9000,128,739,23000,128
1100,20160112,11, 1,1,       1801 ,,100323,100323,100323473200,1,,,,,,0,740,10000,128,739,23000,128
1100,20160112,11, 1,1,       1801 ,,100323,100323,100323962800,1,,,,,,0,740,9000,128,739,23000,128
1100,20160112,11, 1,1,       1801 ,,100326,100326,100326459100,1,,,,,,0,740,9000,128,739,24000,128
1100,20160112,11, 1,1,       1801 ,,100326,100326,100326461000,1,,,,,,0,740,9000,128,739,28000,128
1100,20160112,11, 1,1,       1801 ,,100326,100326,100326461800,1,,,,,,0,740,8000,128,739,28000,128
1100,20160112,11, 1,1,       1801 ,,100326,100326,100326462700,1,,,,,,0,740,7000,128,739,28000,128
1100,20160112,11, 1,1,       1801 ,,100326,100326,100326463500,1,,,,,,0,740,5000,128,739,28000,128
1100,20160112,11, 1,1,       1801 ,,100326,100326,100326632200,1,,,,,,0,740,5000,128,739,29000,128
1100,20160112,11, 1,1,       1801 ,,100327,100327,100327141300,1,,,,,,0,740,5000,128,739,28000,128
1100,20160112,11, 1,1,       1801 ,,100327,100327,100327848200,1,,,,,,0,740,5000,128,739,29000,128
1100,20160112,11, 1,1,       1801 ,,100328,100328,100328541400,1,,,,,,0,740,5000,128,739,28000,128
1100,20160112,11, 1,1,       1801 ,,100328,100328,100328705800,1,,,,,,0,740,6000,128,739,28000,128
1100,20160112,11, 1,1,       1801 ,,100328,100328,100328707200,1,,,,,,0,740,8000,128,739,28000,128
1100,20160112,11, 1,1,       1801 ,,100328,100328,100328709000,1,,,,,,0,740,9000,128,739,28000,128
1100,20160112,11, 1,1,       1801 ,,100330,100330,100330704500,1,,,,,,0,740,10000,128,739,28000,128
1100,20160112,11, 1,1,       1801 ,,100330,100330,100330706000,1,,,,,,0,740,10000,128,739,27000,128
1100,20160112,11, 1,1,       1801 ,,100330,100330,100330706700,1,,,,,,0,740,11000,128,739,27000,128
1100,20160112,11, 1,1,       1801 ,,100335,100335,100335161600,1,,,,,,0,740,10000,128,739,27000,128
1100,20160112,11, 1,1,       1801 ,,100335,100335,100335186500,1,,,,,,0,740,11000,128,739,27000,128
1100,20160112,11, 1,1,       1801 ,,100336,100336,100336176000,1,,,,,,0,740,10000,128,739,27000,128
1100,20160112,11, 1,1,       1801 ,,100338,100338,100338539600,1,,,,,,0,740,11000,128,739,27000,128
1100,20160112,11, 1,1,       1801 ,,100338,100338,100338588600,1,,,,,,0,740,10000,128,739,27000,128
1100,20160112,11, 1,1,       1801 ,,100338,100338,100338616400,1,,,,,,0,740,11000,128,739,27000,128
1100,20160112,11, 1,1,       1801 ,,100348,100348,100348786500,1,,,,,,0,740,10000,128,739,27000,128
1100,20160112,11, 1,1,       1801 ,,100349,100349,100349245600,1,,,,,,0,740,11000,128,739,27000,128
1100,20160112,11, 1,1,       1801 ,,100349,100349,100349247600,1,,,,,,0,740,14000,128,739,27000,128
1100,20160112,11, 1,1,       1801 ,,100353,100353,100353121300,1,,,,,,0,740,14000,128,739,23000,128
1100,20160112,11, 1,1,       1801 ,,100353,100353,100353739600,1,,,,,,0,740,13000,128,739,23000,128
1100,20160112,11, 1,1,       1801 ,100357,100357,100357,100357570800,1,740,48,0,5000,0,0,740,8000,128,739,23000,128
1100,20160112,11, 1,1,       1801 ,,100359,100359,100359767000,1,,,,,,0,740,8000,128,739,24000,128
1100,20160112,11, 1,1,       1801 ,,100359,100359,100359768400,1,,,,,,0,740,8000,128,739,28000,128
1100,20160112,11, 1,1,       1801 ,,100359,100359,100359769600,1,,,,,,0,740,5000,128,739,28000,128
1100,20160112,11, 1,1,       1801 ,,100359,100359,100359770300,1,,,,,,0,740,4000,128,739,28000,128
1100,20160112,11, 1,1,       1801 ,,100359,100359,100359778800,1,,,,,,0,740,4000,128,739,29000,128
1100,20160112,11, 1,1,       1801 ,,100401,100401,100401312400,1,,,,,,0,740,5000,128,739,29000,128
1100,20160112,11, 1,1,       1801 ,,100401,100401,100401313800,1,,,,,,0,740,5000,128,739,30000,128
1100,20160112,11, 1,1,       1801 ,,100401,100401,100401327400,1,,,,,,0,740,4000,128,739,30000,128
1100,20160112,11, 1,1,       1801 ,,100401,100401,100401336900,1,,,,,,0,740,4000,128,739,33000,128
1100,20160112,11, 1,1,       1801 ,,100401,100401,100401339600,1,,,,,,0,740,5000,128,739,33000,128
1100,20160112,11, 1,1,       1801 ,,100403,100403,100403901000,1,,,,,,0,740,7000,128,739,33000,128
1100,20160112,11, 1,1,       1801 ,,100404,100404,100404542000,1,,,,,,0,740,7000,128,739,32000,128
1100,20160112,11, 1,1,       1801 ,,100404,100404,100404544200,1,,,,,,0,740,8000,128,739,32000,128
1100,20160112,11, 1,1,       1801 ,,100411,100411,100411038300,1,,,,,,0,740,6000,128,739,32000,128
1100,20160112,11, 1,1,       1801 ,,100411,100411,100411042600,1,,,,,,0,740,5000,128,739,32000,128
1100,20160112,11, 1,1,       1801 ,,100411,100411,100411052700,1,,,,,,0,740,4000,128,739,32000,128
1100,20160112,11, 1,1,       1801 ,,100411,100411,100411068200,1,,,,,,0,740,2000,128,739,32000,128
1100,20160112,11, 1,1,       1801 ,,100411,100411,100411074500,1,,,,,,0,740,2000,128,739,33000,128
1100,20160112,11, 1,1,       1801 ,,100413,100413,100413371400,1,,,,,,0,740,2000,128,739,32000,128
1100,20160112,11, 1,1,       1801 ,,100413,100413,100413372900,1,,,,,,0,740,4000,128,739,32000,128
1100,20160112,11, 1,1,       1801 ,,100413,100413,100413373500,1,,,,,,0,740,4000,128,739,38000,128
1100,20160112,11, 1,1,       1801 ,,100413,100413,100413380900,1,,,,,,0,740,4000,128,739,39000,128
1100,20160112,11, 1,1,       1801 ,,100413,100413,100413525700,1,,,,,,0,740,4000,128,739,40000,128
1100,20160112,11, 1,1,       1801 ,,100414,100414,100414141300,1,,,,,,0,740,4000,128,739,39000,128
1100,20160112,11, 1,1,       1801 ,,100414,100414,100414943300,1,,,,,,0,740,4000,128,739,40000,128
1100,20160112,11, 1,1,       1801 ,,100416,100416,100416807200,1,,,,,,0,740,5000,128,739,40000,128
1100,20160112,11, 1,1,       1801 ,,100421,100421,100421730600,1,,,,,,0,740,4000,128,739,40000,128
1100,20160112,11, 1,1,       1801 ,,100425,100425,100425457500,1,,,,,,0,740,8000,128,739,40000,128
1100,20160112,11, 1,1,       1801 ,,100425,100425,100425476000,1,,,,,,0,740,9000,128,739,40000,128
1100,20160112,11, 1,1,       1801 ,,100425,100425,100425478000,1,,,,,,0,740,10000,128,739,40000,128
1100,20160112,11, 1,1,       1801 ,,100426,100426,100426010400,1,,,,,,0,740,11000,128,739,40000,128
1100,20160112,11, 1,1,       1801 ,,100426,100426,100426070500,1,,,,,,0,740,11000,128,739,39000,128
1100,20160112,11, 1,1,       1801 ,,100427,100427,100427399500,1,,,,,,0,740,11000,128,739,33000,128
1100,20160112,11, 1,1,       1801 ,,100429,100429,100429094900,1,,,,,,0,740,13000,128,739,33000,128
1100,20160112,11, 1,1,       1801 ,,100431,100431,100431521200,1,,,,,,0,740,12000,128,739,33000,128
1100,20160112,11, 1,1,       1801 ,,100431,100431,100431522200,1,,,,,,0,740,10000,128,739,33000,128
1100,20160112,11, 1,1,       1801 ,,100432,100432,100432290400,1,,,,,,0,740,10000,128,739,34000,128
1100,20160112,11, 1,1,       1801 ,,100433,100433,100433151100,1,,,,,,0,740,10000,128,739,33000,128
1100,20160112,11, 1,1,       1801 ,,100435,100435,100435841900,1,,,,,,0,740,10000,128,739,34000,128
1100,20160112,11, 1,1,       1801 ,,100439,100439,100439127700,1,,,,,,0,740,10000,128,739,35000,128
1100,20160112,11, 1,1,       1801 ,,100439,100439,100439129200,1,,,,,,0,740,10000,128,739,41000,128
1100,20160112,11, 1,1,       1801 ,,100439,100439,100439129800,1,,,,,,0,740,9000,128,739,41000,128
1100,20160112,11, 1,1,       1801 ,,100439,100439,100439130600,1,,,,,,0,740,9000,128,739,42000,128
1100,20160112,11, 1,1,       1801 ,,100445,100445,100445051200,1,,,,,,0,740,9000,128,739,41000,128
1100,20160112,11, 1,1,       1801 ,,100445,100445,100445367000,1,,,,,,0,740,10000,128,739,41000,128
1100,20160112,11, 1,1,       1801 ,,100445,100445,100445369200,1,,,,,,0,740,11000,128,739,41000,128
1100,20160112,11, 1,1,       1801 ,,100452,100452,100452729500,1,,,,,,0,740,11000,128,739,35000,128
1100,20160112,11, 1,1,       1801 ,,100452,100452,100452731700,1,,,,,,0,740,13000,128,739,35000,128
1100,20160112,11, 1,1,       1801 ,,100453,100453,100453713000,1,,,,,,0,740,12000,128,739,35000,128
1100,20160112,11, 1,1,       1801 ,,100455,100455,100455042000,1,,,,,,0,740,10000,128,739,35000,128
1100,20160112,11, 1,1,       1801 ,,100455,100455,100455044400,1,,,,,,0,740,9000,128,739,35000,128
1100,20160112,11, 1,1,       1801 ,,100455,100455,100455061900,1,,,,,,0,740,9000,128,739,36000,128
1100,20160112,11, 1,1,       1801 ,,100455,100455,100455341900,1,,,,,,0,740,9000,128,739,35000,128
1100,20160112,11, 1,1,       1801 ,,100458,100458,100458933500,1,,,,,,0,740,9000,128,739,36000,128
1100,20160112,11, 1,1,       1801 ,,100458,100458,100458936600,1,,,,,,0,740,9000,128,739,42000,128
1100,20160112,11, 1,1,       1801 ,,100500,100500,100500921800,1,,,,,,0,740,9000,128,739,41000,128
1100,20160112,11, 1,1,       1801 ,,100501,100501,100501102700,1,,,,,,0,740,9000,128,739,42000,128
1100,20160112,11, 1,1,       1801 ,,100502,100502,100502684300,1,,,,,,0,740,10000,128,739,42000,128
1100,20160112,11, 1,1,       1801 ,,100504,100504,100504006300,1,,,,,,0,740,11000,128,739,42000,128
1100,20160112,11, 1,1,       1801 ,,100504,100504,100504892900,1,,,,,,0,740,14000,128,739,42000,128
1100,20160112,11, 1,1,       1801 ,,100504,100504,100504895000,1,,,,,,0,740,15000,128,739,42000,128
1100,20160112,11, 1,1,       1801 ,,100505,100505,100505197500,1,,,,,,0,740,16000,128,739,42000,128
1100,20160112,11, 1,1,       1801 ,,100506,100506,100506210500,1,,,,,,0,740,16000,128,739,41000,128
1100,20160112,11, 1,1,       1801 ,,100506,100506,100506710700,1,,,,,,0,740,17000,128,739,41000,128
1100,20160112,11, 1,1,       1801 ,,100506,100506,100506712200,1,,,,,,0,740,17000,128,739,40000,128
1100,20160112,11, 1,1,       1801 ,,100509,100509,100509093200,1,,,,,,0,740,18000,128,739,40000,128
1100,20160112,11, 1,1,       1801 ,,100512,100512,100512220000,1,,,,,,0,740,17000,128,739,40000,128
1100,20160112,11, 1,1,       1801 ,,100512,100512,100512568000,1,,,,,,0,740,18000,128,739,40000,128
1100,20160112,11, 1,1,       1801 ,,100515,100515,100515080400,1,,,,,,0,740,17000,128,739,40000,128
1100,20160112,11, 1,1,       1801 ,,100515,100515,100515680700,1,,,,,,0,740,18000,128,739,40000,128
1100,20160112,11, 1,1,       1801 ,,100516,100516,100516010400,1,,,,,,0,740,17000,128,739,40000,128
1100,20160112,11, 1,1,       1801 ,,100516,100516,100516209200,1,,,,,,0,740,17000,128,739,34000,128
1100,20160112,11, 1,1,       1801 ,,100517,100517,100517060400,1,,,,,,0,740,18000,128,739,34000,128
1100,20160112,11, 1,1,       1801 ,,100517,100517,100517191600,1,,,,,,0,740,17000,128,739,34000,128
1100,20160112,11, 1,1,       1801 ,,100517,100517,100517211200,1,,,,,,0,740,18000,128,739,34000,128
1100,20160112,11, 1,1,       1801 ,,100517,100517,100517537600,1,,,,,,0,740,18000,128,739,31000,128
1100,20160112,11, 1,1,       1801 ,,100520,100520,100520627400,1,,,,,,0,740,20000,128,739,31000,128
1100,20160112,11, 1,1,       1801 ,,100520,100520,100520628200,1,,,,,,0,740,20000,128,739,23000,128
1100,20160112,11, 1,1,       1801 ,,100520,100520,100520629500,1,,,,,,0,740,20000,128,739,22000,128
1100,20160112,11, 1,1,       1801 ,,100520,100520,100520630300,1,,,,,,0,740,23000,128,739,22000,128
1100,20160112,11, 1,1,       1801 ,,100520,100520,100520641300,1,,,,,,0,740,23000,128,739,21000,128
1100,20160112,11, 1,1,       1801 ,,100522,100522,100522772400,1,,,,,,0,740,23000,128,739,19000,128
1100,20160112,11, 1,1,       1801 ,,100522,100522,100522773900,1,,,,,,0,740,23000,128,739,15000,128
1100,20160112,11, 1,1,       1801 ,,100522,100522,100522775100,1,,,,,,0,740,23000,128,739,13000,128
1100,20160112,11, 1,1,       1801 ,100522,100522,100522,100522775800,1,739,16,0,1000,0,0,740,23000,128,739,12000,128
1100,20160112,11, 1,1,       1801 ,,100522,100522,100522776700,1,,,,,,0,740,22000,128,739,12000,128
1100,20160112,11, 1,1,       1801 ,,100522,100522,100522777500,1,,,,,,0,740,22000,128,739,9000,128
1100,20160112,11, 1,1,       1801 ,,100522,100522,100522778200,1,,,,,,0,740,22000,128,739,5000,128
1100,20160112,11, 1,1,       1801 ,100522,100522,100522,100522779000,1,739,16,0,1000,0,0,740,22000,128,739,4000,128
1100,20160112,11, 1,1,       1801 ,,100522,100522,100522780000,1,,,,,,0,740,27000,128,739,4000,128
1100,20160112,11, 1,1,       1801 ,,100522,100522,100522780800,1,,,,,,0,740,31000,128,739,4000,128
1100,20160112,11, 1,1,       1801 ,,100522,100522,100522781400,1,,,,,,0,740,34000,128,739,4000,128
1100,20160112,11, 1,1,       1801 ,100522,100522,100522,100522782100,1,739,16,0,2000,0,0,740,34000,128,739,2000,128
1100,20160112,11, 1,1,       1801 ,100522,100522,100522,100522783200,1,739,16,0,1000,0,0,740,34000,128,739,1000,128
1100,20160112,11, 1,1,       1801 ,100522,100522,100522,100522784100,1,739,16,0,1000,0,0,740,34000,128,738,90000,128
1100,20160112,11, 1,1,       1801 ,,100522,100522,100522785200,1,,,,,,0,739,2000,128,738,90000,128
1100,20160112,11, 1,1,       1801 ,,100522,100522,100522785900,1,,,,,,0,739,3000,128,738,90000,128
1100,20160112,11, 1,1,       1801 ,,100522,100522,100522787400,1,,,,,,0,739,3000,128,738,89000,128
1100,20160112,11, 1,1,       1801 ,,100522,100522,100522788100,1,,,,,,0,739,7000,128,738,89000,128
1100,20160112,11, 1,1,       1801 ,,100522,100522,100522788800,1,,,,,,0,739,7000,128,738,88000,128
1100,20160112,11, 1,1,       1801 ,,100522,100522,100522789500,1,,,,,,0,739,8000,128,738,88000,128
1100,20160112,11, 1,1,       1801 ,,100522,100522,100522796300,1,,,,,,0,739,8000,128,738,86000,128
1100,20160112,11, 1,1,       1801 ,,100522,100522,100522797100,1,,,,,,0,739,10000,128,738,86000,128
1100,20160112,11, 1,1,       1801 ,,100522,100522,100522798600,1,,,,,,0,739,10000,128,738,84000,128
1100,20160112,11, 1,1,       1801 ,,100522,100522,100522800300,1,,,,,,0,739,10000,128,738,83000,128
1100,20160112,11, 1,1,       1801 ,,100522,100522,100522801100,1,,,,,,0,739,10000,128,738,84000,128
1100,20160112,11, 1,1,       1801 ,100522,100522,100522,100522803900,1,739,48,0,1000,0,0,739,9000,128,738,84000,128
1100,20160112,11, 1,1,       1801 ,,100522,100522,100522804800,1,,,,,,0,739,9000,128,738,84000,128
1100,20160112,11, 1,1,       1801 ,,100522,100522,100522806800,1,,,,,,0,739,9000,128,738,78000,128
1100,20160112,11, 1,1,       1801 ,,100522,100522,100522809700,1,,,,,,0,739,9000,128,738,76000,128
1100,20160112,11, 1,1,       1801 ,,100522,100522,100522810500,1,,,,,,0,739,9000,128,738,75000,128
1100,20160112,11, 1,1,       1801 ,,100522,100522,100522811200,1,,,,,,0,739,10000,128,738,75000,128
1100,20160112,11, 1,1,       1801 ,,100522,100522,100522812800,1,,,,,,0,739,10000,128,738,71000,128
1100,20160112,11, 1,1,       1801 ,,100522,100522,100522813600,1,,,,,,0,739,11000,128,738,71000,128
1100,20160112,11, 1,1,       1801 ,,100522,100522,100522818000,1,,,,,,0,739,9000,128,738,71000,128
1100,20160112,11, 1,1,       1801 ,,100522,100522,100522818700,1,,,,,,0,739,9000,128,738,72000,128
1100,20160112,11, 1,1,       1801 ,,100522,100522,100522820000,1,,,,,,0,739,9000,128,738,69000,128
1100,20160112,11, 1,1,       1801 ,,100522,100522,100522822900,1,,,,,,0,739,10000,128,738,69000,128
1100,20160112,11, 1,1,       1801 ,,100522,100522,100522823500,1,,,,,,0,739,10000,128,738,51000,128
1100,20160112,11, 1,1,       1801 ,,100522,100522,100522825100,1,,,,,,0,739,9000,128,738,51000,128
1100,20160112,11, 1,1,       1801 ,,100522,100522,100522825800,1,,,,,,0,739,9000,128,738,53000,128
1100,20160112,11, 1,1,       1801 ,,100522,100522,100522832700,1,,,,,,0,739,10000,128,738,53000,128
1100,20160112,11, 1,1,       1801 ,,100522,100522,100522841800,1,,,,,,0,739,11000,128,738,53000,128
1100,20160112,11, 1,1,       1801 ,,100522,100522,100522843600,1,,,,,,0,739,12000,128,738,53000,128
1100,20160112,11, 1,1,       1801 ,,100523,100523,100523211600,1,,,,,,0,739,13000,128,738,53000,128
1100,20160112,11, 1,1,       1801 ,,100523,100523,100523326700,1,,,,,,0,739,14000,128,738,53000,128
1100,20160112,11, 1,1,       1801 ,,100523,100523,100523798900,1,,,,,,0,739,10000,128,738,53000,128
1100,20160112,11, 1,1,       1801 ,,100523,100523,100523800900,1,,,,,,0,739,9000,128,738,53000,128
1100,20160112,11, 1,1,       1801 ,,100523,100523,100523851700,1,,,,,,0,739,13000,128,738,53000,128
1100,20160112,11, 1,1,       1801 ,,100523,100523,100523853500,1,,,,,,0,739,14000,128,738,53000,128
1100,20160112,11, 1,1,       1801 ,,100523,100523,100523854600,1,,,,,,0,739,14000,128,738,52000,128
1100,20160112,11, 1,1,       1801 ,,100524,100524,100524128800,1,,,,,,0,739,14000,128,738,50000,128
1100,20160112,11, 1,1,       1801 ,,100524,100524,100524130400,1,,,,,,0,739,14000,128,738,46000,128
1100,20160112,11, 1,1,       1801 ,,100524,100524,100524140100,1,,,,,,0,739,14000,128,738,45000,128
1100,20160112,11, 1,1,       1801 ,,100526,100526,100526270900,1,,,,,,0,739,13000,128,738,45000,128
1100,20160112,11, 1,1,       1801 ,,100529,100529,100529377800,1,,,,,,0,739,19000,128,738,45000,128
1100,20160112,11, 1,1,       1801 ,,100529,100529,100529625600,1,,,,,,0,739,26000,128,738,45000,128
1100,20160112,11, 1,1,       1801 ,,100529,100529,100529627200,1,,,,,,0,739,29000,128,738,45000,128
1100,20160112,11, 1,1,       1801 ,,100529,100529,100529633100,1,,,,,,0,739,29000,128,738,49000,128
1100,20160112,11, 1,1,       1801 ,,100532,100532,100532174800,1,,,,,,0,739,30000,128,738,49000,128
1100,20160112,11, 1,1,       1801 ,,100534,100534,100534635600,1,,,,,,0,739,30000,128,738,47000,128
1100,20160112,11, 1,1,       1801 ,,100534,100534,100534636300,1,,,,,,0,739,29000,128,738,47000,128
1100,20160112,11, 1,1,       1801 ,,100536,100536,100536490700,1,,,,,,0,739,22000,128,738,47000,128
1100,20160112,11, 1,1,       1801 ,,100536,100536,100536801400,1,,,,,,0,739,21000,128,738,47000,128
1100,20160112,11, 1,1,       1801 ,,100542,100542,100542012400,1,,,,,,0,739,21000,128,738,50000,128
1100,20160112,11, 1,1,       1801 ,,100543,100543,100543664000,1,,,,,,0,739,21000,128,738,51000,128
1100,20160112,11, 1,1,       1801 ,,100543,100543,100543667200,1,,,,,,0,739,18000,128,738,51000,128
1100,20160112,11, 1,1,       1801 ,,100543,100543,100543669100,1,,,,,,0,739,18000,128,738,53000,128
1100,20160112,11, 1,1,       1801 ,,100543,100543,100543670900,1,,,,,,0,739,17000,128,738,53000,128
1100,20160112,11, 1,1,       1801 ,,100543,100543,100543672200,1,,,,,,0,739,16000,128,738,53000,128
1100,20160112,11, 1,1,       1801 ,,100543,100543,100543673300,1,,,,,,0,739,15000,128,738,53000,128
1100,20160112,11, 1,1,       1801 ,,100543,100543,100543674700,1,,,,,,0,739,15000,128,738,54000,128
1100,20160112,11, 1,1,       1801 ,,100543,100543,100543719400,1,,,,,,0,739,10000,128,738,54000,128
1100,20160112,11, 1,1,       1801 ,100543,100543,100543,100543721600,1,739,48,0,1000,0,0,739,9000,128,738,54000,128
1100,20160112,11, 1,1,       1801 ,100543,100543,100543,100543723000,1,739,48,0,2000,0,0,739,7000,128,738,54000,128
1100,20160112,11, 1,1,       1801 ,100543,100543,100543,100543724000,1,739,48,0,1000,0,0,739,6000,128,738,54000,128
1100,20160112,11, 1,1,       1801 ,100543,100543,100543,100543725000,1,739,48,0,6000,0,0,740,40000,128,738,54000,128
1100,20160112,11, 1,1,       1801 ,,100543,100543,100543727200,1,,,,,,0,740,40000,128,739,1000,128
1100,20160112,11, 1,1,       1801 ,,100543,100543,100543732800,1,,,,,,0,740,34000,128,739,1000,128
1100,20160112,11, 1,1,       1801 ,,100543,100543,100543733500,1,,,,,,0,740,34000,128,739,3000,128
1100,20160112,11, 1,1,       1801 ,,100543,100543,100543734300,1,,,,,,0,740,35000,128,739,3000,128
1100,20160112,11, 1,1,       1801 ,,100543,100543,100543735000,1,,,,,,0,740,36000,128,739,3000,128
1100,20160112,11, 1,1,       1801 ,,100543,100543,100543735700,1,,,,,,0,740,34000,128,739,3000,128
1100,20160112,11, 1,1,       1801 ,,100543,100543,100543737800,1,,,,,,0,740,34000,128,739,5000,128
1100,20160112,11, 1,1,       1801 ,,100543,100543,100543739800,1,,,,,,0,740,34000,128,739,6000,128
1100,20160112,11, 1,1,       1801 ,,100543,100543,100543861700,1,,,,,,0,740,31000,128,739,6000,128
1100,20160112,11, 1,1,       1801 ,,100544,100544,100544512100,1,,,,,,0,740,35000,128,739,6000,128
1100,20160112,11, 1,1,       1801 ,,100544,100544,100544513300,1,,,,,,0,740,35000,128,739,5000,128
1100,20160112,11, 1,1,       1801 ,,100544,100544,100544981800,1,,,,,,0,740,34000,128,739,5000,128
1100,20160112,11, 1,1,       1801 ,,100544,100544,100544991400,1,,,,,,0,740,34000,128,739,6000,128
1100,20160112,11, 1,1,       1801 ,,100544,100544,100544992300,1,,,,,,0,740,34000,128,739,7000,128
1100,20160112,11, 1,1,       1801 ,,100545,100545,100545000000,1,,,,,,0,740,32000,128,739,7000,128
1100,20160112,11, 1,1,       1801 ,,100545,100545,100545121600,1,,,,,,0,740,27000,128,739,7000,128
1100,20160112,11, 1,1,       1801 ,,100545,100545,100545123400,1,,,,,,0,740,27000,128,739,11000,128
1100,20160112,11, 1,1,       1801 ,,100545,100545,100545748800,1,,,,,,0,740,19000,128,739,11000,128
1100,20160112,11, 1,1,       1801 ,,100545,100545,100545750400,1,,,,,,0,740,19000,128,739,14000,128
1100,20160112,11, 1,1,       1801 ,,100545,100545,100545751700,1,,,,,,0,740,16000,128,739,14000,128
1100,20160112,11, 1,1,       1801 ,,100546,100546,100546156300,1,,,,,,0,740,28000,128,739,14000,128
1100,20160112,11, 1,1,       1801 ,,100602,100602,100602415900,1,,,,,,0,740,28000,128,739,13000,128
1100,20160112,11, 1,1,       1801 ,,100602,100602,100602484500,1,,,,,,0,740,29000,128,739,13000,128
1100,20160112,11, 1,1,       1801 ,,100602,100602,100602532400,1,,,,,,0,740,29000,128,739,9000,128
1100,20160112,11, 1,1,       1801 ,,100602,100602,100602548800,1,,,,,,0,740,31000,128,739,9000,128
1100,20160112,11, 1,1,       1801 ,,100602,100602,100602563100,1,,,,,,0,740,31000,128,739,7000,128
1100,20160112,11, 1,1,       1801 ,,100602,100602,100602571500,1,,,,,,0,740,31000,128,739,4000,128
1100,20160112,11, 1,1,       1801 ,,100602,100602,100602789800,1,,,,,,0,740,31000,128,739,6000,128
1100,20160112,11, 1,1,       1801 ,,100602,100602,100602791700,1,,,,,,0,740,34000,128,739,6000,128
1100,20160112,11, 1,1,       1801 ,,100602,100602,100602793000,1,,,,,,0,740,32000,128,739,6000,128
1100,20160112,11, 1,1,       1801 ,,100602,100602,100602793700,1,,,,,,0,740,32000,128,739,12000,128
1100,20160112,11, 1,1,       1801 ,,100605,100605,100605244800,1,,,,,,0,740,32000,128,739,13000,128
1100,20160112,11, 1,1,       1801 ,,100606,100606,100606131200,1,,,,,,0,740,31000,128,739,13000,128
1100,20160112,11, 1,1,       1801 ,,100606,100606,100606321600,1,,,,,,0,740,32000,128,739,13000,128
1100,20160112,11, 1,1,       1801 ,,100607,100607,100607267000,1,,,,,,0,740,31000,128,739,13000,128
1100,20160112,11, 1,1,       1801 ,,100607,100607,100607303000,1,,,,,,0,740,31000,128,739,14000,128
1100,20160112,11, 1,1,       1801 ,,100607,100607,100607304500,1,,,,,,0,740,28000,128,739,14000,128
1100,20160112,11, 1,1,       1801 ,,100607,100607,100607602000,1,,,,,,0,740,28000,128,739,13000,128
1100,20160112,11, 1,1,       1801 ,,100608,100608,100608474300,1,,,,,,0,740,28000,128,739,14000,128
1100,20160112,11, 1,1,       1801 ,100614,100614,100614,100614755300,1,740,48,0,28000,0,0,741,95000,128,739,14000,128
1100,20160112,11, 1,1,       1801 ,,100614,100614,100614757200,1,,,,,,0,741,92000,128,739,14000,128
1100,20160112,11, 1,1,       1801 ,,100614,100614,100614758000,1,,,,,,0,741,90000,128,739,14000,128
1100,20160112,11, 1,1,       1801 ,,100614,100614,100614759600,1,,,,,,0,741,90000,128,740,1000,128
1100,20160112,11, 1,1,       1801 ,,100614,100614,100614760300,1,,,,,,0,741,91000,128,740,1000,128
1100,20160112,11, 1,1,       1801 ,,100614,100614,100614761000,1,,,,,,0,741,91000,128,740,2000,128
1100,20160112,11, 1,1,       1801 ,,100614,100614,100614766200,1,,,,,,0,741,92000,128,740,2000,128
1100,20160112,11, 1,1,       1801 ,100614,100614,100614,100614767500,1,740,16,0,2000,0,0,740,2000,128,739,32000,128
1100,20160112,11, 1,1,       1801 ,,100614,100614,100614768300,1,,,,,,0,740,3000,128,739,32000,128
1100,20160112,11, 1,1,       1801 ,,100614,100614,100614772200,1,,,,,,0,740,3000,128,739,34000,128
1100,20160112,11, 1,1,       1801 ,,100614,100614,100614774500,1,,,,,,0,740,4000,128,739,34000,128
1100,20160112,11, 1,1,       1801 ,,100614,100614,100614775900,1,,,,,,0,740,4000,128,739,38000,128
1100,20160112,11, 1,1,       1801 ,,100614,100614,100614776500,1,,,,,,0,740,4000,128,739,42000,128
1100,20160112,11, 1,1,       1801 ,100614,100614,100614,100614777200,1,740,48,0,2000,0,0,740,2000,128,739,42000,128
1100,20160112,11, 1,1,       1801 ,,100614,100614,100614778000,1,,,,,,0,740,2000,128,739,42000,128
1100,20160112,11, 1,1,       1801 ,,100614,100614,100614782400,1,,,,,,0,740,3000,128,739,42000,128
1100,20160112,11, 1,1,       1801 ,,100614,100614,100614783100,1,,,,,,0,740,3000,128,739,41000,128
1100,20160112,11, 1,1,       1801 ,100614,100614,100614,100614783700,1,740,48,0,2000,0,0,740,1000,128,739,41000,128
1100,20160112,11, 1,1,       1801 ,,100614,100614,100614784800,1,,,,,,0,740,1000,128,739,39000,128
1100,20160112,11, 1,1,       1801 ,100614,100614,100614,100614793000,1,740,48,0,1000,0,0,741,88000,128,739,39000,128
1100,20160112,11, 1,1,       1801 ,,100614,100614,100614796700,1,,,,,,0,741,88000,128,739,39000,128
1100,20160112,11, 1,1,       1801 ,,100614,100614,100614799000,1,,,,,,0,741,88000,128,739,40000,128
1100,20160112,11, 1,1,       1801 ,,100614,100614,100614799700,1,,,,,,0,741,88000,128,739,39000,128
1100,20160112,11, 1,1,       1801 ,,100614,100614,100614800400,1,,,,,,0,741,88000,128,740,1000,128
1100,20160112,11, 1,1,       1801 ,,100614,100614,100614801800,1,,,,,,0,741,88000,128,740,2000,128
1100,20160112,11, 1,1,       1801 ,,100614,100614,100614803200,1,,,,,,0,741,89000,128,740,2000,128
1100,20160112,11, 1,1,       1801 ,,100614,100614,100614804500,1,,,,,,0,741,87000,128,740,2000,128
1100,20160112,11, 1,1,       1801 ,,100614,100614,100614806000,1,,,,,,0,741,87000,128,740,4000,128
1100,20160112,11, 1,1,       1801 ,,100614,100614,100614809300,1,,,,,,0,741,87000,128,740,23000,128
1100,20160112,11, 1,1,       1801 ,,100614,100614,100614810400,1,,,,,,0,741,86000,128,740,23000,128
1100,20160112,11, 1,1,       1801 ,,100614,100614,100614811800,1,,,,,,0,741,81000,128,740,23000,128
1100,20160112,11, 1,1,       1801 ,,100614,100614,100614813400,1,,,,,,0,741,78000,128,740,23000,128
1100,20160112,11, 1,1,       1801 ,,100615,100615,100615671400,1,,,,,,0,741,62000,128,740,23000,128
1100,20160112,11, 1,1,       1801 ,,100615,100615,100615672600,1,,,,,,0,741,60000,128,740,23000,128
1100,20160112,11, 1,1,       1801 ,,100615,100615,100615673300,1,,,,,,0,741,59000,128,740,23000,128
1100,20160112,11, 1,1,       1801 ,,100616,100616,100616680400,1,,,,,,0,741,59000,128,740,24000,128
1100,20160112,11, 1,1,       1801 ,,100621,100621,100621329100,1,,,,,,0,741,60000,128,740,24000,128
1100,20160112,11, 1,1,       1801 ,,100621,100621,100621330500,1,,,,,,0,741,60000,128,740,28000,128
1100,20160112,11, 1,1,       1801 ,,100621,100621,100621331200,1,,,,,,0,741,60000,128,740,31000,128
1100,20160112,11, 1,1,       1801 ,,100621,100621,100621332000,1,,,,,,0,741,58000,128,740,31000,128
1100,20160112,11, 1,1,       1801 ,,100630,100630,100630668700,1,,,,,,0,741,58000,128,740,32000,128
1100,20160112,11, 1,1,       1801 ,,100631,100631,100631915000,1,,,,,,0,741,58000,128,740,34000,128
1100,20160112,11, 1,1,       1801 ,,100632,100632,100632006000,1,,,,,,0,741,40000,128,740,34000,128
1100,20160112,11, 1,1,       1801 ,,100632,100632,100632007300,1,,,,,,0,741,37000,128,740,34000,128
1100,20160112,11, 1,1,       1801 ,,100632,100632,100632008000,1,,,,,,0,741,29000,128,740,34000,128
1100,20160112,11, 1,1,       1801 ,,100632,100632,100632019700,1,,,,,,0,741,29000,128,740,35000,128
1100,20160112,11, 1,1,       1801 ,,100633,100633,100633341200,1,,,,,,0,741,28000,128,740,35000,128
1100,20160112,11, 1,1,       1801 ,,100645,100645,100645801600,1,,,,,,0,741,28000,128,740,36000,128
1100,20160112,11, 1,1,       1801 ,,100645,100645,100645806800,1,,,,,,0,741,26000,128,740,36000,128
1100,20160112,11, 1,1,       1801 ,,100646,100646,100646022600,1,,,,,,0,741,26000,128,740,35000,128
1100,20160112,11, 1,1,       1801 ,,100646,100646,100646169200,1,,,,,,0,741,27000,128,740,35000,128
1100,20160112,11, 1,1,       1801 ,,100646,100646,100646822600,1,,,,,,0,741,27000,128,740,36000,128
1100,20160112,11, 1,1,       1801 ,,100646,100646,100646931000,1,,,,,,0,741,27000,128,740,35000,128
1100,20160112,11, 1,1,       1801 ,,100647,100647,100647851100,1,,,,,,0,741,27000,128,740,36000,128
1100,20160112,11, 1,1,       1801 ,,100648,100648,100648036500,1,,,,,,0,741,27000,128,740,35000,128
1100,20160112,11, 1,1,       1801 ,,100648,100648,100648095200,1,,,,,,0,741,28000,128,740,35000,128
1100,20160112,11, 1,1,       1801 ,,100649,100649,100649818700,1,,,,,,0,741,27000,128,740,35000,128
1100,20160112,11, 1,1,       1801 ,,100656,100656,100656405500,1,,,,,,0,741,27000,128,740,36000,128
1100,20160112,11, 1,1,       1801 ,,100701,100701,100701020900,1,,,,,,0,741,27000,128,740,35000,128
1100,20160112,11, 1,1,       1801 ,,100712,100712,100712582100,1,,,,,,0,741,28000,128,740,35000,128
1100,20160112,11, 1,1,       1801 ,,100712,100712,100712841000,1,,,,,,0,741,27000,128,740,35000,128
1100,20160112,11, 1,1,       1801 ,,100721,100721,100721686500,1,,,,,,0,741,28000,128,740,35000,128
1100,20160112,11, 1,1,       1801 ,,100723,100723,100723031100,1,,,,,,0,741,28000,128,740,33000,128
1100,20160112,11, 1,1,       1801 ,,100723,100723,100723259200,1,,,,,,0,741,30000,128,740,33000,128
1100,20160112,11, 1,1,       1801 ,,100723,100723,100723699200,1,,,,,,0,741,30000,128,740,31000,128
1100,20160112,11, 1,1,       1801 ,,100723,100723,100723700700,1,,,,,,0,741,35000,128,740,31000,128
1100,20160112,11, 1,1,       1801 ,,100723,100723,100723701300,1,,,,,,0,741,38000,128,740,31000,128
1100,20160112,11, 1,1,       1801 ,,100723,100723,100723702600,1,,,,,,0,741,38000,128,740,27000,128
1100,20160112,11, 1,1,       1801 ,,100724,100724,100724324200,1,,,,,,0,741,38000,128,740,28000,128
1100,20160112,11, 1,1,       1801 ,,100726,100726,100726039700,1,,,,,,0,741,36000,128,740,28000,128
1100,20160112,11, 1,1,       1801 ,,100730,100730,100730259300,1,,,,,,0,741,38000,128,740,28000,128
1100,20160112,11, 1,1,       1801 ,,100730,100730,100730266700,1,,,,,,0,741,45000,128,740,28000,128
1100,20160112,11, 1,1,       1801 ,,100730,100730,100730268200,1,,,,,,0,741,45000,128,740,25000,128
1100,20160112,11, 1,1,       1801 ,100730,100730,100730,100730749600,1,740,16,0,4000,0,0,741,45000,128,740,21000,128
1100,20160112,11, 1,1,       1801 ,100730,100730,100730,100730751500,1,740,16,0,11000,0,0,741,45000,128,740,10000,128
1100,20160112,11, 1,1,       1801 ,100730,100730,100730,100730752400,1,740,16,0,10000,0,0,741,45000,128,739,49000,128
1100,20160112,11, 1,1,       1801 ,,100730,100730,100730753400,1,,,,,,0,740,1000,128,739,49000,128
1100,20160112,11, 1,1,       1801 ,,100730,100730,100730754200,1,,,,,,0,740,3000,128,739,49000,128
1100,20160112,11, 1,1,       1801 ,,100730,100730,100730758900,1,,,,,,0,740,10000,128,739,49000,128
1100,20160112,11, 1,1,       1801 ,,100730,100730,100730765800,1,,,,,,0,740,10000,128,739,47000,128
1100,20160112,11, 1,1,       1801 ,,100730,100730,100730767200,1,,,,,,0,740,12000,128,739,47000,128
1100,20160112,11, 1,1,       1801 ,,100730,100730,100730769300,1,,,,,,0,740,12000,128,739,45000,128
1100,20160112,11, 1,1,       1801 ,,100730,100730,100730772800,1,,,,,,0,740,12000,128,739,39000,128
1100,20160112,11, 1,1,       1801 ,,100730,100730,100730773600,1,,,,,,0,740,13000,128,739,39000,128
1100,20160112,11, 1,1,       1801 ,,100730,100730,100730774900,1,,,,,,0,740,13000,128,739,38000,128
1100,20160112,11, 1,1,       1801 ,,100730,100730,100730775700,1,,,,,,0,740,14000,128,739,38000,128
1100,20160112,11, 1,1,       1801 ,,100730,100730,100730777100,1,,,,,,0,740,14000,128,739,35000,128
1100,20160112,11, 1,1,       1801 ,,100730,100730,100730779100,1,,,,,,0,740,15000,128,739,35000,128
1100,20160112,11, 1,1,       1801 ,,100730,100730,100730780300,1,,,,,,0,740,18000,128,739,35000,128
1100,20160112,11, 1,1,       1801 ,,100730,100730,100730780900,1,,,,,,0,740,19000,128,739,35000,128
1100,20160112,11, 1,1,       1801 ,,100730,100730,100730781900,1,,,,,,0,740,24000,128,739,35000,128
1100,20160112,11, 1,1,       1801 ,,100730,100730,100730783300,1,,,,,,0,740,24000,128,739,32000,128
1100,20160112,11, 1,1,       1801 ,,100730,100730,100730784100,1,,,,,,0,740,24000,128,739,28000,128
1100,20160112,11, 1,1,       1801 ,,100730,100730,100730792600,1,,,,,,0,740,22000,128,739,28000,128
1100,20160112,11, 1,1,       1801 ,,100731,100731,100731974000,1,,,,,,0,740,22000,128,739,23000,128
1100,20160112,11, 1,1,       1801 ,,100732,100732,100732436800,1,,,,,,0,740,22000,128,739,24000,128
1100,20160112,11, 1,1,       1801 ,,100737,100737,100737542700,1,,,,,,0,740,24000,128,739,24000,128
1100,20160112,11, 1,1,       1801 ,,100738,100738,100738344400,1,,,,,,0,740,24000,128,739,15000,128
1100,20160112,11, 1,1,       1801 ,,100740,100740,100740615200,1,,,,,,0,740,25000,128,739,15000,128
1100,20160112,11, 1,1,       1801 ,,100744,100744,100744239100,1,,,,,,0,740,23000,128,739,15000,128
1100,20160112,11, 1,1,       1801 ,,100744,100744,100744240600,1,,,,,,0,740,23000,128,739,11000,128
1100,20160112,11, 1,1,       1801 ,,100744,100744,100744242000,1,,,,,,0,740,23000,128,739,7000,128
1100,20160112,11, 1,1,       1801 ,,100746,100746,100746839800,1,,,,,,0,740,25000,128,739,7000,128
1100,20160112,11, 1,1,       1801 ,,100746,100746,100746841900,1,,,,,,0,740,25000,128,739,5000,128
1100,20160112,11, 1,1,       1801 ,,100746,100746,100746849900,1,,,,,,0,740,25000,128,739,4000,128
1100,20160112,11, 1,1,       1801 ,,100746,100746,100746850900,1,,,,,,0,740,25000,128,739,3000,128
1100,20160112,11, 1,1,       1801 ,,100746,100746,100746854600,1,,,,,,0,740,25000,128,739,1000,128
1100,20160112,11, 1,1,       1801 ,,100746,100746,100746855800,1,,,,,,0,740,29000,128,739,1000,128
1100,20160112,11, 1,1,       1801 ,,100746,100746,100746858300,1,,,,,,0,740,29000,128,739,5000,128
1100,20160112,11, 1,1,       1801 ,100748,100748,100748,100748495700,1,740,48,0,5000,0,0,740,24000,128,739,5000,128
1100,20160112,11, 1,1,       1801 ,,100748,100748,100748497500,1,,,,,,0,740,24000,128,739,6000,128
1100,20160112,11, 1,1,       1801 ,,100748,100748,100748498200,1,,,,,,0,740,24000,128,739,8000,128
1100,20160112,11, 1,1,       1801 ,,100748,100748,100748498900,1,,,,,,0,740,24000,128,739,10000,128
1100,20160112,11, 1,1,       1801 ,,100748,100748,100748499800,1,,,,,,0,740,20000,128,739,10000,128
1100,20160112,11, 1,1,       1801 ,,100748,100748,100748564000,1,,,,,,0,740,20000,128,739,8000,128
1100,20160112,11, 1,1,       1801 ,,100755,100755,100755208700,1,,,,,,0,740,26000,128,739,8000,128
1100,20160112,11, 1,1,       1801 ,,100755,100755,100755741400,1,,,,,,0,740,31000,128,739,8000,128
1100,20160112,11, 1,1,       1801 ,,100801,100801,100801746500,1,,,,,,0,740,32000,128,739,8000,128
1100,20160112,11, 1,1,       1801 ,,100804,100804,100804006900,1,,,,,,0,740,50000,128,739,8000,128
1100,20160112,11, 1,1,       1801 ,,100804,100804,100804008300,1,,,,,,0,740,50000,128,739,7000,128
1100,20160112,11, 1,1,       1801 ,,100804,100804,100804009000,1,,,,,,0,740,50000,128,739,5000,128
1100,20160112,11, 1,1,       1801 ,,100804,100804,100804009900,1,,,,,,0,740,57000,128,739,5000,128
1100,20160112,11, 1,1,       1801 ,,100804,100804,100804010700,1,,,,,,0,740,58000,128,739,5000,128
1100,20160112,11, 1,1,       1801 ,100804,100804,100804,100804011300,1,739,16,0,2000,0,0,740,58000,128,739,3000,128
1100,20160112,11, 1,1,       1801 ,100804,100804,100804,100804012500,1,739,16,0,1000,0,0,740,58000,128,739,2000,128
1100,20160112,11, 1,1,       1801 ,100804,100804,100804,100804013600,1,739,16,0,2000,0,0,740,58000,128,738,82000,128
1100,20160112,11, 1,1,       1801 ,,100804,100804,100804017400,1,,,,,,0,740,58000,128,738,82000,128
1100,20160112,11, 1,1,       1801 ,,100804,100804,100804018100,1,,,,,,0,740,58000,128,738,80000,128
1100,20160112,11, 1,1,       1801 ,,100804,100804,100804019600,1,,,,,,0,740,67000,128,738,80000,128
1100,20160112,11, 1,1,       1801 ,,100804,100804,100804020300,1,,,,,,0,740,67000,128,738,76000,128
1100,20160112,11, 1,1,       1801 ,,100804,100804,100804021100,1,,,,,,0,740,67000,128,738,75000,128
1100,20160112,11, 1,1,       1801 ,,100804,100804,100804037000,1,,,,,,0,740,73000,128,738,75000,128
1100,20160112,11, 1,1,       1801 ,,100804,100804,100804038300,1,,,,,,0,740,73000,128,738,69000,128
1100,20160112,11, 1,1,       1801 ,,100804,100804,100804039500,1,,,,,,0,740,73000,128,738,71000,128
1100,20160112,11, 1,1,       1801 ,,100804,100804,100804042600,1,,,,,,0,740,73000,128,738,55000,128
1100,20160112,11, 1,1,       1801 ,,100804,100804,100804173200,1,,,,,,0,740,73000,128,739,2000,128
1100,20160112,11, 1,1,       1801 ,,100804,100804,100804186500,1,,,,,,0,740,67000,128,739,2000,128
1100,20160112,11, 1,1,       1801 ,100805,100805,100805,100805369800,1,739,16,0,2000,0,0,740,67000,128,738,59000,128
1100,20160112,11, 1,1,       1801 ,,100805,100805,100805371600,1,,,,,,0,740,67000,128,738,59000,128
1100,20160112,11, 1,1,       1801 ,,100805,100805,100805372500,1,,,,,,0,740,67000,128,738,55000,128
1100,20160112,11, 1,1,       1801 ,,100805,100805,100805374000,1,,,,,,0,740,67000,128,738,54000,128
1100,20160112,11, 1,1,       1801 ,,100805,100805,100805386500,1,,,,,,0,740,67000,128,738,51000,128
1100,20160112,11, 1,1,       1801 ,,100808,100808,100808224700,1,,,,,,0,740,67000,128,738,49000,128
1100,20160112,11, 1,1,       1801 ,,100808,100808,100808331500,1,,,,,,0,740,67000,128,738,51000,128
1100,20160112,11, 1,1,       1801 ,,100813,100813,100813272800,1,,,,,,0,740,67000,128,738,52000,128
1100,20160112,11, 1,1,       1801 ,,100813,100813,100813274200,1,,,,,,0,740,60000,128,738,52000,128
1100,20160112,11, 1,1,       1801 ,,100813,100813,100813274900,1,,,,,,0,740,60000,128,738,58000,128
1100,20160112,11, 1,1,       1801 ,,100813,100813,100813276000,1,,,,,,0,740,59000,128,738,58000,128
1100,20160112,11, 1,1,       1801 ,,100813,100813,100813276700,1,,,,,,0,740,59000,128,738,59000,128
1100,20160112,11, 1,1,       1801 ,,100819,100819,100819641200,1,,,,,,0,740,53000,128,738,59000,128
1100,20160112,11, 1,1,       1801 ,,100820,100820,100820006500,1,,,,,,0,740,35000,128,738,59000,128
1100,20160112,11, 1,1,       1801 ,,100820,100820,100820014700,1,,,,,,0,740,35000,128,738,60000,128
1100,20160112,11, 1,1,       1801 ,,100820,100820,100820015900,1,,,,,,0,740,30000,128,738,60000,128
1100,20160112,11, 1,1,       1801 ,,100823,100823,100823637100,1,,,,,,0,740,30000,128,738,66000,128
1100,20160112,11, 1,1,       1801 ,,100827,100827,100827456200,1,,,,,,0,740,25000,128,738,66000,128
1100,20160112,11, 1,1,       1801 ,,100834,100834,100834930600,1,,,,,,0,740,25000,128,739,2000,128
1100,20160112,11, 1,1,       1801 ,,100834,100834,100834933100,1,,,,,,0,740,25000,128,739,4000,128
1100,20160112,11, 1,1,       1801 ,,100834,100834,100834934100,1,,,,,,0,740,25000,128,739,6000,128
1100,20160112,11, 1,1,       1801 ,,100834,100834,100834937300,1,,,,,,0,740,25000,128,739,7000,128
1100,20160112,11, 1,1,       1801 ,,100834,100834,100834938000,1,,,,,,0,740,25000,128,739,13000,128
1100,20160112,11, 1,1,       1801 ,,100834,100834,100834938600,1,,,,,,0,740,25000,128,739,16000,128
1100,20160112,11, 1,1,       1801 ,,100834,100834,100834939300,1,,,,,,0,740,25000,128,739,20000,128
1100,20160112,11, 1,1,       1801 ,,100834,100834,100834940000,1,,,,,,0,740,25000,128,739,24000,128
1100,20160112,11, 1,1,       1801 ,,100834,100834,100834941800,1,,,,,,0,740,22000,128,739,24000,128
1100,20160112,11, 1,1,       1801 ,,100834,100834,100834942800,1,,,,,,0,740,22000,128,739,18000,128
1100,20160112,11, 1,1,       1801 ,,100834,100834,100834943700,1,,,,,,0,740,13000,128,739,18000,128
1100,20160112,11, 1,1,       1801 ,,100834,100834,100834970800,1,,,,,,0,740,12000,128,739,18000,128
1100,20160112,11, 1,1,       1801 ,,100836,100836,100836976000,1,,,,,,0,740,11000,128,739,18000,128
1100,20160112,11, 1,1,       1801 ,,100836,100836,100836976700,1,,,,,,0,740,10000,128,739,18000,128
1100,20160112,11, 1,1,       1801 ,,100836,100836,100836978200,1,,,,,,0,740,12000,128,739,18000,128
1100,20160112,11, 1,1,       1801 ,,100837,100837,100837420900,1,,,,,,0,740,13000,128,739,18000,128
1100,20160112,11, 1,1,       1801 ,,100842,100842,100842111800,1,,,,,,0,740,12000,128,739,18000,128
1100,20160112,11, 1,1,       1801 ,,100846,100846,100846624600,1,,,,,,0,740,13000,128,739,18000,128
1100,20160112,11, 1,1,       1801 ,,100855,100855,100855049900,1,,,,,,0,740,13000,128,739,16000,128
1100,20160112,11, 1,1,       1801 ,,100855,100855,100855050900,1,,,,,,0,740,13000,128,739,12000,128
1100,20160112,11, 1,1,       1801 ,,100855,100855,100855054200,1,,,,,,0,740,13000,128,739,10000,128
1100,20160112,11, 1,1,       1801 ,,100855,100855,100855056400,1,,,,,,0,740,16000,128,739,10000,128
1100,20160112,11, 1,1,       1801 ,,100855,100855,100855057900,1,,,,,,0,740,16000,128,739,9000,128
1100,20160112,11, 1,1,       1801 ,,100855,100855,100855060000,1,,,,,,0,740,16000,128,739,7000,128
1100,20160112,11, 1,1,       1801 ,,100855,100855,100855061600,1,,,,,,0,740,20000,128,739,7000,128
1100,20160112,11, 1,1,       1801 ,,100855,100855,100855290000,1,,,,,,0,740,20000,128,739,8000,128
1100,20160112,11, 1,1,       1801 ,,100855,100855,100855291700,1,,,,,,0,740,20000,128,739,10000,128
1100,20160112,11, 1,1,       1801 ,,100857,100857,100857578500,1,,,,,,0,740,16000,128,739,10000,128
1100,20160112,11, 1,1,       1801 ,,100902,100902,100902887500,1,,,,,,0,740,16000,128,739,11000,128
1100,20160112,11, 1,1,       1801 ,,100906,100906,100906005100,1,,,,,,0,740,34000,128,739,11000,128
1100,20160112,11, 1,1,       1801 ,,100906,100906,100906006300,1,,,,,,0,740,34000,128,739,10000,128
1100,20160112,11, 1,1,       1801 ,,100906,100906,100906007100,1,,,,,,0,740,39000,128,739,10000,128
1100,20160112,11, 1,1,       1801 ,,100906,100906,100906007800,1,,,,,,0,740,39000,128,739,7000,128
1100,20160112,11, 1,1,       1801 ,,100906,100906,100906008500,1,,,,,,0,740,39000,128,739,5000,128
1100,20160112,11, 1,1,       1801 ,,100906,100906,100906009200,1,,,,,,0,740,39000,128,739,1000,128
1100,20160112,11, 1,1,       1801 ,,100906,100906,100906010600,1,,,,,,0,740,40000,128,739,1000,128
1100,20160112,11, 1,1,       1801 ,,100906,100906,100906348900,1,,,,,,0,740,39000,128,739,1000,128
1100,20160112,11, 1,1,       1801 ,,100906,100906,100906536800,1,,,,,,0,740,42000,128,739,1000,128
1100,20160112,11, 1,1,       1801 ,,100907,100907,100907890000,1,,,,,,0,740,42000,128,738,69000,128
1100,20160112,11, 1,1,       1801 ,,100907,100907,100907892500,1,,,,,,0,740,51000,128,738,69000,128
1100,20160112,11, 1,1,       1801 ,,100907,100907,100907893200,1,,,,,,0,740,51000,128,738,65000,128
1100,20160112,11, 1,1,       1801 ,,100907,100907,100907893900,1,,,,,,0,740,58000,128,738,65000,128
1100,20160112,11, 1,1,       1801 ,,100907,100907,100907894500,1,,,,,,0,740,59000,128,738,65000,128
1100,20160112,11, 1,1,       1801 ,,100907,100907,100907911800,1,,,,,,0,740,59000,128,738,59000,128
1100,20160112,11, 1,1,       1801 ,,100908,100908,100908005100,1,,,,,,0,740,41000,128,738,59000,128
1100,20160112,11, 1,1,       1801 ,,100908,100908,100908006400,1,,,,,,0,740,40000,128,738,59000,128
1100,20160112,11, 1,1,       1801 ,,100908,100908,100908007100,1,,,,,,0,740,40000,128,738,60000,128
1100,20160112,11, 1,1,       1801 ,,100908,100908,100908552700,1,,,,,,0,740,37000,128,738,60000,128
1100,20160112,11, 1,1,       1801 ,,100912,100912,100912250900,1,,,,,,0,740,37000,128,738,59000,128
1100,20160112,11, 1,1,       1801 ,,100912,100912,100912391500,1,,,,,,0,740,38000,128,738,59000,128
1100,20160112,11, 1,1,       1801 ,,100912,100912,100912607000,1,,,,,,0,740,38000,128,738,58000,128
1100,20160112,11, 1,1,       1801 ,,100914,100914,100914632100,1,,,,,,0,740,38000,128,738,59000,128
1100,20160112,11, 1,1,       1801 ,,100914,100914,100914634200,1,,,,,,0,740,37000,128,738,59000,128
1100,20160112,11, 1,1,       1801 ,,100918,100918,100918221000,1,,,,,,0,740,37000,128,738,60000,128
1100,20160112,11, 1,1,       1801 ,100923,100923,100923,100923582500,1,740,48,0,1000,0,0,740,36000,128,738,60000,128
1100,20160112,11, 1,1,       1801 ,,100923,100923,100923584100,1,,,,,,0,740,36000,128,739,4000,128
1100,20160112,11, 1,1,       1801 ,,100923,100923,100923584800,1,,,,,,0,740,32000,128,739,4000,128
1100,20160112,11, 1,1,       1801 ,,100923,100923,100923586400,1,,,,,,0,740,32000,128,739,6000,128
1100,20160112,11, 1,1,       1801 ,,100923,100923,100923587900,1,,,,,,0,740,25000,128,739,6000,128
1100,20160112,11, 1,1,       1801 ,,100923,100923,100923588700,1,,,,,,0,740,25000,128,739,7000,128
1100,20160112,11, 1,1,       1801 ,,100923,100923,100923590900,1,,,,,,0,740,16000,128,739,7000,128
1100,20160112,11, 1,1,       1801 ,,100923,100923,100923593400,1,,,,,,0,740,15000,128,739,7000,128
1100,20160112,11, 1,1,       1801 ,,100923,100923,100923594700,1,,,,,,0,740,15000,128,739,10000,128
1100,20160112,11, 1,1,       1801 ,,100923,100923,100923596000,1,,,,,,0,740,15000,128,739,14000,128
1100,20160112,11, 1,1,       1801 ,,100923,100923,100923596600,1,,,,,,0,740,15000,128,739,17000,128
1100,20160112,11, 1,1,       1801 ,,100925,100925,100925360800,1,,,,,,0,740,16000,128,739,17000,128
1100,20160112,11, 1,1,       1801 ,,100925,100925,100925680500,1,,,,,,0,740,15000,128,739,17000,128
1100,20160112,11, 1,1,       1801 ,,100927,100927,100927170700,1,,,,,,0,740,16000,128,739,17000,128
1100,20160112,11, 1,1,       1801 ,,100927,100927,100927540400,1,,,,,,0,740,15000,128,739,17000,128
1100,20160112,11, 1,1,       1801 ,,100928,100928,100928440400,1,,,,,,0,740,16000,128,739,17000,128
1100,20160112,11, 1,1,       1801 ,,100942,100942,100942940400,1,,,,,,0,740,16000,128,739,16000,128
1100,20160112,11, 1,1,       1801 ,,100950,100950,100950889300,1,,,,,,0,740,16000,128,739,18000,128
1100,20160112,11, 1,1,       1801 ,,100950,100950,100950891800,1,,,,,,0,740,16000,128,739,24000,128
1100,20160112,11, 1,1,       1801 ,,100950,100950,100950892700,1,,,,,,0,740,11000,128,739,24000,128
1100,20160112,11, 1,1,       1801 ,,100950,100950,100950894000,1,,,,,,0,740,10000,128,739,24000,128
1100,20160112,11, 1,1,       1801 ,,100950,100950,100950895400,1,,,,,,0,740,7000,128,739,24000,128
1100,20160112,11, 1,1,       1801 ,,100950,100950,100950896100,1,,,,,,0,740,5000,128,739,24000,128
1100,20160112,11, 1,1,       1801 ,,100950,100950,100950905600,1,,,,,,0,740,5000,128,739,25000,128
1100,20160112,11, 1,1,       1801 ,,100950,100950,100950910500,1,,,,,,0,740,5000,128,739,26000,128
1100,20160112,11, 1,1,       1801 ,,100951,100951,100951660800,1,,,,,,0,740,5000,128,739,25000,128
1100,20160112,11, 1,1,       1801 ,,100951,100951,100951663100,1,,,,,,0,740,4000,128,739,25000,128
1100,20160112,11, 1,1,       1801 ,,100951,100951,100951680900,1,,,,,,0,740,4000,128,739,26000,128
1100,20160112,11, 1,1,       1801 ,,100953,100953,100953247700,1,,,,,,0,740,4000,128,739,25000,128
1100,20160112,11, 1,1,       1801 ,,100953,100953,100953250000,1,,,,,,0,740,5000,128,739,25000,128
1100,20160112,11, 1,1,       1801 ,,100953,100953,100953310300,1,,,,,,0,740,6000,128,739,25000,128
1100,20160112,11, 1,1,       1801 ,,100953,100953,100953390300,1,,,,,,0,740,6000,128,739,19000,128
1100,20160112,11, 1,1,       1801 ,,100953,100953,100953392000,1,,,,,,0,740,10000,128,739,19000,128
1100,20160112,11, 1,1,       1801 ,,100953,100953,100953393000,1,,,,,,0,740,12000,128,739,19000,128
1100,20160112,11, 1,1,       1801 ,,101002,101002,101002512400,1,,,,,,0,740,12000,128,739,17000,128
1100,20160112,11, 1,1,       1801 ,,101002,101002,101002514200,1,,,,,,0,740,15000,128,739,17000,128
1100,20160112,11, 1,1,       1801 ,,101002,101002,101002515500,1,,,,,,0,740,20000,128,739,17000,128
1100,20160112,11, 1,1,       1801 ,,101002,101002,101002516100,1,,,,,,0,740,27000,128,739,17000,128
1100,20160112,11, 1,1,       1801 ,,101002,101002,101002517400,1,,,,,,0,740,27000,128,739,14000,128
1100,20160112,11, 1,1,       1801 ,,101002,101002,101002518600,1,,,,,,0,740,27000,128,739,12000,128
1100,20160112,11, 1,1,       1801 ,,101002,101002,101002519400,1,,,,,,0,740,27000,128,739,9000,128
1100,20160112,11, 1,1,       1801 ,,101002,101002,101002520100,1,,,,,,0,740,27000,128,739,5000,128
1100,20160112,11, 1,1,       1801 ,,101003,101003,101003928300,1,,,,,,0,740,31000,128,739,5000,128
1100,20160112,11, 1,1,       1801 ,,101004,101004,101004021700,1,,,,,,0,740,31000,128,739,7000,128
1100,20160112,11, 1,1,       1801 ,,101008,101008,101008005300,1,,,,,,0,740,49000,128,739,7000,128
1100,20160112,11, 1,1,       1801 ,,101017,101017,101017138200,1,,,,,,0,740,49000,128,739,8000,128
1100,20160112,11, 1,1,       1801 ,,101023,101023,101023049000,1,,,,,,0,740,49000,128,739,10000,128
1100,20160112,11, 1,1,       1801 ,101023,101023,101023,101023269200,1,740,48,0,1000,0,0,740,48000,128,739,10000,128
1100,20160112,11, 1,1,       1801 ,,101023,101023,101023270800,1,,,,,,0,740,41000,128,739,10000,128
1100,20160112,11, 1,1,       1801 ,,101023,101023,101023271500,1,,,,,,0,740,41000,128,739,14000,128
1100,20160112,11, 1,1,       1801 ,,101023,101023,101023272900,1,,,,,,0,740,36000,128,739,14000,128
1100,20160112,11, 1,1,       1801 ,,101023,101023,101023273600,1,,,,,,0,740,36000,128,739,20000,128
1100,20160112,11, 1,1,       1801 ,,101023,101023,101023274300,1,,,,,,0,740,36000,128,739,23000,128
1100,20160112,11, 1,1,       1801 ,,101024,101024,101024005800,1,,,,,,0,740,18000,128,739,23000,128
1100,20160112,11, 1,1,       1801 ,,101024,101024,101024007200,1,,,,,,0,740,18000,128,739,26000,128
1100,20160112,11, 1,1,       1801 ,,101024,101024,101024663300,1,,,,,,0,740,14000,128,739,26000,128
1100,20160112,11, 1,1,       1801 ,,101024,101024,101024665400,1,,,,,,0,740,12000,128,739,26000,128
1100,20160112,11, 1,1,       1801 ,,101024,101024,101024667400,1,,,,,,0,740,11000,128,739,26000,128
1100,20160112,11, 1,1,       1801 ,,101025,101025,101025980800,1,,,,,,0,740,12000,128,739,26000,128
1100,20160112,11, 1,1,       1801 ,,101026,101026,101026729800,1,,,,,,0,740,11000,128,739,26000,128
1100,20160112,11, 1,1,       1801 ,,101027,101027,101027130400,1,,,,,,0,740,12000,128,739,26000,128
1100,20160112,11, 1,1,       1801 ,,101028,101028,101028009500,1,,,,,,0,740,12000,128,739,20000,128
1100,20160112,11, 1,1,       1801 ,,101028,101028,101028011600,1,,,,,,0,740,14000,128,739,20000,128
1100,20160112,11, 1,1,       1801 ,,101029,101029,101029808900,1,,,,,,0,740,14000,128,739,22000,128
1100,20160112,11, 1,1,       1801 ,,101029,101029,101029902900,1,,,,,,0,740,13000,128,739,22000,128
1100,20160112,11, 1,1,       1801 ,,101030,101030,101030760400,1,,,,,,0,740,14000,128,739,22000,128
1100,20160112,11, 1,1,       1801 ,,101037,101037,101037572200,1,,,,,,0,740,13000,128,739,22000,128
1100,20160112,11, 1,1,       1801 ,,101038,101038,101038771600,1,,,,,,0,740,14000,128,739,22000,128
1100,20160112,11, 1,1,       1801 ,,101041,101041,101041865100,1,,,,,,0,740,14000,128,739,23000,128
1100,20160112,11, 1,1,       1801 ,,101041,101041,101041866700,1,,,,,,0,740,21000,128,739,23000,128
1100,20160112,11, 1,1,       1801 ,,101042,101042,101042411400,1,,,,,,0,740,21000,128,739,21000,128
1100,20160112,11, 1,1,       1801 ,,101047,101047,101047179200,1,,,,,,0,740,25000,128,739,21000,128
1100,20160112,11, 1,1,       1801 ,,101047,101047,101047783500,1,,,,,,0,740,24000,128,739,21000,128
1100,20160112,11, 1,1,       1801 ,,101047,101047,101047821600,1,,,,,,0,740,17000,128,739,21000,128
1100,20160112,11, 1,1,       1801 ,,101047,101047,101047823200,1,,,,,,0,740,17000,128,739,23000,128
1100,20160112,11, 1,1,       1801 ,,101053,101053,101053286900,1,,,,,,0,740,22000,128,739,23000,128
1100,20160112,11, 1,1,       1801 ,,101054,101054,101054655300,1,,,,,,0,740,22000,128,739,24000,128
1100,20160112,11, 1,1,       1801 ,,101055,101055,101055051400,1,,,,,,0,740,22000,128,739,23000,128
1100,20160112,11, 1,1,       1801 ,,101055,101055,101055326800,1,,,,,,0,740,22000,128,739,24000,128
1100,20160112,11, 1,1,       1801 ,,101055,101055,101055442100,1,,,,,,0,740,23000,128,739,24000,128
1100,20160112,11, 1,1,       1801 ,,101055,101055,101055631100,1,,,,,,0,740,22000,128,739,24000,128
1100,20160112,11, 1,1,       1801 ,,101055,101055,101055900400,1,,,,,,0,740,23000,128,739,24000,128
1100,20160112,11, 1,1,       1801 ,,101056,101056,101056712100,1,,,,,,0,740,22000,128,739,24000,128
1100,20160112,11, 1,1,       1801 ,101058,101058,101058,101058378700,1,739,16,0,1000,0,0,740,22000,128,739,23000,128
1100,20160112,11, 1,1,       1801 ,,101059,101059,101059343400,1,,,,,,0,740,23000,128,739,23000,128
1100,20160112,11, 1,1,       1801 ,,101059,101059,101059541500,1,,,,,,0,740,23000,128,739,24000,128
1100,20160112,11, 1,1,       1801 ,,101059,101059,101059815800,1,,,,,,0,740,23000,128,739,23000,128
1100,20160112,11, 1,1,       1801 ,,101059,101059,101059839700,1,,,,,,0,740,23000,128,739,24000,128
1100,20160112,11, 1,1,       1801 ,,101100,101100,101100107700,1,,,,,,0,740,23000,128,739,23000,128
1100,20160112,11, 1,1,       1801 ,,101102,101102,101102901800,1,,,,,,0,740,23000,128,739,24000,128
1100,20160112,11, 1,1,       1801 ,,101102,101102,101102902700,1,,,,,,0,740,22000,128,739,24000,128
1100,20160112,11, 1,1,       1801 ,,101104,101104,101104237600,1,,,,,,0,740,23000,128,739,24000,128
1100,20160112,11, 1,1,       1801 ,,101104,101104,101104238400,1,,,,,,0,740,23000,128,739,23000,128
1100,20160112,11, 1,1,       1801 ,,101104,101104,101104604300,1,,,,,,0,740,22000,128,739,23000,128
1100,20160112,11, 1,1,       1801 ,,101107,101107,101107240100,1,,,,,,0,740,23000,128,739,23000,128
1100,20160112,11, 1,1,       1801 ,,101107,101107,101107242000,1,,,,,,0,740,28000,128,739,23000,128
1100,20160112,11, 1,1,       1801 ,,101107,101107,101107242600,1,,,,,,0,740,35000,128,739,23000,128
1100,20160112,11, 1,1,       1801 ,,101107,101107,101107243300,1,,,,,,0,740,35000,128,739,21000,128
1100,20160112,11, 1,1,       1801 ,,101107,101107,101107244200,1,,,,,,0,740,44000,128,739,21000,128
1100,20160112,11, 1,1,       1801 ,,101107,101107,101107244900,1,,,,,,0,740,44000,128,739,18000,128
1100,20160112,11, 1,1,       1801 ,,101107,101107,101107245600,1,,,,,,0,740,44000,128,739,15000,128
1100,20160112,11, 1,1,       1801 ,,101107,101107,101107246300,1,,,,,,0,740,44000,128,739,13000,128
1100,20160112,11, 1,1,       1801 ,,101107,101107,101107247100,1,,,,,,0,740,44000,128,739,9000,128
1100,20160112,11, 1,1,       1801 ,,101107,101107,101107248400,1,,,,,,0,740,45000,128,739,9000,128
1100,20160112,11, 1,1,       1801 ,,101107,101107,101107259400,1,,,,,,0,740,46000,128,739,9000,128
1100,20160112,11, 1,1,       1801 ,,101107,101107,101107260500,1,,,,,,0,740,45000,128,739,9000,128
1100,20160112,11, 1,1,       1801 ,,101110,101110,101110005000,1,,,,,,0,740,63000,128,739,9000,128
1100,20160112,11, 1,1,       1801 ,,101110,101110,101110028400,1,,,,,,0,740,63000,128,739,8000,128
1100,20160112,11, 1,1,       1801 ,,101110,101110,101110085600,1,,,,,,0,740,63000,128,739,9000,128
1100,20160112,11, 1,1,       1801 ,101111,101111,101111,101111915300,1,739,16,0,9000,0,0,740,63000,128,738,73000,128
1100,20160112,11, 1,1,       1801 ,,101111,101111,101111916800,1,,,,,,0,740,64000,128,738,73000,128
1100,20160112,11, 1,1,       1801 ,,101111,101111,101111918200,1,,,,,,0,739,2000,128,738,73000,128
1100,20160112,11, 1,1,       1801 ,,101111,101111,101111919800,1,,,,,,0,739,2000,128,738,71000,128
1100,20160112,11, 1,1,       1801 ,,101111,101111,101111921000,1,,,,,,0,739,2000,128,738,67000,128
1100,20160112,11, 1,1,       1801 ,,101111,101111,101111922200,1,,,,,,0,739,3000,128,738,67000,128
1100,20160112,11, 1,1,       1801 ,101111,101111,101111,101111924300,1,739,48,0,1000,0,0,739,2000,128,738,67000,128
1100,20160112,11, 1,1,       1801 ,,101111,101111,101111925300,1,,,,,,0,739,2000,128,738,67000,128
1100,20160112,11, 1,1,       1801 ,,101111,101111,101111928800,1,,,,,,0,739,2000,128,738,61000,128
1100,20160112,11, 1,1,       1801 ,,101111,101111,101111929500,1,,,,,,0,739,2000,128,738,59000,128
1100,20160112,11, 1,1,       1801 ,,101111,101111,101111930200,1,,,,,,0,739,3000,128,738,59000,128
1100,20160112,11, 1,1,       1801 ,,101111,101111,101111932300,1,,,,,,0,739,4000,128,738,59000,128
1100,20160112,11, 1,1,       1801 ,,101111,101111,101111933000,1,,,,,,0,739,4000,128,738,58000,128
1100,20160112,11, 1,1,       1801 ,,101111,101111,101111933800,1,,,,,,0,739,4000,128,738,60000,128
1100,20160112,11, 1,1,       1801 ,,101111,101111,101111934400,1,,,,,,0,739,3000,128,738,60000,128
1100,20160112,11, 1,1,       1801 ,101111,101111,101111,101111935200,1,739,48,0,2000,0,0,739,1000,128,738,60000,128
1100,20160112,11, 1,1,       1801 ,,101111,101111,101111937200,1,,,,,,0,739,1000,128,738,60000,128
1100,20160112,11, 1,1,       1801 ,,101111,101111,101111939700,1,,,,,,0,739,1000,128,738,57000,128
1100,20160112,11, 1,1,       1801 ,,101112,101112,101112000200,1,,,,,,0,739,2000,128,738,57000,128
1100,20160112,11, 1,1,       1801 ,,101112,101112,101112001900,1,,,,,,0,739,3000,128,738,57000,128
1100,20160112,11, 1,1,       1801 ,,101112,101112,101112049100,1,,,,,,0,739,3000,128,738,56000,128
1100,20160112,11, 1,1,       1801 ,101112,101112,101112,101112069000,1,739,48,0,1000,0,0,739,2000,128,738,56000,128
1100,20160112,11, 1,1,       1801 ,101112,101112,101112,101112070500,1,739,48,0,1000,0,0,739,1000,128,738,56000,128
1100,20160112,11, 1,1,       1801 ,,101112,101112,101112072700,1,,,,,,0,740,69000,128,738,56000,128
1100,20160112,11, 1,1,       1801 ,,101112,101112,101112073500,1,,,,,,0,740,70000,128,738,56000,128
1100,20160112,11, 1,1,       1801 ,,101112,101112,101112075100,1,,,,,,0,740,68000,128,738,56000,128
1100,20160112,11, 1,1,       1801 ,,101112,101112,101112076700,1,,,,,,0,740,68000,128,739,1000,128
1100,20160112,11, 1,1,       1801 ,,101112,101112,101112078100,1,,,,,,0,740,68000,128,739,3000,128
1100,20160112,11, 1,1,       1801 ,,101112,101112,101112079500,1,,,,,,0,740,66000,128,739,3000,128
1100,20160112,11, 1,1,       1801 ,,101112,101112,101112080900,1,,,,,,0,740,66000,128,739,9000,128
1100,20160112,11, 1,1,       1801 ,,101112,101112,101112082100,1,,,,,,0,740,65000,128,739,9000,128
1100,20160112,11, 1,1,       1801 ,,101112,101112,101112082900,1,,,,,,0,740,65000,128,739,11000,128
1100,20160112,11, 1,1,       1801 ,,101112,101112,101112268100,1,,,,,,0,740,65000,128,739,12000,128
1100,20160112,11, 1,1,       1801 ,,101112,101112,101112270000,1,,,,,,0,740,64000,128,739,12000,128
1100,20160112,11, 1,1,       1801 ,,101112,101112,101112486400,1,,,,,,0,740,64000,128,739,13000,128
1100,20160112,11, 1,1,       1801 ,,101112,101112,101112536600,1,,,,,,0,740,61000,128,739,13000,128
1100,20160112,11, 1,1,       1801 ,101131,101131,101131,101131709300,1,740,48,0,1000,0,0,740,60000,128,739,13000,128
1100,20160112,11, 1,1,       1801 ,,101131,101131,101131711100,1,,,,,,0,740,53000,128,739,13000,128
1100,20160112,11, 1,1,       1801 ,,101131,101131,101131711900,1,,,,,,0,740,53000,128,739,17000,128
1100,20160112,11, 1,1,       1801 ,,101131,101131,101131712600,1,,,,,,0,740,53000,128,739,19000,128
1100,20160112,11, 1,1,       1801 ,,101131,101131,101131714000,1,,,,,,0,740,48000,128,739,19000,128
1100,20160112,11, 1,1,       1801 ,,101131,101131,101131714700,1,,,,,,0,740,48000,128,739,22000,128
1100,20160112,11, 1,1,       1801 ,,101131,101131,101131725200,1,,,,,,0,740,48000,128,739,23000,128
1100,20160112,11, 1,1,       1801 ,,101143,101143,101143801500,1,,,,,,0,740,49000,128,739,23000,128
1100,20160112,11, 1,1,       1801 ,,101146,101146,101146923000,1,,,,,,0,740,48000,128,739,23000,128
1100,20160112,11, 1,1,       1801 ,,101147,101147,101147000300,1,,,,,,0,740,48000,128,739,24000,128
1100,20160112,11, 1,1,       1801 ,,101147,101147,101147003800,1,,,,,,0,740,48000,128,739,30000,128
1100,20160112,11, 1,1,       1801 ,,101147,101147,101147006600,1,,,,,,0,740,45000,128,739,30000,128
1100,20160112,11, 1,1,       1801 ,101147,101147,101147,101147869600,1,740,48,0,1000,0,0,740,44000,128,739,30000,128
1100,20160112,11, 1,1,       1801 ,,101147,101147,101147871700,1,,,,,,0,740,44000,128,739,31000,128
1100,20160112,11, 1,1,       1801 ,,101148,101148,101148006000,1,,,,,,0,740,26000,128,739,31000,128
1100,20160112,11, 1,1,       1801 ,,101148,101148,101148007200,1,,,,,,0,740,26000,128,739,34000,128
1100,20160112,11, 1,1,       1801 ,,101148,101148,101148007800,1,,,,,,0,740,25000,128,739,34000,128
1100,20160112,11, 1,1,       1801 ,,101148,101148,101148008500,1,,,,,,0,740,23000,128,739,34000,128
1100,20160112,11, 1,1,       1801 ,101148,101148,101148,101148009200,1,740,48,0,1000,0,0,740,22000,128,739,34000,128
1100,20160112,11, 1,1,       1801 ,101148,101148,101148,101148010200,1,740,48,0,2000,0,0,740,20000,128,739,34000,128
1100,20160112,11, 1,1,       1801 ,101148,101148,101148,101148011200,1,740,48,0,1000,0,0,740,19000,128,739,34000,128
1100,20160112,11, 1,1,       1801 ,,101148,101148,101148012200,1,,,,,,0,740,10000,128,739,34000,128
1100,20160112,11, 1,1,       1801 ,101148,101148,101148,101148013100,1,740,48,0,10000,0,0,741,57000,128,739,34000,128
1100,20160112,11, 1,1,       1801 ,,101148,101148,101148015300,1,,,,,,0,741,57000,128,740,1000,128
1100,20160112,11, 1,1,       1801 ,,101148,101148,101148016000,1,,,,,,0,741,57000,128,740,3000,128
1100,20160112,11, 1,1,       1801 ,,101148,101148,101148016800,1,,,,,,0,741,57000,128,740,23000,128
1100,20160112,11, 1,1,       1801 ,,101148,101148,101148017500,1,,,,,,0,741,57000,128,740,33000,128
1100,20160112,11, 1,1,       1801 ,,101148,101148,101148018800,1,,,,,,0,741,57000,128,740,35000,128
1100,20160112,11, 1,1,       1801 ,,101148,101148,101148019600,1,,,,,,0,741,57000,128,740,36000,128
1100,20160112,11, 1,1,       1801 ,,101148,101148,101148020900,1,,,,,,0,741,56000,128,740,36000,128
1100,20160112,11, 1,1,       1801 ,,101148,101148,101148021700,1,,,,,,0,741,56000,128,740,38000,128
1100,20160112,11, 1,1,       1801 ,,101148,101148,101148024000,1,,,,,,0,741,54000,128,740,38000,128
1100,20160112,11, 1,1,       1801 ,,101148,101148,101148025500,1,,,,,,0,741,52000,128,740,38000,128
1100,20160112,11, 1,1,       1801 ,,101148,101148,101148026300,1,,,,,,0,741,52000,128,740,41000,128
1100,20160112,11, 1,1,       1801 ,101148,101148,101148,101148029600,1,740,16,0,1000,0,0,741,52000,128,740,40000,128
1100,20160112,11, 1,1,       1801 ,,101148,101148,101148030600,1,,,,,,0,741,53000,128,740,40000,128
1100,20160112,11, 1,1,       1801 ,,101148,101148,101148032700,1,,,,,,0,741,51000,128,740,40000,128
1100,20160112,11, 1,1,       1801 ,,101148,101148,101148035000,1,,,,,,0,741,44000,128,740,40000,128
1100,20160112,11, 1,1,       1801 ,,101148,101148,101148035800,1,,,,,,0,741,46000,128,740,40000,128
1100,20160112,11, 1,1,       1801 ,,101148,101148,101148036400,1,,,,,,0,741,46000,128,740,44000,128
1100,20160112,11, 1,1,       1801 ,,101148,101148,101148041100,1,,,,,,0,741,45000,128,740,44000,128
1100,20160112,11, 1,1,       1801 ,,101148,101148,101148041800,1,,,,,,0,741,45000,128,740,47000,128
1100,20160112,11, 1,1,       1801 ,,101148,101148,101148042500,1,,,,,,0,741,44000,128,740,47000,128
1100,20160112,11, 1,1,       1801 ,,101148,101148,101148044000,1,,,,,,0,741,41000,128,740,47000,128
1100,20160112,11, 1,1,       1801 ,,101148,101148,101148044700,1,,,,,,0,741,36000,128,740,47000,128
1100,20160112,11, 1,1,       1801 ,,101148,101148,101148045400,1,,,,,,0,741,36000,128,740,51000,128
1100,20160112,11, 1,1,       1801 ,,101148,101148,101148048300,1,,,,,,0,741,33000,128,740,51000,128
1100,20160112,11, 1,1,       1801 ,,101148,101148,101148051600,1,,,,,,0,741,33000,128,740,52000,128
1100,20160112,11, 1,1,       1801 ,,101148,101148,101148052300,1,,,,,,0,741,33000,128,740,53000,128
1100,20160112,11, 1,1,       1801 ,,101148,101148,101148096300,1,,,,,,0,741,33000,128,740,52000,128
1100,20160112,11, 1,1,       1801 ,,101148,101148,101148960900,1,,,,,,0,741,33000,128,740,32000,128
1100,20160112,11, 1,1,       1801 ,101149,101149,101149,101149773600,1,741,48,0,1000,0,0,741,32000,128,740,32000,128
1100,20160112,11, 1,1,       1801 ,,101150,101150,101150014800,1,,,,,,0,741,32000,128,740,32000,128
1100,20160112,11, 1,1,       1801 ,,101150,101150,101150106100,1,,,,,,0,741,32000,128,740,33000,128
1100,20160112,11, 1,1,       1801 ,,101150,101150,101150362200,1,,,,,,0,741,32000,128,740,34000,128
1100,20160112,11, 1,1,       1801 ,,101151,101151,101151381400,1,,,,,,0,741,32000,128,740,33000,128
1100,20160112,11, 1,1,       1801 ,,101151,101151,101151421600,1,,,,,,0,741,32000,128,740,29000,128
1100,20160112,11, 1,1,       1801 ,,101151,101151,101151572400,1,,,,,,0,741,33000,128,740,29000,128
1100,20160112,11, 1,1,       1801 ,,101152,101152,101152129600,1,,,,,,0,741,36000,128,740,29000,128
1100,20160112,11, 1,1,       1801 ,,101152,101152,101152205200,1,,,,,,0,741,37000,128,740,29000,128
1100,20160112,11, 1,1,       1801 ,,101211,101211,101211005500,1,,,,,,0,741,55000,128,740,29000,128
1100,20160112,11, 1,1,       1801 ,,101211,101211,101211006800,1,,,,,,0,741,55000,128,740,26000,128
1100,20160112,11, 1,1,       1801 ,,101211,101211,101211007600,1,,,,,,0,741,60000,128,740,26000,128
1100,20160112,11, 1,1,       1801 ,,101211,101211,101211008200,1,,,,,,0,741,63000,128,740,26000,128
1100,20160112,11, 1,1,       1801 ,,101211,101211,101211557500,1,,,,,,0,741,66000,128,740,26000,128
1100,20160112,11, 1,1,       1801 ,,101211,101211,101211559000,1,,,,,,0,741,73000,128,740,26000,128
1100,20160112,11, 1,1,       1801 ,,101216,101216,101216560200,1,,,,,,0,741,72000,128,740,26000,128
1100,20160112,11, 1,1,       1801 ,101216,101216,101216,101216572200,1,740,16,0,1000,0,0,741,72000,128,740,25000,128
1100,20160112,11, 1,1,       1801 ,,101216,101216,101216573500,1,,,,,,0,741,72000,128,740,24000,128
1100,20160112,11, 1,1,       1801 ,,101216,101216,101216574300,1,,,,,,0,741,72000,128,740,21000,128
1100,20160112,11, 1,1,       1801 ,,101216,101216,101216575100,1,,,,,,0,741,72000,128,740,11000,128
1100,20160112,11, 1,1,       1801 ,101216,101216,101216,101216576300,1,740,16,0,4000,0,0,741,72000,128,740,7000,128
1100,20160112,11, 1,1,       1801 ,,101216,101216,101216577400,1,,,,,,0,741,73000,128,740,7000,128
1100,20160112,11, 1,1,       1801 ,101216,101216,101216,101216579200,1,740,16,0,1000,0,0,741,73000,128,740,6000,128
1100,20160112,11, 1,1,       1801 ,101216,101216,101216,101216580200,1,740,16,0,6000,0,0,741,73000,128,739,57000,128
1100,20160112,11, 1,1,       1801 ,,101216,101216,101216584200,1,,,,,,0,741,73000,128,739,57000,128
1100,20160112,11, 1,1,       1801 ,,101216,101216,101216585000,1,,,,,,0,740,2000,128,739,57000,128
1100,20160112,11, 1,1,       1801 ,,101216,101216,101216585700,1,,,,,,0,740,3000,128,739,57000,128
1100,20160112,11, 1,1,       1801 ,,101216,101216,101216597500,1,,,,,,0,740,4000,128,739,57000,128
1100,20160112,11, 1,1,       1801 ,,101216,101216,101216603400,1,,,,,,0,740,4000,128,739,55000,128
1100,20160112,11, 1,1,       1801 ,,101216,101216,101216604800,1,,,,,,0,740,4000,128,739,49000,128
1100,20160112,11, 1,1,       1801 ,,101216,101216,101216605600,1,,,,,,0,740,8000,128,739,49000,128
1100,20160112,11, 1,1,       1801 ,,101216,101216,101216606200,1,,,,,,0,740,8000,128,739,46000,128
1100,20160112,11, 1,1,       1801 ,,101216,101216,101216607800,1,,,,,,0,740,12000,128,739,46000,128
1100,20160112,11, 1,1,       1801 ,,101216,101216,101216608400,1,,,,,,0,740,13000,128,739,46000,128
1100,20160112,11, 1,1,       1801 ,,101216,101216,101216609900,1,,,,,,0,740,14000,128,739,46000,128
1100,20160112,11, 1,1,       1801 ,,101216,101216,101216610700,1,,,,,,0,740,14000,128,739,42000,128
1100,20160112,11, 1,1,       1801 ,,101216,101216,101216611400,1,,,,,,0,740,17000,128,739,42000,128
1100,20160112,11, 1,1,       1801 ,,101216,101216,101216612000,1,,,,,,0,740,17000,128,739,33000,128
1100,20160112,11, 1,1,       1801 ,,101216,101216,101216612800,1,,,,,,0,740,17000,128,739,32000,128
1100,20160112,11, 1,1,       1801 ,,101216,101216,101216613600,1,,,,,,0,740,17000,128,739,28000,128
1100,20160112,11, 1,1,       1801 ,,101216,101216,101216614300,1,,,,,,0,740,19000,128,739,28000,128
1100,20160112,11, 1,1,       1801 ,,101216,101216,101216615700,1,,,,,,0,740,19000,128,739,25000,128
1100,20160112,11, 1,1,       1801 ,,101216,101216,101216618100,1,,,,,,0,740,19000,128,739,24000,128
1100,20160112,11, 1,1,       1801 ,,101216,101216,101216619400,1,,,,,,0,740,19000,128,739,21000,128
1100,20160112,11, 1,1,       1801 ,,101216,101216,101216623500,1,,,,,,0,740,22000,128,739,21000,128
1100,20160112,11, 1,1,       1801 ,,101217,101217,101217478200,1,,,,,,0,740,22000,128,739,20000,128
1100,20160112,11, 1,1,       1801 ,,101217,101217,101217479500,1,,,,,,0,740,22000,128,739,14000,128
1100,20160112,11, 1,1,       1801 ,,101229,101229,101229805100,1,,,,,,0,740,21000,128,739,14000,128
1100,20160112,11, 1,1,       1801 ,,101229,101229,101229912600,1,,,,,,0,740,21000,128,739,15000,128
1100,20160112,11, 1,1,       1801 ,,101231,101231,101231950100,1,,,,,,0,740,21000,128,739,14000,128
1100,20160112,11, 1,1,       1801 ,,101231,101231,101231973800,1,,,,,,0,740,22000,128,739,14000,128
1100,20160112,11, 1,1,       1801 ,,101232,101232,101232381400,1,,,,,,0,740,21000,128,739,14000,128
1100,20160112,11, 1,1,       1801 ,,101232,101232,101232423400,1,,,,,,0,740,21000,128,739,15000,128
1100,20160112,11, 1,1,       1801 ,,101235,101235,101235361700,1,,,,,,0,740,21000,128,739,14000,128
1100,20160112,11, 1,1,       1801 ,,101235,101235,101235403400,1,,,,,,0,740,21000,128,739,15000,128
1100,20160112,11, 1,1,       1801 ,,101235,101235,101235540900,1,,,,,,0,740,21000,128,739,14000,128
1100,20160112,11, 1,1,       1801 ,,101236,101236,101236290900,1,,,,,,0,740,22000,128,739,14000,128
1100,20160112,11, 1,1,       1801 ,,101240,101240,101240679900,1,,,,,,0,740,21000,128,739,14000,128
1100,20160112,11, 1,1,       1801 ,101241,101241,101241,101241054700,1,740,48,0,4000,0,0,740,17000,128,739,14000,128
1100,20160112,11, 1,1,       1801 ,,101241,101241,101241057200,1,,,,,,0,740,17000,128,739,14000,128
1100,20160112,11, 1,1,       1801 ,,101241,101241,101241143000,1,,,,,,0,740,17000,128,739,15000,128
1100,20160112,11, 1,1,       1801 ,,101242,101242,101242472700,1,,,,,,0,740,17000,128,739,14000,128
1100,20160112,11, 1,1,       1801 ,,101242,101242,101242531000,1,,,,,,0,740,17000,128,739,15000,128
1100,20160112,11, 1,1,       1801 ,,101242,101242,101242533900,1,,,,,,0,740,17000,128,739,16000,128
1100,20160112,11, 1,1,       1801 ,,101242,101242,101242541700,1,,,,,,0,740,17000,128,739,19000,128
1100,20160112,11, 1,1,       1801 ,,101242,101242,101242543000,1,,,,,,0,740,17000,128,739,23000,128
1100,20160112,11, 1,1,       1801 ,,101242,101242,101242544600,1,,,,,,0,740,15000,128,739,23000,128
1100,20160112,11, 1,1,       1801 ,,101242,101242,101242545400,1,,,,,,0,740,14000,128,739,23000,128
1100,20160112,11, 1,1,       1801 ,,101242,101242,101242546200,1,,,,,,0,740,14000,128,739,26000,128
1100,20160112,11, 1,1,       1801 ,101247,101247,101247,101247860500,1,740,48,0,1000,0,0,740,13000,128,739,26000,128
1100,20160112,11, 1,1,       1801 ,,101247,101247,101247863600,1,,,,,,0,740,10000,128,739,26000,128
1100,20160112,11, 1,1,       1801 ,,101247,101247,101247864300,1,,,,,,0,740,12000,128,739,26000,128
1100,20160112,11, 1,1,       1801 ,,101247,101247,101247865100,1,,,,,,0,740,13000,128,739,26000,128
1100,20160112,11, 1,1,       1801 ,,101247,101247,101247865700,1,,,,,,0,740,13000,128,739,30000,128
1100,20160112,11, 1,1,       1801 ,,101247,101247,101247867200,1,,,,,,0,740,11000,128,739,30000,128
1100,20160112,11, 1,1,       1801 ,,101247,101247,101247867900,1,,,,,,0,740,10000,128,739,30000,128
1100,20160112,11, 1,1,       1801 ,,101247,101247,101247869200,1,,,,,,0,740,11000,128,739,30000,128
1100,20160112,11, 1,1,       1801 ,,101247,101247,101247870600,1,,,,,,0,740,10000,128,739,30000,128
1100,20160112,11, 1,1,       1801 ,,101248,101248,101248519200,1,,,,,,0,740,10000,128,739,29000,128
1100,20160112,11, 1,1,       1801 ,,101251,101251,101251975200,1,,,,,,0,740,10000,128,739,30000,128
1100,20160112,11, 1,1,       1801 ,,101252,101252,101252134800,1,,,,,,0,740,10000,128,739,33000,128
1100,20160112,11, 1,1,       1801 ,,101252,101252,101252136000,1,,,,,,0,740,7000,128,739,33000,128
1100,20160112,11, 1,1,       1801 ,,101252,101252,101252137300,1,,,,,,0,740,3000,128,739,33000,128
1100,20160112,11, 1,1,       1801 ,,101252,101252,101252537300,1,,,,,,0,740,3000,128,739,36000,128
1100,20160112,11, 1,1,       1801 ,,101252,101252,101252538800,1,,,,,,0,740,3000,128,739,42000,128
1100,20160112,11, 1,1,       1801 ,101252,101252,101252,101252540700,1,740,48,0,1000,0,0,740,2000,128,739,42000,128
1100,20160112,11, 1,1,       1801 ,101252,101252,101252,101252542300,1,740,48,0,2000,0,0,741,72000,128,739,42000,128
1100,20160112,11, 1,1,       1801 ,,101252,101252,101252543700,1,,,,,,0,741,72000,128,739,43000,128
1100,20160112,11, 1,1,       1801 ,,101252,101252,101252545200,1,,,,,,0,741,72000,128,740,1000,128
1100,20160112,11, 1,1,       1801 ,,101252,101252,101252548100,1,,,,,,0,741,71000,128,740,1000,128
1100,20160112,11, 1,1,       1801 ,101252,101252,101252,101252548800,1,740,16,0,1000,0,0,741,71000,128,739,43000,128
1100,20160112,11, 1,1,       1801 ,,101252,101252,101252549600,1,,,,,,0,741,71000,128,739,52000,128
1100,20160112,11, 1,1,       1801 ,,101252,101252,101252550400,1,,,,,,0,741,73000,128,739,52000,128
1100,20160112,11, 1,1,       1801 ,,101252,101252,101252551100,1,,,,,,0,741,74000,128,739,52000,128
1100,20160112,11, 1,1,       1801 ,,101252,101252,101252552500,1,,,,,,0,741,72000,128,739,52000,128
1100,20160112,11, 1,1,       1801 ,,101252,101252,101252553300,1,,,,,,0,741,72000,128,739,54000,128
1100,20160112,11, 1,1,       1801 ,,101252,101252,101252555400,1,,,,,,0,741,73000,128,739,54000,128
1100,20160112,11, 1,1,       1801 ,,101252,101252,101252556000,1,,,,,,0,740,2000,128,739,54000,128
1100,20160112,11, 1,1,       1801 ,,101252,101252,101252556700,1,,,,,,0,740,4000,128,739,54000,128
1100,20160112,11, 1,1,       1801 ,,101252,101252,101252559400,1,,,,,,0,740,4000,128,739,52000,128
1100,20160112,11, 1,1,       1801 ,,101252,101252,101252561400,1,,,,,,0,740,4000,128,739,51000,128
1100,20160112,11, 1,1,       1801 ,,101253,101253,101253939000,1,,,,,,0,740,4000,128,739,45000,128
1100,20160112,11, 1,1,       1801 ,,101253,101253,101253941200,1,,,,,,0,740,4000,128,739,36000,128
1100,20160112,11, 1,1,       1801 ,101256,101256,101256,101256561500,1,740,48,0,1000,0,0,740,3000,128,739,36000,128
1100,20160112,11, 1,1,       1801 ,,101256,101256,101256779900,1,,,,,,0,740,7000,128,739,36000,128
1100,20160112,11, 1,1,       1801 ,,101256,101256,101256781200,1,,,,,,0,740,7000,128,739,35000,128
1100,20160112,11, 1,1,       1801 ,,101256,101256,101256782100,1,,,,,,0,740,8000,128,739,35000,128
1100,20160112,11, 1,1,       1801 ,,101302,101302,101302278000,1,,,,,,0,740,8000,128,739,31000,128
1100,20160112,11, 1,1,       1801 ,,101302,101302,101302279800,1,,,,,,0,740,10000,128,739,31000,128
1100,20160112,11, 1,1,       1801 ,,101302,101302,101302281100,1,,,,,,0,740,14000,128,739,31000,128
1100,20160112,11, 1,1,       1801 ,,101302,101302,101302281800,1,,,,,,0,740,21000,128,739,31000,128
1100,20160112,11, 1,1,       1801 ,,101302,101302,101302282500,1,,,,,,0,740,24000,128,739,31000,128
1100,20160112,11, 1,1,       1801 ,,101302,101302,101302284500,1,,,,,,0,740,24000,128,739,27000,128
1100,20160112,11, 1,1,       1801 ,,101302,101302,101302285700,1,,,,,,0,740,24000,128,739,24000,128
1100,20160112,11, 1,1,       1801 ,,101302,101302,101302311700,1,,,,,,0,740,24000,128,739,21000,128
1100,20160112,11, 1,1,       1801 ,,101306,101306,101306482200,1,,,,,,0,740,24000,128,739,20000,128
1100,20160112,11, 1,1,       1801 ,,101308,101308,101308091000,1,,,,,,0,740,24000,128,739,21000,128
1100,20160112,11, 1,1,       1801 ,,101310,101310,101310071500,1,,,,,,0,740,24000,128,739,20000,128
1100,20160112,11, 1,1,       1801 ,,101313,101313,101313005500,1,,,,,,0,740,42000,128,739,20000,128
1100,20160112,11, 1,1,       1801 ,,101313,101313,101313006700,1,,,,,,0,740,42000,128,739,17000,128
1100,20160112,11, 1,1,       1801 ,,101322,101322,101322299200,1,,,,,,0,740,42000,128,739,18000,128
1100,20160112,11, 1,1,       1801 ,,101326,101326,101326332700,1,,,,,,0,740,43000,128,739,18000,128
1100,20160112,11, 1,1,       1801 ,,101327,101327,101327635000,1,,,,,,0,740,42000,128,739,18000,128
1100,20160112,11, 1,1,       1801 ,,101329,101329,101329955000,1,,,,,,0,740,42000,128,739,17000,128
1100,20160112,11, 1,1,       1801 ,,101334,101334,101334092200,1,,,,,,0,740,42000,128,739,19000,128
1100,20160112,11, 1,1,       1801 ,101334,101334,101334,101334269300,1,739,16,0,5000,0,0,740,42000,128,739,14000,128
1100,20160112,11, 1,1,       1801 ,,101334,101334,101334271200,1,,,,,,0,740,44000,128,739,14000,128
1100,20160112,11, 1,1,       1801 ,,101334,101334,101334329700,1,,,,,,0,740,45000,128,739,14000,128
1100,20160112,11, 1,1,       1801 ,,101334,101334,101334379600,1,,,,,,0,740,45000,128,739,16000,128
1100,20160112,11, 1,1,       1801 ,,101334,101334,101334477800,1,,,,,,0,740,46000,128,739,16000,128
1100,20160112,11, 1,1,       1801 ,,101337,101337,101337844400,1,,,,,,0,740,46000,128,739,17000,128
1100,20160112,11, 1,1,       1801 ,101338,101338,101338,101338675800,1,739,16,0,5000,0,0,740,46000,128,739,12000,128
1100,20160112,11, 1,1,       1801 ,,101338,101338,101338678400,1,,,,,,0,740,46000,128,739,12000,128
1100,20160112,11, 1,1,       1801 ,,101349,101349,101349542900,1,,,,,,0,740,52000,128,739,12000,128
1100,20160112,11, 1,1,       1801 ,,101349,101349,101349544300,1,,,,,,0,740,52000,128,739,10000,128
1100,20160112,11, 1,1,       1801 ,,101349,101349,101349701500,1,,,,,,0,740,52000,128,739,7000,128
1100,20160112,11, 1,1,       1801 ,,101357,101357,101357538000,1,,,,,,0,740,55000,128,739,7000,128
1100,20160112,11, 1,1,       1801 ,101409,101409,101409,101409014300,1,739,16,0,1000,0,0,740,55000,128,739,6000,128
1100,20160112,11, 1,1,       1801 ,,101409,101409,101409015400,1,,,,,,0,740,55000,128,739,4000,128
1100,20160112,11, 1,1,       1801 ,101409,101409,101409,101409017400,1,739,16,0,4000,0,0,740,55000,128,738,70000,128
1100,20160112,11, 1,1,       1801 ,,101409,101409,101409021200,1,,,,,,0,740,55000,128,738,70000,128
1100,20160112,11, 1,1,       1801 ,,101409,101409,101409022600,1,,,,,,0,740,56000,128,738,70000,128
1100,20160112,11, 1,1,       1801 ,,101409,101409,101409023300,1,,,,,,0,739,1000,128,738,70000,128
1100,20160112,11, 1,1,       1801 ,,101409,101409,101409026100,1,,,,,,0,739,1000,128,738,66000,128
1100,20160112,11, 1,1,       1801 ,,101409,101409,101409027600,1,,,,,,0,739,1000,128,738,64000,128
1100,20160112,11, 1,1,       1801 ,,101409,101409,101409034400,1,,,,,,0,739,2000,128,738,64000,128
1100,20160112,11, 1,1,       1801 ,,101409,101409,101409035900,1,,,,,,0,739,2000,128,738,63000,128
1100,20160112,11, 1,1,       1801 ,,101409,101409,101409036600,1,,,,,,0,739,3000,128,738,63000,128
1100,20160112,11, 1,1,       1801 ,,101409,101409,101409037400,1,,,,,,0,739,3000,128,738,62000,128
1100,20160112,11, 1,1,       1801 ,,101409,101409,101409038200,1,,,,,,0,739,5000,128,738,62000,128
1100,20160112,11, 1,1,       1801 ,,101409,101409,101409039400,1,,,,,,0,739,6000,128,738,62000,128
1100,20160112,11, 1,1,       1801 ,,101409,101409,101409040800,1,,,,,,0,739,6000,128,738,59000,128
1100,20160112,11, 1,1,       1801 ,,101409,101409,101409042300,1,,,,,,0,739,6000,128,738,53000,128
1100,20160112,11, 1,1,       1801 ,,101409,101409,101409043800,1,,,,,,0,739,6000,128,738,54000,128
1100,20160112,11, 1,1,       1801 ,,101409,101409,101409051000,1,,,,,,0,739,7000,128,738,54000,128
1100,20160112,11, 1,1,       1801 ,,101415,101415,101415064600,1,,,,,,0,739,7000,128,738,52000,128
1100,20160112,11, 1,1,       1801 ,,101417,101417,101417088200,1,,,,,,0,739,9000,128,738,52000,128
1100,20160112,11, 1,1,       1801 ,,101417,101417,101417101600,1,,,,,,0,739,9000,128,738,51000,128
1100,20160112,11, 1,1,       1801 ,,101417,101417,101417105200,1,,,,,,0,739,12000,128,738,51000,128
1100,20160112,11, 1,1,       1801 ,,101417,101417,101417116100,1,,,,,,0,739,14000,128,738,51000,128
1100,20160112,11, 1,1,       1801 ,,101417,101417,101417118000,1,,,,,,0,739,18000,128,738,51000,128
1100,20160112,11, 1,1,       1801 ,,101427,101427,101427712300,1,,,,,,0,739,18000,128,738,54000,128
1100,20160112,11, 1,1,       1801 ,101430,101430,101430,101430001500,1,739,48,0,3000,0,0,739,15000,128,738,54000,128
1100,20160112,11, 1,1,       1801 ,,101430,101430,101430003500,1,,,,,,0,739,13000,128,738,54000,128
1100,20160112,11, 1,1,       1801 ,,101430,101430,101430005000,1,,,,,,0,739,11000,128,738,54000,128
1100,20160112,11, 1,1,       1801 ,,101430,101430,101430005800,1,,,,,,0,739,12000,128,738,54000,128
1100,20160112,11, 1,1,       1801 ,,101430,101430,101430006500,1,,,,,,0,739,10000,128,738,54000,128
1100,20160112,11, 1,1,       1801 ,,101431,101431,101431449400,1,,,,,,0,739,12000,128,738,54000,128
1100,20160112,11, 1,1,       1801 ,,101433,101433,101433486900,1,,,,,,0,739,18000,128,738,54000,128
1100,20160112,11, 1,1,       1801 ,,101433,101433,101433489100,1,,,,,,0,739,20000,128,738,54000,128
1100,20160112,11, 1,1,       1801 ,,101437,101437,101437071600,1,,,,,,0,739,21000,128,738,54000,128
1100,20160112,11, 1,1,       1801 ,,101437,101437,101437072900,1,,,,,,0,739,21000,128,738,53000,128
1100,20160112,11, 1,1,       1801 ,101437,101437,101437,101437221100,1,738,16,0,1000,0,0,739,21000,128,738,52000,128
1100,20160112,11, 1,1,       1801 ,,101437,101437,101437222800,1,,,,,,0,739,22000,128,738,52000,128
1100,20160112,11, 1,1,       1801 ,,101437,101437,101437424600,1,,,,,,0,739,23000,128,738,52000,128
1100,20160112,11, 1,1,       1801 ,,101437,101437,101437538500,1,,,,,,0,739,23000,128,738,49000,128
1100,20160112,11, 1,1,       1801 ,,101442,101442,101442934500,1,,,,,,0,739,22000,128,738,49000,128
1100,20160112,11, 1,1,       1801 ,,101442,101442,101442959000,1,,,,,,0,739,22000,128,738,50000,128
1100,20160112,11, 1,1,       1801 ,,101442,101442,101442969500,1,,,,,,0,739,22000,128,738,52000,128
1100,20160112,11, 1,1,       1801 ,,101443,101443,101443021800,1,,,,,,0,739,22000,128,738,50000,128
1100,20160112,11, 1,1,       1801 ,,101443,101443,101443074300,1,,,,,,0,739,21000,128,738,50000,128
1100,20160112,11, 1,1,       1801 ,,101448,101448,101448051600,1,,,,,,0,739,21000,128,738,49000,128
1100,20160112,11, 1,1,       1801 ,,101448,101448,101448053900,1,,,,,,0,739,19000,128,738,49000,128
1100,20160112,11, 1,1,       1801 ,,101448,101448,101448072900,1,,,,,,0,739,20000,128,738,49000,128
1100,20160112,11, 1,1,       1801 ,,101448,101448,101448074600,1,,,,,,0,739,22000,128,738,49000,128
1100,20160112,11, 1,1,       1801 ,,101450,101450,101450054100,1,,,,,,0,739,23000,128,738,49000,128
1100,20160112,11, 1,1,       1801 ,,101452,101452,101452103200,1,,,,,,0,739,22000,128,738,49000,128
1100,20160112,11, 1,1,       1801 ,,101452,101452,101452672100,1,,,,,,0,739,23000,128,738,49000,128
1100,20160112,11, 1,1,       1801 ,,101452,101452,101452834500,1,,,,,,0,739,24000,128,738,49000,128
1100,20160112,11, 1,1,       1801 ,,101503,101503,101503576600,1,,,,,,0,739,24000,128,738,53000,128
1100,20160112,11, 1,1,       1801 ,,101504,101504,101504197000,1,,,,,,0,739,24000,128,738,54000,128
1100,20160112,11, 1,1,       1801 ,,101505,101505,101505715700,1,,,,,,0,739,27000,128,738,54000,128
1100,20160112,11, 1,1,       1801 ,,101514,101514,101514771400,1,,,,,,0,739,27000,128,738,55000,128
1100,20160112,11, 1,1,       1801 ,,101515,101515,101515135500,1,,,,,,0,739,28000,128,738,55000,128
1100,20160112,11, 1,1,       1801 ,,101515,101515,101515634700,1,,,,,,0,739,27000,128,738,55000,128
1100,20160112,11, 1,1,       1801 ,,101515,101515,101515897600,1,,,,,,0,739,28000,128,738,55000,128
1100,20160112,11, 1,1,       1801 ,,101515,101515,101515939900,1,,,,,,0,739,27000,128,738,55000,128
1100,20160112,11, 1,1,       1801 ,,101515,101515,101515941000,1,,,,,,0,739,28000,128,738,55000,128
1100,20160112,11, 1,1,       1801 ,,101515,101515,101515990300,1,,,,,,0,739,27000,128,738,55000,128
1100,20160112,11, 1,1,       1801 ,,101516,101516,101516011000,1,,,,,,0,739,28000,128,738,55000,128
1100,20160112,11, 1,1,       1801 ,,101516,101516,101516032400,1,,,,,,0,739,27000,128,738,55000,128
1100,20160112,11, 1,1,       1801 ,,101516,101516,101516130800,1,,,,,,0,739,26000,128,738,55000,128
1100,20160112,11, 1,1,       1801 ,,101516,101516,101516158400,1,,,,,,0,739,26000,128,738,56000,128
1100,20160112,11, 1,1,       1801 ,,101517,101517,101517005400,1,,,,,,0,739,44000,128,738,56000,128
1100,20160112,11, 1,1,       1801 ,,101517,101517,101517006800,1,,,,,,0,739,44000,128,738,52000,128
1100,20160112,11, 1,1,       1801 ,,101519,101519,101519005200,1,,,,,,0,739,26000,128,738,52000,128
1100,20160112,11, 1,1,       1801 ,,101519,101519,101519007500,1,,,,,,0,739,25000,128,738,52000,128
1100,20160112,11, 1,1,       1801 ,101519,101519,101519,101519008300,1,739,48,0,1000,0,0,739,24000,128,738,52000,128
1100,20160112,11, 1,1,       1801 ,,101519,101519,101519009200,1,,,,,,0,739,22000,128,738,52000,128
1100,20160112,11, 1,1,       1801 ,,101519,101519,101519010000,1,,,,,,0,739,20000,128,738,52000,128
1100,20160112,11, 1,1,       1801 ,,101519,101519,101519010700,1,,,,,,0,739,20000,128,738,53000,128
1100,20160112,11, 1,1,       1801 ,,101519,101519,101519011400,1,,,,,,0,739,16000,128,738,53000,128
1100,20160112,11, 1,1,       1801 ,101519,101519,101519,101519012100,1,739,48,0,2000,0,0,739,14000,128,738,53000,128
1100,20160112,11, 1,1,       1801 ,,101519,101519,101519013100,1,,,,,,0,739,13000,128,738,53000,128
1100,20160112,11, 1,1,       1801 ,101519,101519,101519,101519014600,1,739,48,0,10000,0,0,739,3000,128,738,53000,128
1100,20160112,11, 1,1,       1801 ,101519,101519,101519,101519016100,1,739,48,0,3000,0,0,740,48000,128,738,53000,128
1100,20160112,11, 1,1,       1801 ,,101519,101519,101519017400,1,,,,,,0,740,48000,128,739,2000,128
1100,20160112,11, 1,1,       1801 ,,101519,101519,101519018200,1,,,,,,0,740,48000,128,739,3000,128
1100,20160112,11, 1,1,       1801 ,,101519,101519,101519019600,1,,,,,,0,740,47000,128,739,3000,128
1100,20160112,11, 1,1,       1801 ,,101519,101519,101519020500,1,,,,,,0,740,47000,128,739,5000,128
1100,20160112,11, 1,1,       1801 ,,101519,101519,101519027400,1,,,,,,0,740,47000,128,739,6000,128
1100,20160112,11, 1,1,       1801 ,,101519,101519,101519029500,1,,,,,,0,740,45000,128,739,6000,128
1100,20160112,11, 1,1,       1801 ,,101519,101519,101519030200,1,,,,,,0,740,41000,128,739,6000,128
1100,20160112,11, 1,1,       1801 ,,101519,101519,101519031000,1,,,,,,0,740,42000,128,739,6000,128
1100,20160112,11, 1,1,       1801 ,,101519,101519,101519033200,1,,,,,,0,740,44000,128,739,6000,128
1100,20160112,11, 1,1,       1801 ,,101519,101519,101519034600,1,,,,,,0,740,42000,128,739,6000,128
1100,20160112,11, 1,1,       1801 ,,101519,101519,101519036800,1,,,,,,0,740,41000,128,739,6000,128
1100,20160112,11, 1,1,       1801 ,,101519,101519,101519037600,1,,,,,,0,740,41000,128,739,7000,128
1100,20160112,11, 1,1,       1801 ,,101519,101519,101519040400,1,,,,,,0,740,40000,128,739,7000,128
1100,20160112,11, 1,1,       1801 ,,101519,101519,101519041100,1,,,,,,0,740,33000,128,739,7000,128
1100,20160112,11, 1,1,       1801 ,,101519,101519,101519043200,1,,,,,,0,740,30000,128,739,7000,128
1100,20160112,11, 1,1,       1801 ,,101519,101519,101519048600,1,,,,,,0,740,30000,128,739,8000,128
1100,20160112,11, 1,1,       1801 ,,101519,101519,101519056000,1,,,,,,0,740,30000,128,739,9000,128
1100,20160112,11, 1,1,       1801 ,,101519,101519,101519511400,1,,,,,,0,740,28000,128,739,9000,128
1100,20160112,11, 1,1,       1801 ,,101519,101519,101519539200,1,,,,,,0,740,27000,128,739,9000,128
1100,20160112,11, 1,1,       1801 ,,101519,101519,101519541000,1,,,,,,0,740,27000,128,739,13000,128
1100,20160112,11, 1,1,       1801 ,,101519,101519,101519542500,1,,,,,,0,740,25000,128,739,13000,128
1100,20160112,11, 1,1,       1801 ,101521,101521,101521,101521039600,1,740,48,0,1000,0,0,740,24000,128,739,13000,128
1100,20160112,11, 1,1,       1801 ,,101521,101521,101521041000,1,,,,,,0,740,24000,128,739,12000,128
1100,20160112,11, 1,1,       1801 ,101521,101521,101521,101521042700,1,740,48,0,24000,0,0,741,65000,128,739,12000,128
1100,20160112,11, 1,1,       1801 ,,101521,101521,101521045700,1,,,,,,0,741,65000,128,739,16000,128
1100,20160112,11, 1,1,       1801 ,,101521,101521,101521048600,1,,,,,,0,741,65000,128,739,19000,128
1100,20160112,11, 1,1,       1801 ,,101521,101521,101521049400,1,,,,,,0,741,65000,128,739,20000,128
1100,20160112,11, 1,1,       1801 ,,101521,101521,101521052600,1,,,,,,0,741,65000,128,740,3000,128
1100,20160112,11, 1,1,       1801 ,,101521,101521,101521053300,1,,,,,,0,741,65000,128,740,5000,128
1100,20160112,11, 1,1,       1801 ,,101521,101521,101521054600,1,,,,,,0,741,67000,128,740,5000,128
1100,20160112,11, 1,1,       1801 ,101521,101521,101521,101521055300,1,740,16,0,1000,0,0,741,67000,128,740,4000,128
1100,20160112,11, 1,1,       1801 ,,101521,101521,101521056700,1,,,,,,0,741,68000,128,740,4000,128
1100,20160112,11, 1,1,       1801 ,,101521,101521,101521059200,1,,,,,,0,741,68000,128,740,6000,128
1100,20160112,11, 1,1,       1801 ,,101521,101521,101521060600,1,,,,,,0,741,66000,128,740,6000,128
1100,20160112,11, 1,1,       1801 ,,101521,101521,101521061500,1,,,,,,0,741,66000,128,740,7000,128
1100,20160112,11, 1,1,       1801 ,,101521,101521,101521062400,1,,,,,,0,741,59000,128,740,7000,128
1100,20160112,11, 1,1,       1801 ,,101521,101521,101521065600,1,,,,,,0,741,58000,128,740,7000,128
1100,20160112,11, 1,1,       1801 ,,101521,101521,101521066400,1,,,,,,0,741,57000,128,740,7000,128
1100,20160112,11, 1,1,       1801 ,,101521,101521,101521067200,1,,,,,,0,741,57000,128,740,8000,128
1100,20160112,11, 1,1,       1801 ,101521,101521,101521,101521067900,1,740,16,0,4000,0,0,741,57000,128,740,4000,128
1100,20160112,11, 1,1,       1801 ,,101521,101521,101521069100,1,,,,,,0,741,58000,128,740,4000,128
1100,20160112,11, 1,1,       1801 ,,101521,101521,101521069800,1,,,,,,0,741,59000,128,740,4000,128
1100,20160112,11, 1,1,       1801 ,101521,101521,101521,101521070500,1,740,16,0,4000,0,0,741,59000,128,739,26000,128
1100,20160112,11, 1,1,       1801 ,,101521,101521,101521071300,1,,,,,,0,741,59000,128,739,26000,128
1100,20160112,11, 1,1,       1801 ,,101521,101521,101521075900,1,,,,,,0,741,61000,128,739,26000,128
1100,20160112,11, 1,1,       1801 ,,101521,101521,101521076600,1,,,,,,0,741,61000,128,739,24000,128
1100,20160112,11, 1,1,       1801 ,,101521,101521,101521077600,1,,,,,,0,741,61000,128,739,21000,128
1100,20160112,11, 1,1,       1801 ,,101521,101521,101521079200,1,,,,,,0,740,2000,128,739,21000,128
1100,20160112,11, 1,1,       1801 ,,101521,101521,101521084400,1,,,,,,0,740,3000,128,739,21000,128
1100,20160112,11, 1,1,       1801 ,,101521,101521,101521085900,1,,,,,,0,740,3000,128,739,20000,128
1100,20160112,11, 1,1,       1801 ,,101521,101521,101521111400,1,,,,,,0,740,3000,128,739,21000,128
1100,20160112,11, 1,1,       1801 ,,101521,101521,101521113400,1,,,,,,0,740,2000,128,739,21000,128
1100,20160112,11, 1,1,       1801 ,,101521,101521,101521146500,1,,,,,,0,740,3000,128,739,21000,128
1100,20160112,11, 1,1,       1801 ,,101521,101521,101521156600,1,,,,,,0,740,3000,128,739,30000,128
1100,20160112,11, 1,1,       1801 ,,101521,101521,101521158700,1,,,,,,0,740,3000,128,739,31000,128
1100,20160112,11, 1,1,       1801 ,,101521,101521,101521159300,1,,,,,,0,740,5000,128,739,31000,128
1100,20160112,11, 1,1,       1801 ,,101521,101521,101521159900,1,,,,,,0,740,4000,128,739,31000,128
1100,20160112,11, 1,1,       1801 ,,101521,101521,101521272000,1,,,,,,0,740,5000,128,739,31000,128
1100,20160112,11, 1,1,       1801 ,,101521,101521,101521273600,1,,,,,,0,740,5000,128,739,34000,128
1100,20160112,11, 1,1,       1801 ,,101521,101521,101521938000,1,,,,,,0,740,5000,128,739,37000,128
1100,20160112,11, 1,1,       1801 ,,101521,101521,101521986900,1,,,,,,0,740,5000,128,739,34000,128
1100,20160112,11, 1,1,       1801 ,,101524,101524,101524951900,1,,,,,,0,740,5000,128,739,25000,128
1100,20160112,11, 1,1,       1801 ,,101524,101524,101524953100,1,,,,,,0,740,5000,128,739,24000,128
1100,20160112,11, 1,1,       1801 ,,101525,101525,101525250000,1,,,,,,0,740,7000,128,739,24000,128
1100,20160112,11, 1,1,       1801 ,,101526,101526,101526770400,1,,,,,,0,740,8000,128,739,24000,128
1100,20160112,11, 1,1,       1801 ,,101526,101526,101526819200,1,,,,,,0,740,10000,128,739,24000,128
1100,20160112,11, 1,1,       1801 ,,101527,101527,101527143800,1,,,,,,0,740,10000,128,739,23000,128
1100,20160112,11, 1,1,       1801 ,,101528,101528,101528146700,1,,,,,,0,740,10000,128,739,21000,128
1100,20160112,11, 1,1,       1801 ,,101528,101528,101528148400,1,,,,,,0,740,10000,128,739,17000,128
1100,20160112,11, 1,1,       1801 ,,101528,101528,101528427000,1,,,,,,0,740,11000,128,739,17000,128
1100,20160112,11, 1,1,       1801 ,,101528,101528,101528592000,1,,,,,,0,740,11000,128,739,16000,128
1100,20160112,11, 1,1,       1801 ,,101528,101528,101528594000,1,,,,,,0,740,10000,128,739,16000,128
1100,20160112,11, 1,1,       1801 ,101528,101528,101528,101528595000,1,739,16,0,1000,0,0,740,10000,128,739,15000,128
1100,20160112,11, 1,1,       1801 ,,101528,101528,101528596300,1,,,,,,0,740,11000,128,739,15000,128
1100,20160112,11, 1,1,       1801 ,,101528,101528,101528597700,1,,,,,,0,740,13000,128,739,15000,128
1100,20160112,11, 1,1,       1801 ,,101528,101528,101528599800,1,,,,,,0,740,13000,128,739,11000,128
1100,20160112,11, 1,1,       1801 ,,101528,101528,101528601100,1,,,,,,0,740,13000,128,739,7000,128
1100,20160112,11, 1,1,       1801 ,,101531,101531,101531220100,1,,,,,,0,740,13000,128,739,4000,128
1100,20160112,11, 1,1,       1801 ,,101531,101531,101531221500,1,,,,,,0,740,13000,128,739,3000,128
1100,20160112,11, 1,1,       1801 ,,101531,101531,101531222300,1,,,,,,0,740,17000,128,739,3000,128
1100,20160112,11, 1,1,       1801 ,101531,101531,101531,101531223700,1,739,16,0,2000,0,0,740,17000,128,739,1000,128
1100,20160112,11, 1,1,       1801 ,101531,101531,101531,101531224800,1,739,16,0,1000,0,0,740,17000,128,738,77000,128
1100,20160112,11, 1,1,       1801 ,,101531,101531,101531225500,1,,,,,,0,740,18000,128,738,77000,128
1100,20160112,11, 1,1,       1801 ,,101531,101531,101531226600,1,,,,,,0,740,16000,128,738,77000,128
1100,20160112,11, 1,1,       1801 ,,101531,101531,101531227400,1,,,,,,0,739,3000,128,738,77000,128
1100,20160112,11, 1,1,       1801 ,,101531,101531,101531232000,1,,,,,,0,739,4000,128,738,77000,128
1100,20160112,11, 1,1,       1801 ,,101531,101531,101531232500,1,,,,,,0,739,6000,128,738,77000,128
1100,20160112,11, 1,1,       1801 ,,101531,101531,101531233200,1,,,,,,0,739,7000,128,738,77000,128
1100,20160112,11, 1,1,       1801 ,,101531,101531,101531233900,1,,,,,,0,739,6000,128,738,77000,128
1100,20160112,11, 1,1,       1801 ,,101531,101531,101531235400,1,,,,,,0,739,6000,128,738,76000,128
1100,20160112,11, 1,1,       1801 ,,101531,101531,101531236300,1,,,,,,0,739,6000,128,738,72000,128
1100,20160112,11, 1,1,       1801 ,,101531,101531,101531237800,1,,,,,,0,739,6000,128,738,71000,128
1100,20160112,11, 1,1,       1801 ,,101531,101531,101531238500,1,,,,,,0,739,6000,128,738,69000,128
1100,20160112,11, 1,1,       1801 ,,101531,101531,101531242100,1,,,,,,0,739,6000,128,738,63000,128
1100,20160112,11, 1,1,       1801 ,,101531,101531,101531245800,1,,,,,,0,739,6000,128,738,61000,128
1100,20160112,11, 1,1,       1801 ,,101531,101531,101531246600,1,,,,,,0,739,6000,128,738,58000,128
1100,20160112,11, 1,1,       1801 ,,101531,101531,101531247200,1,,,,,,0,739,6000,128,738,57000,128
1100,20160112,11, 1,1,       1801 ,,101531,101531,101531248700,1,,,,,,0,739,7000,128,738,57000,128
1100,20160112,11, 1,1,       1801 ,,101531,101531,101531249300,1,,,,,,0,739,7000,128,738,58000,128
1100,20160112,11, 1,1,       1801 ,,101531,101531,101531250600,1,,,,,,0,739,9000,128,738,58000,128
1100,20160112,11, 1,1,       1801 ,,101531,101531,101531251200,1,,,,,,0,739,8000,128,738,58000,128
1100,20160112,11, 1,1,       1801 ,,101531,101531,101531251900,1,,,,,,0,739,9000,128,738,58000,128
1100,20160112,11, 1,1,       1801 ,,101531,101531,101531252500,1,,,,,,0,739,10000,128,738,58000,128
1100,20160112,11, 1,1,       1801 ,,101531,101531,101531253100,1,,,,,,0,739,12000,128,738,58000,128
1100,20160112,11, 1,1,       1801 ,,101531,101531,101531427900,1,,,,,,0,739,13000,128,738,58000,128
1100,20160112,11, 1,1,       1801 ,,101533,101533,101533022600,1,,,,,,0,739,12000,128,738,58000,128
1100,20160112,11, 1,1,       1801 ,,101533,101533,101533226200,1,,,,,,0,739,12000,128,738,57000,128
1100,20160112,11, 1,1,       1801 ,,101533,101533,101533930000,1,,,,,,0,739,13000,128,738,57000,128
1100,20160112,11, 1,1,       1801 ,,101534,101534,101534570500,1,,,,,,0,739,13000,128,738,53000,128
1100,20160112,11, 1,1,       1801 ,,101534,101534,101534579300,1,,,,,,0,739,13000,128,738,52000,128
1100,20160112,11, 1,1,       1801 ,,101535,101535,101535969800,1,,,,,,0,739,15000,128,738,52000,128
1100,20160112,11, 1,1,       1801 ,101536,101536,101536,101536841900,1,738,16,0,11000,0,0,739,15000,128,738,41000,128
1100,20160112,11, 1,1,       1801 ,,101536,101536,101536844300,1,,,,,,0,739,15000,128,738,40000,128
1100,20160112,11, 1,1,       1801 ,101536,101536,101536,101536845000,1,738,16,0,5000,0,0,739,15000,128,738,35000,128
1100,20160112,11, 1,1,       1801 ,,101536,101536,101536846500,1,,,,,,0,739,15000,128,738,31000,128
1100,20160112,11, 1,1,       1801 ,,101536,101536,101536847300,1,,,,,,0,739,19000,128,738,31000,128
1100,20160112,11, 1,1,       1801 ,,101536,101536,101536848000,1,,,,,,0,739,22000,128,738,31000,128
1100,20160112,11, 1,1,       1801 ,,101536,101536,101536848700,1,,,,,,0,739,24000,128,738,31000,128
1100,20160112,11, 1,1,       1801 ,,101536,101536,101536850000,1,,,,,,0,739,24000,128,738,29000,128
1100,20160112,11, 1,1,       1801 ,,101536,101536,101536850800,1,,,,,,0,739,24000,128,738,26000,128
1100,20160112,11, 1,1,       1801 ,,101536,101536,101536853300,1,,,,,,0,739,24000,128,738,25000,128
1100,20160112,11, 1,1,       1801 ,,101536,101536,101536854100,1,,,,,,0,739,24000,128,738,24000,128
1100,20160112,11, 1,1,       1801 ,,101536,101536,101536973900,1,,,,,,0,739,24000,128,738,19000,128
1100,20160112,11, 1,1,       1801 ,101537,101537,101537,101537130300,1,738,16,0,12000,0,0,739,24000,128,738,7000,128
1100,20160112,11, 1,1,       1801 ,,101537,101537,101537133800,1,,,,,,0,739,25000,128,738,7000,128
1100,20160112,11, 1,1,       1801 ,101537,101537,101537,101537134500,1,738,16,0,2000,0,0,739,25000,128,738,5000,128
1100,20160112,11, 1,1,       1801 ,101537,101537,101537,101537135900,1,738,16,0,2000,0,0,739,25000,128,738,3000,128
1100,20160112,11, 1,1,       1801 ,101537,101537,101537,101537137300,1,738,16,0,3000,0,0,739,25000,128,737,43000,128
1100,20160112,11, 1,1,       1801 ,,101537,101537,101537139700,1,,,,,,0,739,25000,128,737,43000,128
1100,20160112,11, 1,1,       1801 ,,101537,101537,101537142200,1,,,,,,0,738,6000,128,737,43000,128
1100,20160112,11, 1,1,       1801 ,,101537,101537,101537152500,1,,,,,,0,738,8000,128,737,43000,128
1100,20160112,11, 1,1,       1801 ,,101537,101537,101537153300,1,,,,,,0,738,9000,128,737,43000,128
1100,20160112,11, 1,1,       1801 ,,101537,101537,101537154100,1,,,,,,0,738,10000,128,737,43000,128
1100,20160112,11, 1,1,       1801 ,,101537,101537,101537158700,1,,,,,,0,738,10000,128,737,45000,128
1100,20160112,11, 1,1,       1801 ,,101537,101537,101537161100,1,,,,,,0,738,10000,128,737,43000,128
1100,20160112,11, 1,1,       1801 ,101537,101537,101537,101537165200,1,738,48,0,1000,0,0,738,9000,128,737,43000,128
1100,20160112,11, 1,1,       1801 ,,101537,101537,101537166100,1,,,,,,0,738,9000,128,737,43000,128
1100,20160112,11, 1,1,       1801 ,,101537,101537,101537168800,1,,,,,,0,738,11000,128,737,43000,128
1100,20160112,11, 1,1,       1801 ,,101537,101537,101537170300,1,,,,,,0,738,11000,128,737,39000,128
1100,20160112,11, 1,1,       1801 ,,101537,101537,101537171800,1,,,,,,0,738,11000,128,737,38000,128
1100,20160112,11, 1,1,       1801 ,,101537,101537,101537174800,1,,,,,,0,738,12000,128,737,38000,128
1100,20160112,11, 1,1,       1801 ,,101537,101537,101537180200,1,,,,,,0,738,14000,128,737,38000,128
1100,20160112,11, 1,1,       1801 ,,101537,101537,101537180900,1,,,,,,0,738,12000,128,737,38000,128
1100,20160112,11, 1,1,       1801 ,,101537,101537,101537184200,1,,,,,,0,738,14000,128,737,38000,128
1100,20160112,11, 1,1,       1801 ,,101537,101537,101537186200,1,,,,,,0,738,12000,128,737,38000,128
1100,20160112,11, 1,1,       1801 ,,101538,101538,101538871300,1,,,,,,0,738,12000,128,737,36000,128
1100,20160112,11, 1,1,       1801 ,,101539,101539,101539139000,1,,,,,,0,738,12000,128,737,35000,128
1100,20160112,11, 1,1,       1801 ,,101539,101539,101539141400,1,,,,,,0,738,14000,128,737,35000,128
1100,20160112,11, 1,1,       1801 ,,101539,101539,101539171900,1,,,,,,0,738,14000,128,737,36000,128
1100,20160112,11, 1,1,       1801 ,,101539,101539,101539174100,1,,,,,,0,738,12000,128,737,36000,128
1100,20160112,11, 1,1,       1801 ,,101539,101539,101539354000,1,,,,,,0,738,12000,128,737,35000,128
1100,20160112,11, 1,1,       1801 ,,101539,101539,101539356100,1,,,,,,0,738,14000,128,737,35000,128
1100,20160112,11, 1,1,       1801 ,101541,101541,101541,101541778200,1,737,16,0,1000,0,0,738,14000,128,737,34000,128
1100,20160112,11, 1,1,       1801 ,,101541,101541,101541781000,1,,,,,,0,738,15000,128,737,34000,128
1100,20160112,11, 1,1,       1801 ,101542,101542,101542,101542249500,1,737,16,0,1000,0,0,738,15000,128,737,33000,128
1100,20160112,11, 1,1,       1801 ,,101542,101542,101542353200,1,,,,,,0,738,15000,128,737,33000,128
1100,20160112,11, 1,1,       1801 ,101544,101544,101544,101544621000,1,738,48,0,5000,0,0,738,10000,128,737,33000,128
1100,20160112,11, 1,1,       1801 ,,101544,101544,101544622700,1,,,,,,0,738,10000,128,737,34000,128
1100,20160112,11, 1,1,       1801 ,,101544,101544,101544625000,1,,,,,,0,738,8000,128,737,34000,128
1100,20160112,11, 1,1,       1801 ,,101544,101544,101544626500,1,,,,,,0,738,6000,128,737,34000,128
1100,20160112,11, 1,1,       1801 ,,101544,101544,101544627600,1,,,,,,0,738,6000,128,737,35000,128
1100,20160112,11, 1,1,       1801 ,101544,101544,101544,101544629000,1,738,48,0,6000,0,0,739,44000,128,737,35000,128
1100,20160112,11, 1,1,       1801 ,,101544,101544,101544630500,1,,,,,,0,739,43000,128,737,35000,128
1100,20160112,11, 1,1,       1801 ,,101544,101544,101544632500,1,,,,,,0,739,43000,128,738,1000,128
1100,20160112,11, 1,1,       1801 ,,101544,101544,101544634000,1,,,,,,0,739,42000,128,738,1000,128
1100,20160112,11, 1,1,       1801 ,,101544,101544,101544634800,1,,,,,,0,739,42000,128,738,7000,128
1100,20160112,11, 1,1,       1801 ,,101544,101544,101544636300,1,,,,,,0,739,38000,128,738,7000,128
1100,20160112,11, 1,1,       1801 ,,101544,101544,101544638100,1,,,,,,0,739,40000,128,738,7000,128
1100,20160112,11, 1,1,       1801 ,,101544,101544,101544638800,1,,,,,,0,739,41000,128,738,7000,128
1100,20160112,11, 1,1,       1801 ,,101544,101544,101544640500,1,,,,,,0,739,39000,128,738,7000,128
1100,20160112,11, 1,1,       1801 ,,101544,101544,101544641200,1,,,,,,0,739,36000,128,738,7000,128
1100,20160112,11, 1,1,       1801 ,,101544,101544,101544644300,1,,,,,,0,739,36000,128,738,9000,128
1100,20160112,11, 1,1,       1801 ,,101544,101544,101544644900,1,,,,,,0,739,32000,128,738,9000,128
1100,20160112,11, 1,1,       1801 ,,101544,101544,101544645700,1,,,,,,0,739,29000,128,738,9000,128
1100,20160112,11, 1,1,       1801 ,,101546,101546,101546656200,1,,,,,,0,739,30000,128,738,9000,128
1100,20160112,11, 1,1,       1801 ,,101547,101547,101547629700,1,,,,,,0,739,36000,128,738,9000,128
1100,20160112,11, 1,1,       1801 ,,101547,101547,101547850100,1,,,,,,0,739,36000,128,738,8000,128
1100,20160112,11, 1,1,       1801 ,,101547,101547,101547851800,1,,,,,,0,739,36000,128,738,6000,128
1100,20160112,11, 1,1,       1801 ,,101547,101547,101547853300,1,,,,,,0,739,37000,128,738,6000,128
1100,20160112,11, 1,1,       1801 ,101547,101547,101547,101547860800,1,738,16,0,1000,0,0,739,37000,128,738,5000,128
1100,20160112,11, 1,1,       1801 ,,101547,101547,101547861800,1,,,,,,0,739,37000,128,738,5000,128
1100,20160112,11, 1,1,       1801 ,101547,101547,101547,101547862700,1,738,16,0,5000,0,0,739,37000,128,737,38000,128
1100,20160112,11, 1,1,       1801 ,,101547,101547,101547863600,1,,,,,,0,739,37000,128,737,38000,128
1100,20160112,11, 1,1,       1801 ,,101547,101547,101547864400,1,,,,,,0,738,1000,128,737,38000,128
1100,20160112,11, 1,1,       1801 ,,101547,101547,101547865800,1,,,,,,0,738,3000,128,737,38000,128
1100,20160112,11, 1,1,       1801 ,,101547,101547,101547867100,1,,,,,,0,738,5000,128,737,38000,128
1100,20160112,11, 1,1,       1801 ,,101547,101547,101547867700,1,,,,,,0,738,5000,128,737,37000,128
1100,20160112,11, 1,1,       1801 ,,101547,101547,101547868500,1,,,,,,0,738,7000,128,737,37000,128
1100,20160112,11, 1,1,       1801 ,,101547,101547,101547869900,1,,,,,,0,738,7000,128,737,35000,128
1100,20160112,11, 1,1,       1801 ,,101547,101547,101547872500,1,,,,,,0,738,8000,128,737,35000,128
1100,20160112,11, 1,1,       1801 ,,101547,101547,101547879900,1,,,,,,0,738,6000,128,737,35000,128
1100,20160112,11, 1,1,       1801 ,,101547,101547,101547886800,1,,,,,,0,738,6000,128,737,32000,128
1100,20160112,11, 1,1,       1801 ,,101548,101548,101548503700,1,,,,,,0,738,7000,128,737,32000,128
1100,20160112,11, 1,1,       1801 ,,101549,101549,101549864300,1,,,,,,0,738,7000,128,737,31000,128
1100,20160112,11, 1,1,       1801 ,,101552,101552,101552200000,1,,,,,,0,738,9000,128,737,31000,128
1100,20160112,11, 1,1,       1801 ,,101552,101552,101552203500,1,,,,,,0,738,11000,128,737,31000,128
1100,20160112,11, 1,1,       1801 ,,101552,101552,101552852000,1,,,,,,0,738,11000,128,737,32000,128
1100,20160112,11, 1,1,       1801 ,,101557,101557,101557658600,1,,,,,,0,738,9000,128,737,32000,128
1100,20160112,11, 1,1,       1801 ,,101600,101600,101600513900,1,,,,,,0,738,11000,128,737,32000,128
1100,20160112,11, 1,1,       1801 ,,101601,101601,101601145500,1,,,,,,0,738,11000,128,737,29000,128
1100,20160112,11, 1,1,       1801 ,,101601,101601,101601427600,1,,,,,,0,738,11000,128,737,30000,128
1100,20160112,11, 1,1,       1801 ,,101602,101602,101602700400,1,,,,,,0,738,11000,128,737,29000,128
1100,20160112,11, 1,1,       1801 ,,101604,101604,101604253300,1,,,,,,0,738,11000,128,737,27000,128
1100,20160112,11, 1,1,       1801 ,101604,101604,101604,101604254600,1,737,16,0,22000,0,0,738,11000,128,737,5000,128
1100,20160112,11, 1,1,       1801 ,101604,101604,101604,101604257900,1,737,16,0,5000,0,0,738,11000,128,736,64000,128
1100,20160112,11, 1,1,       1801 ,,101604,101604,101604261200,1,,,,,,0,738,15000,128,736,64000,128
1100,20160112,11, 1,1,       1801 ,,101604,101604,101604264000,1,,,,,,0,737,2000,128,736,64000,128
1100,20160112,11, 1,1,       1801 ,,101604,101604,101604266300,1,,,,,,0,737,3000,128,736,64000,128
1100,20160112,11, 1,1,       1801 ,,101604,101604,101604266900,1,,,,,,0,737,4000,128,736,64000,128
1100,20160112,11, 1,1,       1801 ,,101604,101604,101604269700,1,,,,,,0,737,6000,128,736,64000,128
1100,20160112,11, 1,1,       1801 ,,101604,101604,101604274900,1,,,,,,0,737,8000,128,736,64000,128
1100,20160112,11, 1,1,       1801 ,,101604,101604,101604279700,1,,,,,,0,737,8000,128,736,63000,128
1100,20160112,11, 1,1,       1801 ,,101604,101604,101604280500,1,,,,,,0,737,12000,128,736,63000,128
1100,20160112,11, 1,1,       1801 ,,101604,101604,101604283800,1,,,,,,0,737,12000,128,736,61000,128
1100,20160112,11, 1,1,       1801 ,,101604,101604,101604288000,1,,,,,,0,737,12000,128,736,57000,128
1100,20160112,11, 1,1,       1801 ,,101604,101604,101604289800,1,,,,,,0,737,13000,128,736,57000,128
1100,20160112,11, 1,1,       1801 ,,101604,101604,101604294900,1,,,,,,0,737,14000,128,736,57000,128
1100,20160112,11, 1,1,       1801 ,,101604,101604,101604296700,1,,,,,,0,737,14000,128,736,58000,128
1100,20160112,11, 1,1,       1801 ,,101604,101604,101604298900,1,,,,,,0,737,14000,128,736,55000,128
1100,20160112,11, 1,1,       1801 ,,101604,101604,101604325300,1,,,,,,0,737,14000,128,736,54000,128
1100,20160112,11, 1,1,       1801 ,,101604,101604,101604933400,1,,,,,,0,737,14000,128,736,51000,128
1100,20160112,11, 1,1,       1801 ,,101606,101606,101606239900,1,,,,,,0,737,14000,128,736,50000,128
1100,20160112,11, 1,1,       1801 ,,101606,101606,101606259800,1,,,,,,0,737,14000,128,736,49000,128
1100,20160112,11, 1,1,       1801 ,,101609,101609,101609934100,1,,,,,,0,737,16000,128,736,49000,128
1100,20160112,11, 1,1,       1801 ,,101610,101610,101610680500,1,,,,,,0,737,16000,128,736,48000,128
1100,20160112,11, 1,1,       1801 ,,101611,101611,101611539100,1,,,,,,0,737,17000,128,736,48000,128
1100,20160112,11, 1,1,       1801 ,,101611,101611,101611539900,1,,,,,,0,737,18000,128,736,48000,128
1100,20160112,11, 1,1,       1801 ,,101611,101611,101611540800,1,,,,,,0,737,19000,128,736,48000,128
1100,20160112,11, 1,1,       1801 ,,101611,101611,101611878000,1,,,,,,0,737,18000,128,736,48000,128
1100,20160112,11, 1,1,       1801 ,,101612,101612,101612108000,1,,,,,,0,737,16000,128,736,48000,128
1100,20160112,11, 1,1,       1801 ,,101612,101612,101612112600,1,,,,,,0,737,16000,128,736,49000,128
1100,20160112,11, 1,1,       1801 ,,101612,101612,101612122600,1,,,,,,0,737,16000,128,736,50000,128
1100,20160112,11, 1,1,       1801 ,,101612,101612,101612131500,1,,,,,,0,737,16000,128,736,49000,128
1100,20160112,11, 1,1,       1801 ,,101612,101612,101612142400,1,,,,,,0,737,16000,128,736,48000,128
1100,20160112,11, 1,1,       1801 ,,101612,101612,101612143300,1,,,,,,0,737,16000,128,736,49000,128
1100,20160112,11, 1,1,       1801 ,,101612,101612,101612161600,1,,,,,,0,737,16000,128,736,48000,128
1100,20160112,11, 1,1,       1801 ,,101612,101612,101612311300,1,,,,,,0,737,16000,128,736,49000,128
1100,20160112,11, 1,1,       1801 ,,101612,101612,101612331600,1,,,,,,0,737,16000,128,736,48000,128
1100,20160112,11, 1,1,       1801 ,,101612,101612,101612440600,1,,,,,,0,737,16000,128,736,49000,128
1100,20160112,11, 1,1,       1801 ,,101612,101612,101612494300,1,,,,,,0,737,16000,128,736,48000,128
1100,20160112,11, 1,1,       1801 ,,101612,101612,101612550800,1,,,,,,0,737,16000,128,736,49000,128
1100,20160112,11, 1,1,       1801 ,,101612,101612,101612770800,1,,,,,,0,737,16000,128,736,50000,128
1100,20160112,11, 1,1,       1801 ,,101612,101612,101612848600,1,,,,,,0,737,16000,128,736,49000,128
1100,20160112,11, 1,1,       1801 ,,101613,101613,101613161200,1,,,,,,0,737,16000,128,736,48000,128
1100,20160112,11, 1,1,       1801 ,,101616,101616,101616531800,1,,,,,,0,737,16000,128,736,49000,128
1100,20160112,11, 1,1,       1801 ,,101616,101616,101616824400,1,,,,,,0,737,16000,128,736,48000,128
1100,20160112,11, 1,1,       1801 ,,101616,101616,101616961800,1,,,,,,0,737,16000,128,736,49000,128
1100,20160112,11, 1,1,       1801 ,,101616,101616,101616963100,1,,,,,,0,737,16000,128,736,50000,128
1100,20160112,11, 1,1,       1801 ,101617,101617,101617,101617028800,1,737,48,0,1000,0,0,737,15000,128,736,50000,128
1100,20160112,11, 1,1,       1801 ,,101617,101617,101617031500,1,,,,,,0,737,13000,128,736,50000,128
1100,20160112,11, 1,1,       1801 ,,101617,101617,101617033600,1,,,,,,0,737,13000,128,736,51000,128
1100,20160112,11, 1,1,       1801 ,,101617,101617,101617035500,1,,,,,,0,737,11000,128,736,51000,128
1100,20160112,11, 1,1,       1801 ,,101617,101617,101617038100,1,,,,,,0,737,10000,128,736,51000,128
1100,20160112,11, 1,1,       1801 ,101617,101617,101617,101617072300,1,737,48,0,3000,0,0,737,7000,128,736,51000,128
1100,20160112,11, 1,1,       1801 ,101617,101617,101617,101617073500,1,737,48,0,2000,0,0,737,5000,128,736,51000,128
1100,20160112,11, 1,1,       1801 ,101617,101617,101617,101617074500,1,737,48,0,2000,0,0,737,3000,128,736,51000,128
1100,20160112,11, 1,1,       1801 ,101617,101617,101617,101617075900,1,737,48,0,3000,0,0,738,40000,128,736,51000,128
1100,20160112,11, 1,1,       1801 ,,101617,101617,101617077100,1,,,,,,0,738,40000,128,737,1000,128
1100,20160112,11, 1,1,       1801 ,,101617,101617,101617080400,1,,,,,,0,738,40000,128,737,7000,128
1100,20160112,11, 1,1,       1801 ,,101617,101617,101617088100,1,,,,,,0,738,40000,128,737,8000,128
1100,20160112,11, 1,1,       1801 ,,101617,101617,101617089800,1,,,,,,0,738,40000,128,737,10000,128
1100,20160112,11, 1,1,       1801 ,,101617,101617,101617090600,1,,,,,,0,738,42000,128,737,10000,128
1100,20160112,11, 1,1,       1801 ,,101617,101617,101617091500,1,,,,,,0,738,43000,128,737,10000,128
1100,20160112,11, 1,1,       1801 ,,101617,101617,101617095500,1,,,,,,0,738,41000,128,737,10000,128
1100,20160112,11, 1,1,       1801 ,,101617,101617,101617096800,1,,,,,,0,738,41000,128,737,12000,128
1100,20160112,11, 1,1,       1801 ,,101617,101617,101617097600,1,,,,,,0,738,40000,128,737,12000,128
1100,20160112,11, 1,1,       1801 ,,101617,101617,101617111800,1,,,,,,0,738,37000,128,737,12000,128
1100,20160112,11, 1,1,       1801 ,,101617,101617,101617132600,1,,,,,,0,738,28000,128,737,12000,128
1100,20160112,11, 1,1,       1801 ,,101617,101617,101617144600,1,,,,,,0,738,29000,128,737,12000,128
1100,20160112,11, 1,1,       1801 ,,101617,101617,101617154100,1,,,,,,0,738,30000,128,737,12000,128
1100,20160112,11, 1,1,       1801 ,,101617,101617,101617191600,1,,,,,,0,738,30000,128,737,14000,128
1100,20160112,11, 1,1,       1801 ,,101618,101618,101618942400,1,,,,,,0,738,29000,128,737,14000,128
1100,20160112,11, 1,1,       1801 ,,101618,101618,101618944200,1,,,,,,0,738,25000,128,737,14000,128
1100,20160112,11, 1,1,       1801 ,,101618,101618,101618984100,1,,,,,,0,738,23000,128,737,14000,128
1100,20160112,11, 1,1,       1801 ,,101619,101619,101619464300,1,,,,,,0,738,23000,128,737,15000,128
1100,20160112,11, 1,1,       1801 ,,101621,101621,101621850600,1,,,,,,0,738,22000,128,737,15000,128
1100,20160112,11, 1,1,       1801 ,,101621,101621,101621851300,1,,,,,,0,738,21000,128,737,15000,128
1100,20160112,11, 1,1,       1801 ,,101621,101621,101621852100,1,,,,,,0,738,18000,128,737,15000,128
1100,20160112,11, 1,1,       1801 ,,101622,101622,101622460900,1,,,,,,0,738,18000,128,737,17000,128
1100,20160112,11, 1,1,       1801 ,,101622,101622,101622462700,1,,,,,,0,738,18000,128,737,20000,128
1100,20160112,11, 1,1,       1801 ,,101622,101622,101622464300,1,,,,,,0,738,16000,128,737,20000,128
1100,20160112,11, 1,1,       1801 ,,101622,101622,101622480200,1,,,,,,0,738,15000,128,737,20000,128
1100,20160112,11, 1,1,       1801 ,,101622,101622,101622493900,1,,,,,,0,738,13000,128,737,20000,128
1100,20160112,11, 1,1,       1801 ,,101622,101622,101622506200,1,,,,,,0,738,12000,128,737,20000,128
1100,20160112,11, 1,1,       1801 ,101622,101622,101622,101622509400,1,738,48,0,1000,0,0,738,11000,128,737,20000,128
1100,20160112,11, 1,1,       1801 ,101622,101622,101622,101622511700,1,738,48,0,1000,0,0,738,10000,128,737,20000,128
1100,20160112,11, 1,1,       1801 ,,101622,101622,101622513000,1,,,,,,0,738,10000,128,737,21000,128
1100,20160112,11, 1,1,       1801 ,101622,101622,101622,101622513900,1,738,48,0,2000,0,0,738,8000,128,737,21000,128
1100,20160112,11, 1,1,       1801 ,101622,101622,101622,101622514900,1,738,48,0,6000,0,0,738,2000,128,737,21000,128
1100,20160112,11, 1,1,       1801 ,,101622,101622,101622521900,1,,,,,,0,738,2000,128,737,21000,128
1100,20160112,11, 1,1,       1801 ,101622,101622,101622,101622522900,1,738,48,0,2000,0,0,739,74000,128,737,21000,128
1100,20160112,11, 1,1,       1801 ,,101622,101622,101622527300,1,,,,,,0,739,74000,128,738,2000,128
1100,20160112,11, 1,1,       1801 ,,101622,101622,101622539300,1,,,,,,0,739,74000,128,738,6000,128
1100,20160112,11, 1,1,       1801 ,101622,101622,101622,101622542300,1,738,16,0,4000,0,0,739,74000,128,738,2000,128
1100,20160112,11, 1,1,       1801 ,,101622,101622,101622544300,1,,,,,,0,739,74000,128,738,2000,128
1100,20160112,11, 1,1,       1801 ,,101622,101622,101622547900,1,,,,,,0,739,72000,128,738,2000,128
1100,20160112,11, 1,1,       1801 ,,101622,101622,101622551700,1,,,,,,0,739,72000,128,738,3000,128
1100,20160112,11, 1,1,       1801 ,,101622,101622,101622556400,1,,,,,,0,739,74000,128,738,3000,128
1100,20160112,11, 1,1,       1801 ,,101622,101622,101622563500,1,,,,,,0,739,68000,128,738,3000,128
1100,20160112,11, 1,1,       1801 ,,101622,101622,101622650400,1,,,,,,0,739,67000,128,738,3000,128
1100,20160112,11, 1,1,       1801 ,,101622,101622,101622656400,1,,,,,,0,739,67000,128,738,4000,128
1100,20160112,11, 1,1,       1801 ,,101622,101622,101622715300,1,,,,,,0,739,68000,128,738,4000,128
1100,20160112,11, 1,1,       1801 ,,101622,101622,101622811900,1,,,,,,0,739,65000,128,738,4000,128
1100,20160112,11, 1,1,       1801 ,,101624,101624,101624161600,1,,,,,,0,739,65000,128,738,3000,128
1100,20160112,11, 1,1,       1801 ,,101624,101624,101624163000,1,,,,,,0,739,66000,128,738,3000,128
1100,20160112,11, 1,1,       1801 ,101624,101624,101624,101624191800,1,738,16,0,1000,0,0,739,66000,128,738,2000,128
1100,20160112,11, 1,1,       1801 ,101624,101624,101624,101624192800,1,738,16,0,1000,0,0,739,66000,128,738,1000,128
1100,20160112,11, 1,1,       1801 ,101624,101624,101624,101624194000,1,738,16,0,1000,0,0,739,66000,128,737,34000,128
1100,20160112,11, 1,1,       1801 ,,101624,101624,101624195200,1,,,,,,0,738,1000,128,737,34000,128
1100,20160112,11, 1,1,       1801 ,,101624,101624,101624196800,1,,,,,,0,738,3000,128,737,34000,128
1100,20160112,11, 1,1,       1801 ,,101624,101624,101624200900,1,,,,,,0,738,3000,128,737,32000,128
1100,20160112,11, 1,1,       1801 ,,101624,101624,101624202400,1,,,,,,0,738,3000,128,737,30000,128
1100,20160112,11, 1,1,       1801 ,,101624,101624,101624205700,1,,,,,,0,738,9000,128,737,30000,128
1100,20160112,11, 1,1,       1801 ,,101624,101624,101624206400,1,,,,,,0,738,13000,128,737,30000,128
1100,20160112,11, 1,1,       1801 ,,101624,101624,101624207000,1,,,,,,0,738,13000,128,737,26000,128
1100,20160112,11, 1,1,       1801 ,,101624,101624,101624208700,1,,,,,,0,738,13000,128,737,25000,128
1100,20160112,11, 1,1,       1801 ,,101624,101624,101624210700,1,,,,,,0,738,15000,128,737,25000,128
1100,20160112,11, 1,1,       1801 ,,101624,101624,101624212200,1,,,,,,0,738,15000,128,737,22000,128
1100,20160112,11, 1,1,       1801 ,,101624,101624,101624213600,1,,,,,,0,738,15000,128,737,18000,128
1100,20160112,11, 1,1,       1801 ,,101624,101624,101624248900,1,,,,,,0,738,15000,128,737,17000,128
1100,20160112,11, 1,1,       1801 ,,101624,101624,101624269700,1,,,,,,0,738,13000,128,737,17000,128
1100,20160112,11, 1,1,       1801 ,,101625,101625,101625969500,1,,,,,,0,738,15000,128,737,17000,128
1100,20160112,11, 1,1,       1801 ,,101625,101625,101625971300,1,,,,,,0,738,20000,128,737,17000,128
1100,20160112,11, 1,1,       1801 ,,101625,101625,101625972500,1,,,,,,0,738,20000,128,737,15000,128
1100,20160112,11, 1,1,       1801 ,,101625,101625,101625973200,1,,,,,,0,738,22000,128,737,15000,128
1100,20160112,11, 1,1,       1801 ,,101625,101625,101625974600,1,,,,,,0,738,23000,128,737,15000,128
1100,20160112,11, 1,1,       1801 ,,101626,101626,101626100200,1,,,,,,0,738,23000,128,737,12000,128
1100,20160112,11, 1,1,       1801 ,,101626,101626,101626149800,1,,,,,,0,738,23000,128,737,11000,128
1100,20160112,11, 1,1,       1801 ,,101626,101626,101626150700,1,,,,,,0,738,23000,128,737,9000,128
1100,20160112,11, 1,1,       1801 ,101626,101626,101626,101626156600,1,737,16,0,1000,0,0,738,23000,128,737,8000,128
1100,20160112,11, 1,1,       1801 ,101626,101626,101626,101626158200,1,737,16,0,1000,0,0,738,23000,128,737,7000,128
1100,20160112,11, 1,1,       1801 ,101626,101626,101626,101626159100,1,737,16,0,6000,0,0,738,23000,128,737,1000,128
1100,20160112,11, 1,1,       1801 ,101626,101626,101626,101626160600,1,737,16,0,1000,0,0,738,23000,128,736,60000,128
1100,20160112,11, 1,1,       1801 ,,101626,101626,101626162600,1,,,,,,0,738,24000,128,736,60000,128
1100,20160112,11, 1,1,       1801 ,,101626,101626,101626163600,1,,,,,,0,737,2000,128,736,60000,128
1100,20160112,11, 1,1,       1801 ,,101626,101626,101626164700,1,,,,,,0,737,2000,128,736,59000,128
1100,20160112,11, 1,1,       1801 ,,101626,101626,101626172000,1,,,,,,0,737,3000,128,736,59000,128
1100,20160112,11, 1,1,       1801 ,,101626,101626,101626173900,1,,,,,,0,737,3000,128,736,57000,128
1100,20160112,11, 1,1,       1801 ,,101626,101626,101626179700,1,,,,,,0,737,3000,128,736,51000,128
1100,20160112,11, 1,1,       1801 ,,101626,101626,101626180900,1,,,,,,0,737,1000,128,736,51000,128
1100,20160112,11, 1,1,       1801 ,,101626,101626,101626185500,1,,,,,,0,737,3000,128,736,51000,128
1100,20160112,11, 1,1,       1801 ,,101626,101626,101626196100,1,,,,,,0,737,3000,128,736,50000,128
1100,20160112,11, 1,1,       1801 ,,101626,101626,101626206500,1,,,,,,0,737,1000,128,736,50000,128
1100,20160112,11, 1,1,       1801 ,,101626,101626,101626211900,1,,,,,,0,737,1000,128,736,47000,128
1100,20160112,11, 1,1,       1801 ,,101626,101626,101626591300,1,,,,,,0,737,1000,128,736,48000,128
1100,20160112,11, 1,1,       1801 ,101626,101626,101626,101626593100,1,737,48,0,1000,0,0,738,38000,128,736,48000,128
1100,20160112,11, 1,1,       1801 ,,101626,101626,101626594000,1,,,,,,0,738,38000,128,736,48000,128
1100,20160112,11, 1,1,       1801 ,,101626,101626,101626594900,1,,,,,,0,738,38000,128,737,2000,128
1100,20160112,11, 1,1,       1801 ,,101626,101626,101626597400,1,,,,,,0,738,37000,128,737,2000,128
1100,20160112,11, 1,1,       1801 ,,101626,101626,101626598700,1,,,,,,0,738,35000,128,737,2000,128
1100,20160112,11, 1,1,       1801 ,,101626,101626,101626600800,1,,,,,,0,738,35000,128,737,4000,128
1100,20160112,11, 1,1,       1801 ,,101626,101626,101626601600,1,,,,,,0,738,35000,128,737,8000,128
1100,20160112,11, 1,1,       1801 ,,101626,101626,101626604500,1,,,,,,0,738,35000,128,737,9000,128
1100,20160112,11, 1,1,       1801 ,,101626,101626,101626854100,1,,,,,,0,738,36000,128,737,9000,128
1100,20160112,11, 1,1,       1801 ,,101626,101626,101626854800,1,,,,,,0,738,37000,128,737,9000,128
1100,20160112,11, 1,1,       1801 ,,101627,101627,101627319300,1,,,,,,0,738,37000,128,737,8000,128
1100,20160112,11, 1,1,       1801 ,,101627,101627,101627510000,1,,,,,,0,738,38000,128,737,8000,128
1100,20160112,11, 1,1,       1801 ,,101627,101627,101627652300,1,,,,,,0,738,43000,128,737,8000,128
1100,20160112,11, 1,1,       1801 ,,101627,101627,101627942300,1,,,,,,0,738,43000,128,737,6000,128
1100,20160112,11, 1,1,       1801 ,,101627,101627,101627943600,1,,,,,,0,738,44000,128,737,6000,128
1100,20160112,11, 1,1,       1801 ,101629,101629,101629,101629361900,1,737,16,0,1000,0,0,738,44000,128,737,5000,128
1100,20160112,11, 1,1,       1801 ,101629,101629,101629,101629363500,1,737,16,0,5000,0,0,738,44000,128,736,50000,128
1100,20160112,11, 1,1,       1801 ,,101629,101629,101629365000,1,,,,,,0,738,44000,128,736,50000,128
1100,20160112,11, 1,1,       1801 ,,101629,101629,101629367200,1,,,,,,0,738,44000,128,736,49000,128
1100,20160112,11, 1,1,       1801 ,,101629,101629,101629367900,1,,,,,,0,737,4000,128,736,49000,128
1100,20160112,11, 1,1,       1801 ,,101629,101629,101629369200,1,,,,,,0,737,4000,128,736,47000,128
1100,20160112,11, 1,1,       1801 ,,101629,101629,101629370500,1,,,,,,0,737,5000,128,736,47000,128
1100,20160112,11, 1,1,       1801 ,,101629,101629,101629373000,1,,,,,,0,737,6000,128,736,47000,128
1100,20160112,11, 1,1,       1801 ,,101629,101629,101629374400,1,,,,,,0,737,6000,128,736,46000,128
1100,20160112,11, 1,1,       1801 ,,101629,101629,101629532200,1,,,,,,0,737,5000,128,736,46000,128
1100,20160112,11, 1,1,       1801 ,101629,101629,101629,101629551500,1,737,48,0,3000,0,0,737,2000,128,736,46000,128
1100,20160112,11, 1,1,       1801 ,101629,101629,101629,101629552500,1,737,48,0,2000,0,0,738,48000,128,736,46000,128
1100,20160112,11, 1,1,       1801 ,,101629,101629,101629553400,1,,,,,,0,738,48000,128,737,2000,128
1100,20160112,11, 1,1,       1801 ,,101629,101629,101629556300,1,,,,,,0,738,47000,128,737,2000,128
1100,20160112,11, 1,1,       1801 ,,101629,101629,101629557100,1,,,,,,0,738,45000,128,737,2000,128
1100,20160112,11, 1,1,       1801 ,,101629,101629,101629558700,1,,,,,,0,738,46000,128,737,2000,128
1100,20160112,11, 1,1,       1801 ,,101629,101629,101629969700,1,,,,,,0,738,47000,128,737,2000,128
1100,20160112,11, 1,1,       1801 ,,101630,101630,101630079600,1,,,,,,0,738,47000,128,736,49000,128
1100,20160112,11, 1,1,       1801 ,,101630,101630,101630080900,1,,,,,,0,738,47000,128,736,47000,128
1100,20160112,11, 1,1,       1801 ,,101630,101630,101630081600,1,,,,,,0,738,48000,128,736,47000,128
1100,20160112,11, 1,1,       1801 ,,101630,101630,101630891100,1,,,,,,0,738,47000,128,736,47000,128
1100,20160112,11, 1,1,       1801 ,,101630,101630,101630961600,1,,,,,,0,738,48000,128,736,47000,128
1100,20160112,11, 1,1,       1801 ,,101631,101631,101631000800,1,,,,,,0,738,47000,128,736,47000,128
1100,20160112,11, 1,1,       1801 ,,101631,101631,101631032000,1,,,,,,0,738,47000,128,737,2000,128
1100,20160112,11, 1,1,       1801 ,,101631,101631,101631036000,1,,,,,,0,738,47000,128,737,6000,128
1100,20160112,11, 1,1,       1801 ,,101631,101631,101631037700,1,,,,,,0,738,47000,128,737,7000,128
1100,20160112,11, 1,1,       1801 ,,101631,101631,101631038400,1,,,,,,0,738,42000,128,737,7000,128
1100,20160112,11, 1,1,       1801 ,,101631,101631,101631146800,1,,,,,,0,738,41000,128,737,7000,128
1100,20160112,11, 1,1,       1801 ,,101635,101635,101635473300,1,,,,,,0,738,41000,128,737,8000,128
1100,20160112,11, 1,1,       1801 ,,101637,101637,101637581700,1,,,,,,0,738,40000,128,737,8000,128
1100,20160112,11, 1,1,       1801 ,,101637,101637,101637600500,1,,,,,,0,738,37000,128,737,8000,128
1100,20160112,11, 1,1,       1801 ,,101637,101637,101637604800,1,,,,,,0,738,34000,128,737,8000,128
1100,20160112,11, 1,1,       1801 ,,101638,101638,101638861300,1,,,,,,0,738,25000,128,737,8000,128
1100,20160112,11, 1,1,       1801 ,,101638,101638,101638863600,1,,,,,,0,738,23000,128,737,8000,128
1100,20160112,11, 1,1,       1801 ,,101638,101638,101638864400,1,,,,,,0,738,22000,128,737,8000,128
1100,20160112,11, 1,1,       1801 ,,101639,101639,101639460600,1,,,,,,0,738,22000,128,737,10000,128
1100,20160112,11, 1,1,       1801 ,,101639,101639,101639463400,1,,,,,,0,738,20000,128,737,10000,128
1100,20160112,11, 1,1,       1801 ,101639,101639,101639,101639464900,1,738,48,0,2000,0,0,738,18000,128,737,10000,128
1100,20160112,11, 1,1,       1801 ,101639,101639,101639,101639466600,1,738,48,0,2000,0,0,738,16000,128,737,10000,128
1100,20160112,11, 1,1,       1801 ,101639,101639,101639,101639468200,1,738,48,0,2000,0,0,738,14000,128,737,10000,128
1100,20160112,11, 1,1,       1801 ,101639,101639,101639,101639469400,1,738,48,0,5000,0,0,738,9000,128,737,10000,128
1100,20160112,11, 1,1,       1801 ,101639,101639,101639,101639471000,1,738,48,0,5000,0,0,738,4000,128,737,10000,128
1100,20160112,11, 1,1,       1801 ,101639,101639,101639,101639473300,1,738,48,0,4000,0,0,739,66000,128,737,10000,128
1100,20160112,11, 1,1,       1801 ,,101639,101639,101639474200,1,,,,,,0,739,66000,128,738,1000,128
1100,20160112,11, 1,1,       1801 ,,101639,101639,101639475100,1,,,,,,0,739,66000,128,738,2000,128
1100,20160112,11, 1,1,       1801 ,,101639,101639,101639482800,1,,,,,,0,739,65000,128,738,2000,128
1100,20160112,11, 1,1,       1801 ,,101639,101639,101639483700,1,,,,,,0,739,65000,128,738,4000,128
1100,20160112,11, 1,1,       1801 ,,101639,101639,101639492500,1,,,,,,0,739,66000,128,738,4000,128
1100,20160112,11, 1,1,       1801 ,,101639,101639,101639494000,1,,,,,,0,739,64000,128,738,4000,128
1100,20160112,11, 1,1,       1801 ,,101639,101639,101639494800,1,,,,,,0,739,66000,128,738,4000,128
1100,20160112,11, 1,1,       1801 ,,101639,101639,101639497500,1,,,,,,0,739,62000,128,738,4000,128
1100,20160112,11, 1,1,       1801 ,,101639,101639,101639498300,1,,,,,,0,739,62000,128,738,6000,128
1100,20160112,11, 1,1,       1801 ,,101639,101639,101639499700,1,,,,,,0,739,62000,128,738,7000,128
1100,20160112,11, 1,1,       1801 ,,101639,101639,101639500700,1,,,,,,0,739,61000,128,738,7000,128
1100,20160112,11, 1,1,       1801 ,,101639,101639,101639503600,1,,,,,,0,739,61000,128,738,5000,128
1100,20160112,11, 1,1,       1801 ,,101639,101639,101639505200,1,,,,,,0,739,61000,128,738,4000,128
1100,20160112,11, 1,1,       1801 ,,101639,101639,101639506100,1,,,,,,0,739,60000,128,738,4000,128
1100,20160112,11, 1,1,       1801 ,,101639,101639,101639507100,1,,,,,,0,739,60000,128,738,5000,128
1100,20160112,11, 1,1,       1801 ,,101639,101639,101639508700,1,,,,,,0,739,60000,128,738,7000,128
1100,20160112,11, 1,1,       1801 ,101639,101639,101639,101639675000,1,738,16,0,1000,0,0,739,60000,128,738,6000,128
1100,20160112,11, 1,1,       1801 ,,101639,101639,101639676400,1,,,,,,0,739,60000,128,738,4000,128
1100,20160112,11, 1,1,       1801 ,,101639,101639,101639677200,1,,,,,,0,739,60000,128,738,3000,128
1100,20160112,11, 1,1,       1801 ,,101641,101641,101641912300,1,,,,,,0,739,63000,128,738,3000,128
1100,20160112,11, 1,1,       1801 ,,101641,101641,101641913500,1,,,,,,0,739,60000,128,738,3000,128
1100,20160112,11, 1,1,       1801 ,,101641,101641,101641916200,1,,,,,,0,739,60000,128,738,4000,128
1100,20160112,11, 1,1,       1801 ,,101641,101641,101641916900,1,,,,,,0,739,60000,128,738,6000,128
1100,20160112,11, 1,1,       1801 ,,101641,101641,101641919000,1,,,,,,0,739,57000,128,738,6000,128
1100,20160112,11, 1,1,       1801 ,,101642,101642,101642548000,1,,,,,,0,739,54000,128,738,6000,128
1100,20160112,11, 1,1,       1801 ,101642,101642,101642,101642813800,1,738,16,0,6000,0,0,739,54000,128,737,35000,131
1100,20160112,11, 1,1,       1801 ,101642,101642,101642,101642813800,2,737,16,0,24000,0,0,739,54000,128,737,11000,128
1100,20160112,11, 1,1,       1801 ,,101642,101642,101642816800,1,,,,,,0,739,55000,128,737,11000,128
1100,20160112,11, 1,1,       1801 ,,101642,101642,101642818000,1,,,,,,0,738,2000,128,737,11000,128
1100,20160112,11, 1,1,       1801 ,,101642,101642,101642821900,1,,,,,,0,738,2000,128,737,3000,128
1100,20160112,11, 1,1,       1801 ,,101642,101642,101642823000,1,,,,,,0,738,3000,128,737,3000,128
1100,20160112,11, 1,1,       1801 ,,101642,101642,101642825300,1,,,,,,0,738,5000,128,737,3000,128
1100,20160112,11, 1,1,       1801 ,,101642,101642,101642827600,1,,,,,,0,738,6000,128,737,3000,128
1100,20160112,11, 1,1,       1801 ,,101642,101642,101642828200,1,,,,,,0,738,8000,128,737,3000,128
1100,20160112,11, 1,1,       1801 ,,101642,101642,101642829500,1,,,,,,0,738,10000,128,737,3000,128
1100,20160112,11, 1,1,       1801 ,,101642,101642,101642832400,1,,,,,,0,738,10000,128,737,7000,128
1100,20160112,11, 1,1,       1801 ,,101642,101642,101642833000,1,,,,,,0,738,10000,128,737,11000,128
1100,20160112,11, 1,1,       1801 ,,101642,101642,101642834300,1,,,,,,0,738,10000,128,737,8000,128
1100,20160112,11, 1,1,       1801 ,,101642,101642,101642835000,1,,,,,,0,738,12000,128,737,8000,128
1100,20160112,11, 1,1,       1801 ,,101642,101642,101642836400,1,,,,,,0,738,13000,128,737,8000,128
1100,20160112,11, 1,1,       1801 ,,101642,101642,101642837600,1,,,,,,0,738,12000,128,737,8000,128
1100,20160112,11, 1,1,       1801 ,,101642,101642,101642838400,1,,,,,,0,738,10000,128,737,8000,128
1100,20160112,11, 1,1,       1801 ,,101642,101642,101642921600,1,,,,,,0,738,10000,128,737,10000,128
1100,20160112,11, 1,1,       1801 ,,101642,101642,101642922200,1,,,,,,0,738,10000,128,737,11000,128
1100,20160112,11, 1,1,       1801 ,,101643,101643,101643150600,1,,,,,,0,738,8000,128,737,11000,128
1100,20160112,11, 1,1,       1801 ,,101643,101643,101643152000,1,,,,,,0,738,6000,128,737,11000,128
1100,20160112,11, 1,1,       1801 ,,101644,101644,101644697000,1,,,,,,0,738,11000,128,737,11000,128
1100,20160112,11, 1,1,       1801 ,,101644,101644,101644709400,1,,,,,,0,738,13000,128,737,11000,128
1100,20160112,11, 1,1,       1801 ,,101644,101644,101644711500,1,,,,,,0,738,15000,128,737,11000,128
1100,20160112,11, 1,1,       1801 ,,101645,101645,101645349700,1,,,,,,0,738,15000,128,737,10000,128
1100,20160112,11, 1,1,       1801 ,,101645,101645,101645352100,1,,,,,,0,738,16000,128,737,10000,128
1100,20160112,11, 1,1,       1801 ,,101645,101645,101645662000,1,,,,,,0,738,16000,128,737,8000,128
1100,20160112,11, 1,1,       1801 ,101645,101645,101645,101645891600,1,737,16,0,2000,0,0,738,16000,128,737,6000,128
1100,20160112,11, 1,1,       1801 ,,101645,101645,101645893500,1,,,,,,0,738,16000,128,737,6000,128
1100,20160112,11, 1,1,       1801 ,,101645,101645,101645894300,1,,,,,,0,738,17000,128,737,6000,128
1100,20160112,11, 1,1,       1801 ,101645,101645,101645,101645895100,1,737,16,0,6000,0,0,738,17000,128,736,59000,128
1100,20160112,11, 1,1,       1801 ,,101645,101645,101645896800,1,,,,,,0,737,1000,128,736,59000,128
1100,20160112,11, 1,1,       1801 ,,101645,101645,101645899100,1,,,,,,0,737,3000,128,736,59000,128
1100,20160112,11, 1,1,       1801 ,,101645,101645,101645901100,1,,,,,,0,737,4000,128,736,59000,128
1100,20160112,11, 1,1,       1801 ,,101645,101645,101645901700,1,,,,,,0,737,4000,128,736,57000,128
1100,20160112,11, 1,1,       1801 ,101645,101645,101645,101645905300,1,737,48,0,1000,0,0,737,3000,128,736,57000,128
1100,20160112,11, 1,1,       1801 ,,101645,101645,101645906600,1,,,,,,0,737,3000,128,736,57000,128
1100,20160112,11, 1,1,       1801 ,,101645,101645,101645908600,1,,,,,,0,737,3000,128,736,56000,128
1100,20160112,11, 1,1,       1801 ,,101645,101645,101645910200,1,,,,,,0,737,3000,128,736,50000,128
1100,20160112,11, 1,1,       1801 ,,101646,101646,101646679900,1,,,,,,0,737,5000,128,736,50000,128
1100,20160112,11, 1,1,       1801 ,,101646,101646,101646681400,1,,,,,,0,737,7000,128,736,50000,128
1100,20160112,11, 1,1,       1801 ,,101646,101646,101646682000,1,,,,,,0,737,8000,128,736,50000,128
1100,20160112,11, 1,1,       1801 ,,101646,101646,101646949600,1,,,,,,0,737,7000,128,736,50000,128
1100,20160112,11, 1,1,       1801 ,,101646,101646,101646951300,1,,,,,,0,737,5000,128,736,50000,128
1100,20160112,11, 1,1,       1801 ,,101646,101646,101646983200,1,,,,,,0,737,3000,128,736,50000,128
1100,20160112,11, 1,1,       1801 ,,101648,101648,101648049900,1,,,,,,0,737,4000,128,736,50000,128
1100,20160112,11, 1,1,       1801 ,,101648,101648,101648051300,1,,,,,,0,737,6000,128,736,50000,128
1100,20160112,11, 1,1,       1801 ,,101648,101648,101648369600,1,,,,,,0,737,5000,128,736,50000,128
1100,20160112,11, 1,1,       1801 ,,101648,101648,101648371100,1,,,,,,0,737,3000,128,736,50000,128
1100,20160112,11, 1,1,       1801 ,,101648,101648,101648714200,1,,,,,,0,737,4000,128,736,50000,128
1100,20160112,11, 1,1,       1801 ,,101648,101648,101648715600,1,,,,,,0,737,6000,128,736,50000,128
1100,20160112,11, 1,1,       1801 ,,101648,101648,101648759900,1,,,,,,0,737,5000,128,736,50000,128
1100,20160112,11, 1,1,       1801 ,,101648,101648,101648761200,1,,,,,,0,737,3000,128,736,50000,128
1100,20160112,11, 1,1,       1801 ,101649,101649,101649,101649332400,1,737,48,0,1000,0,0,737,2000,128,736,50000,128
1100,20160112,11, 1,1,       1801 ,101649,101649,101649,101649334000,1,737,48,0,1000,0,0,737,1000,128,736,50000,128
1100,20160112,11, 1,1,       1801 ,,101649,101649,101649352600,1,,,,,,0,737,1000,128,736,51000,128
1100,20160112,11, 1,1,       1801 ,101649,101649,101649,101649353300,1,737,48,0,1000,0,0,738,53000,128,736,51000,128
1100,20160112,11, 1,1,       1801 ,,101649,101649,101649357600,1,,,,,,0,738,53000,128,736,51000,128
1100,20160112,11, 1,1,       1801 ,,101649,101649,101649359000,1,,,,,,0,738,53000,128,737,6000,128
1100,20160112,11, 1,1,       1801 ,,101649,101649,101649360900,1,,,,,,0,738,51000,128,737,6000,128
1100,20160112,11, 1,1,       1801 ,,101649,101649,101649363200,1,,,,,,0,738,51000,128,737,7000,128
1100,20160112,11, 1,1,       1801 ,,101649,101649,101649364600,1,,,,,,0,738,51000,128,737,9000,128
1100,20160112,11, 1,1,       1801 ,,101649,101649,101649365200,1,,,,,,0,738,39000,128,737,9000,128
1100,20160112,11, 1,1,       1801 ,,101649,101649,101649365900,1,,,,,,0,738,35000,128,737,9000,128
1100,20160112,11, 1,1,       1801 ,,101649,101649,101649366700,1,,,,,,0,738,31000,128,737,9000,128
1100,20160112,11, 1,1,       1801 ,,101649,101649,101649368300,1,,,,,,0,738,29000,128,737,9000,128
1100,20160112,11, 1,1,       1801 ,,101649,101649,101649371300,1,,,,,,0,738,20000,128,737,9000,128
1100,20160112,11, 1,1,       1801 ,,101649,101649,101649453000,1,,,,,,0,738,19000,128,737,9000,128
1100,20160112,11, 1,1,       1801 ,,101649,101649,101649640300,1,,,,,,0,738,25000,128,737,9000,128
1100,20160112,11, 1,1,       1801 ,,101651,101651,101651349700,1,,,,,,0,738,22000,128,737,9000,128
1100,20160112,11, 1,1,       1801 ,,101651,101651,101651986100,1,,,,,,0,738,22000,128,737,10000,128
1100,20160112,11, 1,1,       1801 ,,101651,101651,101651987600,1,,,,,,0,738,21000,128,737,10000,128
1100,20160112,11, 1,1,       1801 ,,101653,101653,101653059500,1,,,,,,0,738,19000,128,737,10000,128
1100,20160112,11, 1,1,       1801 ,,101653,101653,101653061700,1,,,,,,0,738,19000,128,737,14000,128
1100,20160112,11, 1,1,       1801 ,,101653,101653,101653062400,1,,,,,,0,738,18000,128,737,14000,128
1100,20160112,11, 1,1,       1801 ,,101653,101653,101653063700,1,,,,,,0,738,16000,128,737,14000,128
1100,20160112,11, 1,1,       1801 ,,101653,101653,101653065300,1,,,,,,0,738,16000,128,737,18000,128
1100,20160112,11, 1,1,       1801 ,,101653,101653,101653069900,1,,,,,,0,738,14000,128,737,18000,128
1100,20160112,11, 1,1,       1801 ,,101653,101653,101653100300,1,,,,,,0,738,14000,128,737,19000,128
1100,20160112,11, 1,1,       1801 ,,101653,101653,101653907900,1,,,,,,0,738,14000,128,737,20000,128
1100,20160112,11, 1,1,       1801 ,,101654,101654,101654645600,1,,,,,,0,738,8000,128,737,20000,128
1100,20160112,11, 1,1,       1801 ,,101654,101654,101654856300,1,,,,,,0,738,8000,128,737,21000,128
1100,20160112,11, 1,1,       1801 ,,101654,101654,101654882200,1,,,,,,0,738,8000,128,737,23000,128
1100,20160112,11, 1,1,       1801 ,,101656,101656,101656250500,1,,,,,,0,738,8000,128,737,21000,128
1100,20160112,11, 1,1,       1801 ,,101656,101656,101656252300,1,,,,,,0,738,10000,128,737,21000,128
1100,20160112,11, 1,1,       1801 ,,101656,101656,101656254200,1,,,,,,0,738,10000,128,737,17000,128
1100,20160112,11, 1,1,       1801 ,,101656,101656,101656274100,1,,,,,,0,738,10000,128,737,16000,128
1100,20160112,11, 1,1,       1801 ,,101657,101657,101657160900,1,,,,,,0,738,10000,128,737,15000,128
1100,20160112,11, 1,1,       1801 ,,101657,101657,101657289100,1,,,,,,0,738,11000,128,737,15000,128
1100,20160112,11, 1,1,       1801 ,,101657,101657,101657291300,1,,,,,,0,738,11000,128,737,18000,128
1100,20160112,11, 1,1,       1801 ,,101657,101657,101657475200,1,,,,,,0,738,10000,128,737,18000,128
1100,20160112,11, 1,1,       1801 ,,101657,101657,101657952000,1,,,,,,0,738,12000,128,737,18000,128
1100,20160112,11, 1,1,       1801 ,,101658,101658,101658158500,1,,,,,,0,738,12000,128,737,19000,128
1100,20160112,11, 1,1,       1801 ,,101659,101659,101659109500,1,,,,,,0,738,10000,128,737,19000,128
1100,20160112,11, 1,1,       1801 ,,101659,101659,101659149600,1,,,,,,0,738,8000,128,737,19000,128
1100,20160112,11, 1,1,       1801 ,,101659,101659,101659151400,1,,,,,,0,738,8000,128,737,23000,128
1100,20160112,11, 1,1,       1801 ,101659,101659,101659,101659153200,1,738,48,0,1000,0,0,738,7000,128,737,23000,128
1100,20160112,11, 1,1,       1801 ,,101659,101659,101659154800,1,,,,,,0,738,6000,128,737,23000,128
1100,20160112,11, 1,1,       1801 ,101700,101700,101700,101700082800,1,738,48,0,6000,0,0,739,69000,128,737,23000,128
1100,20160112,11, 1,1,       1801 ,,101700,101700,101700084500,1,,,,,,0,739,66000,128,737,23000,128
1100,20160112,11, 1,1,       1801 ,,101700,101700,101700086700,1,,,,,,0,739,66000,128,737,25000,128
1100,20160112,11, 1,1,       1801 ,,101700,101700,101700087500,1,,,,,,0,739,64000,128,737,25000,128
1100,20160112,11, 1,1,       1801 ,,101700,101700,101700088300,1,,,,,,0,739,60000,128,737,25000,128
1100,20160112,11, 1,1,       1801 ,,101700,101700,101700089100,1,,,,,,0,739,56000,128,737,25000,128
1100,20160112,11, 1,1,       1801 ,,101700,101700,101700089800,1,,,,,,0,739,56000,128,738,4000,128
1100,20160112,11, 1,1,       1801 ,,101700,101700,101700091200,1,,,,,,0,739,58000,128,738,4000,128
1100,20160112,11, 1,1,       1801 ,,101700,101700,101700091900,1,,,,,,0,739,59000,128,738,4000,128
1100,20160112,11, 1,1,       1801 ,,101700,101700,101700093900,1,,,,,,0,739,58000,128,738,4000,128
1100,20160112,11, 1,1,       1801 ,,101700,101700,101700096300,1,,,,,,0,739,58000,128,738,5000,128
1100,20160112,11, 1,1,       1801 ,,101700,101700,101700097900,1,,,,,,0,739,57000,128,738,5000,128
1100,20160112,11, 1,1,       1801 ,,101700,101700,101700099300,1,,,,,,0,739,55000,128,738,5000,128
1100,20160112,11, 1,1,       1801 ,,101700,101700,101700099900,1,,,,,,0,739,55000,128,738,7000,128
1100,20160112,11, 1,1,       1801 ,,101700,101700,101700100600,1,,,,,,0,739,51000,128,738,7000,128
1100,20160112,11, 1,1,       1801 ,,101700,101700,101700101300,1,,,,,,0,739,51000,128,738,11000,128
1100,20160112,11, 1,1,       1801 ,,101700,101700,101700102700,1,,,,,,0,739,50000,128,738,11000,128
1100,20160112,11, 1,1,       1801 ,101700,101700,101700,101700103400,1,738,16,0,4000,0,0,739,50000,128,738,7000,128
1100,20160112,11, 1,1,       1801 ,101700,101700,101700,101700104300,1,738,16,0,4000,0,0,739,50000,128,738,3000,128
1100,20160112,11, 1,1,       1801 ,101700,101700,101700,101700105600,1,738,16,0,3000,0,0,739,50000,128,737,31000,128
1100,20160112,11, 1,1,       1801 ,,101700,101700,101700107700,1,,,,,,0,739,50000,128,737,31000,128
1100,20160112,11, 1,1,       1801 ,,101700,101700,101700110600,1,,,,,,0,739,50000,128,737,30000,128
1100,20160112,11, 1,1,       1801 ,,101700,101700,101700111400,1,,,,,,0,739,51000,128,737,30000,128
1100,20160112,11, 1,1,       1801 ,,101700,101700,101700112100,1,,,,,,0,739,51000,128,737,28000,128
1100,20160112,11, 1,1,       1801 ,,101700,101700,101700113600,1,,,,,,0,739,51000,128,737,26000,128
1100,20160112,11, 1,1,       1801 ,,101700,101700,101700115600,1,,,,,,0,739,51000,128,737,24000,128
1100,20160112,11, 1,1,       1801 ,,101700,101700,101700116400,1,,,,,,0,739,51000,128,738,4000,128
1100,20160112,11, 1,1,       1801 ,,101700,101700,101700118700,1,,,,,,0,739,53000,128,738,4000,128
1100,20160112,11, 1,1,       1801 ,,101700,101700,101700119400,1,,,,,,0,739,52000,128,738,4000,128
1100,20160112,11, 1,1,       1801 ,,101700,101700,101700122000,1,,,,,,0,739,50000,128,738,4000,128
1100,20160112,11, 1,1,       1801 ,,101700,101700,101700491600,1,,,,,,0,739,50000,128,738,5000,128
1100,20160112,11, 1,1,       1801 ,,101701,101701,101701209900,1,,,,,,0,739,50000,128,738,4000,128
1100,20160112,11, 1,1,       1801 ,,101703,101703,101703656200,1,,,,,,0,739,50000,128,738,5000,128
1100,20160112,11, 1,1,       1801 ,,101703,101703,101703911700,1,,,,,,0,739,50000,128,738,4000,128
1100,20160112,11, 1,1,       1801 ,,101704,101704,101704062500,1,,,,,,0,739,51000,128,738,4000,128
1100,20160112,11, 1,1,       1801 ,101705,101705,101705,101705201200,1,738,16,0,1000,0,0,739,51000,128,738,3000,128
1100,20160112,11, 1,1,       1801 ,101705,101705,101705,101705202700,1,738,16,0,3000,0,0,739,51000,128,737,39000,128
1100,20160112,11, 1,1,       1801 ,,101705,101705,101705203500,1,,,,,,0,738,2000,128,737,39000,128
1100,20160112,11, 1,1,       1801 ,,101705,101705,101705204200,1,,,,,,0,738,3000,128,737,39000,128
1100,20160112,11, 1,1,       1801 ,,101705,101705,101705206500,1,,,,,,0,738,7000,128,737,39000,128
1100,20160112,11, 1,1,       1801 ,,101705,101705,101705207100,1,,,,,,0,738,7000,128,737,37000,128
1100,20160112,11, 1,1,       1801 ,,101705,101705,101705207800,1,,,,,,0,738,7000,128,737,35000,128
1100,20160112,11, 1,1,       1801 ,,101705,101705,101705209900,1,,,,,,0,738,7000,128,737,26000,128
1100,20160112,11, 1,1,       1801 ,,101705,101705,101705212800,1,,,,,,0,738,7000,128,737,25000,128
1100,20160112,11, 1,1,       1801 ,,101705,101705,101705215500,1,,,,,,0,738,7000,128,737,22000,128
1100,20160112,11, 1,1,       1801 ,,101705,101705,101705995500,1,,,,,,0,738,8000,128,737,22000,128
1100,20160112,11, 1,1,       1801 ,,101705,101705,101705997700,1,,,,,,0,738,9000,128,737,22000,128
1100,20160112,11, 1,1,       1801 ,,101706,101706,101706043200,1,,,,,,0,738,9000,128,737,18000,128
1100,20160112,11, 1,1,       1801 ,,101706,101706,101706047400,1,,,,,,0,738,11000,128,737,18000,128
1100,20160112,11, 1,1,       1801 ,,101706,101706,101706048300,1,,,,,,0,738,13000,128,737,18000,128
1100,20160112,11, 1,1,       1801 ,,101707,101707,101707360800,1,,,,,,0,738,12000,128,737,18000,128
1100,20160112,11, 1,1,       1801 ,,101708,101708,101708496700,1,,,,,,0,738,12000,128,737,19000,128
1100,20160112,11, 1,1,       1801 ,,101709,101709,101709801700,1,,,,,,0,738,10000,128,737,19000,128
1100,20160112,11, 1,1,       1801 ,,101710,101710,101710227800,1,,,,,,0,738,8000,128,737,19000,128
1100,20160112,11, 1,1,       1801 ,,101710,101710,101710743500,1,,,,,,0,738,8000,128,737,18000,128
1100,20160112,11, 1,1,       1801 ,,101710,101710,101710745600,1,,,,,,0,738,10000,128,737,18000,128
1100,20160112,11, 1,1,       1801 ,,101710,101710,101710864500,1,,,,,,0,738,12000,128,737,18000,128
1100,20160112,11, 1,1,       1801 ,,101710,101710,101710997600,1,,,,,,0,738,13000,128,737,18000,128
1100,20160112,11, 1,1,       1801 ,101716,101716,101716,101716122100,1,737,16,0,10000,0,0,738,13000,128,737,8000,128
1100,20160112,11, 1,1,       1801 ,101716,101716,101716,101716125000,1,737,16,0,1000,0,0,738,13000,128,737,7000,128
1100,20160112,11, 1,1,       1801 ,101716,101716,101716,101716126000,1,737,16,0,7000,0,0,738,13000,128,736,60000,128
1100,20160112,11, 1,1,       1801 ,,101716,101716,101716128000,1,,,,,,0,738,14000,128,736,60000,128
1100,20160112,11, 1,1,       1801 ,,101716,101716,101716128700,1,,,,,,0,738,16000,128,736,60000,128
1100,20160112,11, 1,1,       1801 ,,101716,101716,101716129300,1,,,,,,0,738,16000,128,736,59000,128
1100,20160112,11, 1,1,       1801 ,,101716,101716,101716130100,1,,,,,,0,738,28000,128,736,59000,128
1100,20160112,11, 1,1,       1801 ,,101716,101716,101716130800,1,,,,,,0,738,31000,128,736,59000,128
1100,20160112,11, 1,1,       1801 ,,101716,101716,101716131500,1,,,,,,0,738,31000,128,736,57000,128
1100,20160112,11, 1,1,       1801 ,,101716,101716,101716134300,1,,,,,,0,738,31000,128,736,56000,128
1100,20160112,11, 1,1,       1801 ,,101716,101716,101716135700,1,,,,,,0,738,31000,128,737,4000,128
1100,20160112,11, 1,1,       1801 ,,101717,101717,101717609000,1,,,,,,0,738,33000,128,737,4000,128
1100,20160112,11, 1,1,       1801 ,,101717,101717,101717610300,1,,,,,,0,738,33000,128,736,58000,128
1100,20160112,11, 1,1,       1801 ,,101717,101717,101717613400,1,,,,,,0,738,33000,128,736,56000,128
1100,20160112,11, 1,1,       1801 ,,101717,101717,101717614800,1,,,,,,0,738,31000,128,736,56000,128
1100,20160112,11, 1,1,       1801 ,,101718,101718,101718423200,1,,,,,,0,738,31000,128,736,55000,128
1100,20160112,11, 1,1,       1801 ,,101718,101718,101718689600,1,,,,,,0,738,31000,128,736,56000,128
1100,20160112,11, 1,1,       1801 ,,101718,101718,101718901600,1,,,,,,0,738,31000,128,736,57000,128
1100,20160112,11, 1,1,       1801 ,,101718,101718,101718902300,1,,,,,,0,738,30000,128,736,57000,128
1100,20160112,11, 1,1,       1801 ,,101719,101719,101719693200,1,,,,,,0,738,30000,128,736,58000,128
1100,20160112,11, 1,1,       1801 ,,101719,101719,101719694800,1,,,,,,0,738,30000,128,737,4000,128
1100,20160112,11, 1,1,       1801 ,,101719,101719,101719698700,1,,,,,,0,738,18000,128,737,4000,128
1100,20160112,11, 1,1,       1801 ,,101720,101720,101720410600,1,,,,,,0,738,18000,128,737,5000,128
1100,20160112,11, 1,1,       1801 ,,101720,101720,101720412300,1,,,,,,0,738,18000,128,737,11000,128
1100,20160112,11, 1,1,       1801 ,,101721,101721,101721889600,1,,,,,,0,738,15000,128,737,11000,128
1100,20160112,11, 1,1,       1801 ,,101721,101721,101721891200,1,,,,,,0,738,15000,128,737,15000,128
1100,20160112,11, 1,1,       1801 ,,101722,101722,101722407200,1,,,,,,0,738,14000,128,737,15000,128
1100,20160112,11, 1,1,       1801 ,,101722,101722,101722921800,1,,,,,,0,738,14000,128,737,16000,128
1100,20160112,11, 1,1,       1801 ,,101722,101722,101722933000,1,,,,,,0,738,13000,128,737,16000,128
1100,20160112,11, 1,1,       1801 ,,101722,101722,101722969200,1,,,,,,0,738,11000,128,737,16000,128
1100,20160112,11, 1,1,       1801 ,,101722,101722,101722971300,1,,,,,,0,738,9000,128,737,16000,128
1100,20160112,11, 1,1,       1801 ,,101722,101722,101722973100,1,,,,,,0,738,9000,128,737,17000,128
1100,20160112,11, 1,1,       1801 ,,101722,101722,101722974300,1,,,,,,0,738,9000,128,737,21000,128
1100,20160112,11, 1,1,       1801 ,,101722,101722,101722975100,1,,,,,,0,738,9000,128,737,25000,128
1100,20160112,11, 1,1,       1801 ,101722,101722,101722,101722980800,1,738,48,0,1000,0,0,738,8000,128,737,25000,128
1100,20160112,11, 1,1,       1801 ,,101722,101722,101722983000,1,,,,,,0,738,8000,128,737,27000,128
1100,20160112,11, 1,1,       1801 ,,101722,101722,101722986400,1,,,,,,0,738,6000,128,737,27000,128
1100,20160112,11, 1,1,       1801 ,101722,101722,101722,101722993100,1,738,48,0,4000,0,0,738,2000,128,737,27000,128
1100,20160112,11, 1,1,       1801 ,101722,101722,101722,101722994600,1,738,48,0,2000,0,0,739,75000,128,737,27000,128
1100,20160112,11, 1,1,       1801 ,,101723,101723,101723001900,1,,,,,,0,739,75000,128,738,2000,128
1100,20160112,11, 1,1,       1801 ,,101723,101723,101723005600,1,,,,,,0,739,74000,128,738,2000,128
1100,20160112,11, 1,1,       1801 ,,101723,101723,101723006500,1,,,,,,0,739,74000,128,738,3000,128
1100,20160112,11, 1,1,       1801 ,101723,101723,101723,101723008900,1,738,16,0,1000,0,0,739,74000,128,738,2000,128
1100,20160112,11, 1,1,       1801 ,,101723,101723,101723009900,1,,,,,,0,739,74000,128,738,4000,128
1100,20160112,11, 1,1,       1801 ,,101723,101723,101723010600,1,,,,,,0,739,70000,128,738,4000,128
1100,20160112,11, 1,1,       1801 ,,101723,101723,101723011300,1,,,,,,0,739,66000,128,738,4000,128
1100,20160112,11, 1,1,       1801 ,,101723,101723,101723012900,1,,,,,,0,739,66000,128,738,6000,128
1100,20160112,11, 1,1,       1801 ,,101723,101723,101723013800,1,,,,,,0,739,67000,128,738,6000,128
1100,20160112,11, 1,1,       1801 ,,101723,101723,101723017100,1,,,,,,0,739,61000,128,738,6000,128
1100,20160112,11, 1,1,       1801 ,,101723,101723,101723017800,1,,,,,,0,739,59000,128,738,6000,128
1100,20160112,11, 1,1,       1801 ,,101723,101723,101723018500,1,,,,,,0,739,58000,128,738,6000,128
1100,20160112,11, 1,1,       1801 ,,101723,101723,101723019200,1,,,,,,0,739,57000,128,738,6000,128
1100,20160112,11, 1,1,       1801 ,,101723,101723,101723020000,1,,,,,,0,739,58000,128,738,6000,128
1100,20160112,11, 1,1,       1801 ,,101723,101723,101723021700,1,,,,,,0,739,58000,128,738,5000,128
1100,20160112,11, 1,1,       1801 ,,101723,101723,101723023300,1,,,,,,0,739,60000,128,738,5000,128
1100,20160112,11, 1,1,       1801 ,,101723,101723,101723036700,1,,,,,,0,739,60000,128,738,6000,128
1100,20160112,11, 1,1,       1801 ,,101723,101723,101723040800,1,,,,,,0,739,60000,128,738,14000,128
1100,20160112,11, 1,1,       1801 ,,101723,101723,101723066600,1,,,,,,0,739,60000,128,738,16000,128
1100,20160112,11, 1,1,       1801 ,,101723,101723,101723086500,1,,,,,,0,739,57000,128,738,16000,128
1100,20160112,11, 1,1,       1801 ,101723,101723,101723,101723988800,1,738,16,0,1000,0,0,739,57000,128,738,15000,128
1100,20160112,11, 1,1,       1801 ,,101723,101723,101723992000,1,,,,,,0,739,57000,128,738,15000,128
1100,20160112,11, 1,1,       1801 ,,101724,101724,101724010800,1,,,,,,0,739,58000,128,738,15000,128
1100,20160112,11, 1,1,       1801 ,,101728,101728,101728107800,1,,,,,,0,739,58000,128,738,13000,128
1100,20160112,11, 1,1,       1801 ,,101728,101728,101728109000,1,,,,,,0,739,59000,128,738,13000,128
1100,20160112,11, 1,1,       1801 ,,101728,101728,101728141100,1,,,,,,0,739,59000,128,738,5000,128
1100,20160112,11, 1,1,       1801 ,101728,101728,101728,101728143100,1,738,16,0,5000,0,0,739,59000,128,737,49000,128
1100,20160112,11, 1,1,       1801 ,,101728,101728,101728143900,1,,,,,,0,738,1000,128,737,49000,128
1100,20160112,11, 1,1,       1801 ,,101728,101728,101728144700,1,,,,,,0,738,3000,128,737,49000,128
1100,20160112,11, 1,1,       1801 ,,101728,101728,101728146200,1,,,,,,0,738,3000,128,737,47000,128
1100,20160112,11, 1,1,       1801 ,,101728,101728,101728147900,1,,,,,,0,738,3000,128,737,45000,128
1100,20160112,11, 1,1,       1801 ,,101728,101728,101728149500,1,,,,,,0,738,5000,128,737,45000,128
1100,20160112,11, 1,1,       1801 ,,101728,101728,101728150900,1,,,,,,0,738,5000,128,737,43000,128
1100,20160112,11, 1,1,       1801 ,,101728,101728,101728154400,1,,,,,,0,738,5000,128,737,37000,128
1100,20160112,11, 1,1,       1801 ,,101728,101728,101728155100,1,,,,,,0,738,6000,128,737,37000,128
1100,20160112,11, 1,1,       1801 ,,101728,101728,101728157000,1,,,,,,0,738,6000,128,737,36000,128
1100,20160112,11, 1,1,       1801 ,,101728,101728,101728157800,1,,,,,,0,738,4000,128,737,36000,128
1100,20160112,11, 1,1,       1801 ,,101728,101728,101728158600,1,,,,,,0,738,4000,128,737,32000,128
1100,20160112,11, 1,1,       1801 ,,101728,101728,101728159300,1,,,,,,0,738,5000,128,737,32000,128
1100,20160112,11, 1,1,       1801 ,,101728,101728,101728160600,1,,,,,,0,738,4000,128,737,32000,128
1100,20160112,11, 1,1,       1801 ,,101728,101728,101728162000,1,,,,,,0,738,5000,128,737,32000,128
1100,20160112,11, 1,1,       1801 ,,101728,101728,101728162600,1,,,,,,0,738,5000,128,737,29000,128
1100,20160112,11, 1,1,       1801 ,,101728,101728,101728164100,1,,,,,,0,738,5000,128,737,20000,128
1100,20160112,11, 1,1,       1801 ,,101728,101728,101728165200,1,,,,,,0,738,5000,128,737,19000,128
1100,20160112,11, 1,1,       1801 ,,101728,101728,101728165900,1,,,,,,0,738,7000,128,737,19000,128
1100,20160112,11, 1,1,       1801 ,,101728,101728,101728167400,1,,,,,,0,738,9000,128,737,19000,128
1100,20160112,11, 1,1,       1801 ,,101728,101728,101728379700,1,,,,,,0,738,7000,128,737,19000,128
1100,20160112,11, 1,1,       1801 ,,101730,101730,101730034600,1,,,,,,0,738,9000,128,737,19000,128
1100,20160112,11, 1,1,       1801 ,,101732,101732,101732153600,1,,,,,,0,738,8000,128,737,19000,128
1100,20160112,11, 1,1,       1801 ,,101732,101732,101732275600,1,,,,,,0,738,9000,128,737,19000,128
1100,20160112,11, 1,1,       1801 ,,101743,101743,101743646600,1,,,,,,0,738,8000,128,737,19000,128
1100,20160112,11, 1,1,       1801 ,,101743,101743,101743648700,1,,,,,,0,738,11000,128,737,19000,128
1100,20160112,11, 1,1,       1801 ,,101744,101744,101744117800,1,,,,,,0,738,12000,128,737,19000,128
1100,20160112,11, 1,1,       1801 ,,101749,101749,101749340700,1,,,,,,0,738,11000,128,737,19000,128
1100,20160112,11, 1,1,       1801 ,,101751,101751,101751247500,1,,,,,,0,738,11000,128,737,20000,128
1100,20160112,11, 1,1,       1801 ,,101753,101753,101753072300,1,,,,,,0,738,11000,128,737,21000,128
1100,20160112,11, 1,1,       1801 ,,101753,101753,101753312800,1,,,,,,0,738,11000,128,737,20000,128
1100,20160112,11, 1,1,       1801 ,,101753,101753,101753401500,1,,,,,,0,738,12000,128,737,20000,128
1100,20160112,11, 1,1,       1801 ,,101756,101756,101756277300,1,,,,,,0,738,15000,128,737,20000,128
1100,20160112,11, 1,1,       1801 ,,101756,101756,101756278800,1,,,,,,0,738,27000,128,737,20000,128
1100,20160112,11, 1,1,       1801 ,,101756,101756,101756280000,1,,,,,,0,738,27000,128,737,17000,128
1100,20160112,11, 1,1,       1801 ,,101756,101756,101756282000,1,,,,,,0,738,27000,128,737,16000,128
1100,20160112,11, 1,1,       1801 ,101757,101757,101757,101757607900,1,737,16,0,1000,0,0,738,27000,128,737,15000,128
1100,20160112,11, 1,1,       1801 ,101757,101757,101757,101757609600,1,737,16,0,1000,0,0,738,27000,128,737,14000,128
1100,20160112,11, 1,1,       1801 ,101757,101757,101757,101757611600,1,737,16,0,2000,0,0,738,27000,128,737,12000,128
1100,20160112,11, 1,1,       1801 ,101757,101757,101757,101757612800,1,737,16,0,12000,0,0,738,27000,128,736,59000,128
1100,20160112,11, 1,1,       1801 ,,101757,101757,101757614300,1,,,,,,0,737,1000,128,736,59000,128
1100,20160112,11, 1,1,       1801 ,,101757,101757,101757615700,1,,,,,,0,737,3000,128,736,59000,128
1100,20160112,11, 1,1,       1801 ,,101757,101757,101757616600,1,,,,,,0,737,4000,128,736,59000,128
1100,20160112,11, 1,1,       1801 ,,101757,101757,101757623700,1,,,,,,0,737,4000,128,736,58000,128
1100,20160112,11, 1,1,       1801 ,,101757,101757,101757625200,1,,,,,,0,737,6000,128,736,58000,128
1100,20160112,11, 1,1,       1801 ,,101757,101757,101757629600,1,,,,,,0,737,7000,128,736,58000,128
1100,20160112,11, 1,1,       1801 ,,101757,101757,101757631100,1,,,,,,0,737,7000,128,736,56000,128
1100,20160112,11, 1,1,       1801 ,,101757,101757,101757635000,1,,,,,,0,737,7000,128,736,55000,128
1100,20160112,11, 1,1,       1801 ,,101757,101757,101757635700,1,,,,,,0,737,8000,128,736,55000,128
1100,20160112,11, 1,1,       1801 ,,101757,101757,101757637800,1,,,,,,0,737,8000,128,736,53000,128
1100,20160112,11, 1,1,       1801 ,,101757,101757,101757641500,1,,,,,,0,737,8000,128,736,47000,128
1100,20160112,11, 1,1,       1801 ,,101757,101757,101757643400,1,,,,,,0,737,9000,128,736,47000,128
1100,20160112,11, 1,1,       1801 ,,101757,101757,101757659500,1,,,,,,0,737,10000,128,736,47000,128
1100,20160112,11, 1,1,       1801 ,,101757,101757,101757680200,1,,,,,,0,737,10000,128,736,46000,128
1100,20160112,11, 1,1,       1801 ,,101758,101758,101758036600,1,,,,,,0,737,10000,128,736,43000,128
1100,20160112,11, 1,1,       1801 ,,101758,101758,101758046500,1,,,,,,0,737,12000,128,736,43000,128
1100,20160112,11, 1,1,       1801 ,,101758,101758,101758052300,1,,,,,,0,737,12000,128,736,41000,128
1100,20160112,11, 1,1,       1801 ,,101758,101758,101758069700,1,,,,,,0,737,13000,128,736,41000,128
1100,20160112,11, 1,1,       1801 ,101759,101759,101759,101759036800,1,737,48,0,2000,0,0,737,11000,128,736,41000,128
1100,20160112,11, 1,1,       1801 ,,101759,101759,101759053400,1,,,,,,0,737,11000,128,736,41000,128
1100,20160112,11, 1,1,       1801 ,,101801,101801,101801011200,1,,,,,,0,737,10000,128,736,41000,128
1100,20160112,11, 1,1,       1801 ,,101801,101801,101801130000,1,,,,,,0,737,8000,128,736,41000,128
1100,20160112,11, 1,1,       1801 ,,101801,101801,101801130800,1,,,,,,0,737,7000,128,736,41000,128
1100,20160112,11, 1,1,       1801 ,,101801,101801,101801132300,1,,,,,,0,737,5000,128,736,41000,128
1100,20160112,11, 1,1,       1801 ,,101801,101801,101801135200,1,,,,,,0,737,5000,128,736,42000,128
1100,20160112,11, 1,1,       1801 ,101801,101801,101801,101801135900,1,737,48,0,1000,0,0,737,4000,128,736,42000,128
1100,20160112,11, 1,1,       1801 ,,101801,101801,101801136900,1,,,,,,0,737,4000,128,736,42000,128
1100,20160112,11, 1,1,       1801 ,101801,101801,101801,101801137800,1,737,48,0,3000,0,0,737,1000,128,736,42000,128
1100,20160112,11, 1,1,       1801 ,,101801,101801,101801146200,1,,,,,,0,737,1000,128,736,42000,128
1100,20160112,11, 1,1,       1801 ,,101801,101801,101801151200,1,,,,,,0,737,2000,128,736,42000,128
1100,20160112,11, 1,1,       1801 ,,101801,101801,101801166200,1,,,,,,0,737,1000,128,736,42000,128
1100,20160112,11, 1,1,       1801 ,101801,101801,101801,101801180800,1,737,48,0,1000,0,0,738,56000,128,736,42000,128
1100,20160112,11, 1,1,       1801 ,,101801,101801,101801182200,1,,,,,,0,738,54000,128,736,42000,128
1100,20160112,11, 1,1,       1801 ,,101801,101801,101801184700,1,,,,,,0,738,54000,128,737,1000,128
1100,20160112,11, 1,1,       1801 ,101801,101801,101801,101801185300,1,737,16,0,1000,0,0,737,3000,128,736,42000,128
1100,20160112,11, 1,1,       1801 ,101801,101801,101801,101801186400,1,737,48,0,3000,0,0,738,54000,128,737,3000,128
1100,20160112,11, 1,1,       1801 ,,101801,101801,101801187400,1,,,,,,0,738,52000,128,737,3000,128
1100,20160112,11, 1,1,       1801 ,,101801,101801,101801192700,1,,,,,,0,738,46000,128,737,3000,128
1100,20160112,11, 1,1,       1801 ,101801,101801,101801,101801194400,1,737,16,0,1000,0,0,738,46000,128,737,2000,128
1100,20160112,11, 1,1,       1801 ,,101801,101801,101801195300,1,,,,,,0,738,46000,128,737,2000,128
1100,20160112,11, 1,1,       1801 ,101801,101801,101801,101801196000,1,737,16,0,1000,0,0,738,46000,128,737,1000,128
1100,20160112,11, 1,1,       1801 ,,101801,101801,101801197300,1,,,,,,0,738,46000,128,737,3000,128
1100,20160112,11, 1,1,       1801 ,,101801,101801,101801236600,1,,,,,,0,738,43000,128,737,3000,128
1100,20160112,11, 1,1,       1801 ,,101801,101801,101801421500,1,,,,,,0,738,43000,128,737,1000,128
1100,20160112,11, 1,1,       1801 ,101802,101802,101802,101802188200,1,737,16,0,1000,0,0,738,43000,128,736,47000,128
1100,20160112,11, 1,1,       1801 ,,101802,101802,101802190500,1,,,,,,0,738,43000,128,736,47000,128
1100,20160112,11, 1,1,       1801 ,,101802,101802,101802191800,1,,,,,,0,737,4000,128,736,47000,128
1100,20160112,11, 1,1,       1801 ,,101802,101802,101802193000,1,,,,,,0,737,4000,128,736,46000,128
1100,20160112,11, 1,1,       1801 ,,101802,101802,101802196100,1,,,,,,0,737,4000,128,736,44000,128
1100,20160112,11, 1,1,       1801 ,,101802,101802,101802197500,1,,,,,,0,737,5000,128,736,44000,128
1100,20160112,11, 1,1,       1801 ,,101802,101802,101802198900,1,,,,,,0,737,7000,128,736,44000,128
1100,20160112,11, 1,1,       1801 ,,101802,101802,101802981800,1,,,,,,0,737,6000,128,736,44000,128
1100,20160112,11, 1,1,       1801 ,,101802,101802,101802982900,1,,,,,,0,737,4000,128,736,44000,128
1100,20160112,11, 1,1,       1801 ,,101802,101802,101802986000,1,,,,,,0,737,4000,128,736,45000,128
1100,20160112,11, 1,1,       1801 ,101802,101802,101802,101802986800,1,737,48,0,2000,0,0,737,2000,128,736,45000,128
1100,20160112,11, 1,1,       1801 ,101802,101802,101802,101802989200,1,737,48,0,2000,0,0,738,45000,128,736,45000,128
1100,20160112,11, 1,1,       1801 ,,101802,101802,101802990100,1,,,,,,0,738,45000,128,736,47000,128
1100,20160112,11, 1,1,       1801 ,,101802,101802,101802993300,1,,,,,,0,738,45000,128,737,2000,128
1100,20160112,11, 1,1,       1801 ,,101802,101802,101802997300,1,,,,,,0,738,43000,128,737,2000,128
1100,20160112,11, 1,1,       1801 ,,101802,101802,101802999200,1,,,,,,0,738,43000,128,737,4000,128
1100,20160112,11, 1,1,       1801 ,,101803,101803,101803002300,1,,,,,,0,738,43000,128,737,5000,128
1100,20160112,11, 1,1,       1801 ,,101803,101803,101803360100,1,,,,,,0,738,43000,128,737,4000,128
1100,20160112,11, 1,1,       1801 ,,101803,101803,101803361400,1,,,,,,0,738,43000,128,737,2000,128
1100,20160112,11, 1,1,       1801 ,,101803,101803,101803918900,1,,,,,,0,738,43000,128,737,3000,128
1100,20160112,11, 1,1,       1801 ,101805,101805,101805,101805373900,1,737,16,0,1000,0,0,738,43000,128,737,2000,128
1100,20160112,11, 1,1,       1801 ,101805,101805,101805,101805375200,1,737,16,0,1000,0,0,738,43000,128,737,1000,128
1100,20160112,11, 1,1,       1801 ,,101805,101805,101805376200,1,,,,,,0,738,44000,128,737,1000,128
1100,20160112,11, 1,1,       1801 ,101805,101805,101805,101805376900,1,737,16,0,1000,0,0,737,1000,128,736,47000,128
1100,20160112,11, 1,1,       1801 ,,101805,101805,101805377700,1,,,,,,0,737,1000,128,736,51000,128
1100,20160112,11, 1,1,       1801 ,,101805,101805,101805382200,1,,,,,,0,737,2000,128,736,51000,128
1100,20160112,11, 1,1,       1801 ,,101805,101805,101805382800,1,,,,,,0,737,2000,128,736,49000,128
1100,20160112,11, 1,1,       1801 ,,101805,101805,101805383600,1,,,,,,0,737,4000,128,736,49000,128
1100,20160112,11, 1,1,       1801 ,,101805,101805,101805388300,1,,,,,,0,737,5000,128,736,49000,128
1100,20160112,11, 1,1,       1801 ,,101805,101805,101805389000,1,,,,,,0,737,5000,128,736,48000,128
1100,20160112,11, 1,1,       1801 ,101806,101806,101806,101806225500,1,737,48,0,1000,0,0,737,4000,128,736,48000,128
1100,20160112,11, 1,1,       1801 ,,101806,101806,101806228300,1,,,,,,0,737,4000,128,736,48000,128
1100,20160112,11, 1,1,       1801 ,,101809,101809,101809212700,1,,,,,,0,737,3000,128,736,48000,128
1100,20160112,11, 1,1,       1801 ,,101809,101809,101809281200,1,,,,,,0,737,2000,128,736,48000,128
1100,20160112,11, 1,1,       1801 ,,101809,101809,101809281900,1,,,,,,0,738,46000,128,736,48000,128
1100,20160112,11, 1,1,       1801 ,,101809,101809,101809285900,1,,,,,,0,738,44000,128,736,48000,128
1100,20160112,11, 1,1,       1801 ,,101809,101809,101809286700,1,,,,,,0,737,4000,128,736,48000,128
1100,20160112,11, 1,1,       1801 ,,101809,101809,101809287400,1,,,,,,0,737,4000,128,736,49000,128
1100,20160112,11, 1,1,       1801 ,,101809,101809,101809290000,1,,,,,,0,737,4000,128,736,48000,128
1100,20160112,11, 1,1,       1801 ,,101810,101810,101810721900,1,,,,,,0,737,6000,128,736,48000,128
1100,20160112,11, 1,1,       1801 ,,101810,101810,101810723000,1,,,,,,0,737,7000,128,736,48000,128
1100,20160112,11, 1,1,       1801 ,,101812,101812,101812021100,1,,,,,,0,737,9000,128,736,48000,128
1100,20160112,11, 1,1,       1801 ,,101812,101812,101812024500,1,,,,,,0,737,11000,128,736,48000,128
1100,20160112,11, 1,1,       1801 ,,101812,101812,101812025800,1,,,,,,0,737,12000,128,736,48000,128
1100,20160112,11, 1,1,       1801 ,,101812,101812,101812509500,1,,,,,,0,737,13000,128,736,48000,128
1100,20160112,11, 1,1,       1801 ,,101812,101812,101812511000,1,,,,,,0,737,13000,128,736,44000,128
1100,20160112,11, 1,1,       1801 ,,101812,101812,101812511800,1,,,,,,0,737,16000,128,736,44000,128
1100,20160112,11, 1,1,       1801 ,,101812,101812,101812822800,1,,,,,,0,737,15000,128,736,44000,128
1100,20160112,11, 1,1,       1801 ,,101816,101816,101816431100,1,,,,,,0,737,15000,128,736,45000,128
1100,20160112,11, 1,1,       1801 ,,101817,101817,101817236900,1,,,,,,0,737,15000,128,736,48000,128
1100,20160112,11, 1,1,       1801 ,,101818,101818,101818420000,1,,,,,,0,737,13000,128,736,48000,128
1100,20160112,11, 1,1,       1801 ,,101818,101818,101818422600,1,,,,,,0,737,12000,128,736,48000,128
1100,20160112,11, 1,1,       1801 ,,101818,101818,101818426600,1,,,,,,0,737,10000,128,736,48000,128
1100,20160112,11, 1,1,       1801 ,,101818,101818,101818429100,1,,,,,,0,737,8000,128,736,48000,128
1100,20160112,11, 1,1,       1801 ,101818,101818,101818,101818430400,1,737,48,0,2000,0,0,737,6000,128,736,48000,128
1100,20160112,11, 1,1,       1801 ,,101818,101818,101818432000,1,,,,,,0,737,6000,128,736,48000,128
1100,20160112,11, 1,1,       1801 ,,101818,101818,101818433200,1,,,,,,0,737,6000,128,736,49000,128
1100,20160112,11, 1,1,       1801 ,,101818,101818,101818434100,1,,,,,,0,737,3000,128,736,49000,128
1100,20160112,11, 1,1,       1801 ,,101818,101818,101818434800,1,,,,,,0,737,3000,128,736,51000,128
1100,20160112,11, 1,1,       1801 ,,101819,101819,101819009600,1,,,,,,0,737,3000,128,736,49000,128
1100,20160112,11, 1,1,       1801 ,,101819,101819,101819011500,1,,,,,,0,737,3000,128,736,53000,128
1100,20160112,11, 1,1,       1801 ,,101820,101820,101820510800,1,,,,,,0,737,3000,128,736,52000,128
1100,20160112,11, 1,1,       1801 ,,101820,101820,101820512300,1,,,,,,0,737,3000,128,736,53000,128
1100,20160112,11, 1,1,       1801 ,,101820,101820,101820513600,1,,,,,,0,737,3000,128,736,59000,128
1100,20160112,11, 1,1,       1801 ,,101820,101820,101820514800,1,,,,,,0,737,3000,128,736,60000,128
1100,20160112,11, 1,1,       1801 ,,101822,101822,101822291100,1,,,,,,0,737,3000,128,736,59000,128
1100,20160112,11, 1,1,       1801 ,,101826,101826,101826581100,1,,,,,,0,737,3000,128,736,60000,128
1100,20160112,11, 1,1,       1801 ,,101827,101827,101827071500,1,,,,,,0,737,3000,128,736,62000,128
1100,20160112,11, 1,1,       1801 ,,101827,101827,101827073300,1,,,,,,0,737,1000,128,736,62000,128
1100,20160112,11, 1,1,       1801 ,101827,101827,101827,101827100800,1,737,48,0,1000,0,0,738,51000,128,736,62000,128
1100,20160112,11, 1,1,       1801 ,,101827,101827,101827101800,1,,,,,,0,738,51000,128,737,2000,128
1100,20160112,11, 1,1,       1801 ,,101827,101827,101827103500,1,,,,,,0,738,51000,128,737,3000,128
1100,20160112,11, 1,1,       1801 ,,101827,101827,101827107300,1,,,,,,0,738,50000,128,737,3000,128
1100,20160112,11, 1,1,       1801 ,,101827,101827,101827108100,1,,,,,,0,738,44000,128,737,3000,128
1100,20160112,11, 1,1,       1801 ,,101827,101827,101827109500,1,,,,,,0,738,42000,128,737,3000,128
1100,20160112,11, 1,1,       1801 ,,101827,101827,101827110200,1,,,,,,0,738,44000,128,737,3000,128
1100,20160112,11, 1,1,       1801 ,,101827,101827,101827110900,1,,,,,,0,738,44000,128,737,4000,128
1100,20160112,11, 1,1,       1801 ,,101827,101827,101827111600,1,,,,,,0,738,43000,128,737,4000,128
1100,20160112,11, 1,1,       1801 ,,101827,101827,101827112300,1,,,,,,0,738,43000,128,737,7000,128
1100,20160112,11, 1,1,       1801 ,,101827,101827,101827112900,1,,,,,,0,738,43000,128,737,8000,128
1100,20160112,11, 1,1,       1801 ,,101827,101827,101827875000,1,,,,,,0,738,43000,128,737,7000,128
1100,20160112,11, 1,1,       1801 ,,101827,101827,101827882500,1,,,,,,0,738,43000,128,737,6000,128
1100,20160112,11, 1,1,       1801 ,,101827,101827,101827891100,1,,,,,,0,738,43000,128,737,4000,128
1100,20160112,11, 1,1,       1801 ,,101827,101827,101827902100,1,,,,,,0,738,44000,128,737,4000,128
1100,20160112,11, 1,1,       1801 ,,101830,101830,101830834900,1,,,,,,0,738,46000,128,737,4000,128
1100,20160112,11, 1,1,       1801 ,,101830,101830,101830836900,1,,,,,,0,738,46000,128,737,1000,128
1100,20160112,11, 1,1,       1801 ,,101831,101831,101831962400,1,,,,,,0,738,49000,128,737,1000,128
1100,20160112,11, 1,1,       1801 ,,101832,101832,101832149700,1,,,,,,0,738,49000,128,736,64000,128
1100,20160112,11, 1,1,       1801 ,,101832,101832,101832152400,1,,,,,,0,738,49000,128,737,2000,128
1100,20160112,11, 1,1,       1801 ,101833,101833,101833,101833161200,1,737,16,0,1000,0,0,738,49000,128,737,1000,128
1100,20160112,11, 1,1,       1801 ,,101833,101833,101833162600,1,,,,,,0,738,49000,128,737,1000,128
1100,20160112,11, 1,1,       1801 ,,101833,101833,101833163300,1,,,,,,0,738,55000,128,737,1000,128
1100,20160112,11, 1,1,       1801 ,101833,101833,101833,101833163900,1,737,16,0,1000,0,0,738,55000,128,736,64000,128
1100,20160112,11, 1,1,       1801 ,,101833,101833,101833164700,1,,,,,,0,738,55000,128,736,63000,128
1100,20160112,11, 1,1,       1801 ,,101833,101833,101833165500,1,,,,,,0,738,56000,128,736,63000,128
1100,20160112,11, 1,1,       1801 ,,101833,101833,101833167600,1,,,,,,0,737,6000,128,736,63000,128
1100,20160112,11, 1,1,       1801 ,,101833,101833,101833168200,1,,,,,,0,737,6000,128,736,61000,128
1100,20160112,11, 1,1,       1801 ,,101833,101833,101833169000,1,,,,,,0,737,6000,128,736,59000,128
1100,20160112,11, 1,1,       1801 ,,101833,101833,101833170500,1,,,,,,0,737,7000,128,736,59000,128
1100,20160112,11, 1,1,       1801 ,,101833,101833,101833171200,1,,,,,,0,737,9000,128,736,59000,128
1100,20160112,11, 1,1,       1801 ,,101833,101833,101833171900,1,,,,,,0,737,9000,128,736,53000,128
1100,20160112,11, 1,1,       1801 ,,101833,101833,101833173900,1,,,,,,0,737,10000,128,736,53000,128
1100,20160112,11, 1,1,       1801 ,,101833,101833,101833174700,1,,,,,,0,737,10000,128,736,52000,128
1100,20160112,11, 1,1,       1801 ,,101833,101833,101833186500,1,,,,,,0,737,10000,128,736,49000,128
1100,20160112,11, 1,1,       1801 ,,101833,101833,101833217400,1,,,,,,0,737,9000,128,736,49000,128
1100,20160112,11, 1,1,       1801 ,,101833,101833,101833419300,1,,,,,,0,737,14000,128,736,49000,128
1100,20160112,11, 1,1,       1801 ,,101833,101833,101833421400,1,,,,,,0,737,16000,128,736,49000,128
1100,20160112,11, 1,1,       1801 ,,101833,101833,101833422700,1,,,,,,0,737,16000,128,736,48000,128
1100,20160112,11, 1,1,       1801 ,,101834,101834,101834770800,1,,,,,,0,737,17000,128,736,48000,128
1100,20160112,11, 1,1,       1801 ,,101835,101835,101835825500,1,,,,,,0,737,18000,128,736,48000,128
1100,20160112,11, 1,1,       1801 ,,101837,101837,101837851500,1,,,,,,0,737,17000,128,736,48000,128
1100,20160112,11, 1,1,       1801 ,,101838,101838,101838420900,1,,,,,,0,737,18000,128,736,48000,128
1100,20160112,11, 1,1,       1801 ,,101838,101838,101838423200,1,,,,,,0,737,21000,128,736,48000,128
1100,20160112,11, 1,1,       1801 ,,101838,101838,101838756900,1,,,,,,0,737,21000,128,736,50000,128
1100,20160112,11, 1,1,       1801 ,,101841,101841,101841932400,1,,,,,,0,737,21000,128,736,46000,128
1100,20160112,11, 1,1,       1801 ,,101845,101845,101845034500,1,,,,,,0,737,23000,128,736,46000,128
1100,20160112,11, 1,1,       1801 ,,101845,101845,101845038300,1,,,,,,0,737,33000,128,736,46000,128
1100,20160112,11, 1,1,       1801 ,,101845,101845,101845044400,1,,,,,,0,737,33000,128,736,43000,128
1100,20160112,11, 1,1,       1801 ,,101845,101845,101845061100,1,,,,,,0,737,33000,128,736,42000,128
1100,20160112,11, 1,1,       1801 ,,101846,101846,101846853900,1,,,,,,0,737,33000,128,736,40000,128
1100,20160112,11, 1,1,       1801 ,,101846,101846,101846935500,1,,,,,,0,737,33000,128,736,35000,128
1100,20160112,11, 1,1,       1801 ,,101850,101850,101850533200,1,,,,,,0,737,35000,128,736,35000,128
1100,20160112,11, 1,1,       1801 ,,101857,101857,101857433300,1,,,,,,0,737,35000,128,736,32000,128
1100,20160112,11, 1,1,       1801 ,,101857,101857,101857435600,1,,,,,,0,737,41000,128,736,32000,128
1100,20160112,11, 1,1,       1801 ,,101902,101902,101902851300,1,,,,,,0,737,50000,128,736,32000,128
1100,20160112,11, 1,1,       1801 ,101902,101902,101902,101902852600,1,736,16,0,14000,0,0,737,50000,128,736,18000,128
1100,20160112,11, 1,1,       1801 ,101902,101902,101902,101902854700,1,736,16,0,14000,0,0,737,50000,128,736,4000,128
1100,20160112,11, 1,1,       1801 ,101902,101902,101902,101902857100,1,736,16,0,4000,0,0,737,50000,128,735,153000,128
1100,20160112,11, 1,1,       1801 ,,101902,101902,101902863100,1,,,,,,0,736,1000,128,735,153000,128
1100,20160112,11, 1,1,       1801 ,,101902,101902,101902863900,1,,,,,,0,736,1000,128,735,152000,128
1100,20160112,11, 1,1,       1801 ,,101902,101902,101902864700,1,,,,,,0,736,2000,128,735,152000,128
1100,20160112,11, 1,1,       1801 ,,101902,101902,101902868200,1,,,,,,0,736,3000,128,735,152000,128
1100,20160112,11, 1,1,       1801 ,,101902,101902,101902873300,1,,,,,,0,736,9000,128,735,152000,128
1100,20160112,11, 1,1,       1801 ,,101902,101902,101902877200,1,,,,,,0,736,11000,128,735,152000,128
1100,20160112,11, 1,1,       1801 ,,101902,101902,101902878000,1,,,,,,0,736,13000,128,735,152000,128
1100,20160112,11, 1,1,       1801 ,,101902,101902,101902884200,1,,,,,,0,736,17000,128,735,152000,128
1100,20160112,11, 1,1,       1801 ,,101902,101902,101902888800,1,,,,,,0,736,17000,128,735,151000,128
1100,20160112,11, 1,1,       1801 ,,101902,101902,101902889600,1,,,,,,0,736,17000,128,735,146000,128
1100,20160112,11, 1,1,       1801 ,,101902,101902,101902895400,1,,,,,,0,736,17000,128,735,144000,128
1100,20160112,11, 1,1,       1801 ,,101902,101902,101902898100,1,,,,,,0,736,17000,128,735,138000,128
1100,20160112,11, 1,1,       1801 ,,101902,101902,101902900300,1,,,,,,0,736,17000,128,735,137000,128
1100,20160112,11, 1,1,       1801 ,,101902,101902,101902903000,1,,,,,,0,736,18000,128,735,137000,128
1100,20160112,11, 1,1,       1801 ,,101902,101902,101902904400,1,,,,,,0,736,20000,128,735,137000,128
1100,20160112,11, 1,1,       1801 ,,101902,101902,101902906500,1,,,,,,0,736,20000,128,735,139000,128
1100,20160112,11, 1,1,       1801 ,,101902,101902,101902908400,1,,,,,,0,736,20000,128,735,136000,128
1100,20160112,11, 1,1,       1801 ,,101902,101902,101902912700,1,,,,,,0,736,20000,128,735,133000,128
1100,20160112,11, 1,1,       1801 ,,101903,101903,101903271100,1,,,,,,0,736,18000,128,735,133000,128
1100,20160112,11, 1,1,       1801 ,,101903,101903,101903281500,1,,,,,,0,736,17000,128,735,133000,128
1100,20160112,11, 1,1,       1801 ,,101903,101903,101903282700,1,,,,,,0,736,15000,128,735,133000,128
1100,20160112,11, 1,1,       1801 ,,101903,101903,101903300000,1,,,,,,0,736,14000,128,735,133000,128
1100,20160112,11, 1,1,       1801 ,,101903,101903,101903332000,1,,,,,,0,736,14000,128,735,134000,128
1100,20160112,11, 1,1,       1801 ,,101903,101903,101903560700,1,,,,,,0,736,14000,128,735,133000,128
1100,20160112,11, 1,1,       1801 ,,101903,101903,101903835800,1,,,,,,0,736,13000,128,735,133000,128
1100,20160112,11, 1,1,       1801 ,,101903,101903,101903837800,1,,,,,,0,736,11000,128,735,133000,128
1100,20160112,11, 1,1,       1801 ,,101903,101903,101903839100,1,,,,,,0,736,11000,128,735,134000,128
1100,20160112,11, 1,1,       1801 ,,101903,101903,101903878000,1,,,,,,0,736,7000,128,735,134000,128
1100,20160112,11, 1,1,       1801 ,,101904,101904,101904102600,1,,,,,,0,736,8000,128,735,134000,128
1100,20160112,11, 1,1,       1801 ,,101904,101904,101904109700,1,,,,,,0,736,10000,128,735,134000,128
1100,20160112,11, 1,1,       1801 ,,101904,101904,101904111000,1,,,,,,0,736,10000,128,735,133000,128
1100,20160112,11, 1,1,       1801 ,,101904,101904,101904131000,1,,,,,,0,736,10000,128,735,134000,128
1100,20160112,11, 1,1,       1801 ,,101904,101904,101904161000,1,,,,,,0,736,10000,128,735,133000,128
1100,20160112,11, 1,1,       1801 ,,101905,101905,101905666200,1,,,,,,0,736,15000,128,735,133000,128
1100,20160112,11, 1,1,       1801 ,,101905,101905,101905669900,1,,,,,,0,736,17000,128,735,133000,128
1100,20160112,11, 1,1,       1801 ,,101907,101907,101907567000,1,,,,,,0,736,19000,128,735,133000,128
1100,20160112,11, 1,1,       1801 ,,101907,101907,101907568400,1,,,,,,0,736,19000,128,735,129000,128
1100,20160112,11, 1,1,       1801 ,,101908,101908,101908479100,1,,,,,,0,736,20000,128,735,129000,128
1100,20160112,11, 1,1,       1801 ,,101910,101910,101910832200,1,,,,,,0,736,20000,128,735,126000,128
1100,20160112,11, 1,1,       1801 ,,101910,101910,101910833900,1,,,,,,0,736,23000,128,735,126000,128
1100,20160112,11, 1,1,       1801 ,,101910,101910,101910834900,1,,,,,,0,736,33000,128,735,126000,128
1100,20160112,11, 1,1,       1801 ,,101910,101910,101910835500,1,,,,,,0,736,33000,128,735,125000,128
1100,20160112,11, 1,1,       1801 ,,101910,101910,101910841900,1,,,,,,0,736,33000,128,735,123000,128
1100,20160112,11, 1,1,       1801 ,,101916,101916,101916158300,1,,,,,,0,736,34000,128,735,123000,128
1100,20160112,11, 1,1,       1801 ,,101918,101918,101918193600,1,,,,,,0,736,34000,128,735,122000,128
1100,20160112,11, 1,1,       1801 ,,101919,101919,101919747400,1,,,,,,0,736,42000,128,735,122000,128
1100,20160112,11, 1,1,       1801 ,,101919,101919,101919749600,1,,,,,,0,736,45000,128,735,122000,128
1100,20160112,11, 1,1,       1801 ,,101919,101919,101919750200,1,,,,,,0,736,51000,128,735,122000,128
1100,20160112,11, 1,1,       1801 ,,101920,101920,101920449400,1,,,,,,0,736,51000,128,735,119000,128
1100,20160112,11, 1,1,       1801 ,101920,101920,101920,101920531600,1,735,16,0,16000,0,0,736,51000,128,735,103000,128
1100,20160112,11, 1,1,       1801 ,101920,101920,101920,101920534200,1,735,16,0,15000,0,0,736,51000,128,735,88000,128
1100,20160112,11, 1,1,       1801 ,101920,101920,101920,101920535900,1,735,16,0,10000,0,0,736,51000,128,735,78000,128
1100,20160112,11, 1,1,       1801 ,,101920,101920,101920537100,1,,,,,,0,736,51000,128,735,78000,128
1100,20160112,11, 1,1,       1801 ,101920,101920,101920,101920538000,1,735,16,0,21000,0,0,736,51000,128,735,57000,128
1100,20160112,11, 1,1,       1801 ,101920,101920,101920,101920539000,1,735,16,0,2000,0,0,736,51000,128,735,55000,128
1100,20160112,11, 1,1,       1801 ,101920,101920,101920,101920540200,1,735,16,0,55000,0,0,736,51000,128,734,77000,128
1100,20160112,11, 1,1,       1801 ,,101920,101920,101920544500,1,,,,,,0,735,1000,128,734,77000,128
1100,20160112,11, 1,1,       1801 ,,101920,101920,101920547200,1,,,,,,0,735,5000,128,734,77000,128
1100,20160112,11, 1,1,       1801 ,,101920,101920,101920547900,1,,,,,,0,735,6000,128,734,77000,128
1100,20160112,11, 1,1,       1801 ,,101920,101920,101920554300,1,,,,,,0,735,12000,128,734,77000,128
1100,20160112,11, 1,1,       1801 ,,101920,101920,101920559100,1,,,,,,0,735,13000,128,734,77000,128
1100,20160112,11, 1,1,       1801 ,,101920,101920,101920561800,1,,,,,,0,735,17000,128,734,77000,128
1100,20160112,11, 1,1,       1801 ,,101920,101920,101920563300,1,,,,,,0,735,20000,128,734,77000,128
1100,20160112,11, 1,1,       1801 ,,101920,101920,101920566300,1,,,,,,0,735,20000,128,734,73000,128
1100,20160112,11, 1,1,       1801 ,,101920,101920,101920568300,1,,,,,,0,735,20000,128,734,70000,128
1100,20160112,11, 1,1,       1801 ,,101920,101920,101920571400,1,,,,,,0,735,22000,128,734,70000,128
1100,20160112,11, 1,1,       1801 ,,101920,101920,101920582800,1,,,,,,0,735,22000,128,734,68000,128
1100,20160112,11, 1,1,       1801 ,,101920,101920,101920587400,1,,,,,,0,735,24000,128,734,68000,128
1100,20160112,11, 1,1,       1801 ,,101920,101920,101920590200,1,,,,,,0,735,24000,128,734,62000,128
1100,20160112,11, 1,1,       1801 ,,101920,101920,101920591100,1,,,,,,0,735,24000,128,734,53000,128
1100,20160112,11, 1,1,       1801 ,,101920,101920,101920594000,1,,,,,,0,735,24000,128,734,52000,128
1100,20160112,11, 1,1,       1801 ,,101920,101920,101920595000,1,,,,,,0,735,25000,128,734,52000,128
1100,20160112,11, 1,1,       1801 ,,101920,101920,101920601000,1,,,,,,0,735,27000,128,734,52000,128
1100,20160112,11, 1,1,       1801 ,,101920,101920,101920602500,1,,,,,,0,735,27000,128,734,48000,128
1100,20160112,11, 1,1,       1801 ,,101920,101920,101920604100,1,,,,,,0,735,28000,128,734,48000,128
1100,20160112,11, 1,1,       1801 ,,101920,101920,101920607800,1,,,,,,0,735,28000,128,734,30000,128
1100,20160112,11, 1,1,       1801 ,,101920,101920,101920608500,1,,,,,,0,735,28000,128,734,27000,128
1100,20160112,11, 1,1,       1801 ,,101920,101920,101920610600,1,,,,,,0,735,28000,128,734,26000,128
1100,20160112,11, 1,1,       1801 ,,101920,101920,101920611900,1,,,,,,0,735,28000,128,734,23000,128
1100,20160112,11, 1,1,       1801 ,,101920,101920,101920617400,1,,,,,,0,735,28000,128,734,21000,128
1100,20160112,11, 1,1,       1801 ,,101920,101920,101920619400,1,,,,,,0,735,28000,128,734,17000,128
1100,20160112,11, 1,1,       1801 ,101920,101920,101920,101920621900,1,734,16,0,1000,0,0,735,28000,128,734,16000,128
1100,20160112,11, 1,1,       1801 ,101920,101920,101920,101920623200,1,734,16,0,1000,0,0,735,28000,128,734,15000,128
1100,20160112,11, 1,1,       1801 ,101920,101920,101920,101920625900,1,734,16,0,2000,0,0,735,28000,128,734,13000,128
1100,20160112,11, 1,1,       1801 ,,101920,101920,101920628700,1,,,,,,0,735,29000,128,734,13000,128
1100,20160112,11, 1,1,       1801 ,101920,101920,101920,101920644800,1,734,16,0,2000,0,0,735,29000,128,734,11000,128
1100,20160112,11, 1,1,       1801 ,101920,101920,101920,101920646400,1,734,16,0,11000,0,0,735,29000,128,733,73000,128
1100,20160112,11, 1,1,       1801 ,,101920,101920,101920647800,1,,,,,,0,735,31000,128,733,73000,128
1100,20160112,11, 1,1,       1801 ,,101920,101920,101920648500,1,,,,,,0,735,31000,128,733,70000,128
1100,20160112,11, 1,1,       1801 ,,101920,101920,101920651400,1,,,,,,0,735,31000,128,734,4000,128
1100,20160112,11, 1,1,       1801 ,101920,101920,101920,101920652800,1,734,16,0,4000,0,0,735,31000,128,733,72000,128
1100,20160112,11, 1,1,       1801 ,,101920,101920,101920653900,1,,,,,,0,735,31000,128,733,72000,128
1100,20160112,11, 1,1,       1801 ,,101920,101920,101920699300,1,,,,,,0,735,29000,128,733,72000,128
1100,20160112,11, 1,1,       1801 ,,101920,101920,101920700700,1,,,,,,0,735,29000,128,734,4000,128
1100,20160112,11, 1,1,       1801 ,,101920,101920,101920701900,1,,,,,,0,735,28000,128,734,4000,128
1100,20160112,11, 1,1,       1801 ,,101920,101920,101920702600,1,,,,,,0,735,28000,128,734,6000,128
1100,20160112,11, 1,1,       1801 ,,101920,101920,101920859400,1,,,,,,0,735,26000,128,734,6000,128
1100,20160112,11, 1,1,       1801 ,101921,101921,101921,101921101800,1,734,16,0,1000,0,0,735,26000,128,734,5000,128
1100,20160112,11, 1,1,       1801 ,,101921,101921,101921131000,1,,,,,,0,735,26000,128,734,5000,128
1100,20160112,11, 1,1,       1801 ,,101921,101921,101921271300,1,,,,,,0,735,26000,128,734,3000,128
1100,20160112,11, 1,1,       1801 ,,101921,101921,101921273100,1,,,,,,0,735,27000,128,734,3000,128
1100,20160112,11, 1,1,       1801 ,,101921,101921,101921523100,1,,,,,,0,735,26000,128,734,3000,128
1100,20160112,11, 1,1,       1801 ,,101921,101921,101921559000,1,,,,,,0,735,22000,128,734,3000,128
1100,20160112,11, 1,1,       1801 ,,101921,101921,101921560200,1,,,,,,0,735,21000,128,734,3000,128
1100,20160112,11, 1,1,       1801 ,,101921,101921,101921561000,1,,,,,,0,735,23000,128,734,3000,128
1100,20160112,11, 1,1,       1801 ,101921,101921,101921,101921575200,1,734,16,0,1000,0,0,735,23000,128,734,2000,128
1100,20160112,11, 1,1,       1801 ,101921,101921,101921,101921576700,1,734,16,0,2000,0,0,735,23000,128,733,54000,128
1100,20160112,11, 1,1,       1801 ,,101921,101921,101921580500,1,,,,,,0,735,24000,128,733,54000,128
1100,20160112,11, 1,1,       1801 ,,101921,101921,101921581300,1,,,,,,0,735,24000,128,733,53000,128
1100,20160112,11, 1,1,       1801 ,,101921,101921,101921582100,1,,,,,,0,735,24000,128,734,4000,128
1100,20160112,11, 1,1,       1801 ,,101921,101921,101921583700,1,,,,,,0,735,23000,128,734,4000,128
1100,20160112,11, 1,1,       1801 ,,101921,101921,101921584600,1,,,,,,0,735,23000,128,734,6000,128
1100,20160112,11, 1,1,       1801 ,,101922,101922,101922289000,1,,,,,,0,735,31000,128,734,6000,128
1100,20160112,11, 1,1,       1801 ,,101922,101922,101922290200,1,,,,,,0,735,32000,128,734,6000,128
1100,20160112,11, 1,1,       1801 ,,101922,101922,101922395000,1,,,,,,0,735,31000,128,734,6000,128
1100,20160112,11, 1,1,       1801 ,,101922,101922,101922640800,1,,,,,,0,735,32000,128,734,6000,128
1100,20160112,11, 1,1,       1801 ,,101923,101923,101923879200,1,,,,,,0,735,36000,128,734,6000,128
1100,20160112,11, 1,1,       1801 ,,101923,101923,101923922400,1,,,,,,0,735,36000,128,734,4000,128
1100,20160112,11, 1,1,       1801 ,,101923,101923,101923923700,1,,,,,,0,735,37000,128,734,4000,128
1100,20160112,11, 1,1,       1801 ,,101925,101925,101925159300,1,,,,,,0,735,37000,128,734,6000,128
1100,20160112,11, 1,1,       1801 ,,101925,101925,101925160600,1,,,,,,0,735,36000,128,734,6000,128
1100,20160112,11, 1,1,       1801 ,,101925,101925,101925268600,1,,,,,,0,735,38000,128,734,6000,128
1100,20160112,11, 1,1,       1801 ,,101926,101926,101926722800,1,,,,,,0,735,38000,128,734,4000,128
1100,20160112,11, 1,1,       1801 ,,101926,101926,101926724400,1,,,,,,0,735,39000,128,734,4000,128
1100,20160112,11, 1,1,       1801 ,,101926,101926,101926725300,1,,,,,,0,735,49000,128,734,4000,128
1100,20160112,11, 1,1,       1801 ,101926,101926,101926,101926934400,1,734,16,0,4000,0,0,735,49000,128,733,52000,131
1100,20160112,11, 1,1,       1801 ,101926,101926,101926,101926934400,2,733,16,0,6000,0,0,735,49000,128,733,46000,128
1100,20160112,11, 1,1,       1801 ,,101926,101926,101926936800,1,,,,,,0,735,49000,128,733,48000,128
1100,20160112,11, 1,1,       1801 ,,101926,101926,101926938900,1,,,,,,0,734,3000,128,733,48000,128
1100,20160112,11, 1,1,       1801 ,,101926,101926,101926939700,1,,,,,,0,734,3000,128,733,46000,128
1100,20160112,11, 1,1,       1801 ,,101926,101926,101926941200,1,,,,,,0,734,3000,128,733,45000,128
1100,20160112,11, 1,1,       1801 ,,101926,101926,101926943500,1,,,,,,0,734,4000,128,733,45000,128
1100,20160112,11, 1,1,       1801 ,,101926,101926,101926944200,1,,,,,,0,734,6000,128,733,45000,128
1100,20160112,11, 1,1,       1801 ,,101926,101926,101926951100,1,,,,,,0,734,6000,128,733,44000,128
1100,20160112,11, 1,1,       1801 ,,101926,101926,101926951900,1,,,,,,0,734,7000,128,733,44000,128
1100,20160112,11, 1,1,       1801 ,,101926,101926,101926957600,1,,,,,,0,734,9000,128,733,44000,128
1100,20160112,11, 1,1,       1801 ,,101926,101926,101926959700,1,,,,,,0,734,9000,128,733,38000,128
1100,20160112,11, 1,1,       1801 ,,101926,101926,101926961700,1,,,,,,0,734,9000,128,733,34000,128
1100,20160112,11, 1,1,       1801 ,,101926,101926,101926963900,1,,,,,,0,734,9000,128,733,25000,128
1100,20160112,11, 1,1,       1801 ,101927,101927,101927,101927608000,1,733,16,0,2000,0,0,734,9000,128,733,23000,128
1100,20160112,11, 1,1,       1801 ,,101927,101927,101927610000,1,,,,,,0,734,9000,128,733,23000,128
1100,20160112,11, 1,1,       1801 ,,101927,101927,101927610700,1,,,,,,0,734,9000,128,733,20000,128
1100,20160112,11, 1,1,       1801 ,,101927,101927,101927733100,1,,,,,,0,734,9000,128,733,21000,128
1100,20160112,11, 1,1,       1801 ,101927,101927,101927,101927973500,1,733,16,0,9000,0,0,734,9000,128,733,12000,128
1100,20160112,11, 1,1,       1801 ,,101927,101927,101927975400,1,,,,,,0,734,11000,128,733,12000,128
1100,20160112,11, 1,1,       1801 ,,101927,101927,101927976900,1,,,,,,0,734,19000,128,733,12000,128
1100,20160112,11, 1,1,       1801 ,,101927,101927,101927978300,1,,,,,,0,734,19000,128,733,9000,128
1100,20160112,11, 1,1,       1801 ,101927,101927,101927,101927980400,1,733,16,0,2000,0,0,734,19000,128,733,7000,128
1100,20160112,11, 1,1,       1801 ,101927,101927,101927,101927982200,1,733,16,0,7000,0,0,734,19000,128,732,65000,128
1100,20160112,11, 1,1,       1801 ,,101927,101927,101927987300,1,,,,,,0,734,19000,128,732,67000,128
1100,20160112,11, 1,1,       1801 ,,101927,101927,101927988300,1,,,,,,0,734,19000,128,732,68000,128
1100,20160112,11, 1,1,       1801 ,,101927,101927,101927991500,1,,,,,,0,734,19000,128,733,1000,128
1100,20160112,11, 1,1,       1801 ,,101927,101927,101927997700,1,,,,,,0,734,19000,128,733,3000,128
1100,20160112,11, 1,1,       1801 ,,101928,101928,101928010800,1,,,,,,0,734,19000,128,733,4000,128
1100,20160112,11, 1,1,       1801 ,,101928,101928,101928535500,1,,,,,,0,734,25000,128,733,4000,128
1100,20160112,11, 1,1,       1801 ,,101928,101928,101928989500,1,,,,,,0,734,26000,128,733,4000,128
1100,20160112,11, 1,1,       1801 ,,101929,101929,101929943600,1,,,,,,0,734,26000,128,733,5000,128
1100,20160112,11, 1,1,       1801 ,,101929,101929,101929945500,1,,,,,,0,734,26000,128,733,7000,128
1100,20160112,11, 1,1,       1801 ,,101929,101929,101929950100,1,,,,,,0,734,24000,128,733,7000,128
1100,20160112,11, 1,1,       1801 ,,101929,101929,101929951900,1,,,,,,0,734,23000,128,733,7000,128
1100,20160112,11, 1,1,       1801 ,,101929,101929,101929968700,1,,,,,,0,734,23000,128,733,9000,128
1100,20160112,11, 1,1,       1801 ,,101931,101931,101931219000,1,,,,,,0,734,22000,128,733,9000,128
1100,20160112,11, 1,1,       1801 ,,101932,101932,101932979200,1,,,,,,0,734,23000,128,733,9000,128
1100,20160112,11, 1,1,       1801 ,,101933,101933,101933565000,1,,,,,,0,734,17000,128,733,9000,128
1100,20160112,11, 1,1,       1801 ,101933,101933,101933,101933683800,1,733,16,0,1000,0,0,734,17000,128,733,8000,128
1100,20160112,11, 1,1,       1801 ,,101933,101933,101933873900,1,,,,,,0,734,17000,128,733,8000,128
1100,20160112,11, 1,1,       1801 ,,101934,101934,101934679600,1,,,,,,0,734,15000,128,733,8000,128
1100,20160112,11, 1,1,       1801 ,,101934,101934,101934684500,1,,,,,,0,734,7000,128,733,8000,128
1100,20160112,11, 1,1,       1801 ,,101934,101934,101934790400,1,,,,,,0,734,9000,128,733,8000,128
1100,20160112,11, 1,1,       1801 ,,101934,101934,101934919400,1,,,,,,0,734,11000,128,733,8000,128
1100,20160112,11, 1,1,       1801 ,,101935,101935,101935131800,1,,,,,,0,734,11000,128,733,6000,128
1100,20160112,11, 1,1,       1801 ,,101935,101935,101935282700,1,,,,,,0,734,11000,128,733,4000,128
1100,20160112,11, 1,1,       1801 ,,101936,101936,101936005800,1,,,,,,0,734,11000,128,733,3000,128
1100,20160112,11, 1,1,       1801 ,,101936,101936,101936007500,1,,,,,,0,734,22000,128,733,3000,128
1100,20160112,11, 1,1,       1801 ,,101936,101936,101936009400,1,,,,,,0,734,22000,128,733,1000,128
1100,20160112,11, 1,1,       1801 ,,101936,101936,101936029700,1,,,,,,0,734,22000,128,732,65000,128
1100,20160112,11, 1,1,       1801 ,,101936,101936,101936034000,1,,,,,,0,734,23000,128,732,65000,128
1100,20160112,11, 1,1,       1801 ,,101936,101936,101936056000,1,,,,,,0,734,23000,128,732,66000,128
1100,20160112,11, 1,1,       1801 ,,101936,101936,101936062600,1,,,,,,0,734,23000,128,732,48000,128
1100,20160112,11, 1,1,       1801 ,,101936,101936,101936128300,1,,,,,,0,734,31000,128,732,48000,128
1100,20160112,11, 1,1,       1801 ,,101936,101936,101936129500,1,,,,,,0,734,31000,128,732,47000,128
1100,20160112,11, 1,1,       1801 ,,101936,101936,101936131100,1,,,,,,0,734,32000,128,732,47000,128
1100,20160112,11, 1,1,       1801 ,,101936,101936,101936348800,1,,,,,,0,734,32000,128,732,48000,128
1100,20160112,11, 1,1,       1801 ,,101936,101936,101936548900,1,,,,,,0,734,31000,128,732,48000,128
1100,20160112,11, 1,1,       1801 ,,101937,101937,101937091800,1,,,,,,0,734,32000,128,732,48000,128
1100,20160112,11, 1,1,       1801 ,,101937,101937,101937092600,1,,,,,,0,734,32000,128,732,46000,128
1100,20160112,11, 1,1,       1801 ,,101937,101937,101937748800,1,,,,,,0,734,31000,128,732,46000,128
1100,20160112,11, 1,1,       1801 ,,101939,101939,101939604500,1,,,,,,0,734,31000,128,733,1000,128
1100,20160112,11, 1,1,       1801 ,,101939,101939,101939608600,1,,,,,,0,734,23000,128,733,1000,128
1100,20160112,11, 1,1,       1801 ,,101939,101939,101939610000,1,,,,,,0,734,23000,128,733,2000,128
1100,20160112,11, 1,1,       1801 ,,101939,101939,101939628300,1,,,,,,0,734,23000,128,733,1000,128
1100,20160112,11, 1,1,       1801 ,,101941,101941,101941112500,1,,,,,,0,734,23000,128,733,2000,128
1100,20160112,11, 1,1,       1801 ,,101941,101941,101941113900,1,,,,,,0,734,26000,128,733,2000,128
1100,20160112,11, 1,1,       1801 ,,101946,101946,101946756100,1,,,,,,0,734,26000,128,733,4000,128
1100,20160112,11, 1,1,       1801 ,,101947,101947,101947892300,1,,,,,,0,734,25000,128,733,4000,128
1100,20160112,11, 1,1,       1801 ,,101947,101947,101947988600,1,,,,,,0,734,25000,128,733,5000,128
1100,20160112,11, 1,1,       1801 ,,101947,101947,101947989900,1,,,,,,0,734,25000,128,733,9000,128
1100,20160112,11, 1,1,       1801 ,,101947,101947,101947991000,1,,,,,,0,734,14000,128,733,9000,128
1100,20160112,11, 1,1,       1801 ,,101947,101947,101947994300,1,,,,,,0,734,12000,128,733,9000,128
1100,20160112,11, 1,1,       1801 ,,101947,101947,101947995000,1,,,,,,0,734,12000,128,733,12000,128
1100,20160112,11, 1,1,       1801 ,,101947,101947,101947995600,1,,,,,,0,734,12000,128,733,13000,128
1100,20160112,11, 1,1,       1801 ,,101948,101948,101948429100,1,,,,,,0,734,12000,128,733,14000,128
1100,20160112,11, 1,1,       1801 ,,101948,101948,101948430400,1,,,,,,0,734,10000,128,733,14000,128
1100,20160112,11, 1,1,       1801 ,,101948,101948,101948433400,1,,,,,,0,734,7000,128,733,14000,128
1100,20160112,11, 1,1,       1801 ,,101950,101950,101950161500,1,,,,,,0,734,8000,128,733,14000,128
1100,20160112,11, 1,1,       1801 ,,101950,101950,101950179300,1,,,,,,0,734,8000,128,733,16000,128
1100,20160112,11, 1,1,       1801 ,,101950,101950,101950412500,1,,,,,,0,734,7000,128,733,16000,128
1100,20160112,11, 1,1,       1801 ,,101950,101950,101950415800,1,,,,,,0,734,5000,128,733,16000,128
1100,20160112,11, 1,1,       1801 ,101950,101950,101950,101950420500,1,734,48,0,5000,0,0,735,60000,128,733,16000,128
1100,20160112,11, 1,1,       1801 ,,101950,101950,101950424600,1,,,,,,0,735,60000,128,733,16000,128
1100,20160112,11, 1,1,       1801 ,,101950,101950,101950427900,1,,,,,,0,735,62000,128,733,16000,128
1100,20160112,11, 1,1,       1801 ,,101950,101950,101950433600,1,,,,,,0,734,4000,128,733,16000,128
1100,20160112,11, 1,1,       1801 ,101950,101950,101950,101950442600,1,734,48,0,1000,0,0,734,3000,128,733,16000,128
1100,20160112,11, 1,1,       1801 ,101950,101950,101950,101950445500,1,734,48,0,1000,0,0,734,2000,128,733,16000,128
1100,20160112,11, 1,1,       1801 ,101950,101950,101950,101950446900,1,734,48,0,2000,0,0,735,58000,128,734,1000,128
1100,20160112,11, 1,1,       1801 ,,101950,101950,101950453600,1,,,,,,0,735,58000,128,734,1000,128
1100,20160112,11, 1,1,       1801 ,,101950,101950,101950458400,1,,,,,,0,735,56000,128,734,1000,128
1100,20160112,11, 1,1,       1801 ,,101950,101950,101950460700,1,,,,,,0,735,55000,128,734,1000,128
1100,20160112,11, 1,1,       1801 ,,101950,101950,101950463700,1,,,,,,0,735,55000,128,734,2000,128
1100,20160112,11, 1,1,       1801 ,,101950,101950,101950467800,1,,,,,,0,735,55000,128,734,3000,128
1100,20160112,11, 1,1,       1801 ,,101950,101950,101950468700,1,,,,,,0,735,55000,128,734,7000,128
1100,20160112,11, 1,1,       1801 ,,101950,101950,101950472400,1,,,,,,0,735,55000,128,734,6000,128
1100,20160112,11, 1,1,       1801 ,,101950,101950,101950473900,1,,,,,,0,735,54000,128,734,6000,128
1100,20160112,11, 1,1,       1801 ,,101950,101950,101950521100,1,,,,,,0,735,53000,128,734,6000,128
1100,20160112,11, 1,1,       1801 ,,101950,101950,101950555100,1,,,,,,0,735,53000,128,734,7000,128
1100,20160112,11, 1,1,       1801 ,,101951,101951,101951110400,1,,,,,,0,735,53000,128,734,9000,128
1100,20160112,11, 1,1,       1801 ,,101951,101951,101951398400,1,,,,,,0,735,53000,128,734,8000,128
1100,20160112,11, 1,1,       1801 ,,101952,101952,101952742200,1,,,,,,0,735,53000,128,734,7000,128
1100,20160112,11, 1,1,       1801 ,,101953,101953,101953917800,1,,,,,,0,735,57000,128,734,7000,128
1100,20160112,11, 1,1,       1801 ,,101954,101954,101954460300,1,,,,,,0,735,57000,128,734,8000,128
1100,20160112,11, 1,1,       1801 ,,101954,101954,101954861300,1,,,,,,0,735,57000,128,734,7000,128
1100,20160112,11, 1,1,       1801 ,,101955,101955,101955485700,1,,,,,,0,735,57000,128,734,3000,128
1100,20160112,11, 1,1,       1801 ,,101955,101955,101955489600,1,,,,,,0,735,57000,128,734,2000,128
1100,20160112,11, 1,1,       1801 ,,101957,101957,101957742700,1,,,,,,0,735,58000,128,734,2000,128
1100,20160112,11, 1,1,       1801 ,,101957,101957,101957831400,1,,,,,,0,735,59000,128,734,2000,128
1100,20160112,11, 1,1,       1801 ,101958,101958,101958,101958412500,1,734,16,0,1000,0,0,735,59000,128,734,1000,128
1100,20160112,11, 1,1,       1801 ,101958,101958,101958,101958414400,1,734,16,0,1000,0,0,735,59000,128,733,44000,128
1100,20160112,11, 1,1,       1801 ,,101958,101958,101958415700,1,,,,,,0,735,59000,128,733,42000,128
1100,20160112,11, 1,1,       1801 ,,101958,101958,101958419300,1,,,,,,0,735,59000,128,733,39000,128
1100,20160112,11, 1,1,       1801 ,,101958,101958,101958933900,1,,,,,,0,735,55000,128,733,39000,128
1100,20160112,11, 1,1,       1801 ,,102003,102003,102003701200,1,,,,,,0,735,55000,128,733,40000,128
1100,20160112,11, 1,1,       1801 ,,102005,102005,102005411800,1,,,,,,0,735,55000,128,733,41000,128
1100,20160112,11, 1,1,       1801 ,,102005,102005,102005412500,1,,,,,,0,735,54000,128,733,41000,128
1100,20160112,11, 1,1,       1801 ,,102005,102005,102005431200,1,,,,,,0,735,54000,128,733,40000,128
1100,20160112,11, 1,1,       1801 ,,102005,102005,102005581500,1,,,,,,0,735,55000,128,733,40000,128
1100,20160112,11, 1,1,       1801 ,,102005,102005,102005582800,1,,,,,,0,735,55000,128,733,41000,128
1100,20160112,11, 1,1,       1801 ,,102005,102005,102005584200,1,,,,,,0,735,61000,128,733,41000,128
1100,20160112,11, 1,1,       1801 ,,102010,102010,102010496100,1,,,,,,0,735,61000,128,733,42000,128
1100,20160112,11, 1,1,       1801 ,,102015,102015,102015471400,1,,,,,,0,735,60000,128,733,42000,128
1100,20160112,11, 1,1,       1801 ,,102018,102018,102018832100,1,,,,,,0,735,59000,128,733,42000,128
1100,20160112,11, 1,1,       1801 ,,102018,102018,102018862500,1,,,,,,0,735,60000,128,733,42000,128
1100,20160112,11, 1,1,       1801 ,,102018,102018,102018951200,1,,,,,,0,735,59000,128,733,42000,128
1100,20160112,11, 1,1,       1801 ,,102020,102020,102020582000,1,,,,,,0,735,59000,128,733,43000,128
1100,20160112,11, 1,1,       1801 ,,102020,102020,102020641800,1,,,,,,0,735,59000,128,733,42000,128
1100,20160112,11, 1,1,       1801 ,,102021,102021,102021231500,1,,,,,,0,735,60000,128,733,42000,128
1100,20160112,11, 1,1,       1801 ,102021,102021,102021,102021588000,1,733,16,0,5000,0,0,735,60000,128,733,37000,128
1100,20160112,11, 1,1,       1801 ,,102021,102021,102021589900,1,,,,,,0,734,2000,128,733,37000,128
1100,20160112,11, 1,1,       1801 ,,102021,102021,102021590700,1,,,,,,0,734,3000,128,733,37000,128
1100,20160112,11, 1,1,       1801 ,,102021,102021,102021592900,1,,,,,,0,734,3000,128,733,31000,128
1100,20160112,11, 1,1,       1801 ,,102021,102021,102021593700,1,,,,,,0,734,5000,128,733,31000,128
1100,20160112,11, 1,1,       1801 ,,102021,102021,102021594300,1,,,,,,0,734,6000,128,733,31000,128
1100,20160112,11, 1,1,       1801 ,,102021,102021,102021597400,1,,,,,,0,734,8000,128,733,31000,128
1100,20160112,11, 1,1,       1801 ,,102021,102021,102021598700,1,,,,,,0,734,11000,128,733,31000,128
1100,20160112,11, 1,1,       1801 ,,102021,102021,102021599300,1,,,,,,0,734,11000,128,733,30000,128
1100,20160112,11, 1,1,       1801 ,,102021,102021,102021601800,1,,,,,,0,734,15000,128,733,30000,128
1100,20160112,11, 1,1,       1801 ,,102021,102021,102021902200,1,,,,,,0,734,15000,128,733,26000,128
1100,20160112,11, 1,1,       1801 ,,102021,102021,102021905100,1,,,,,,0,734,15000,128,733,22000,128
1100,20160112,11, 1,1,       1801 ,,102021,102021,102021911700,1,,,,,,0,734,15000,128,733,19000,128
1100,20160112,11, 1,1,       1801 ,,102021,102021,102021913100,1,,,,,,0,734,15000,128,733,18000,128
1100,20160112,11, 1,1,       1801 ,,102021,102021,102021932000,1,,,,,,0,734,15000,128,733,17000,128
1100,20160112,11, 1,1,       1801 ,,102021,102021,102021949900,1,,,,,,0,734,15000,128,733,9000,128
1100,20160112,11, 1,1,       1801 ,,102021,102021,102021951100,1,,,,,,0,734,15000,128,733,6000,128
1100,20160112,11, 1,1,       1801 ,,102021,102021,102021952200,1,,,,,,0,734,16000,128,733,6000,128
1100,20160112,11, 1,1,       1801 ,,102022,102022,102022215600,1,,,,,,0,734,16000,128,733,4000,128
1100,20160112,11, 1,1,       1801 ,102022,102022,102022,102022725300,1,733,16,0,4000,0,0,733,1000,128,732,64000,128
1100,20160112,11, 1,1,       1801 ,,102022,102022,102022727100,1,,,,,,0,733,1000,128,732,63000,128
1100,20160112,11, 1,1,       1801 ,,102022,102022,102022727900,1,,,,,,0,733,1000,128,732,61000,128
1100,20160112,11, 1,1,       1801 ,,102022,102022,102022730300,1,,,,,,0,733,1000,128,732,63000,128
1100,20160112,11, 1,1,       1801 ,102022,102022,102022,102022731800,1,733,48,0,1000,0,0,734,16000,128,732,63000,128
1100,20160112,11, 1,1,       1801 ,,102022,102022,102022732700,1,,,,,,0,734,16000,128,732,63000,128
1100,20160112,11, 1,1,       1801 ,,102022,102022,102022734200,1,,,,,,0,734,18000,128,732,63000,128
1100,20160112,11, 1,1,       1801 ,,102022,102022,102022738400,1,,,,,,0,734,22000,128,732,63000,128
1100,20160112,11, 1,1,       1801 ,,102022,102022,102022739700,1,,,,,,0,734,30000,128,732,63000,128
1100,20160112,11, 1,1,       1801 ,,102022,102022,102022742700,1,,,,,,0,734,30000,128,732,62000,128
1100,20160112,11, 1,1,       1801 ,,102022,102022,102022743400,1,,,,,,0,734,30000,128,733,1000,128
1100,20160112,11, 1,1,       1801 ,,102022,102022,102022746700,1,,,,,,0,734,28000,128,733,1000,128
1100,20160112,11, 1,1,       1801 ,,102023,102023,102023968300,1,,,,,,0,734,29000,128,733,1000,128
1100,20160112,11, 1,1,       1801 ,,102027,102027,102027740200,1,,,,,,0,734,29000,128,732,59000,128
1100,20160112,11, 1,1,       1801 ,,102027,102027,102027743800,1,,,,,,0,734,29000,128,732,61000,128
1100,20160112,11, 1,1,       1801 ,,102027,102027,102027744600,1,,,,,,0,734,29000,128,732,62000,128
1100,20160112,11, 1,1,       1801 ,,102028,102028,102028453800,1,,,,,,0,734,29000,128,732,64000,128
1100,20160112,11, 1,1,       1801 ,,102028,102028,102028456700,1,,,,,,0,734,29000,128,732,48000,128
1100,20160112,11, 1,1,       1801 ,,102028,102028,102028931800,1,,,,,,0,734,29000,128,733,10000,128
1100,20160112,11, 1,1,       1801 ,,102028,102028,102028935300,1,,,,,,0,734,25000,128,733,10000,128
1100,20160112,11, 1,1,       1801 ,,102028,102028,102028936800,1,,,,,,0,734,21000,128,733,10000,128
1100,20160112,11, 1,1,       1801 ,,102028,102028,102028937500,1,,,,,,0,734,21000,128,733,14000,128
1100,20160112,11, 1,1,       1801 ,,102028,102028,102028938200,1,,,,,,0,734,21000,128,733,20000,128
1100,20160112,11, 1,1,       1801 ,,102028,102028,102028938800,1,,,,,,0,734,21000,128,733,23000,128
1100,20160112,11, 1,1,       1801 ,,102028,102028,102028941600,1,,,,,,0,734,20000,128,733,23000,128
1100,20160112,11, 1,1,       1801 ,,102028,102028,102028942400,1,,,,,,0,734,20000,128,733,24000,128
1100,20160112,11, 1,1,       1801 ,,102028,102028,102028943000,1,,,,,,0,734,20000,128,733,25000,128
1100,20160112,11, 1,1,       1801 ,,102028,102028,102028943700,1,,,,,,0,734,17000,128,733,25000,128
1100,20160112,11, 1,1,       1801 ,,102028,102028,102028957700,1,,,,,,0,734,17000,128,733,24000,128
1100,20160112,11, 1,1,       1801 ,,102028,102028,102028982500,1,,,,,,0,734,16000,128,733,24000,128
1100,20160112,11, 1,1,       1801 ,,102028,102028,102028983700,1,,,,,,0,734,8000,128,733,24000,128
1100,20160112,11, 1,1,       1801 ,,102028,102028,102028985500,1,,,,,,0,734,6000,128,733,24000,128
1100,20160112,11, 1,1,       1801 ,,102029,102029,102029790400,1,,,,,,0,734,7000,128,733,24000,128
1100,20160112,11, 1,1,       1801 ,,102033,102033,102033263500,1,,,,,,0,734,6000,128,733,24000,128
1100,20160112,11, 1,1,       1801 ,,102033,102033,102033438900,1,,,,,,0,734,6000,128,733,25000,128
1100,20160112,11, 1,1,       1801 ,102033,102033,102033,102033564600,1,734,48,0,1000,0,0,734,5000,128,733,25000,128
1100,20160112,11, 1,1,       1801 ,,102033,102033,102033567400,1,,,,,,0,734,5000,128,733,26000,128
1100,20160112,11, 1,1,       1801 ,,102033,102033,102033568900,1,,,,,,0,734,3000,128,733,26000,128
1100,20160112,11, 1,1,       1801 ,102033,102033,102033,102033571100,1,734,48,0,2000,0,0,734,1000,128,733,26000,128
1100,20160112,11, 1,1,       1801 ,102033,102033,102033,102033572700,1,734,48,0,1000,0,0,735,69000,128,733,26000,128
1100,20160112,11, 1,1,       1801 ,,102033,102033,102033574300,1,,,,,,0,735,69000,128,733,28000,128
1100,20160112,11, 1,1,       1801 ,,102033,102033,102033577900,1,,,,,,0,735,69000,128,733,36000,128
1100,20160112,11, 1,1,       1801 ,,102033,102033,102033578500,1,,,,,,0,735,71000,128,733,36000,128
1100,20160112,11, 1,1,       1801 ,,102033,102033,102033579900,1,,,,,,0,735,70000,128,733,36000,128
1100,20160112,11, 1,1,       1801 ,,102033,102033,102033611900,1,,,,,,0,735,66000,128,733,36000,128
1100,20160112,11, 1,1,       1801 ,,102033,102033,102033617100,1,,,,,,0,734,1000,128,733,36000,128
1100,20160112,11, 1,1,       1801 ,102033,102033,102033,102033618400,1,734,48,0,1000,0,0,735,65000,128,733,36000,128
1100,20160112,11, 1,1,       1801 ,,102033,102033,102033619600,1,,,,,,0,735,66000,128,733,36000,128
1100,20160112,11, 1,1,       1801 ,102036,102036,102036,102036979700,1,733,16,0,1000,0,0,735,66000,128,733,35000,128
1100,20160112,11, 1,1,       1801 ,,102037,102037,102037322300,1,,,,,,0,735,66000,128,733,35000,128
1100,20160112,11, 1,1,       1801 ,,102037,102037,102037901500,1,,,,,,0,735,66000,128,733,38000,128
1100,20160112,11, 1,1,       1801 ,,102041,102041,102041200100,1,,,,,,0,735,65000,128,733,38000,128
1100,20160112,11, 1,1,       1801 ,,102041,102041,102041200900,1,,,,,,0,735,65000,128,733,39000,128
1100,20160112,11, 1,1,       1801 ,,102041,102041,102041860700,1,,,,,,0,735,85000,128,733,39000,128
1100,20160112,11, 1,1,       1801 ,,102050,102050,102050975000,1,,,,,,0,735,81000,128,733,39000,128
1100,20160112,11, 1,1,       1801 ,,102052,102052,102052112300,1,,,,,,0,735,87000,128,733,39000,128
1100,20160112,11, 1,1,       1801 ,,102053,102053,102053637200,1,,,,,,0,735,87000,128,733,40000,128
1100,20160112,11, 1,1,       1801 ,,102102,102102,102102639600,1,,,,,,0,735,87000,128,733,39000,128
1100,20160112,11, 1,1,       1801 ,,102102,102102,102102900700,1,,,,,,0,735,88000,128,733,39000,128
1100,20160112,11, 1,1,       1801 ,,102102,102102,102102985100,1,,,,,,0,734,1000,128,733,39000,128
1100,20160112,11, 1,1,       1801 ,,102102,102102,102102987800,1,,,,,,0,734,2000,128,733,39000,128
1100,20160112,11, 1,1,       1801 ,,102102,102102,102102988400,1,,,,,,0,734,4000,128,733,39000,128
1100,20160112,11, 1,1,       1801 ,,102102,102102,102102989000,1,,,,,,0,734,4000,128,733,33000,128
1100,20160112,11, 1,1,       1801 ,,102102,102102,102102989800,1,,,,,,0,734,6000,128,733,33000,128
1100,20160112,11, 1,1,       1801 ,,102102,102102,102102990500,1,,,,,,0,734,8000,128,733,33000,128
1100,20160112,11, 1,1,       1801 ,102102,102102,102102,102102991200,1,733,16,0,1000,0,0,734,8000,128,733,32000,128
1100,20160112,11, 1,1,       1801 ,,102102,102102,102102992200,1,,,,,,0,734,9000,128,733,32000,128
1100,20160112,11, 1,1,       1801 ,,102102,102102,102102993000,1,,,,,,0,734,9000,128,733,24000,128
1100,20160112,11, 1,1,       1801 ,,102102,102102,102102993700,1,,,,,,0,734,9000,128,733,23000,128
1100,20160112,11, 1,1,       1801 ,,102102,102102,102102994400,1,,,,,,0,734,11000,128,733,23000,128
1100,20160112,11, 1,1,       1801 ,,102102,102102,102102995800,1,,,,,,0,734,11000,128,733,22000,128
1100,20160112,11, 1,1,       1801 ,,102102,102102,102102996500,1,,,,,,0,734,11000,128,733,20000,128
1100,20160112,11, 1,1,       1801 ,,102102,102102,102102997300,1,,,,,,0,734,11000,128,733,16000,128
1100,20160112,11, 1,1,       1801 ,,102102,102102,102102998000,1,,,,,,0,734,11000,128,733,15000,128
1100,20160112,11, 1,1,       1801 ,,102102,102102,102102998700,1,,,,,,0,734,13000,128,733,15000,128
1100,20160112,11, 1,1,       1801 ,,102102,102102,102102999400,1,,,,,,0,734,22000,128,733,15000,128
1100,20160112,11, 1,1,       1801 ,102103,102103,102103,102103000100,1,733,16,0,1000,0,0,734,22000,128,733,14000,128
1100,20160112,11, 1,1,       1801 ,,102103,102103,102103000900,1,,,,,,0,734,21000,128,733,14000,128
1100,20160112,11, 1,1,       1801 ,,102103,102103,102103001700,1,,,,,,0,734,21000,128,733,11000,128
1100,20160112,11, 1,1,       1801 ,,102103,102103,102103002600,1,,,,,,0,734,23000,128,733,11000,128
1100,20160112,11, 1,1,       1801 ,,102103,102103,102103204400,1,,,,,,0,734,23000,128,733,43000,128
1100,20160112,11, 1,1,       1801 ,,102103,102103,102103571500,1,,,,,,0,734,23000,128,733,47000,128
1100,20160112,11, 1,1,       1801 ,,102103,102103,102103830200,1,,,,,,0,734,23000,128,733,48000,128
1100,20160112,11, 1,1,       1801 ,,102104,102104,102104536300,1,,,,,,0,734,23000,128,733,49000,128
1100,20160112,11, 1,1,       1801 ,,102104,102104,102104583600,1,,,,,,0,734,23000,128,733,53000,128
1100,20160112,11, 1,1,       1801 ,,102104,102104,102104902300,1,,,,,,0,734,24000,128,733,53000,128
1100,20160112,11, 1,1,       1801 ,,102105,102105,102105339400,1,,,,,,0,734,25000,128,733,53000,128
1100,20160112,11, 1,1,       1801 ,,102105,102105,102105684500,1,,,,,,0,734,25000,128,733,54000,128
1100,20160112,11, 1,1,       1801 ,,102107,102107,102107879700,1,,,,,,0,734,23000,128,733,54000,128
1100,20160112,11, 1,1,       1801 ,,102107,102107,102107893600,1,,,,,,0,734,22000,128,733,54000,128
1100,20160112,11, 1,1,       1801 ,,102107,102107,102107897400,1,,,,,,0,734,20000,128,733,54000,128
1100,20160112,11, 1,1,       1801 ,,102107,102107,102107994000,1,,,,,,0,734,19000,128,733,54000,128
1100,20160112,11, 1,1,       1801 ,102108,102108,102108,102108230800,1,734,48,0,8000,0,0,734,11000,128,733,54000,128
1100,20160112,11, 1,1,       1801 ,,102108,102108,102108233000,1,,,,,,0,734,11000,128,733,54000,128
1100,20160112,11, 1,1,       1801 ,,102108,102108,102108234300,1,,,,,,0,734,11000,128,733,56000,128
1100,20160112,11, 1,1,       1801 ,102108,102108,102108,102108235400,1,734,48,0,4000,0,0,734,7000,128,733,56000,128
1100,20160112,11, 1,1,       1801 ,,102108,102108,102108236300,1,,,,,,0,734,7000,128,733,56000,128
1100,20160112,11, 1,1,       1801 ,,102108,102108,102108237000,1,,,,,,0,734,3000,128,733,56000,128
1100,20160112,11, 1,1,       1801 ,102108,102108,102108,102108238100,1,734,48,0,3000,0,0,735,80000,128,734,8000,128
1100,20160112,11, 1,1,       1801 ,,102108,102108,102108239000,1,,,,,,0,735,80000,128,734,8000,128
1100,20160112,11, 1,1,       1801 ,,102108,102108,102108240700,1,,,,,,0,735,80000,128,734,10000,128
1100,20160112,11, 1,1,       1801 ,,102108,102108,102108244500,1,,,,,,0,735,78000,128,734,10000,128
1100,20160112,11, 1,1,       1801 ,,102108,102108,102108248600,1,,,,,,0,735,78000,128,734,11000,128
1100,20160112,11, 1,1,       1801 ,,102108,102108,102108249300,1,,,,,,0,735,78000,128,734,12000,128
1100,20160112,11, 1,1,       1801 ,,102108,102108,102108249900,1,,,,,,0,735,80000,128,734,12000,128
1100,20160112,11, 1,1,       1801 ,,102108,102108,102108251200,1,,,,,,0,735,79000,128,734,12000,128
1100,20160112,11, 1,1,       1801 ,,102108,102108,102108261900,1,,,,,,0,735,73000,128,734,12000,128
1100,20160112,11, 1,1,       1801 ,102108,102108,102108,102108998300,1,734,16,0,5000,0,0,735,73000,128,734,7000,128
1100,20160112,11, 1,1,       1801 ,,102108,102108,102108999600,1,,,,,,0,735,73000,128,734,6000,128
1100,20160112,11, 1,1,       1801 ,,102109,102109,102109053900,1,,,,,,0,735,77000,128,734,6000,128
1100,20160112,11, 1,1,       1801 ,,102109,102109,102109200100,1,,,,,,0,735,77000,128,734,7000,128
1100,20160112,11, 1,1,       1801 ,,102109,102109,102109211200,1,,,,,,0,735,77000,128,734,4000,128
1100,20160112,11, 1,1,       1801 ,,102109,102109,102109601200,1,,,,,,0,735,77000,128,734,5000,128
1100,20160112,11, 1,1,       1801 ,,102109,102109,102109865500,1,,,,,,0,735,78000,128,734,5000,128
1100,20160112,11, 1,1,       1801 ,,102110,102110,102110852400,1,,,,,,0,735,77000,128,734,5000,128
1100,20160112,11, 1,1,       1801 ,,102111,102111,102111147000,1,,,,,,0,735,77000,128,734,6000,128
1100,20160112,11, 1,1,       1801 ,,102111,102111,102111192400,1,,,,,,0,735,77000,128,734,7000,128
1100,20160112,11, 1,1,       1801 ,,102111,102111,102111666000,1,,,,,,0,735,75000,128,734,7000,128
1100,20160112,11, 1,1,       1801 ,,102113,102113,102113591000,1,,,,,,0,735,75000,128,734,14000,128
1100,20160112,11, 1,1,       1801 ,,102115,102115,102115453800,1,,,,,,0,735,76000,128,734,14000,128
1100,20160112,11, 1,1,       1801 ,102115,102115,102115,102115912500,1,734,16,0,2000,0,0,735,74000,128,734,12000,128
1100,20160112,11, 1,1,       1801 ,,102115,102115,102115914600,1,,,,,,0,735,74000,128,734,12000,128
1100,20160112,11, 1,1,       1801 ,,102116,102116,102116321900,1,,,,,,0,735,74000,128,734,11000,128
1100,20160112,11, 1,1,       1801 ,,102116,102116,102116940500,1,,,,,,0,735,76000,128,734,11000,128
1100,20160112,11, 1,1,       1801 ,,102119,102119,102119535300,1,,,,,,0,735,76000,128,734,12000,128
1100,20160112,11, 1,1,       1801 ,,102120,102120,102120060600,1,,,,,,0,735,76000,128,734,11000,128
1100,20160112,11, 1,1,       1801 ,,102121,102121,102121919200,1,,,,,,0,735,77000,128,734,11000,128
1100,20160112,11, 1,1,       1801 ,102121,102121,102121,102121965800,1,734,16,0,1000,0,0,735,77000,128,734,10000,128
1100,20160112,11, 1,1,       1801 ,,102123,102123,102123419500,1,,,,,,0,735,77000,128,734,17000,128
1100,20160112,11, 1,1,       1801 ,,102126,102126,102126170700,1,,,,,,0,735,76000,128,734,17000,128
1100,20160112,11, 1,1,       1801 ,,102127,102127,102127251800,1,,,,,,0,735,76000,128,734,18000,128
1100,20160112,11, 1,1,       1801 ,,102127,102127,102127256100,1,,,,,,0,735,70000,128,734,18000,128
1100,20160112,11, 1,1,       1801 ,,102128,102128,102128142400,1,,,,,,0,735,70000,128,734,17000,128
1100,20160112,11, 1,1,       1801 ,,102128,102128,102128143900,1,,,,,,0,735,70000,128,734,21000,128
1100,20160112,11, 1,1,       1801 ,,102128,102128,102128146000,1,,,,,,0,735,70000,128,734,24000,128
1100,20160112,11, 1,1,       1801 ,,102128,102128,102128146600,1,,,,,,0,735,70000,128,734,30000,128
1100,20160112,11, 1,1,       1801 ,,102129,102129,102129699900,1,,,,,,0,735,69000,128,734,30000,128
1100,20160112,11, 1,1,       1801 ,,102129,102129,102129703300,1,,,,,,0,735,69000,128,734,32000,128
1100,20160112,11, 1,1,       1801 ,,102129,102129,102129709900,1,,,,,,0,735,67000,128,734,32000,128
1100,20160112,11, 1,1,       1801 ,,102129,102129,102129782400,1,,,,,,0,735,67000,128,734,33000,128
1100,20160112,11, 1,1,       1801 ,,102129,102129,102129891000,1,,,,,,0,735,67000,128,734,32000,128
1100,20160112,11, 1,1,       1801 ,,102129,102129,102129892300,1,,,,,,0,735,67000,128,734,30000,128
1100,20160112,11, 1,1,       1801 ,,102130,102130,102130091300,1,,,,,,0,735,63000,128,734,30000,128
1100,20160112,11, 1,1,       1801 ,,102131,102131,102131604600,1,,,,,,0,735,63000,128,734,23000,128
1100,20160112,11, 1,1,       1801 ,,102135,102135,102135231700,1,,,,,,0,735,64000,128,734,23000,128
1100,20160112,11, 1,1,       1801 ,,102137,102137,102137872500,1,,,,,,0,735,63000,128,734,23000,128
1100,20160112,11, 1,1,       1801 ,,102138,102138,102138156200,1,,,,,,0,735,64000,128,734,23000,128
1100,20160112,11, 1,1,       1801 ,,102138,102138,102138650200,1,,,,,,0,735,64000,128,734,17000,128
1100,20160112,11, 1,1,       1801 ,,102138,102138,102138652300,1,,,,,,0,735,70000,128,734,17000,128
1100,20160112,11, 1,1,       1801 ,,102138,102138,102138653600,1,,,,,,0,735,70000,128,734,14000,128
1100,20160112,11, 1,1,       1801 ,,102138,102138,102138654400,1,,,,,,0,735,70000,128,734,10000,128
1100,20160112,11, 1,1,       1801 ,,102138,102138,102138655600,1,,,,,,0,735,71000,128,734,10000,128
1100,20160112,11, 1,1,       1801 ,,102139,102139,102139049000,1,,,,,,0,735,70000,128,734,10000,128
1100,20160112,11, 1,1,       1801 ,,102139,102139,102139388100,1,,,,,,0,735,70000,128,734,19000,128
1100,20160112,11, 1,1,       1801 ,,102145,102145,102145037500,1,,,,,,0,735,69000,128,734,19000,128
1100,20160112,11, 1,1,       1801 ,,102145,102145,102145039600,1,,,,,,0,735,69000,128,734,23000,128
1100,20160112,11, 1,1,       1801 ,,102145,102145,102145041200,1,,,,,,0,735,63000,128,734,23000,128
1100,20160112,11, 1,1,       1801 ,,102145,102145,102145042700,1,,,,,,0,735,63000,128,734,26000,128
1100,20160112,11, 1,1,       1801 ,,102146,102146,102146925600,1,,,,,,0,735,62000,128,734,26000,128
1100,20160112,11, 1,1,       1801 ,,102146,102146,102146960900,1,,,,,,0,735,62000,128,734,27000,128
1100,20160112,11, 1,1,       1801 ,,102146,102146,102146963900,1,,,,,,0,735,62000,128,734,33000,128
1100,20160112,11, 1,1,       1801 ,,102147,102147,102147342900,1,,,,,,0,735,63000,128,734,33000,128
1100,20160112,11, 1,1,       1801 ,,102147,102147,102147570800,1,,,,,,0,735,63000,128,734,24000,128
1100,20160112,11, 1,1,       1801 ,,102148,102148,102148390500,1,,,,,,0,735,63000,128,734,23000,128
1100,20160112,11, 1,1,       1801 ,,102152,102152,102152082900,1,,,,,,0,735,63000,128,734,24000,128
1100,20160112,11, 1,1,       1801 ,,102153,102153,102153600600,1,,,,,,0,735,63000,128,734,23000,128
1100,20160112,11, 1,1,       1801 ,,102153,102153,102153925000,1,,,,,,0,735,64000,128,734,23000,128
1100,20160112,11, 1,1,       1801 ,,102154,102154,102154281400,1,,,,,,0,735,63000,128,734,23000,128
1100,20160112,11, 1,1,       1801 ,,102154,102154,102154411000,1,,,,,,0,735,63000,128,734,24000,128
1100,20160112,11, 1,1,       1801 ,,102156,102156,102156189000,1,,,,,,0,735,63000,128,734,26000,128
1100,20160112,11, 1,1,       1801 ,,102159,102159,102159760400,1,,,,,,0,735,63000,128,734,25000,128
1100,20160112,11, 1,1,       1801 ,,102159,102159,102159774200,1,,,,,,0,735,63000,128,734,26000,128
1100,20160112,11, 1,1,       1801 ,,102159,102159,102159880500,1,,,,,,0,735,63000,128,734,25000,128
1100,20160112,11, 1,1,       1801 ,,102200,102200,102200367800,1,,,,,,0,735,63000,128,734,26000,128
1100,20160112,11, 1,1,       1801 ,,102202,102202,102202413100,1,,,,,,0,735,64000,128,734,26000,128
1100,20160112,11, 1,1,       1801 ,,102202,102202,102202433800,1,,,,,,0,735,65000,128,734,26000,128
1100,20160112,11, 1,1,       1801 ,,102204,102204,102204375300,1,,,,,,0,735,66000,128,734,26000,128
1100,20160112,11, 1,1,       1801 ,,102204,102204,102204393000,1,,,,,,0,735,66000,128,734,24000,128
1100,20160112,11, 1,1,       1801 ,,102204,102204,102204395100,1,,,,,,0,735,72000,128,734,24000,128
1100,20160112,11, 1,1,       1801 ,,102204,102204,102204395700,1,,,,,,0,735,72000,128,734,18000,128
1100,20160112,11, 1,1,       1801 ,,102204,102204,102204409300,1,,,,,,0,735,72000,128,734,15000,128
1100,20160112,11, 1,1,       1801 ,,102204,102204,102204691400,1,,,,,,0,735,72000,128,734,11000,128
1100,20160112,11, 1,1,       1801 ,,102204,102204,102204692700,1,,,,,,0,735,72000,128,734,13000,128
1100,20160112,11, 1,1,       1801 ,,102205,102205,102205157600,1,,,,,,0,735,81000,128,734,13000,128
1100,20160112,11, 1,1,       1801 ,,102205,102205,102205749100,1,,,,,,0,735,81000,128,734,11000,128
1100,20160112,11, 1,1,       1801 ,,102206,102206,102206041100,1,,,,,,0,735,81000,128,734,12000,128
1100,20160112,11, 1,1,       1801 ,,102220,102220,102220529300,1,,,,,,0,735,83000,128,734,12000,128
1100,20160112,11, 1,1,       1801 ,,102220,102220,102220531800,1,,,,,,0,735,84000,128,734,12000,128
1100,20160112,11, 1,1,       1801 ,102220,102220,102220,102220540400,1,734,16,0,4000,0,0,735,84000,128,734,8000,128
1100,20160112,11, 1,1,       1801 ,102220,102220,102220,102220543400,1,734,16,0,3000,0,0,735,84000,128,734,5000,128
1100,20160112,11, 1,1,       1801 ,102220,102220,102220,102220544500,1,734,16,0,5000,0,0,735,84000,128,733,55000,128
1100,20160112,11, 1,1,       1801 ,,102220,102220,102220547600,1,,,,,,0,734,2000,128,733,55000,128
1100,20160112,11, 1,1,       1801 ,,102220,102220,102220556500,1,,,,,,0,734,2000,128,733,53000,128
1100,20160112,11, 1,1,       1801 ,,102220,102220,102220557400,1,,,,,,0,734,3000,128,733,53000,128
1100,20160112,11, 1,1,       1801 ,,102220,102220,102220560000,1,,,,,,0,734,3000,128,733,49000,128
1100,20160112,11, 1,1,       1801 ,,102220,102220,102220562800,1,,,,,,0,734,3000,128,733,48000,128
1100,20160112,11, 1,1,       1801 ,,102220,102220,102220567000,1,,,,,,0,734,5000,128,733,48000,128
1100,20160112,11, 1,1,       1801 ,,102220,102220,102220567700,1,,,,,,0,734,6000,128,733,48000,128
1100,20160112,11, 1,1,       1801 ,,102220,102220,102220568500,1,,,,,,0,734,6000,128,733,42000,128
1100,20160112,11, 1,1,       1801 ,,102220,102220,102220584000,1,,,,,,0,734,6000,128,733,38000,128
1100,20160112,11, 1,1,       1801 ,,102220,102220,102220584800,1,,,,,,0,734,6000,128,733,37000,128
1100,20160112,11, 1,1,       1801 ,,102220,102220,102220585600,1,,,,,,0,734,9000,128,733,37000,128
1100,20160112,11, 1,1,       1801 ,,102220,102220,102220602000,1,,,,,,0,734,11000,128,733,37000,128
1100,20160112,11, 1,1,       1801 ,,102220,102220,102220712700,1,,,,,,0,734,11000,128,733,33000,128
1100,20160112,11, 1,1,       1801 ,,102220,102220,102220813300,1,,,,,,0,734,12000,128,733,33000,128
1100,20160112,11, 1,1,       1801 ,,102222,102222,102222000700,1,,,,,,0,734,11000,128,733,33000,128
1100,20160112,11, 1,1,       1801 ,,102222,102222,102222446200,1,,,,,,0,734,13000,128,733,33000,128
1100,20160112,11, 1,1,       1801 ,102222,102222,102222,102222615200,1,734,48,0,2000,0,0,734,11000,128,733,33000,128
1100,20160112,11, 1,1,       1801 ,,102222,102222,102222616800,1,,,,,,0,734,9000,128,733,33000,128
1100,20160112,11, 1,1,       1801 ,102222,102222,102222,102222618200,1,734,48,0,2000,0,0,734,7000,128,733,33000,128
1100,20160112,11, 1,1,       1801 ,102224,102224,102224,102224641800,1,734,48,0,2000,0,0,734,5000,128,733,33000,128
1100,20160112,11, 1,1,       1801 ,,102224,102224,102224643500,1,,,,,,0,734,5000,128,733,35000,128
1100,20160112,11, 1,1,       1801 ,,102226,102226,102226931400,1,,,,,,0,734,5000,128,733,67000,128
1100,20160112,11, 1,1,       1801 ,102226,102226,102226,102226932800,1,734,48,0,5000,0,0,735,78000,128,733,67000,128
1100,20160112,11, 1,1,       1801 ,,102226,102226,102226934700,1,,,,,,0,735,77000,128,733,67000,128
1100,20160112,11, 1,1,       1801 ,,102226,102226,102226939400,1,,,,,,0,735,77000,128,734,1000,128
1100,20160112,11, 1,1,       1801 ,,102226,102226,102226945700,1,,,,,,0,735,77000,128,734,2000,128
1100,20160112,11, 1,1,       1801 ,,102226,102226,102226951600,1,,,,,,0,735,79000,128,734,2000,128
1100,20160112,11, 1,1,       1801 ,,102226,102226,102226958400,1,,,,,,0,735,77000,128,734,2000,128
1100,20160112,11, 1,1,       1801 ,,102226,102226,102226960500,1,,,,,,0,735,76000,128,734,2000,128
1100,20160112,11, 1,1,       1801 ,,102226,102226,102226962100,1,,,,,,0,735,72000,128,734,2000,128
1100,20160112,11, 1,1,       1801 ,,102228,102228,102228421300,1,,,,,,0,735,74000,128,734,2000,128
1100,20160112,11, 1,1,       1801 ,,102229,102229,102229405500,1,,,,,,0,735,73000,128,734,2000,128
1100,20160112,11, 1,1,       1801 ,,102231,102231,102231161000,1,,,,,,0,735,74000,128,734,2000,128
1100,20160112,11, 1,1,       1801 ,,102231,102231,102231550600,1,,,,,,0,735,73000,128,734,2000,128
1100,20160112,11, 1,1,       1801 ,,102231,102231,102231913500,1,,,,,,0,735,74000,128,734,2000,128
1100,20160112,11, 1,1,       1801 ,,102232,102232,102232740100,1,,,,,,0,735,73000,128,734,2000,128
1100,20160112,11, 1,1,       1801 ,,102233,102233,102233870000,1,,,,,,0,735,73000,128,734,27000,128
1100,20160112,11, 1,1,       1801 ,,102233,102233,102233871300,1,,,,,,0,735,67000,128,734,27000,128
1100,20160112,11, 1,1,       1801 ,,102233,102233,102233872100,1,,,,,,0,735,67000,128,734,31000,128
1100,20160112,11, 1,1,       1801 ,,102233,102233,102233873300,1,,,,,,0,735,67000,128,734,34000,128
1100,20160112,11, 1,1,       1801 ,,102233,102233,102233873900,1,,,,,,0,735,67000,128,734,40000,128
1100,20160112,11, 1,1,       1801 ,,102235,102235,102235052100,1,,,,,,0,735,57000,128,734,40000,128
1100,20160112,11, 1,1,       1801 ,,102235,102235,102235053600,1,,,,,,0,735,56000,128,734,40000,128
1100,20160112,11, 1,1,       1801 ,,102237,102237,102237851600,1,,,,,,0,735,56000,128,734,42000,128
1100,20160112,11, 1,1,       1801 ,,102237,102237,102237863300,1,,,,,,0,735,57000,128,734,42000,128
1100,20160112,11, 1,1,       1801 ,,102238,102238,102238849100,1,,,,,,0,735,57000,128,734,40000,128
1100,20160112,11, 1,1,       1801 ,,102243,102243,102243140000,1,,,,,,0,735,57000,128,734,42000,128
1100,20160112,11, 1,1,       1801 ,,102243,102243,102243568200,1,,,,,,0,735,57000,128,734,45000,128
1100,20160112,11, 1,1,       1801 ,,102246,102246,102246003800,1,,,,,,0,735,58000,128,734,45000,128
1100,20160112,11, 1,1,       1801 ,,102246,102246,102246005600,1,,,,,,0,735,58000,128,734,43000,128
1100,20160112,11, 1,1,       1801 ,,102246,102246,102246648500,1,,,,,,0,735,57000,128,734,43000,128
1100,20160112,11, 1,1,       1801 ,,102248,102248,102248668400,1,,,,,,0,735,59000,128,734,43000,128
1100,20160112,11, 1,1,       1801 ,,102250,102250,102250890200,1,,,,,,0,735,59000,128,734,45000,128
1100,20160112,11, 1,1,       1801 ,,102251,102251,102251539800,1,,,,,,0,735,59000,128,734,43000,128
1100,20160112,11, 1,1,       1801 ,,102254,102254,102254935200,1,,,,,,0,735,59000,128,734,36000,128
1100,20160112,11, 1,1,       1801 ,,102301,102301,102301188800,1,,,,,,0,735,59000,128,734,18000,128
1100,20160112,11, 1,1,       1801 ,102301,102301,102301,102301190900,1,734,16,0,2000,0,0,735,59000,128,734,16000,128
1100,20160112,11, 1,1,       1801 ,,102301,102301,102301192000,1,,,,,,0,735,57000,128,734,16000,128
1100,20160112,11, 1,1,       1801 ,,102301,102301,102301193100,1,,,,,,0,735,61000,128,734,16000,128
1100,20160112,11, 1,1,       1801 ,,102301,102301,102301212100,1,,,,,,0,735,61000,128,734,13000,128
1100,20160112,11, 1,1,       1801 ,,102309,102309,102309021900,1,,,,,,0,735,61000,128,734,14000,128
1100,20160112,11, 1,1,       1801 ,,102309,102309,102309058600,1,,,,,,0,735,61000,128,734,15000,128
1100,20160112,11, 1,1,       1801 ,102309,102309,102309,102309072500,1,734,16,0,1000,0,0,735,61000,128,734,14000,128
1100,20160112,11, 1,1,       1801 ,,102309,102309,102309148700,1,,,,,,0,735,65000,128,734,14000,128
1100,20160112,11, 1,1,       1801 ,,102309,102309,102309245100,1,,,,,,0,735,65000,128,734,16000,128
1100,20160112,11, 1,1,       1801 ,,102314,102314,102314100000,1,,,,,,0,735,63000,128,734,16000,128
1100,20160112,11, 1,1,       1801 ,,102321,102321,102321333100,1,,,,,,0,735,63000,128,734,15000,128
1100,20160112,11, 1,1,       1801 ,,102324,102324,102324009800,1,,,,,,0,735,63000,128,734,18000,128
1100,20160112,11, 1,1,       1801 ,,102324,102324,102324209600,1,,,,,,0,735,64000,128,734,18000,128
1100,20160112,11, 1,1,       1801 ,,102324,102324,102324220100,1,,,,,,0,735,64000,128,734,16000,128
1100,20160112,11, 1,1,       1801 ,,102329,102329,102329228100,1,,,,,,0,735,64000,128,734,17000,128
1100,20160112,11, 1,1,       1801 ,,102329,102329,102329229800,1,,,,,,0,735,64000,128,734,18000,128
1100,20160112,11, 1,1,       1801 ,,102329,102329,102329515600,1,,,,,,0,735,64000,128,734,34000,128
1100,20160112,11, 1,1,       1801 ,,102330,102330,102330067700,1,,,,,,0,735,63000,128,734,34000,128
1100,20160112,11, 1,1,       1801 ,,102330,102330,102330116400,1,,,,,,0,735,64000,128,734,34000,128
1100,20160112,11, 1,1,       1801 ,,102330,102330,102330537800,1,,,,,,0,735,64000,128,734,37000,128
1100,20160112,11, 1,1,       1801 ,,102330,102330,102330539200,1,,,,,,0,735,60000,128,734,37000,128
1100,20160112,11, 1,1,       1801 ,,102331,102331,102331835000,1,,,,,,0,735,59000,128,734,37000,128
1100,20160112,11, 1,1,       1801 ,,102332,102332,102332096300,1,,,,,,0,735,60000,128,734,37000,128
1100,20160112,11, 1,1,       1801 ,,102335,102335,102335689800,1,,,,,,0,735,60000,128,734,31000,128
1100,20160112,11, 1,1,       1801 ,,102336,102336,102336431200,1,,,,,,0,735,60000,128,734,33000,128
1100,20160112,11, 1,1,       1801 ,,102336,102336,102336445200,1,,,,,,0,735,59000,128,734,33000,128
1100,20160112,11, 1,1,       1801 ,,102336,102336,102336641000,1,,,,,,0,735,55000,128,734,33000,128
1100,20160112,11, 1,1,       1801 ,,102336,102336,102336942200,1,,,,,,0,735,55000,128,734,31000,128
1100,20160112,11, 1,1,       1801 ,,102339,102339,102339292100,1,,,,,,0,735,56000,128,734,31000,128
1100,20160112,11, 1,1,       1801 ,,102341,102341,102341959800,1,,,,,,0,735,56000,128,734,32000,128
1100,20160112,11, 1,1,       1801 ,,102344,102344,102344442500,1,,,,,,0,735,58000,128,734,32000,128
1100,20160112,11, 1,1,       1801 ,,102344,102344,102344444400,1,,,,,,0,735,63000,128,734,32000,128
1100,20160112,11, 1,1,       1801 ,,102344,102344,102344445800,1,,,,,,0,735,63000,128,734,29000,128
1100,20160112,11, 1,1,       1801 ,,102344,102344,102344486800,1,,,,,,0,735,63000,128,734,26000,128
1100,20160112,11, 1,1,       1801 ,,102345,102345,102345336100,1,,,,,,0,735,63000,128,734,28000,128
1100,20160112,11, 1,1,       1801 ,,102349,102349,102349050700,1,,,,,,0,735,62000,128,734,28000,128
1100,20160112,11, 1,1,       1801 ,,102349,102349,102349053900,1,,,,,,0,735,60000,128,734,28000,128
1100,20160112,11, 1,1,       1801 ,,102349,102349,102349054700,1,,,,,,0,735,66000,128,734,28000,128
1100,20160112,11, 1,1,       1801 ,,102353,102353,102353762300,1,,,,,,0,735,67000,128,734,28000,128
1100,20160112,11, 1,1,       1801 ,,102356,102356,102356149800,1,,,,,,0,735,61000,128,734,28000,128
1100,20160112,11, 1,1,       1801 ,,102356,102356,102356440700,1,,,,,,0,735,61000,128,734,25000,128
1100,20160112,11, 1,1,       1801 ,,102401,102401,102401591500,1,,,,,,0,735,62000,128,734,25000,128
1100,20160112,11, 1,1,       1801 ,,102403,102403,102403119400,1,,,,,,0,735,64000,128,734,25000,128
1100,20160112,11, 1,1,       1801 ,,102403,102403,102403714800,1,,,,,,0,735,64000,128,734,27000,128
1100,20160112,11, 1,1,       1801 ,,102403,102403,102403716700,1,,,,,,0,735,70000,128,734,27000,128
1100,20160112,11, 1,1,       1801 ,,102405,102405,102405569600,1,,,,,,0,735,71000,128,734,27000,128
1100,20160112,11, 1,1,       1801 ,,102406,102406,102406058800,1,,,,,,0,735,71000,128,734,15000,128
1100,20160112,11, 1,1,       1801 ,,102406,102406,102406060100,1,,,,,,0,735,72000,128,734,15000,128
1100,20160112,11, 1,1,       1801 ,102406,102406,102406,102406060700,1,734,16,0,4000,0,0,735,72000,128,734,11000,128
1100,20160112,11, 1,1,       1801 ,102406,102406,102406,102406062500,1,734,16,0,11000,0,0,735,72000,128,733,58000,128
1100,20160112,11, 1,1,       1801 ,,102406,102406,102406067100,1,,,,,,0,734,1000,128,733,58000,128
1100,20160112,11, 1,1,       1801 ,,102406,102406,102406071300,1,,,,,,0,734,2000,128,733,58000,128
1100,20160112,11, 1,1,       1801 ,,102406,102406,102406073900,1,,,,,,0,734,4000,128,733,58000,128
1100,20160112,11, 1,1,       1801 ,,102406,102406,102406075300,1,,,,,,0,734,4000,128,733,57000,128
1100,20160112,11, 1,1,       1801 ,,102406,102406,102406076100,1,,,,,,0,734,4000,128,733,55000,128
1100,20160112,11, 1,1,       1801 ,,102406,102406,102406078200,1,,,,,,0,734,6000,128,733,55000,128
1100,20160112,11, 1,1,       1801 ,,102406,102406,102406079600,1,,,,,,0,734,6000,128,733,49000,128
1100,20160112,11, 1,1,       1801 ,,102406,102406,102406081100,1,,,,,,0,734,6000,128,733,45000,128
1100,20160112,11, 1,1,       1801 ,,102406,102406,102406081800,1,,,,,,0,734,7000,128,733,45000,128
1100,20160112,11, 1,1,       1801 ,,102406,102406,102406083700,1,,,,,,0,734,10000,128,733,45000,128
1100,20160112,11, 1,1,       1801 ,,102406,102406,102406084400,1,,,,,,0,734,12000,128,733,45000,128
1100,20160112,11, 1,1,       1801 ,,102406,102406,102406085900,1,,,,,,0,734,13000,128,733,45000,128
1100,20160112,11, 1,1,       1801 ,,102406,102406,102406086600,1,,,,,,0,734,18000,128,733,45000,128
1100,20160112,11, 1,1,       1801 ,,102406,102406,102406087300,1,,,,,,0,734,18000,128,733,42000,128
1100,20160112,11, 1,1,       1801 ,,102406,102406,102406099900,1,,,,,,0,734,17000,128,733,42000,128
1100,20160112,11, 1,1,       1801 ,,102406,102406,102406165600,1,,,,,,0,734,18000,128,733,42000,128
1100,20160112,11, 1,1,       1801 ,,102406,102406,102406166800,1,,,,,,0,734,18000,128,733,41000,128
1100,20160112,11, 1,1,       1801 ,,102406,102406,102406210300,1,,,,,,0,734,19000,128,733,41000,128
1100,20160112,11, 1,1,       1801 ,,102406,102406,102406211700,1,,,,,,0,734,17000,128,733,41000,128
1100,20160112,11, 1,1,       1801 ,,102407,102407,102407216400,1,,,,,,0,734,19000,128,733,41000,128
1100,20160112,11, 1,1,       1801 ,,102408,102408,102408718500,1,,,,,,0,734,19000,128,733,40000,128
1100,20160112,11, 1,1,       1801 ,,102408,102408,102408729000,1,,,,,,0,734,20000,128,733,40000,128
1100,20160112,11, 1,1,       1801 ,,102414,102414,102414221800,1,,,,,,0,734,20000,128,733,36000,128
1100,20160112,11, 1,1,       1801 ,,102414,102414,102414224000,1,,,,,,0,734,20000,128,733,32000,128
1100,20160112,11, 1,1,       1801 ,,102414,102414,102414225700,1,,,,,,0,734,20000,128,733,30000,128
1100,20160112,11, 1,1,       1801 ,,102414,102414,102414227200,1,,,,,,0,734,20000,128,733,28000,128
1100,20160112,11, 1,1,       1801 ,,102414,102414,102414230600,1,,,,,,0,734,22000,128,733,28000,128
1100,20160112,11, 1,1,       1801 ,,102414,102414,102414236600,1,,,,,,0,734,22000,128,733,25000,128
1100,20160112,11, 1,1,       1801 ,,102414,102414,102414295500,1,,,,,,0,734,20000,128,733,25000,128
1100,20160112,11, 1,1,       1801 ,,102414,102414,102414581400,1,,,,,,0,734,21000,128,733,25000,128
1100,20160112,11, 1,1,       1801 ,,102414,102414,102414630800,1,,,,,,0,734,22000,128,733,25000,128
1100,20160112,11, 1,1,       1801 ,,102415,102415,102415388400,1,,,,,,0,734,22000,128,733,27000,128
1100,20160112,11, 1,1,       1801 ,,102415,102415,102415451900,1,,,,,,0,734,24000,128,733,27000,128
1100,20160112,11, 1,1,       1801 ,,102416,102416,102416071600,1,,,,,,0,734,22000,128,733,27000,128
1100,20160112,11, 1,1,       1801 ,,102417,102417,102417593100,1,,,,,,0,734,22000,128,733,26000,128
1100,20160112,11, 1,1,       1801 ,,102418,102418,102418429700,1,,,,,,0,734,22000,128,733,23000,128
1100,20160112,11, 1,1,       1801 ,,102419,102419,102419113100,1,,,,,,0,734,24000,128,733,23000,128
1100,20160112,11, 1,1,       1801 ,,102419,102419,102419143300,1,,,,,,0,734,24000,128,733,14000,128
1100,20160112,11, 1,1,       1801 ,102419,102419,102419,102419145600,1,733,16,0,1000,0,0,734,24000,128,733,13000,128
1100,20160112,11, 1,1,       1801 ,,102419,102419,102419147100,1,,,,,,0,734,23000,128,733,13000,128
1100,20160112,11, 1,1,       1801 ,102419,102419,102419,102419148200,1,733,16,0,9000,0,0,734,23000,128,733,4000,128
1100,20160112,11, 1,1,       1801 ,,102419,102419,102419150800,1,,,,,,0,734,24000,128,733,4000,128
1100,20160112,11, 1,1,       1801 ,102419,102419,102419,102419152100,1,733,16,0,1000,0,0,734,24000,128,733,3000,128
1100,20160112,11, 1,1,       1801 ,,102419,102419,102419153800,1,,,,,,0,734,26000,128,733,3000,128
1100,20160112,11, 1,1,       1801 ,,102419,102419,102419154600,1,,,,,,0,734,28000,128,733,3000,128
1100,20160112,11, 1,1,       1801 ,102419,102419,102419,102419156500,1,733,16,0,3000,0,0,734,28000,128,732,65000,128
1100,20160112,11, 1,1,       1801 ,,102419,102419,102419162800,1,,,,,,0,734,28000,128,732,65000,128
1100,20160112,11, 1,1,       1801 ,,102419,102419,102419169600,1,,,,,,0,734,28000,128,732,64000,128
1100,20160112,11, 1,1,       1801 ,,102419,102419,102419186000,1,,,,,,0,734,37000,128,732,64000,128
1100,20160112,11, 1,1,       1801 ,,102419,102419,102419201000,1,,,,,,0,734,35000,128,732,64000,128
1100,20160112,11, 1,1,       1801 ,,102419,102419,102419203100,1,,,,,,0,734,35000,128,732,62000,128
1100,20160112,11, 1,1,       1801 ,,102419,102419,102419208400,1,,,,,,0,734,35000,128,732,46000,128
1100,20160112,11, 1,1,       1801 ,,102419,102419,102419215100,1,,,,,,0,734,35000,128,732,45000,128
1100,20160112,11, 1,1,       1801 ,,102419,102419,102419290500,1,,,,,,0,734,35000,128,732,44000,128
1100,20160112,11, 1,1,       1801 ,,102419,102419,102419291300,1,,,,,,0,734,35000,128,732,43000,128
1100,20160112,11, 1,1,       1801 ,,102419,102419,102419310000,1,,,,,,0,734,37000,128,732,43000,128
1100,20160112,11, 1,1,       1801 ,,102419,102419,102419361100,1,,,,,,0,734,35000,128,732,43000,128
1100,20160112,11, 1,1,       1801 ,,102419,102419,102419400600,1,,,,,,0,734,37000,128,732,43000,128
1100,20160112,11, 1,1,       1801 ,,102419,102419,102419452000,1,,,,,,0,734,35000,128,732,43000,128
1100,20160112,11, 1,1,       1801 ,,102419,102419,102419492300,1,,,,,,0,733,1000,128,732,43000,128
1100,20160112,11, 1,1,       1801 ,,102419,102419,102419494900,1,,,,,,0,733,1000,128,732,45000,128
1100,20160112,11, 1,1,       1801 ,,102419,102419,102419495800,1,,,,,,0,733,1000,128,732,43000,128
1100,20160112,11, 1,1,       1801 ,,102419,102419,102419497600,1,,,,,,0,733,3000,128,732,43000,128
1100,20160112,11, 1,1,       1801 ,,102419,102419,102419500100,1,,,,,,0,733,3000,128,732,37000,128
1100,20160112,11, 1,1,       1801 ,,102419,102419,102419501600,1,,,,,,0,733,4000,128,732,37000,128
1100,20160112,11, 1,1,       1801 ,,102419,102419,102419504800,1,,,,,,0,733,5000,128,732,37000,128
1100,20160112,11, 1,1,       1801 ,,102419,102419,102419536200,1,,,,,,0,733,7000,128,732,37000,128
1100,20160112,11, 1,1,       1801 ,,102419,102419,102419569300,1,,,,,,0,733,8000,128,732,37000,128
1100,20160112,11, 1,1,       1801 ,,102419,102419,102419571300,1,,,,,,0,733,11000,128,732,37000,128
1100,20160112,11, 1,1,       1801 ,,102419,102419,102419612300,1,,,,,,0,733,10000,128,732,37000,128
1100,20160112,11, 1,1,       1801 ,,102419,102419,102419776700,1,,,,,,0,733,10000,128,732,35000,128
1100,20160112,11, 1,1,       1801 ,,102419,102419,102419777500,1,,,,,,0,733,10000,128,732,27000,128
1100,20160112,11, 1,1,       1801 ,,102419,102419,102419778800,1,,,,,,0,733,10000,128,732,26000,128
1100,20160112,11, 1,1,       1801 ,,102419,102419,102419779500,1,,,,,,0,733,10000,128,732,25000,128
1100,20160112,11, 1,1,       1801 ,,102419,102419,102419831500,1,,,,,,0,733,10000,128,732,27000,128
1100,20160112,11, 1,1,       1801 ,,102420,102420,102420111600,1,,,,,,0,733,10000,128,732,23000,128
1100,20160112,11, 1,1,       1801 ,,102420,102420,102420290800,1,,,,,,0,733,12000,128,732,23000,128
1100,20160112,11, 1,1,       1801 ,,102421,102421,102421299200,1,,,,,,0,733,12000,128,732,21000,128
1100,20160112,11, 1,1,       1801 ,,102421,102421,102421772000,1,,,,,,0,733,14000,128,732,21000,128
1100,20160112,11, 1,1,       1801 ,,102423,102423,102423109900,1,,,,,,0,733,14000,128,732,17000,128
1100,20160112,11, 1,1,       1801 ,,102423,102423,102423889200,1,,,,,,0,733,14000,128,732,19000,128
1100,20160112,11, 1,1,       1801 ,,102423,102423,102423899500,1,,,,,,0,733,13000,128,732,19000,128
1100,20160112,11, 1,1,       1801 ,,102423,102423,102423923100,1,,,,,,0,733,12000,128,732,19000,128
1100,20160112,11, 1,1,       1801 ,102424,102424,102424,102424890700,1,732,16,0,1000,0,0,733,12000,128,732,18000,128
1100,20160112,11, 1,1,       1801 ,,102425,102425,102425434000,1,,,,,,0,733,12000,128,732,19000,128
1100,20160112,11, 1,1,       1801 ,,102425,102425,102425542700,1,,,,,,0,733,13000,128,732,19000,128
1100,20160112,11, 1,1,       1801 ,102425,102425,102425,102425637800,1,732,16,0,1000,0,0,733,13000,128,732,18000,128
1100,20160112,11, 1,1,       1801 ,,102425,102425,102425639500,1,,,,,,0,733,18000,128,732,18000,128
1100,20160112,11, 1,1,       1801 ,102426,102426,102426,102426002100,1,733,48,0,2000,0,0,733,16000,128,732,18000,128
1100,20160112,11, 1,1,       1801 ,102426,102426,102426,102426007800,1,733,48,0,1000,0,0,733,15000,128,732,18000,128
1100,20160112,11, 1,1,       1801 ,,102426,102426,102426012400,1,,,,,,0,733,15000,128,732,20000,128
1100,20160112,11, 1,1,       1801 ,,102426,102426,102426014900,1,,,,,,0,733,15000,128,732,21000,128
1100,20160112,11, 1,1,       1801 ,102426,102426,102426,102426019500,1,733,48,0,2000,0,0,733,13000,128,732,21000,128
1100,20160112,11, 1,1,       1801 ,,102426,102426,102426025000,1,,,,,,0,733,12000,128,732,21000,128
1100,20160112,11, 1,1,       1801 ,,102426,102426,102426031000,1,,,,,,0,733,12000,128,732,22000,128
1100,20160112,11, 1,1,       1801 ,102426,102426,102426,102426033600,1,733,48,0,12000,0,0,734,46000,128,732,22000,128
1100,20160112,11, 1,1,       1801 ,,102426,102426,102426036000,1,,,,,,0,734,46000,128,733,2000,128
1100,20160112,11, 1,1,       1801 ,102426,102426,102426,102426041000,1,733,16,0,1000,0,0,734,46000,128,733,1000,128
1100,20160112,11, 1,1,       1801 ,,102426,102426,102426046000,1,,,,,,0,734,45000,128,733,1000,128
1100,20160112,11, 1,1,       1801 ,,102426,102426,102426048000,1,,,,,,0,734,45000,128,733,3000,128
1100,20160112,11, 1,1,       1801 ,,102426,102426,102426051700,1,,,,,,0,734,43000,128,733,3000,128
1100,20160112,11, 1,1,       1801 ,,102426,102426,102426057600,1,,,,,,0,734,43000,128,733,4000,128
1100,20160112,11, 1,1,       1801 ,,102426,102426,102426061500,1,,,,,,0,734,41000,128,733,4000,128
1100,20160112,11, 1,1,       1801 ,102426,102426,102426,102426069700,1,733,16,0,1000,0,0,734,41000,128,733,3000,128
1100,20160112,11, 1,1,       1801 ,,102426,102426,102426072000,1,,,,,,0,734,41000,128,733,7000,128
1100,20160112,11, 1,1,       1801 ,,102426,102426,102426073000,1,,,,,,0,734,41000,128,733,8000,128
1100,20160112,11, 1,1,       1801 ,102426,102426,102426,102426074800,1,733,16,0,1000,0,0,734,41000,128,733,7000,128
1100,20160112,11, 1,1,       1801 ,,102426,102426,102426077100,1,,,,,,0,734,40000,128,733,7000,128
1100,20160112,11, 1,1,       1801 ,,102426,102426,102426080600,1,,,,,,0,734,42000,128,733,7000,128
1100,20160112,11, 1,1,       1801 ,,102426,102426,102426081600,1,,,,,,0,734,37000,128,733,7000,128
1100,20160112,11, 1,1,       1801 ,,102426,102426,102426085700,1,,,,,,0,734,31000,128,733,7000,128
1100,20160112,11, 1,1,       1801 ,,102426,102426,102426132700,1,,,,,,0,734,31000,128,733,9000,128
1100,20160112,11, 1,1,       1801 ,,102426,102426,102426141000,1,,,,,,0,734,31000,128,733,17000,128
1100,20160112,11, 1,1,       1801 ,,102426,102426,102426160000,1,,,,,,0,734,30000,128,733,17000,128
1100,20160112,11, 1,1,       1801 ,,102426,102426,102426195700,1,,,,,,0,734,30000,128,733,29000,128
1100,20160112,11, 1,1,       1801 ,,102426,102426,102426197900,1,,,,,,0,734,30000,128,733,31000,128
1100,20160112,11, 1,1,       1801 ,,102426,102426,102426235100,1,,,,,,0,734,31000,128,733,31000,128
1100,20160112,11, 1,1,       1801 ,,102426,102426,102426261700,1,,,,,,0,734,27000,128,733,31000,128
1100,20160112,11, 1,1,       1801 ,,102426,102426,102426264500,1,,,,,,0,734,24000,128,733,31000,128
1100,20160112,11, 1,1,       1801 ,,102426,102426,102426265500,1,,,,,,0,734,20000,128,733,31000,128
1100,20160112,11, 1,1,       1801 ,,102426,102426,102426266600,1,,,,,,0,734,18000,128,733,31000,128
1100,20160112,11, 1,1,       1801 ,,102426,102426,102426270100,1,,,,,,0,734,16000,128,733,31000,128
1100,20160112,11, 1,1,       1801 ,102426,102426,102426,102426278500,1,734,48,0,16000,0,0,735,94000,128,733,31000,128
1100,20160112,11, 1,1,       1801 ,,102426,102426,102426281200,1,,,,,,0,735,94000,128,733,32000,128
1100,20160112,11, 1,1,       1801 ,,102426,102426,102426282700,1,,,,,,0,735,92000,128,733,32000,128
1100,20160112,11, 1,1,       1801 ,,102426,102426,102426287700,1,,,,,,0,735,92000,128,734,1000,128
1100,20160112,11, 1,1,       1801 ,,102426,102426,102426289900,1,,,,,,0,735,92000,128,734,3000,128
1100,20160112,11, 1,1,       1801 ,,102426,102426,102426294800,1,,,,,,0,735,91000,128,734,3000,128
1100,20160112,11, 1,1,       1801 ,102426,102426,102426,102426300500,1,734,16,0,2000,0,0,735,91000,128,734,1000,128
1100,20160112,11, 1,1,       1801 ,102426,102426,102426,102426304000,1,734,16,0,1000,0,0,734,1000,128,733,32000,128
1100,20160112,11, 1,1,       1801 ,,102426,102426,102426306200,1,,,,,,0,734,1000,128,733,32000,128
1100,20160112,11, 1,1,       1801 ,,102426,102426,102426315000,1,,,,,,0,734,1000,128,733,34000,128
1100,20160112,11, 1,1,       1801 ,,102426,102426,102426317600,1,,,,,,0,734,1000,128,733,38000,128
1100,20160112,11, 1,1,       1801 ,102426,102426,102426,102426322500,1,734,48,0,1000,0,0,735,82000,128,733,38000,128
1100,20160112,11, 1,1,       1801 ,,102426,102426,102426323800,1,,,,,,0,735,82000,128,733,36000,128
1100,20160112,11, 1,1,       1801 ,,102426,102426,102426326900,1,,,,,,0,734,6000,128,733,36000,128
1100,20160112,11, 1,1,       1801 ,,102426,102426,102426327700,1,,,,,,0,734,8000,128,733,36000,128
1100,20160112,11, 1,1,       1801 ,102426,102426,102426,102426328400,1,734,48,0,8000,0,0,735,82000,128,734,21000,128
1100,20160112,11, 1,1,       1801 ,102426,102426,102426,102426329500,1,734,16,0,2000,0,0,735,82000,128,734,19000,128
1100,20160112,11, 1,1,       1801 ,,102426,102426,102426330900,1,,,,,,0,735,82000,128,734,19000,128
1100,20160112,11, 1,1,       1801 ,,102426,102426,102426335600,1,,,,,,0,735,84000,128,734,19000,128
1100,20160112,11, 1,1,       1801 ,102426,102426,102426,102426345700,1,734,16,0,2000,0,0,735,84000,128,734,17000,128
1100,20160112,11, 1,1,       1801 ,,102426,102426,102426346800,1,,,,,,0,735,82000,128,734,17000,128
1100,20160112,11, 1,1,       1801 ,,102426,102426,102426349800,1,,,,,,0,735,77000,128,734,17000,128
1100,20160112,11, 1,1,       1801 ,,102426,102426,102426350500,1,,,,,,0,735,77000,128,734,23000,128
1100,20160112,11, 1,1,       1801 ,102426,102426,102426,102426353800,1,734,16,0,2000,0,0,735,77000,128,734,21000,128
1100,20160112,11, 1,1,       1801 ,,102426,102426,102426354800,1,,,,,,0,735,77000,128,734,23000,128
1100,20160112,11, 1,1,       1801 ,102426,102426,102426,102426358500,1,734,16,0,2000,0,0,735,77000,128,734,21000,128
1100,20160112,11, 1,1,       1801 ,,102426,102426,102426369600,1,,,,,,0,735,77000,128,734,19000,128
1100,20160112,11, 1,1,       1801 ,,102426,102426,102426387200,1,,,,,,0,735,77000,128,734,21000,128
1100,20160112,11, 1,1,       1801 ,,102426,102426,102426390800,1,,,,,,0,735,76000,128,734,21000,128
1100,20160112,11, 1,1,       1801 ,,102426,102426,102426412000,1,,,,,,0,735,60000,128,734,21000,128
1100,20160112,11, 1,1,       1801 ,,102426,102426,102426419800,1,,,,,,0,735,59000,128,734,21000,128
1100,20160112,11, 1,1,       1801 ,,102426,102426,102426488700,1,,,,,,0,735,59000,128,734,22000,128
1100,20160112,11, 1,1,       1801 ,,102426,102426,102426528400,1,,,,,,0,735,59000,128,734,23000,128
1100,20160112,11, 1,1,       1801 ,,102426,102426,102426582400,1,,,,,,0,735,59000,128,734,17000,128
1100,20160112,11, 1,1,       1801 ,,102426,102426,102426601500,1,,,,,,0,735,56000,128,734,17000,128
1100,20160112,11, 1,1,       1801 ,,102427,102427,102427412000,1,,,,,,0,735,56000,128,734,4000,128
1100,20160112,11, 1,1,       1801 ,,102427,102427,102427412700,1,,,,,,0,735,52000,128,734,4000,128
1100,20160112,11, 1,1,       1801 ,,102427,102427,102427413600,1,,,,,,0,735,52000,128,734,6000,128
1100,20160112,11, 1,1,       1801 ,102427,102427,102427,102427499400,1,734,16,0,2000,0,0,735,52000,128,734,4000,128
1100,20160112,11, 1,1,       1801 ,,102427,102427,102427504400,1,,,,,,0,735,52000,128,734,4000,128
1100,20160112,11, 1,1,       1801 ,,102427,102427,102427528500,1,,,,,,0,735,52000,128,734,3000,128
1100,20160112,11, 1,1,       1801 ,,102427,102427,102427550400,1,,,,,,0,735,52000,128,734,4000,128
1100,20160112,11, 1,1,       1801 ,102427,102427,102427,102427718100,1,735,48,0,29000,0,0,735,23000,128,734,4000,128
1100,20160112,11, 1,1,       1801 ,102427,102427,102427,102427720700,1,735,48,0,23000,0,0,736,60000,128,734,4000,128
1100,20160112,11, 1,1,       1801 ,,102427,102427,102427721600,1,,,,,,0,736,60000,128,734,6000,128
1100,20160112,11, 1,1,       1801 ,,102427,102427,102427722500,1,,,,,,0,736,60000,128,734,7000,128
1100,20160112,11, 1,1,       1801 ,,102427,102427,102427728100,1,,,,,,0,736,60000,128,734,9000,128
1100,20160112,11, 1,1,       1801 ,,102427,102427,102427730700,1,,,,,,0,736,57000,128,734,9000,128
1100,20160112,11, 1,1,       1801 ,,102427,102427,102427733100,1,,,,,,0,736,57000,128,735,1000,128
1100,20160112,11, 1,1,       1801 ,,102427,102427,102427733900,1,,,,,,0,736,51000,128,735,1000,128
1100,20160112,11, 1,1,       1801 ,,102427,102427,102427736900,1,,,,,,0,736,50000,128,735,1000,128
1100,20160112,11, 1,1,       1801 ,,102427,102427,102427740100,1,,,,,,0,736,48000,128,735,1000,128
1100,20160112,11, 1,1,       1801 ,102427,102427,102427,102427751100,1,735,16,0,1000,0,0,736,48000,128,734,9000,128
1100,20160112,11, 1,1,       1801 ,,102427,102427,102427752100,1,,,,,,0,736,46000,128,734,9000,128
1100,20160112,11, 1,1,       1801 ,,102427,102427,102427753200,1,,,,,,0,736,46000,128,734,13000,128
1100,20160112,11, 1,1,       1801 ,,102427,102427,102427754100,1,,,,,,0,736,38000,128,734,13000,128
1100,20160112,11, 1,1,       1801 ,,102427,102427,102427756600,1,,,,,,0,736,38000,128,734,12000,128
1100,20160112,11, 1,1,       1801 ,,102427,102427,102427757400,1,,,,,,0,735,6000,128,734,12000,128
1100,20160112,11, 1,1,       1801 ,,102427,102427,102427759400,1,,,,,,0,735,10000,128,734,12000,128
1100,20160112,11, 1,1,       1801 ,,102427,102427,102427772600,1,,,,,,0,735,10000,128,734,10000,128
1100,20160112,11, 1,1,       1801 ,,102427,102427,102427841100,1,,,,,,0,735,12000,128,734,10000,128
1100,20160112,11, 1,1,       1801 ,,102427,102427,102427842500,1,,,,,,0,735,12000,128,734,6000,128
1100,20160112,11, 1,1,       1801 ,,102428,102428,102428530600,1,,,,,,0,735,14000,128,734,6000,128
1100,20160112,11, 1,1,       1801 ,,102428,102428,102428565800,1,,,,,,0,735,14000,128,734,5000,128
1100,20160112,11, 1,1,       1801 ,,102428,102428,102428846200,1,,,,,,0,735,17000,128,734,5000,128
1100,20160112,11, 1,1,       1801 ,,102429,102429,102429666100,1,,,,,,0,735,19000,128,734,5000,128
1100,20160112,11, 1,1,       1801 ,,102429,102429,102429783200,1,,,,,,0,735,19000,128,734,3000,128
1100,20160112,11, 1,1,       1801 ,,102430,102430,102430197400,1,,,,,,0,735,20000,128,734,3000,128
1100,20160112,11, 1,1,       1801 ,,102430,102430,102430412000,1,,,,,,0,735,20000,128,734,12000,128
1100,20160112,11, 1,1,       1801 ,,102431,102431,102431546200,1,,,,,,0,735,20000,128,734,11000,128
1100,20160112,11, 1,1,       1801 ,,102431,102431,102431548300,1,,,,,,0,735,22000,128,734,11000,128
1100,20160112,11, 1,1,       1801 ,,102433,102433,102433458300,1,,,,,,0,735,23000,128,734,11000,128
1100,20160112,11, 1,1,       1801 ,,102443,102443,102443248200,1,,,,,,0,735,23000,128,734,9000,128
1100,20160112,11, 1,1,       1801 ,,102443,102443,102443252300,1,,,,,,0,735,27000,128,734,9000,128
1100,20160112,11, 1,1,       1801 ,102443,102443,102443,102443301900,1,734,16,0,6000,0,0,735,27000,128,734,3000,128
1100,20160112,11, 1,1,       1801 ,,102443,102443,102443303500,1,,,,,,0,735,27000,128,734,3000,128
1100,20160112,11, 1,1,       1801 ,102443,102443,102443,102443306700,1,734,16,0,1000,0,0,735,27000,128,734,2000,128
1100,20160112,11, 1,1,       1801 ,,102443,102443,102443307600,1,,,,,,0,735,28000,128,734,2000,128
1100,20160112,11, 1,1,       1801 ,102443,102443,102443,102443310000,1,734,16,0,2000,0,0,735,28000,128,733,33000,128
1100,20160112,11, 1,1,       1801 ,,102443,102443,102443311100,1,,,,,,0,735,30000,128,733,33000,128
1100,20160112,11, 1,1,       1801 ,,102443,102443,102443322900,1,,,,,,0,734,1000,128,733,33000,128
1100,20160112,11, 1,1,       1801 ,,102443,102443,102443325700,1,,,,,,0,734,5000,128,733,33000,128
1100,20160112,11, 1,1,       1801 ,,102443,102443,102443326300,1,,,,,,0,734,11000,128,733,33000,128
1100,20160112,11, 1,1,       1801 ,,102443,102443,102443327600,1,,,,,,0,734,11000,128,733,29000,128
1100,20160112,11, 1,1,       1801 ,,102443,102443,102443329000,1,,,,,,0,734,11000,128,733,27000,128
1100,20160112,11, 1,1,       1801 ,,102443,102443,102443332400,1,,,,,,0,734,12000,128,733,27000,128
1100,20160112,11, 1,1,       1801 ,,102443,102443,102443334000,1,,,,,,0,734,14000,128,733,27000,128
1100,20160112,11, 1,1,       1801 ,,102443,102443,102443334700,1,,,,,,0,734,14000,128,733,26000,128
1100,20160112,11, 1,1,       1801 ,,102443,102443,102443336100,1,,,,,,0,734,14000,128,733,25000,128
1100,20160112,11, 1,1,       1801 ,,102443,102443,102443337500,1,,,,,,0,734,16000,128,733,25000,128
1100,20160112,11, 1,1,       1801 ,,102443,102443,102443338100,1,,,,,,0,734,16000,128,733,21000,128
1100,20160112,11, 1,1,       1801 ,,102443,102443,102443810000,1,,,,,,0,734,16000,128,733,17000,128
1100,20160112,11, 1,1,       1801 ,,102444,102444,102444130500,1,,,,,,0,734,18000,128,733,17000,128
1100,20160112,11, 1,1,       1801 ,,102444,102444,102444263200,1,,,,,,0,734,18000,128,733,18000,128
1100,20160112,11, 1,1,       1801 ,,102444,102444,102444629300,1,,,,,,0,734,19000,128,733,18000,128
1100,20160112,11, 1,1,       1801 ,,102444,102444,102444698000,1,,,,,,0,734,19000,128,733,17000,128
1100,20160112,11, 1,1,       1801 ,,102446,102446,102446824000,1,,,,,,0,734,19000,128,733,19000,128
1100,20160112,11, 1,1,       1801 ,,102447,102447,102447496300,1,,,,,,0,734,19000,128,733,20000,128
1100,20160112,11, 1,1,       1801 ,,102449,102449,102449238200,1,,,,,,0,734,18000,128,733,20000,128
1100,20160112,11, 1,1,       1801 ,,102449,102449,102449239900,1,,,,,,0,734,22000,128,733,20000,128
1100,20160112,11, 1,1,       1801 ,,102450,102450,102450312400,1,,,,,,0,734,23000,128,733,20000,128
1100,20160112,11, 1,1,       1801 ,,102450,102450,102450313900,1,,,,,,0,734,23000,128,733,16000,128
1100,20160112,11, 1,1,       1801 ,,102452,102452,102452044900,1,,,,,,0,734,22000,128,733,16000,128
1100,20160112,11, 1,1,       1801 ,,102452,102452,102452046800,1,,,,,,0,734,25000,128,733,16000,128
1100,20160112,11, 1,1,       1801 ,,102456,102456,102456037400,1,,,,,,0,734,25000,128,733,17000,128
1100,20160112,11, 1,1,       1801 ,,102457,102457,102457584400,1,,,,,,0,734,25000,128,733,18000,128
1100,20160112,11, 1,1,       1801 ,,102457,102457,102457645200,1,,,,,,0,734,25000,128,733,19000,128
1100,20160112,11, 1,1,       1801 ,,102459,102459,102459758200,1,,,,,,0,734,25000,128,733,18000,128
1100,20160112,11, 1,1,       1801 ,,102459,102459,102459862000,1,,,,,,0,734,25000,128,733,17000,128
1100,20160112,11, 1,1,       1801 ,,102500,102500,102500865000,1,,,,,,0,734,25000,128,733,18000,128
1100,20160112,11, 1,1,       1801 ,,102504,102504,102504943400,1,,,,,,0,734,26000,128,733,18000,128
1100,20160112,11, 1,1,       1801 ,,102505,102505,102505037700,1,,,,,,0,734,26000,128,733,17000,128
1100,20160112,11, 1,1,       1801 ,,102506,102506,102506131500,1,,,,,,0,734,25000,128,733,17000,128
1100,20160112,11, 1,1,       1801 ,,102506,102506,102506210600,1,,,,,,0,734,25000,128,733,18000,128
1100,20160112,11, 1,1,       1801 ,,102506,102506,102506440600,1,,,,,,0,734,25000,128,733,19000,128
1100,20160112,11, 1,1,       1801 ,,102507,102507,102507517500,1,,,,,,0,734,25000,128,733,18000,128
1100,20160112,11, 1,1,       1801 ,,102507,102507,102507603600,1,,,,,,0,734,25000,128,733,17000,128
1100,20160112,11, 1,1,       1801 ,,102508,102508,102508380100,1,,,,,,0,734,26000,128,733,17000,128
1100,20160112,11, 1,1,       1801 ,,102510,102510,102510448200,1,,,,,,0,734,25000,128,733,17000,128
1100,20160112,11, 1,1,       1801 ,,102511,102511,102511197100,1,,,,,,0,734,25000,128,733,19000,128
1100,20160112,11, 1,1,       1801 ,,102512,102512,102512627700,1,,,,,,0,734,26000,128,733,19000,128
1100,20160112,11, 1,1,       1801 ,,102514,102514,102514731000,1,,,,,,0,734,25000,128,733,19000,128
1100,20160112,11, 1,1,       1801 ,,102515,102515,102515120800,1,,,,,,0,734,26000,128,733,19000,128
1100,20160112,11, 1,1,       1801 ,,102517,102517,102517011300,1,,,,,,0,734,25000,128,733,19000,128
1100,20160112,11, 1,1,       1801 ,,102517,102517,102517760400,1,,,,,,0,734,26000,128,733,19000,128
1100,20160112,11, 1,1,       1801 ,,102518,102518,102518311000,1,,,,,,0,734,25000,128,733,19000,128
1100,20160112,11, 1,1,       1801 ,,102519,102519,102519249700,1,,,,,,0,734,26000,128,733,19000,128
1100,20160112,11, 1,1,       1801 ,,102523,102523,102523401400,1,,,,,,0,734,28000,128,733,19000,128
1100,20160112,11, 1,1,       1801 ,,102523,102523,102523590200,1,,,,,,0,734,28000,128,733,18000,128
1100,20160112,11, 1,1,       1801 ,,102523,102523,102523679100,1,,,,,,0,734,28000,128,733,9000,128
1100,20160112,11, 1,1,       1801 ,,102523,102523,102523681000,1,,,,,,0,734,28000,128,733,8000,128
1100,20160112,11, 1,1,       1801 ,,102523,102523,102523682300,1,,,,,,0,734,28000,128,733,6000,128
1100,20160112,11, 1,1,       1801 ,,102523,102523,102523711000,1,,,,,,0,734,28000,128,733,5000,128
1100,20160112,11, 1,1,       1801 ,,102525,102525,102525451100,1,,,,,,0,734,28000,128,733,7000,128
1100,20160112,11, 1,1,       1801 ,102525,102525,102525,102525824700,1,733,16,0,1000,0,0,734,27000,128,733,6000,128
1100,20160112,11, 1,1,       1801 ,,102525,102525,102525826400,1,,,,,,0,734,27000,128,733,4000,128
1100,20160112,11, 1,1,       1801 ,,102528,102528,102528955300,1,,,,,,0,734,29000,128,733,4000,128
1100,20160112,11, 1,1,       1801 ,,102528,102528,102528958100,1,,,,,,0,734,35000,128,733,4000,128
1100,20160112,11, 1,1,       1801 ,,102528,102528,102528959800,1,,,,,,0,734,36000,128,733,4000,128
1100,20160112,11, 1,1,       1801 ,,102528,102528,102528982000,1,,,,,,0,734,36000,128,733,3000,128
1100,20160112,11, 1,1,       1801 ,,102529,102529,102529041200,1,,,,,,0,734,36000,128,733,4000,128
1100,20160112,11, 1,1,       1801 ,,102529,102529,102529049000,1,,,,,,0,734,35000,128,733,4000,128
1100,20160112,11, 1,1,       1801 ,102536,102536,102536,102536431300,1,734,48,0,1000,0,0,734,34000,128,733,4000,128
1100,20160112,11, 1,1,       1801 ,,102536,102536,102536432800,1,,,,,,0,734,34000,128,733,6000,128
1100,20160112,11, 1,1,       1801 ,,102536,102536,102536434200,1,,,,,,0,734,34000,128,733,7000,128
1100,20160112,11, 1,1,       1801 ,,102537,102537,102537360300,1,,,,,,0,734,34000,128,733,6000,128
1100,20160112,11, 1,1,       1801 ,,102538,102538,102538580000,1,,,,,,0,734,34000,128,733,7000,128
1100,20160112,11, 1,1,       1801 ,,102541,102541,102541279700,1,,,,,,0,734,34000,128,733,6000,128
1100,20160112,11, 1,1,       1801 ,,102541,102541,102541299600,1,,,,,,0,734,34000,128,733,4000,128
1100,20160112,11, 1,1,       1801 ,,102542,102542,102542601800,1,,,,,,0,734,34000,128,733,6000,128
1100,20160112,11, 1,1,       1801 ,,102542,102542,102542603000,1,,,,,,0,734,34000,128,733,7000,128
1100,20160112,11, 1,1,       1801 ,,102542,102542,102542621600,1,,,,,,0,734,34000,128,733,8000,128
1100,20160112,11, 1,1,       1801 ,102547,102547,102547,102547439500,1,733,16,0,1000,0,0,734,34000,128,733,7000,128
1100,20160112,11, 1,1,       1801 ,,102549,102549,102549119000,1,,,,,,0,734,34000,128,733,18000,128
1100,20160112,11, 1,1,       1801 ,,102549,102549,102549120400,1,,,,,,0,734,34000,128,733,24000,128
1100,20160112,11, 1,1,       1801 ,,102549,102549,102549121100,1,,,,,,0,734,34000,128,733,30000,128
1100,20160112,11, 1,1,       1801 ,,102549,102549,102549123300,1,,,,,,0,734,28000,128,733,30000,128
1100,20160112,11, 1,1,       1801 ,,102549,102549,102549124000,1,,,,,,0,734,28000,128,733,34000,128
1100,20160112,11, 1,1,       1801 ,,102549,102549,102549125600,1,,,,,,0,734,22000,128,733,34000,128
1100,20160112,11, 1,1,       1801 ,,102549,102549,102549126300,1,,,,,,0,734,20000,128,733,34000,128
1100,20160112,11, 1,1,       1801 ,,102549,102549,102549127100,1,,,,,,0,734,16000,128,733,34000,128
1100,20160112,11, 1,1,       1801 ,102549,102549,102549,102549128400,1,734,48,0,1000,0,0,734,15000,128,733,34000,128
1100,20160112,11, 1,1,       1801 ,,102549,102549,102549129300,1,,,,,,0,734,15000,128,733,33000,128
1100,20160112,11, 1,1,       1801 ,102549,102549,102549,102549130300,1,734,48,0,6000,0,0,734,9000,128,733,33000,128
1100,20160112,11, 1,1,       1801 ,102549,102549,102549,102549132600,1,734,48,0,9000,0,0,735,54000,128,733,33000,128
1100,20160112,11, 1,1,       1801 ,,102549,102549,102549137400,1,,,,,,0,735,54000,128,733,34000,128
1100,20160112,11, 1,1,       1801 ,,102549,102549,102549140400,1,,,,,,0,735,54000,128,733,36000,128
1100,20160112,11, 1,1,       1801 ,,102549,102549,102549142400,1,,,,,,0,735,53000,128,733,36000,128
1100,20160112,11, 1,1,       1801 ,,102549,102549,102549143200,1,,,,,,0,735,53000,128,734,1000,128
1100,20160112,11, 1,1,       1801 ,,102549,102549,102549145800,1,,,,,,0,735,55000,128,734,1000,128
1100,20160112,11, 1,1,       1801 ,,102549,102549,102549149100,1,,,,,,0,735,53000,128,734,1000,128
1100,20160112,11, 1,1,       1801 ,,102549,102549,102549151200,1,,,,,,0,735,53000,128,734,3000,128
1100,20160112,11, 1,1,       1801 ,,102549,102549,102549152600,1,,,,,,0,735,52000,128,734,3000,128
1100,20160112,11, 1,1,       1801 ,,102549,102549,102549162100,1,,,,,,0,735,48000,128,734,3000,128
1100,20160112,11, 1,1,       1801 ,,102549,102549,102549164100,1,,,,,,0,735,48000,128,734,4000,128
1100,20160112,11, 1,1,       1801 ,,102550,102550,102550005000,1,,,,,,0,735,48000,128,734,3000,128
1100,20160112,11, 1,1,       1801 ,,102550,102550,102550006300,1,,,,,,0,735,49000,128,734,3000,128
1100,20160112,11, 1,1,       1801 ,,102550,102550,102550163900,1,,,,,,0,735,51000,128,734,3000,128
1100,20160112,11, 1,1,       1801 ,,102550,102550,102550669400,1,,,,,,0,735,51000,128,734,1000,128
1100,20160112,11, 1,1,       1801 ,102551,102551,102551,102551329500,1,734,16,0,1000,0,0,735,51000,128,733,52000,128
1100,20160112,11, 1,1,       1801 ,,102551,102551,102551331300,1,,,,,,0,735,51000,128,733,52000,128
1100,20160112,11, 1,1,       1801 ,,102551,102551,102551332800,1,,,,,,0,735,51000,128,733,50000,128
1100,20160112,11, 1,1,       1801 ,,102551,102551,102551336600,1,,,,,,0,735,51000,128,733,47000,128
1100,20160112,11, 1,1,       1801 ,,102551,102551,102551621200,1,,,,,,0,735,51000,128,733,46000,128
1100,20160112,11, 1,1,       1801 ,,102553,102553,102553007900,1,,,,,,0,735,51000,128,733,47000,128
1100,20160112,11, 1,1,       1801 ,,102554,102554,102554262100,1,,,,,,0,735,51000,128,733,46000,128
1100,20160112,11, 1,1,       1801 ,,102555,102555,102555340700,1,,,,,,0,735,51000,128,733,47000,128
1100,20160112,11, 1,1,       1801 ,,102556,102556,102556451600,1,,,,,,0,735,51000,128,733,48000,128
1100,20160112,11, 1,1,       1801 ,,102600,102600,102600031800,1,,,,,,0,735,50000,128,733,48000,128
1100,20160112,11, 1,1,       1801 ,,102600,102600,102600161000,1,,,,,,0,735,50000,128,733,47000,128
1100,20160112,11, 1,1,       1801 ,,102600,102600,102600161900,1,,,,,,0,735,51000,128,733,47000,128
1100,20160112,11, 1,1,       1801 ,,102600,102600,102600910800,1,,,,,,0,735,51000,128,733,48000,128
1100,20160112,11, 1,1,       1801 ,,102602,102602,102602084700,1,,,,,,0,735,52000,128,733,48000,128
1100,20160112,11, 1,1,       1801 ,,102602,102602,102602631500,1,,,,,,0,735,51000,128,733,48000,128
1100,20160112,11, 1,1,       1801 ,,102602,102602,102602643300,1,,,,,,0,735,51000,128,734,2000,128
1100,20160112,11, 1,1,       1801 ,,102602,102602,102602650400,1,,,,,,0,735,51000,128,734,4000,128
1100,20160112,11, 1,1,       1801 ,,102602,102602,102602651500,1,,,,,,0,735,51000,128,734,5000,128
1100,20160112,11, 1,1,       1801 ,,102602,102602,102602652500,1,,,,,,0,735,50000,128,734,5000,128
1100,20160112,11, 1,1,       1801 ,,102602,102602,102602654100,1,,,,,,0,735,50000,128,734,6000,128
1100,20160112,11, 1,1,       1801 ,,102602,102602,102602658500,1,,,,,,0,735,46000,128,734,6000,128
1100,20160112,11, 1,1,       1801 ,,102602,102602,102602696500,1,,,,,,0,735,40000,128,734,6000,128
1100,20160112,11, 1,1,       1801 ,,102602,102602,102602738100,1,,,,,,0,735,31000,128,734,6000,128
1100,20160112,11, 1,1,       1801 ,,102604,102604,102604112900,1,,,,,,0,735,31000,128,734,12000,128
1100,20160112,11, 1,1,       1801 ,,102604,102604,102604114300,1,,,,,,0,735,31000,128,734,18000,128
1100,20160112,11, 1,1,       1801 ,,102604,102604,102604115500,1,,,,,,0,735,27000,128,734,18000,128
1100,20160112,11, 1,1,       1801 ,,102604,102604,102604116200,1,,,,,,0,735,27000,128,734,22000,128
1100,20160112,11, 1,1,       1801 ,,102604,102604,102604116900,1,,,,,,0,735,24000,128,734,22000,128
1100,20160112,11, 1,1,       1801 ,,102604,102604,102604117600,1,,,,,,0,735,22000,128,734,22000,128
1100,20160112,11, 1,1,       1801 ,,102604,102604,102604118300,1,,,,,,0,735,21000,128,734,22000,128
1100,20160112,11, 1,1,       1801 ,,102604,102604,102604119100,1,,,,,,0,735,19000,128,734,22000,128
1100,20160112,11, 1,1,       1801 ,,102604,102604,102604120500,1,,,,,,0,735,13000,128,734,22000,128
1100,20160112,11, 1,1,       1801 ,,102604,102604,102604181600,1,,,,,,0,735,12000,128,734,22000,128
1100,20160112,11, 1,1,       1801 ,,102604,102604,102604902500,1,,,,,,0,735,13000,128,734,22000,128
1100,20160112,11, 1,1,       1801 ,,102604,102604,102604904700,1,,,,,,0,735,13000,128,734,21000,128
1100,20160112,11, 1,1,       1801 ,,102605,102605,102605050600,1,,,,,,0,735,15000,128,734,21000,128
1100,20160112,11, 1,1,       1801 ,,102609,102609,102609175500,1,,,,,,0,735,14000,128,734,21000,128
1100,20160112,11, 1,1,       1801 ,,102609,102609,102609277100,1,,,,,,0,735,15000,128,734,21000,128
1100,20160112,11, 1,1,       1801 ,,102609,102609,102609330200,1,,,,,,0,735,16000,128,734,21000,128
1100,20160112,11, 1,1,       1801 ,,102610,102610,102610163400,1,,,,,,0,735,15000,128,734,21000,128
1100,20160112,11, 1,1,       1801 ,,102612,102612,102612337500,1,,,,,,0,735,13000,128,734,21000,128
1100,20160112,11, 1,1,       1801 ,,102617,102617,102617128300,1,,,,,,0,735,14000,128,734,21000,128
1100,20160112,11, 1,1,       1801 ,,102617,102617,102617280000,1,,,,,,0,735,13000,128,734,21000,128
1100,20160112,11, 1,1,       1801 ,,102618,102618,102618400300,1,,,,,,0,735,14000,128,734,21000,128
1100,20160112,11, 1,1,       1801 ,,102618,102618,102618651200,1,,,,,,0,735,16000,128,734,21000,128
1100,20160112,11, 1,1,       1801 ,,102618,102618,102618654000,1,,,,,,0,735,19000,128,734,21000,128
1100,20160112,11, 1,1,       1801 ,,102618,102618,102618655700,1,,,,,,0,735,25000,128,734,21000,128
1100,20160112,11, 1,1,       1801 ,,102618,102618,102618656500,1,,,,,,0,735,27000,128,734,21000,128
1100,20160112,11, 1,1,       1801 ,,102618,102618,102618657200,1,,,,,,0,735,31000,128,734,21000,128
1100,20160112,11, 1,1,       1801 ,,102618,102618,102618657900,1,,,,,,0,735,31000,128,734,17000,128
1100,20160112,11, 1,1,       1801 ,,102618,102618,102618658700,1,,,,,,0,735,31000,128,734,11000,128
1100,20160112,11, 1,1,       1801 ,,102618,102618,102618660000,1,,,,,,0,735,31000,128,734,9000,128
1100,20160112,11, 1,1,       1801 ,,102618,102618,102618660700,1,,,,,,0,735,31000,128,734,8000,128
1100,20160112,11, 1,1,       1801 ,,102618,102618,102618661600,1,,,,,,0,735,32000,128,734,8000,128
1100,20160112,11, 1,1,       1801 ,,102618,102618,102618663900,1,,,,,,0,735,32000,128,734,6000,128
1100,20160112,11, 1,1,       1801 ,102619,102619,102619,102619340700,1,734,16,0,4000,0,0,735,32000,128,734,2000,128
1100,20160112,11, 1,1,       1801 ,102619,102619,102619,102619342100,1,734,16,0,2000,0,0,735,32000,128,733,45000,128
1100,20160112,11, 1,1,       1801 ,,102619,102619,102619343900,1,,,,,,0,734,1000,128,733,45000,128
1100,20160112,11, 1,1,       1801 ,,102619,102619,102619344600,1,,,,,,0,734,2000,128,733,45000,128
1100,20160112,11, 1,1,       1801 ,,102619,102619,102619346300,1,,,,,,0,734,4000,128,733,45000,128
1100,20160112,11, 1,1,       1801 ,,102619,102619,102619349500,1,,,,,,0,734,4000,128,733,44000,128
1100,20160112,11, 1,1,       1801 ,,102619,102619,102619352400,1,,,,,,0,734,4000,128,733,42000,128
1100,20160112,11, 1,1,       1801 ,,102619,102619,102619353100,1,,,,,,0,734,4000,128,733,36000,128
1100,20160112,11, 1,1,       1801 ,,102619,102619,102619354600,1,,,,,,0,734,4000,128,733,32000,128
1100,20160112,11, 1,1,       1801 ,,102619,102619,102619355300,1,,,,,,0,734,5000,128,733,32000,128
1100,20160112,11, 1,1,       1801 ,,102619,102619,102619356900,1,,,,,,0,734,5000,128,733,31000,128
1100,20160112,11, 1,1,       1801 ,,102619,102619,102619361900,1,,,,,,0,734,5000,128,733,28000,128
1100,20160112,11, 1,1,       1801 ,,102620,102620,102620321100,1,,,,,,0,734,7000,128,733,28000,128
1100,20160112,11, 1,1,       1801 ,,102622,102622,102622397300,1,,,,,,0,734,7000,128,733,37000,128
1100,20160112,11, 1,1,       1801 ,,102630,102630,102630381800,1,,,,,,0,734,6000,128,733,37000,128
1100,20160112,11, 1,1,       1801 ,,102630,102630,102630389800,1,,,,,,0,734,4000,128,733,37000,128
1100,20160112,11, 1,1,       1801 ,,102630,102630,102630390700,1,,,,,,0,734,3000,128,733,37000,128
1100,20160112,11, 1,1,       1801 ,,102630,102630,102630394300,1,,,,,,0,734,3000,128,733,38000,128
1100,20160112,11, 1,1,       1801 ,,102630,102630,102630396700,1,,,,,,0,734,3000,128,733,44000,128
1100,20160112,11, 1,1,       1801 ,102630,102630,102630,102630400200,1,734,48,0,1000,0,0,734,2000,128,733,44000,128
1100,20160112,11, 1,1,       1801 ,102630,102630,102630,102630402500,1,734,48,0,1000,0,0,734,1000,128,733,44000,128
1100,20160112,11, 1,1,       1801 ,102630,102630,102630,102630403900,1,734,48,0,1000,0,0,735,49000,128,733,44000,128
1100,20160112,11, 1,1,       1801 ,,102630,102630,102630406800,1,,,,,,0,735,49000,128,734,1000,128
1100,20160112,11, 1,1,       1801 ,,102630,102630,102630410100,1,,,,,,0,735,49000,128,734,3000,128
1100,20160112,11, 1,1,       1801 ,,102630,102630,102630416000,1,,,,,,0,735,49000,128,734,4000,128
1100,20160112,11, 1,1,       1801 ,,102630,102630,102630420700,1,,,,,,0,735,47000,128,734,4000,128
1100,20160112,11, 1,1,       1801 ,,102630,102630,102630436900,1,,,,,,0,735,43000,128,734,4000,128
1100,20160112,11, 1,1,       1801 ,,102631,102631,102631199300,1,,,,,,0,735,37000,128,734,4000,128
1100,20160112,11, 1,1,       1801 ,,102631,102631,102631403500,1,,,,,,0,735,37000,128,734,3000,128
1100,20160112,11, 1,1,       1801 ,,102631,102631,102631415400,1,,,,,,0,735,37000,128,734,4000,128
1100,20160112,11, 1,1,       1801 ,,102631,102631,102631471100,1,,,,,,0,735,37000,128,734,3000,128
1100,20160112,11, 1,1,       1801 ,,102631,102631,102631491400,1,,,,,,0,735,39000,128,734,3000,128
1100,20160112,11, 1,1,       1801 ,,102631,102631,102631506700,1,,,,,,0,735,39000,128,734,4000,128
1100,20160112,11, 1,1,       1801 ,,102632,102632,102632084700,1,,,,,,0,735,38000,128,734,4000,128
1100,20160112,11, 1,1,       1801 ,,102632,102632,102632849000,1,,,,,,0,735,38000,128,734,6000,128
1100,20160112,11, 1,1,       1801 ,,102632,102632,102632850300,1,,,,,,0,735,36000,128,734,6000,128
1100,20160112,11, 1,1,       1801 ,,102632,102632,102632851100,1,,,,,,0,735,36000,128,734,12000,128
1100,20160112,11, 1,1,       1801 ,,102632,102632,102632852500,1,,,,,,0,735,32000,128,734,12000,128
1100,20160112,11, 1,1,       1801 ,,102632,102632,102632853200,1,,,,,,0,735,32000,128,734,16000,128
1100,20160112,11, 1,1,       1801 ,,102632,102632,102632854500,1,,,,,,0,735,29000,128,734,16000,128
1100,20160112,11, 1,1,       1801 ,,102632,102632,102632855200,1,,,,,,0,735,25000,128,734,16000,128
1100,20160112,11, 1,1,       1801 ,,102632,102632,102632857000,1,,,,,,0,735,23000,128,734,16000,128
1100,20160112,11, 1,1,       1801 ,,102633,102633,102633794400,1,,,,,,0,735,14000,128,734,16000,128
1100,20160112,11, 1,1,       1801 ,,102635,102635,102635400000,1,,,,,,0,735,14000,128,734,25000,128
1100,20160112,11, 1,1,       1801 ,,102642,102642,102642250200,1,,,,,,0,735,13000,128,734,25000,128
1100,20160112,11, 1,1,       1801 ,,102642,102642,102642254100,1,,,,,,0,735,11000,128,734,25000,128
1100,20160112,11, 1,1,       1801 ,,102642,102642,102642259200,1,,,,,,0,735,11000,128,734,31000,128
1100,20160112,11, 1,1,       1801 ,,102642,102642,102642312000,1,,,,,,0,735,11000,128,734,34000,128
1100,20160112,11, 1,1,       1801 ,102642,102642,102642,102642772900,1,735,48,0,1000,0,0,735,10000,128,734,34000,128
1100,20160112,11, 1,1,       1801 ,102642,102642,102642,102642774500,1,735,48,0,10000,0,0,736,70000,128,734,34000,128
1100,20160112,11, 1,1,       1801 ,,102642,102642,102642776200,1,,,,,,0,736,70000,128,734,35000,128
1100,20160112,11, 1,1,       1801 ,,102642,102642,102642777600,1,,,,,,0,736,70000,128,735,2000,128
1100,20160112,11, 1,1,       1801 ,,102642,102642,102642778400,1,,,,,,0,736,70000,128,735,3000,128
1100,20160112,11, 1,1,       1801 ,,102642,102642,102642781000,1,,,,,,0,736,72000,128,735,3000,128
1100,20160112,11, 1,1,       1801 ,,102642,102642,102642785200,1,,,,,,0,736,70000,128,735,3000,128
1100,20160112,11, 1,1,       1801 ,,102642,102642,102642785900,1,,,,,,0,736,70000,128,735,5000,128
1100,20160112,11, 1,1,       1801 ,,102642,102642,102642786500,1,,,,,,0,736,64000,128,735,5000,128
1100,20160112,11, 1,1,       1801 ,,102642,102642,102642788600,1,,,,,,0,736,63000,128,735,5000,128
1100,20160112,11, 1,1,       1801 ,,102642,102642,102642789300,1,,,,,,0,736,63000,128,735,6000,128
1100,20160112,11, 1,1,       1801 ,,102642,102642,102642792200,1,,,,,,0,736,60000,128,735,6000,128
1100,20160112,11, 1,1,       1801 ,,102642,102642,102642795000,1,,,,,,0,736,60000,128,735,7000,128
1100,20160112,11, 1,1,       1801 ,,102642,102642,102642796400,1,,,,,,0,736,61000,128,735,7000,128
1100,20160112,11, 1,1,       1801 ,,102642,102642,102642797600,1,,,,,,0,736,60000,128,735,7000,128
1100,20160112,11, 1,1,       1801 ,,102642,102642,102642804900,1,,,,,,0,736,42000,128,735,7000,128
1100,20160112,11, 1,1,       1801 ,,102642,102642,102642806300,1,,,,,,0,736,33000,128,735,7000,128
1100,20160112,11, 1,1,       1801 ,,102642,102642,102642821400,1,,,,,,0,736,33000,128,735,9000,128
1100,20160112,11, 1,1,       1801 ,,102642,102642,102642853800,1,,,,,,0,736,31000,128,735,9000,128
1100,20160112,11, 1,1,       1801 ,102643,102643,102643,102643193500,1,735,16,0,1000,0,0,736,31000,128,735,8000,128
1100,20160112,11, 1,1,       1801 ,,102643,102643,102643196600,1,,,,,,0,736,31000,128,735,8000,128
1100,20160112,11, 1,1,       1801 ,,102644,102644,102644069200,1,,,,,,0,736,33000,128,735,8000,128
1100,20160112,11, 1,1,       1801 ,,102644,102644,102644588100,1,,,,,,0,736,38000,128,735,8000,128
1100,20160112,11, 1,1,       1801 ,,102645,102645,102645142900,1,,,,,,0,736,38000,128,735,7000,128
1100,20160112,11, 1,1,       1801 ,,102646,102646,102646219200,1,,,,,,0,736,38000,128,735,6000,128
1100,20160112,11, 1,1,       1801 ,,102646,102646,102646220600,1,,,,,,0,736,38000,128,735,4000,128
1100,20160112,11, 1,1,       1801 ,,102646,102646,102646221800,1,,,,,,0,736,38000,128,735,3000,128
1100,20160112,11, 1,1,       1801 ,,102646,102646,102646223100,1,,,,,,0,736,39000,128,735,3000,128
1100,20160112,11, 1,1,       1801 ,102646,102646,102646,102646223800,1,735,16,0,3000,0,0,736,39000,128,734,52000,128
1100,20160112,11, 1,1,       1801 ,,102646,102646,102646225500,1,,,,,,0,736,39000,128,734,52000,128
1100,20160112,11, 1,1,       1801 ,,102646,102646,102646226800,1,,,,,,0,735,6000,128,734,52000,128
1100,20160112,11, 1,1,       1801 ,,102646,102646,102646228100,1,,,,,,0,735,6000,128,734,51000,128
1100,20160112,11, 1,1,       1801 ,,102646,102646,102646228900,1,,,,,,0,735,6000,128,734,49000,128
1100,20160112,11, 1,1,       1801 ,,102646,102646,102646231100,1,,,,,,0,735,8000,128,734,49000,128
1100,20160112,11, 1,1,       1801 ,,102646,102646,102646233100,1,,,,,,0,735,14000,128,734,49000,128
1100,20160112,11, 1,1,       1801 ,,102646,102646,102646233700,1,,,,,,0,735,15000,128,734,49000,128
1100,20160112,11, 1,1,       1801 ,,102646,102646,102646234300,1,,,,,,0,735,15000,128,734,43000,128
1100,20160112,11, 1,1,       1801 ,,102646,102646,102646237100,1,,,,,,0,735,19000,128,734,43000,128
1100,20160112,11, 1,1,       1801 ,,102646,102646,102646238600,1,,,,,,0,735,19000,128,734,40000,128
1100,20160112,11, 1,1,       1801 ,,102646,102646,102646243300,1,,,,,,0,735,25000,128,734,40000,128
1100,20160112,11, 1,1,       1801 ,,102646,102646,102646244700,1,,,,,,0,735,28000,128,734,40000,128
1100,20160112,11, 1,1,       1801 ,,102648,102648,102648090400,1,,,,,,0,735,27000,128,734,40000,128
1100,20160112,11, 1,1,       1801 ,,102649,102649,102649167700,1,,,,,,0,735,29000,128,734,40000,128
1100,20160112,11, 1,1,       1801 ,,102649,102649,102649636800,1,,,,,,0,735,29000,128,734,38000,128
1100,20160112,11, 1,1,       1801 ,,102650,102650,102650857000,1,,,,,,0,735,23000,128,734,38000,128
1100,20160112,11, 1,1,       1801 ,,102650,102650,102650858500,1,,,,,,0,735,23000,128,734,34000,128
1100,20160112,11, 1,1,       1801 ,,102650,102650,102650893200,1,,,,,,0,735,23000,128,734,28000,128
1100,20160112,11, 1,1,       1801 ,,102650,102650,102650895200,1,,,,,,0,735,25000,128,734,28000,128
1100,20160112,11, 1,1,       1801 ,,102656,102656,102656835200,1,,,,,,0,735,25000,128,734,27000,128
1100,20160112,11, 1,1,       1801 ,,102656,102656,102656882600,1,,,,,,0,735,26000,128,734,27000,128
1100,20160112,11, 1,1,       1801 ,,102656,102656,102656888300,1,,,,,,0,735,26000,128,734,23000,128
1100,20160112,11, 1,1,       1801 ,,102657,102657,102657900200,1,,,,,,0,735,25000,128,734,23000,128
1100,20160112,11, 1,1,       1801 ,,102700,102700,102700431200,1,,,,,,0,735,25000,128,734,24000,128
1100,20160112,11, 1,1,       1801 ,,102700,102700,102700950300,1,,,,,,0,735,25000,128,734,23000,128
1100,20160112,11, 1,1,       1801 ,,102700,102700,102700990600,1,,,,,,0,735,25000,128,734,24000,128
1100,20160112,11, 1,1,       1801 ,,102702,102702,102702402200,1,,,,,,0,735,25000,128,734,23000,128
1100,20160112,11, 1,1,       1801 ,,102702,102702,102702722700,1,,,,,,0,735,26000,128,734,23000,128
1100,20160112,11, 1,1,       1801 ,,102702,102702,102702874400,1,,,,,,0,735,27000,128,734,23000,128
1100,20160112,11, 1,1,       1801 ,,102705,102705,102705301800,1,,,,,,0,735,27000,128,734,25000,128
1100,20160112,11, 1,1,       1801 ,,102706,102706,102706111800,1,,,,,,0,735,26000,128,734,25000,128
1100,20160112,11, 1,1,       1801 ,,102706,102706,102706184100,1,,,,,,0,735,27000,128,734,25000,128
1100,20160112,11, 1,1,       1801 ,,102706,102706,102706361600,1,,,,,,0,735,26000,128,734,25000,128
1100,20160112,11, 1,1,       1801 ,,102708,102708,102708310200,1,,,,,,0,735,26000,128,734,26000,128
1100,20160112,11, 1,1,       1801 ,,102708,102708,102708321800,1,,,,,,0,735,26000,128,734,25000,128
1100,20160112,11, 1,1,       1801 ,,102708,102708,102708344300,1,,,,,,0,735,26000,128,734,26000,128
1100,20160112,11, 1,1,       1801 ,,102709,102709,102709877200,1,,,,,,0,735,26000,128,734,25000,128
1100,20160112,11, 1,1,       1801 ,,102711,102711,102711136000,1,,,,,,0,735,27000,128,734,25000,128
1100,20160112,11, 1,1,       1801 ,,102711,102711,102711653600,1,,,,,,0,735,28000,128,734,25000,128
1100,20160112,11, 1,1,       1801 ,,102711,102711,102711927800,1,,,,,,0,735,27000,128,734,25000,128
1100,20160112,11, 1,1,       1801 ,,102712,102712,102712906400,1,,,,,,0,735,30000,128,734,25000,128
1100,20160112,11, 1,1,       1801 ,,102713,102713,102713409200,1,,,,,,0,735,30000,128,734,26000,128
1100,20160112,11, 1,1,       1801 ,,102713,102713,102713500800,1,,,,,,0,735,30000,128,734,25000,128
1100,20160112,11, 1,1,       1801 ,,102716,102716,102716962500,1,,,,,,0,735,31000,128,734,25000,128
1100,20160112,11, 1,1,       1801 ,,102719,102719,102719201300,1,,,,,,0,735,30000,128,734,25000,128
1100,20160112,11, 1,1,       1801 ,,102721,102721,102721110600,1,,,,,,0,735,29000,128,734,25000,128
1100,20160112,11, 1,1,       1801 ,,102723,102723,102723940300,1,,,,,,0,735,30000,128,734,25000,128
1100,20160112,11, 1,1,       1801 ,,102725,102725,102725764200,1,,,,,,0,735,29000,128,734,25000,128
1100,20160112,11, 1,1,       1801 ,,102729,102729,102729818800,1,,,,,,0,735,30000,128,734,25000,128
1100,20160112,11, 1,1,       1801 ,,102730,102730,102730692600,1,,,,,,0,735,29000,128,734,25000,128
1100,20160112,11, 1,1,       1801 ,,102732,102732,102732970800,1,,,,,,0,735,29000,128,734,26000,128
1100,20160112,11, 1,1,       1801 ,,102732,102732,102732972400,1,,,,,,0,735,29000,128,734,32000,128
1100,20160112,11, 1,1,       1801 ,,102732,102732,102732973100,1,,,,,,0,735,29000,128,734,36000,128
1100,20160112,11, 1,1,       1801 ,,102732,102732,102732973800,1,,,,,,0,735,23000,128,734,36000,128
1100,20160112,11, 1,1,       1801 ,,102732,102732,102732974600,1,,,,,,0,735,21000,128,734,36000,128
1100,20160112,11, 1,1,       1801 ,,102732,102732,102732975400,1,,,,,,0,735,17000,128,734,36000,128
1100,20160112,11, 1,1,       1801 ,,102732,102732,102732976100,1,,,,,,0,735,15000,128,734,36000,128
1100,20160112,11, 1,1,       1801 ,,102732,102732,102732977000,1,,,,,,0,735,12000,128,734,36000,128
1100,20160112,11, 1,1,       1801 ,,102733,102733,102733571400,1,,,,,,0,735,12000,128,734,39000,128
1100,20160112,11, 1,1,       1801 ,102733,102733,102733,102733850600,1,735,48,0,2000,0,0,735,10000,128,734,39000,128
1100,20160112,11, 1,1,       1801 ,102733,102733,102733,102733852800,1,735,48,0,2000,0,0,735,8000,128,734,39000,128
1100,20160112,11, 1,1,       1801 ,102733,102733,102733,102733854300,1,735,48,0,5000,0,0,735,3000,128,734,39000,128
1100,20160112,11, 1,1,       1801 ,102733,102733,102733,102733856100,1,735,48,0,3000,0,0,736,54000,128,734,39000,128
1100,20160112,11, 1,1,       1801 ,,102733,102733,102733857700,1,,,,,,0,736,54000,128,735,2000,128
1100,20160112,11, 1,1,       1801 ,,102733,102733,102733862100,1,,,,,,0,736,54000,128,735,3000,128
1100,20160112,11, 1,1,       1801 ,,102733,102733,102733864000,1,,,,,,0,736,54000,128,735,4000,128
1100,20160112,11, 1,1,       1801 ,,102733,102733,102733868500,1,,,,,,0,736,54000,128,735,7000,128
1100,20160112,11, 1,1,       1801 ,,102733,102733,102733870800,1,,,,,,0,736,54000,128,735,9000,128
1100,20160112,11, 1,1,       1801 ,,102733,102733,102733872800,1,,,,,,0,736,52000,128,735,9000,128
1100,20160112,11, 1,1,       1801 ,,102733,102733,102733874000,1,,,,,,0,736,54000,128,735,9000,128
1100,20160112,11, 1,1,       1801 ,,102733,102733,102733876600,1,,,,,,0,736,56000,128,735,9000,128
1100,20160112,11, 1,1,       1801 ,,102733,102733,102733877500,1,,,,,,0,736,56000,128,735,10000,128
1100,20160112,11, 1,1,       1801 ,,102733,102733,102733878400,1,,,,,,0,736,55000,128,735,10000,128
1100,20160112,11, 1,1,       1801 ,,102733,102733,102733879300,1,,,,,,0,736,49000,128,735,10000,128
1100,20160112,11, 1,1,       1801 ,,102733,102733,102733913100,1,,,,,,0,736,46000,128,735,10000,128
1100,20160112,11, 1,1,       1801 ,,102734,102734,102734390500,1,,,,,,0,736,37000,128,735,10000,128
1100,20160112,11, 1,1,       1801 ,,102734,102734,102734400800,1,,,,,,0,736,37000,128,735,19000,128
1100,20160112,11, 1,1,       1801 ,,102734,102734,102734402200,1,,,,,,0,736,27000,128,735,19000,128
1100,20160112,11, 1,1,       1801 ,,102734,102734,102734403400,1,,,,,,0,736,25000,128,735,19000,128
1100,20160112,11, 1,1,       1801 ,,102734,102734,102734405000,1,,,,,,0,736,24000,128,735,19000,128
1100,20160112,11, 1,1,       1801 ,,102734,102734,102734409100,1,,,,,,0,736,21000,128,735,19000,128
1100,20160112,11, 1,1,       1801 ,,102734,102734,102734422900,1,,,,,,0,736,19000,128,735,19000,128
1100,20160112,11, 1,1,       1801 ,,102734,102734,102734471400,1,,,,,,0,736,21000,128,735,19000,128
1100,20160112,11, 1,1,       1801 ,,102734,102734,102734923400,1,,,,,,0,736,23000,128,735,19000,128
1100,20160112,11, 1,1,       1801 ,102735,102735,102735,102735067200,1,735,16,0,11000,0,0,736,23000,128,735,8000,128
1100,20160112,11, 1,1,       1801 ,,102735,102735,102735070900,1,,,,,,0,736,23000,128,735,8000,128
1100,20160112,11, 1,1,       1801 ,,102735,102735,102735071600,1,,,,,,0,736,25000,128,735,8000,128
1100,20160112,11, 1,1,       1801 ,,102735,102735,102735707600,1,,,,,,0,736,25000,128,734,44000,128
1100,20160112,11, 1,1,       1801 ,,102735,102735,102735709700,1,,,,,,0,736,26000,128,734,44000,128
1100,20160112,11, 1,1,       1801 ,,102735,102735,102735711600,1,,,,,,0,735,1000,128,734,44000,128
1100,20160112,11, 1,1,       1801 ,,102735,102735,102735712300,1,,,,,,0,735,1000,128,734,50000,128
1100,20160112,11, 1,1,       1801 ,,102735,102735,102735714200,1,,,,,,0,735,1000,128,734,48000,128
1100,20160112,11, 1,1,       1801 ,102735,102735,102735,102735715500,1,735,48,0,1000,0,0,736,38000,128,734,48000,128
1100,20160112,11, 1,1,       1801 ,,102735,102735,102735716400,1,,,,,,0,736,38000,128,734,48000,128
1100,20160112,11, 1,1,       1801 ,,102735,102735,102735718100,1,,,,,,0,736,37000,128,734,48000,128
1100,20160112,11, 1,1,       1801 ,,102735,102735,102735719700,1,,,,,,0,736,37000,128,735,2000,128
1100,20160112,11, 1,1,       1801 ,,102735,102735,102735723000,1,,,,,,0,736,35000,128,735,2000,128
1100,20160112,11, 1,1,       1801 ,,102735,102735,102735730700,1,,,,,,0,736,35000,128,735,4000,128
1100,20160112,11, 1,1,       1801 ,,102737,102737,102737215300,1,,,,,,0,736,26000,128,735,4000,128
1100,20160112,11, 1,1,       1801 ,,102739,102739,102739503300,1,,,,,,0,736,26000,128,735,13000,128
1100,20160112,11, 1,1,       1801 ,,102739,102739,102739504700,1,,,,,,0,736,26000,128,735,19000,128
1100,20160112,11, 1,1,       1801 ,,102739,102739,102739505300,1,,,,,,0,736,26000,128,735,23000,128
1100,20160112,11, 1,1,       1801 ,,102739,102739,102739506300,1,,,,,,0,736,24000,128,735,23000,128
1100,20160112,11, 1,1,       1801 ,,102739,102739,102739507200,1,,,,,,0,736,20000,128,735,23000,128
1100,20160112,11, 1,1,       1801 ,,102740,102740,102740151400,1,,,,,,0,736,20000,128,735,24000,128
1100,20160112,11, 1,1,       1801 ,,102741,102741,102741161200,1,,,,,,0,736,20000,128,735,23000,128
1100,20160112,11, 1,1,       1801 ,,102742,102742,102742353000,1,,,,,,0,736,20000,128,735,24000,128
1100,20160112,11, 1,1,       1801 ,,102744,102744,102744210100,1,,,,,,0,736,19000,128,735,24000,128
1100,20160112,11, 1,1,       1801 ,,102744,102744,102744417400,1,,,,,,0,736,19000,128,735,33000,128
1100,20160112,11, 1,1,       1801 ,,102745,102745,102745919900,1,,,,,,0,736,17000,128,735,33000,128
1100,20160112,11, 1,1,       1801 ,,102747,102747,102747883700,1,,,,,,0,736,19000,128,735,33000,128
1100,20160112,11, 1,1,       1801 ,,102748,102748,102748101500,1,,,,,,0,736,19000,128,735,32000,128
1100,20160112,11, 1,1,       1801 ,,102748,102748,102748763100,1,,,,,,0,736,20000,128,735,32000,128
1100,20160112,11, 1,1,       1801 ,,102750,102750,102750236900,1,,,,,,0,736,21000,128,735,32000,128
1100,20160112,11, 1,1,       1801 ,,102751,102751,102751781100,1,,,,,,0,736,21000,128,735,23000,128
1100,20160112,11, 1,1,       1801 ,,102751,102751,102751782500,1,,,,,,0,736,21000,128,735,21000,128
1100,20160112,11, 1,1,       1801 ,,102751,102751,102751783200,1,,,,,,0,736,23000,128,735,21000,128
1100,20160112,11, 1,1,       1801 ,102751,102751,102751,102751783800,1,735,16,0,1000,0,0,736,23000,128,735,20000,128
1100,20160112,11, 1,1,       1801 ,102752,102752,102752,102752546300,1,735,16,0,4000,0,0,736,23000,128,735,16000,128
1100,20160112,11, 1,1,       1801 ,,102752,102752,102752548000,1,,,,,,0,736,24000,128,735,16000,128
1100,20160112,11, 1,1,       1801 ,102752,102752,102752,102752548700,1,735,16,0,16000,0,0,736,24000,128,734,44000,128
1100,20160112,11, 1,1,       1801 ,,102752,102752,102752550000,1,,,,,,0,735,1000,128,734,44000,128
1100,20160112,11, 1,1,       1801 ,,102752,102752,102752552600,1,,,,,,0,735,3000,128,734,44000,128
1100,20160112,11, 1,1,       1801 ,,102752,102752,102752555700,1,,,,,,0,735,3000,128,734,43000,128
1100,20160112,11, 1,1,       1801 ,,102752,102752,102752557100,1,,,,,,0,735,3000,128,734,41000,128
1100,20160112,11, 1,1,       1801 ,,102752,102752,102752561400,1,,,,,,0,735,4000,128,734,41000,128
1100,20160112,11, 1,1,       1801 ,,102752,102752,102752562200,1,,,,,,0,735,4000,128,734,40000,128
1100,20160112,11, 1,1,       1801 ,,102752,102752,102752563700,1,,,,,,0,735,6000,128,734,40000,128
1100,20160112,11, 1,1,       1801 ,,102752,102752,102752565600,1,,,,,,0,735,6000,128,734,39000,128
1100,20160112,11, 1,1,       1801 ,,102752,102752,102752570600,1,,,,,,0,735,6000,128,734,33000,128
1100,20160112,11, 1,1,       1801 ,,102752,102752,102752687400,1,,,,,,0,735,6000,128,734,30000,128
1100,20160112,11, 1,1,       1801 ,,102752,102752,102752719800,1,,,,,,0,735,4000,128,734,30000,128
1100,20160112,11, 1,1,       1801 ,,102752,102752,102752982700,1,,,,,,0,735,5000,128,734,30000,128
1100,20160112,11, 1,1,       1801 ,,102752,102752,102752983500,1,,,,,,0,735,6000,128,734,30000,128
1100,20160112,11, 1,1,       1801 ,,102753,102753,102753116500,1,,,,,,0,735,8000,128,734,30000,128
1100,20160112,11, 1,1,       1801 ,,102753,102753,102753128400,1,,,,,,0,735,8000,128,734,28000,128
1100,20160112,11, 1,1,       1801 ,,102754,102754,102754430200,1,,,,,,0,735,6000,128,734,28000,128
1100,20160112,11, 1,1,       1801 ,,102754,102754,102754431300,1,,,,,,0,735,4000,128,734,28000,128
1100,20160112,11, 1,1,       1801 ,,102754,102754,102754435300,1,,,,,,0,735,3000,128,734,28000,128
1100,20160112,11, 1,1,       1801 ,,102754,102754,102754437600,1,,,,,,0,735,3000,128,734,30000,128
1100,20160112,11, 1,1,       1801 ,,102754,102754,102754438400,1,,,,,,0,735,2000,128,734,30000,128
1100,20160112,11, 1,1,       1801 ,102754,102754,102754,102754440400,1,735,48,0,2000,0,0,736,53000,128,734,30000,128
1100,20160112,11, 1,1,       1801 ,,102754,102754,102754443300,1,,,,,,0,736,51000,128,734,30000,128
1100,20160112,11, 1,1,       1801 ,,102754,102754,102754444600,1,,,,,,0,736,51000,128,735,6000,128
1100,20160112,11, 1,1,       1801 ,,102754,102754,102754446500,1,,,,,,0,736,51000,128,735,10000,128
1100,20160112,11, 1,1,       1801 ,,102754,102754,102754448200,1,,,,,,0,736,52000,128,735,10000,128
1100,20160112,11, 1,1,       1801 ,,102754,102754,102754450200,1,,,,,,0,736,51000,128,735,10000,128
1100,20160112,11, 1,1,       1801 ,,102754,102754,102754452100,1,,,,,,0,736,51000,128,735,12000,128
1100,20160112,11, 1,1,       1801 ,102754,102754,102754,102754453500,1,735,16,0,6000,0,0,736,51000,128,735,6000,128
1100,20160112,11, 1,1,       1801 ,,102754,102754,102754454500,1,,,,,,0,736,51000,128,735,6000,128
1100,20160112,11, 1,1,       1801 ,,102754,102754,102754455200,1,,,,,,0,736,49000,128,735,6000,128
1100,20160112,11, 1,1,       1801 ,,102754,102754,102754455900,1,,,,,,0,736,43000,128,735,6000,128
1100,20160112,11, 1,1,       1801 ,102754,102754,102754,102754456700,1,735,16,0,6000,0,0,736,43000,128,734,33000,128
1100,20160112,11, 1,1,       1801 ,,102754,102754,102754457500,1,,,,,,0,736,43000,128,734,31000,128
1100,20160112,11, 1,1,       1801 ,,102754,102754,102754459100,1,,,,,,0,736,39000,128,734,31000,128
1100,20160112,11, 1,1,       1801 ,,102754,102754,102754459900,1,,,,,,0,736,40000,128,734,31000,128
1100,20160112,11, 1,1,       1801 ,,102754,102754,102754460500,1,,,,,,0,735,3000,128,734,31000,128
1100,20160112,11, 1,1,       1801 ,,102754,102754,102754465400,1,,,,,,0,735,3000,128,734,29000,128
1100,20160112,11, 1,1,       1801 ,,102754,102754,102754466300,1,,,,,,0,735,5000,128,734,29000,128
1100,20160112,11, 1,1,       1801 ,,102754,102754,102754467900,1,,,,,,0,735,7000,128,734,29000,128
1100,20160112,11, 1,1,       1801 ,,102754,102754,102754478100,1,,,,,,0,735,8000,128,734,29000,128
1100,20160112,11, 1,1,       1801 ,,102754,102754,102754478800,1,,,,,,0,735,10000,128,734,29000,128
1100,20160112,11, 1,1,       1801 ,,102754,102754,102754481200,1,,,,,,0,735,8000,128,734,29000,128
1100,20160112,11, 1,1,       1801 ,,102754,102754,102754494600,1,,,,,,0,735,8000,128,734,28000,128
1100,20160112,11, 1,1,       1801 ,,102754,102754,102754569900,1,,,,,,0,735,8000,128,734,30000,128
1100,20160112,11, 1,1,       1801 ,,102754,102754,102754610200,1,,,,,,0,735,6000,128,734,30000,128
1100,20160112,11, 1,1,       1801 ,,102754,102754,102754621100,1,,,,,,0,735,6000,128,734,31000,128
1100,20160112,11, 1,1,       1801 ,102754,102754,102754,102754621800,1,735,48,0,1000,0,0,735,5000,128,734,31000,128
1100,20160112,11, 1,1,       1801 ,,102754,102754,102754623700,1,,,,,,0,735,3000,128,734,31000,128
1100,20160112,11, 1,1,       1801 ,,102754,102754,102754625100,1,,,,,,0,735,2000,128,734,31000,128
1100,20160112,11, 1,1,       1801 ,102754,102754,102754,102754626600,1,735,48,0,2000,0,0,736,42000,128,734,31000,128
1100,20160112,11, 1,1,       1801 ,,102754,102754,102754627500,1,,,,,,0,736,42000,128,735,2000,128
1100,20160112,11, 1,1,       1801 ,,102754,102754,102754629800,1,,,,,,0,736,40000,128,735,2000,128
1100,20160112,11, 1,1,       1801 ,,102755,102755,102755186400,1,,,,,,0,736,42000,128,735,2000,128
1100,20160112,11, 1,1,       1801 ,,102755,102755,102755350600,1,,,,,,0,736,42000,128,734,33000,128
1100,20160112,11, 1,1,       1801 ,,102755,102755,102755352000,1,,,,,,0,736,42000,128,734,31000,128
1100,20160112,11, 1,1,       1801 ,,102755,102755,102755352700,1,,,,,,0,736,42000,128,734,29000,128
1100,20160112,11, 1,1,       1801 ,,102755,102755,102755354200,1,,,,,,0,736,44000,128,734,29000,128
1100,20160112,11, 1,1,       1801 ,,102755,102755,102755354800,1,,,,,,0,736,45000,128,734,29000,128
1100,20160112,11, 1,1,       1801 ,,102755,102755,102755371500,1,,,,,,0,736,45000,128,734,27000,128
1100,20160112,11, 1,1,       1801 ,,102755,102755,102755372300,1,,,,,,0,735,2000,128,734,27000,128
1100,20160112,11, 1,1,       1801 ,,102755,102755,102755373000,1,,,,,,0,735,2000,128,734,26000,128
1100,20160112,11, 1,1,       1801 ,,102755,102755,102755374000,1,,,,,,0,735,3000,128,734,26000,128
1100,20160112,11, 1,1,       1801 ,,102755,102755,102755374700,1,,,,,,0,735,5000,128,734,26000,128
1100,20160112,11, 1,1,       1801 ,,102755,102755,102755387800,1,,,,,,0,735,5000,128,734,25000,128
1100,20160112,11, 1,1,       1801 ,,102756,102756,102756762300,1,,,,,,0,735,7000,128,734,25000,128
1100,20160112,11, 1,1,       1801 ,,102757,102757,102757419400,1,,,,,,0,735,8000,128,734,25000,128
1100,20160112,11, 1,1,       1801 ,,102758,102758,102758273400,1,,,,,,0,735,8000,128,734,24000,128
1100,20160112,11, 1,1,       1801 ,,102758,102758,102758419100,1,,,,,,0,735,9000,128,734,24000,128
1100,20160112,11, 1,1,       1801 ,,102801,102801,102801609500,1,,,,,,0,735,9000,128,734,25000,128
1100,20160112,11, 1,1,       1801 ,,102802,102802,102802013100,1,,,,,,0,735,8000,128,734,25000,128
1100,20160112,11, 1,1,       1801 ,,102802,102802,102802046300,1,,,,,,0,735,7000,128,734,25000,128
1100,20160112,11, 1,1,       1801 ,,102803,102803,102803942000,1,,,,,,0,735,7000,128,734,26000,128
1100,20160112,11, 1,1,       1801 ,,102811,102811,102811640300,1,,,,,,0,735,6000,128,734,26000,128
1100,20160112,11, 1,1,       1801 ,,102811,102811,102811904200,1,,,,,,0,735,4000,128,734,26000,128
1100,20160112,11, 1,1,       1801 ,,102811,102811,102811905700,1,,,,,,0,735,4000,128,734,28000,128
1100,20160112,11, 1,1,       1801 ,,102811,102811,102811906400,1,,,,,,0,735,4000,128,734,34000,128
1100,20160112,11, 1,1,       1801 ,,102811,102811,102811907100,1,,,,,,0,735,2000,128,734,34000,128
1100,20160112,11, 1,1,       1801 ,,102811,102811,102811907900,1,,,,,,0,735,2000,128,734,35000,128
1100,20160112,11, 1,1,       1801 ,102811,102811,102811,102811909600,1,735,48,0,1000,0,0,735,1000,128,734,35000,128
1100,20160112,11, 1,1,       1801 ,,102811,102811,102811911200,1,,,,,,0,735,1000,128,734,35000,128
1100,20160112,11, 1,1,       1801 ,102811,102811,102811,102811911900,1,735,48,0,1000,0,0,736,51000,128,734,35000,128
1100,20160112,11, 1,1,       1801 ,,102811,102811,102811913600,1,,,,,,0,736,51000,128,734,38000,128
1100,20160112,11, 1,1,       1801 ,,102811,102811,102811927500,1,,,,,,0,736,51000,128,734,37000,128
1100,20160112,11, 1,1,       1801 ,,102812,102812,102812649300,1,,,,,,0,736,52000,128,734,37000,128
1100,20160112,11, 1,1,       1801 ,,102812,102812,102812650600,1,,,,,,0,736,52000,128,734,38000,128
1100,20160112,11, 1,1,       1801 ,,102813,102813,102813141100,1,,,,,,0,736,54000,128,734,38000,128
1100,20160112,11, 1,1,       1801 ,,102814,102814,102814191000,1,,,,,,0,736,53000,128,734,38000,128
1100,20160112,11, 1,1,       1801 ,,102814,102814,102814270800,1,,,,,,0,736,54000,128,734,38000,128
1100,20160112,11, 1,1,       1801 ,,102814,102814,102814660900,1,,,,,,0,736,54000,128,734,37000,128
1100,20160112,11, 1,1,       1801 ,,102819,102819,102819520800,1,,,,,,0,736,54000,128,734,35000,128
1100,20160112,11, 1,1,       1801 ,,102823,102823,102823470500,1,,,,,,0,735,2000,128,734,35000,128
1100,20160112,11, 1,1,       1801 ,,102823,102823,102823472800,1,,,,,,0,735,4000,128,734,35000,128
1100,20160112,11, 1,1,       1801 ,,102823,102823,102823474300,1,,,,,,0,735,5000,128,734,35000,128
1100,20160112,11, 1,1,       1801 ,,102823,102823,102823474900,1,,,,,,0,735,5000,128,734,34000,128
1100,20160112,11, 1,1,       1801 ,,102823,102823,102823475600,1,,,,,,0,735,5000,128,734,33000,128
1100,20160112,11, 1,1,       1801 ,,102823,102823,102823486800,1,,,,,,0,735,5000,128,734,30000,128
1100,20160112,11, 1,1,       1801 ,,102824,102824,102824576200,1,,,,,,0,735,7000,128,734,30000,128
1100,20160112,11, 1,1,       1801 ,,102825,102825,102825191600,1,,,,,,0,735,7000,128,734,31000,128
1100,20160112,11, 1,1,       1801 ,,102826,102826,102826433100,1,,,,,,0,735,7000,128,734,30000,128
1100,20160112,11, 1,1,       1801 ,,102829,102829,102829889900,1,,,,,,0,735,7000,128,734,31000,128
1100,20160112,11, 1,1,       1801 ,,102832,102832,102832191000,1,,,,,,0,735,6000,128,734,31000,128
1100,20160112,11, 1,1,       1801 ,,102832,102832,102832201200,1,,,,,,0,735,6000,128,734,32000,128
1100,20160112,11, 1,1,       1801 ,,102833,102833,102833849300,1,,,,,,0,735,6000,128,734,31000,128
1100,20160112,11, 1,1,       1801 ,,102833,102833,102833850600,1,,,,,,0,735,7000,128,734,31000,128
1100,20160112,11, 1,1,       1801 ,,102834,102834,102834530600,1,,,,,,0,735,7000,128,734,33000,128
1100,20160112,11, 1,1,       1801 ,,102834,102834,102834551200,1,,,,,,0,735,7000,128,734,34000,128
1100,20160112,11, 1,1,       1801 ,,102836,102836,102836149300,1,,,,,,0,735,7000,128,734,33000,128
1100,20160112,11, 1,1,       1801 ,,102837,102837,102837499400,1,,,,,,0,735,5000,128,734,33000,128
1100,20160112,11, 1,1,       1801 ,,102837,102837,102837501000,1,,,,,,0,735,4000,128,734,33000,128
1100,20160112,11, 1,1,       1801 ,,102837,102837,102837502400,1,,,,,,0,735,4000,128,734,34000,128
1100,20160112,11, 1,1,       1801 ,,102837,102837,102837503300,1,,,,,,0,735,2000,128,734,34000,128
1100,20160112,11, 1,1,       1801 ,,102839,102839,102839562600,1,,,,,,0,735,3000,128,734,34000,128
1100,20160112,11, 1,1,       1801 ,,102841,102841,102841586900,1,,,,,,0,735,3000,128,734,37000,128
1100,20160112,11, 1,1,       1801 ,,102845,102845,102845821400,1,,,,,,0,735,3000,128,734,36000,128
1100,20160112,11, 1,1,       1801 ,102845,102845,102845,102845824000,1,735,48,0,1000,0,0,735,2000,128,734,36000,128
1100,20160112,11, 1,1,       1801 ,,102846,102846,102846049400,1,,,,,,0,735,4000,128,734,36000,128
1100,20160112,11, 1,1,       1801 ,,102846,102846,102846050800,1,,,,,,0,735,5000,128,734,36000,128
1100,20160112,11, 1,1,       1801 ,,102846,102846,102846051700,1,,,,,,0,735,5000,128,734,35000,128
1100,20160112,11, 1,1,       1801 ,,102846,102846,102846052500,1,,,,,,0,735,5000,128,734,33000,128
1100,20160112,11, 1,1,       1801 ,,102848,102848,102848478900,1,,,,,,0,735,6000,128,734,33000,128
1100,20160112,11, 1,1,       1801 ,102849,102849,102849,102849139700,1,735,48,0,2000,0,0,735,4000,128,734,33000,128
1100,20160112,11, 1,1,       1801 ,,102849,102849,102849170700,1,,,,,,0,735,4000,128,734,34000,128
1100,20160112,11, 1,1,       1801 ,,102849,102849,102849270200,1,,,,,,0,735,3000,128,734,34000,128
1100,20160112,11, 1,1,       1801 ,,102849,102849,102849329400,1,,,,,,0,735,1000,128,734,34000,128
1100,20160112,11, 1,1,       1801 ,,102849,102849,102849330700,1,,,,,,0,735,1000,128,734,35000,128
1100,20160112,11, 1,1,       1801 ,,102850,102850,102850054000,1,,,,,,0,735,3000,128,734,35000,128
1100,20160112,11, 1,1,       1801 ,,102850,102850,102850055200,1,,,,,,0,735,3000,128,734,34000,128
1100,20160112,11, 1,1,       1801 ,,102850,102850,102850459200,1,,,,,,0,735,5000,128,734,34000,128
1100,20160112,11, 1,1,       1801 ,,102850,102850,102850460500,1,,,,,,0,735,6000,128,734,34000,128
1100,20160112,11, 1,1,       1801 ,,102851,102851,102851703600,1,,,,,,0,735,6000,128,734,33000,128
1100,20160112,11, 1,1,       1801 ,,102851,102851,102851777000,1,,,,,,0,735,7000,128,734,33000,128
1100,20160112,11, 1,1,       1801 ,,102854,102854,102854435400,1,,,,,,0,735,9000,128,734,33000,128
1100,20160112,11, 1,1,       1801 ,102858,102858,102858,102858068900,1,735,48,0,1000,0,0,735,8000,128,734,32000,128
1100,20160112,11, 1,1,       1801 ,,102900,102900,102900024700,1,,,,,,0,735,8000,128,734,32000,128
1100,20160112,11, 1,1,       1801 ,,102903,102903,102903261500,1,,,,,,0,735,8000,128,734,26000,128
1100,20160112,11, 1,1,       1801 ,102903,102903,102903,102903263100,1,734,16,0,10000,0,0,735,8000,128,734,16000,128
1100,20160112,11, 1,1,       1801 ,102903,102903,102903,102903264900,1,734,16,0,5000,0,0,735,8000,128,734,11000,128
1100,20160112,11, 1,1,       1801 ,102903,102903,102903,102903266700,1,734,16,0,5000,0,0,735,8000,128,734,6000,128
1100,20160112,11, 1,1,       1801 ,102903,102903,102903,102903268500,1,734,16,0,4000,0,0,735,8000,128,734,2000,128
1100,20160112,11, 1,1,       1801 ,,102903,102903,102903270300,1,,,,,,0,735,12000,128,734,2000,128
1100,20160112,11, 1,1,       1801 ,102903,102903,102903,102903271500,1,734,16,0,2000,0,0,735,12000,128,733,68000,128
1100,20160112,11, 1,1,       1801 ,,102903,102903,102903272800,1,,,,,,0,734,2000,128,733,68000,128
1100,20160112,11, 1,1,       1801 ,,102903,102903,102903282200,1,,,,,,0,734,2000,128,733,67000,128
1100,20160112,11, 1,1,       1801 ,,102903,102903,102903284000,1,,,,,,0,734,3000,128,733,67000,128
1100,20160112,11, 1,1,       1801 ,,102903,102903,102903299000,1,,,,,,0,734,3000,128,733,64000,128
1100,20160112,11, 1,1,       1801 ,,102903,102903,102903305300,1,,,,,,0,734,5000,128,733,64000,128
1100,20160112,11, 1,1,       1801 ,,102903,102903,102903312400,1,,,,,,0,734,5000,128,733,60000,128
1100,20160112,11, 1,1,       1801 ,,102903,102903,102903325400,1,,,,,,0,734,5000,128,733,58000,128
1100,20160112,11, 1,1,       1801 ,,102903,102903,102903328700,1,,,,,,0,734,7000,128,733,58000,128
1100,20160112,11, 1,1,       1801 ,,102903,102903,102903330000,1,,,,,,0,734,7000,128,733,57000,128
1100,20160112,11, 1,1,       1801 ,,102903,102903,102903332300,1,,,,,,0,734,8000,128,733,57000,128
1100,20160112,11, 1,1,       1801 ,,102903,102903,102903339000,1,,,,,,0,734,8000,128,733,55000,128
1100,20160112,11, 1,1,       1801 ,,102903,102903,102903341900,1,,,,,,0,734,9000,128,733,55000,128
1100,20160112,11, 1,1,       1801 ,,102903,102903,102903344300,1,,,,,,0,734,9000,128,733,49000,128
1100,20160112,11, 1,1,       1801 ,,102903,102903,102903345400,1,,,,,,0,734,9000,128,733,31000,128
1100,20160112,11, 1,1,       1801 ,,102903,102903,102903357200,1,,,,,,0,734,9000,128,733,25000,128
1100,20160112,11, 1,1,       1801 ,,102903,102903,102903373800,1,,,,,,0,734,9000,128,733,24000,128
1100,20160112,11, 1,1,       1801 ,,102903,102903,102903425400,1,,,,,,0,734,9000,128,733,15000,128
1100,20160112,11, 1,1,       1801 ,102903,102903,102903,102903427700,1,733,16,0,2000,0,0,734,9000,128,733,13000,128
1100,20160112,11, 1,1,       1801 ,102903,102903,102903,102903429800,1,733,16,0,2000,0,0,734,9000,128,733,11000,128
1100,20160112,11, 1,1,       1801 ,,102903,102903,102903431000,1,,,,,,0,734,9000,128,733,15000,128
1100,20160112,11, 1,1,       1801 ,,102903,102903,102903463600,1,,,,,,0,734,11000,128,733,15000,128
1100,20160112,11, 1,1,       1801 ,,102903,102903,102903836700,1,,,,,,0,734,11000,128,733,12000,128
1100,20160112,11, 1,1,       1801 ,,102905,102905,102905337000,1,,,,,,0,734,19000,128,733,12000,128
1100,20160112,11, 1,1,       1801 ,,102905,102905,102905338200,1,,,,,,0,734,19000,128,733,10000,128
1100,20160112,11, 1,1,       1801 ,,102905,102905,102905341400,1,,,,,,0,734,19000,128,733,9000,128
1100,20160112,11, 1,1,       1801 ,,102905,102905,102905681400,1,,,,,,0,734,21000,128,733,9000,128
1100,20160112,11, 1,1,       1801 ,,102905,102905,102905682900,1,,,,,,0,734,21000,128,733,5000,128
1100,20160112,11, 1,1,       1801 ,,102906,102906,102906337900,1,,,,,,0,734,21000,128,733,6000,128
1100,20160112,11, 1,1,       1801 ,,102907,102907,102907604800,1,,,,,,0,734,22000,128,733,6000,128
1100,20160112,11, 1,1,       1801 ,,102907,102907,102907605600,1,,,,,,0,734,23000,128,733,6000,128
1100,20160112,11, 1,1,       1801 ,,102908,102908,102908431800,1,,,,,,0,734,23000,128,733,2000,128
1100,20160112,11, 1,1,       1801 ,102908,102908,102908,102908433200,1,733,16,0,1000,0,0,734,23000,128,733,1000,128
1100,20160112,11, 1,1,       1801 ,,102908,102908,102908434100,1,,,,,,0,734,32000,128,733,1000,128
1100,20160112,11, 1,1,       1801 ,102908,102908,102908,102908434900,1,733,16,0,1000,0,0,734,32000,128,732,52000,128
1100,20160112,11, 1,1,       1801 ,,102908,102908,102908439200,1,,,,,,0,734,32000,128,732,50000,128
1100,20160112,11, 1,1,       1801 ,,102908,102908,102908441500,1,,,,,,0,734,32000,128,732,51000,128
1100,20160112,11, 1,1,       1801 ,,102908,102908,102908443400,1,,,,,,0,734,41000,128,732,51000,128
1100,20160112,11, 1,1,       1801 ,,102908,102908,102908444600,1,,,,,,0,734,41000,128,732,50000,128
1100,20160112,11, 1,1,       1801 ,,102908,102908,102908445300,1,,,,,,0,734,42000,128,732,50000,128
1100,20160112,11, 1,1,       1801 ,,102909,102909,102909249300,1,,,,,,0,734,42000,128,732,51000,128
1100,20160112,11, 1,1,       1801 ,,102909,102909,102909649300,1,,,,,,0,734,41000,128,732,51000,128
1100,20160112,11, 1,1,       1801 ,,102912,102912,102912743200,1,,,,,,0,734,41000,128,733,1000,128
1100,20160112,11, 1,1,       1801 ,,102912,102912,102912746600,1,,,,,,0,734,32000,128,733,1000,128
1100,20160112,11, 1,1,       1801 ,,102912,102912,102912748100,1,,,,,,0,734,32000,128,733,2000,128
1100,20160112,11, 1,1,       1801 ,,102912,102912,102912748800,1,,,,,,0,734,32000,128,733,6000,128
1100,20160112,11, 1,1,       1801 ,,102912,102912,102912763200,1,,,,,,0,734,32000,128,733,5000,128
1100,20160112,11, 1,1,       1801 ,,102912,102912,102912983100,1,,,,,,0,734,32000,128,733,6000,128
1100,20160112,11, 1,1,       1801 ,,102914,102914,102914518700,1,,,,,,0,734,32000,128,733,5000,128
1100,20160112,11, 1,1,       1801 ,,102914,102914,102914520400,1,,,,,,0,734,32000,128,733,8000,128
1100,20160112,11, 1,1,       1801 ,,102919,102919,102919691900,1,,,,,,0,734,32000,128,733,9000,128
1100,20160112,11, 1,1,       1801 ,,102919,102919,102919693400,1,,,,,,0,734,32000,128,733,15000,128
1100,20160112,11, 1,1,       1801 ,,102919,102919,102919694600,1,,,,,,0,734,23000,128,733,15000,128
1100,20160112,11, 1,1,       1801 ,,102924,102924,102924227000,1,,,,,,0,734,22000,128,733,15000,128
1100,20160112,11, 1,1,       1801 ,,102924,102924,102924228700,1,,,,,,0,734,22000,128,733,19000,128
1100,20160112,11, 1,1,       1801 ,,102924,102924,102924230500,1,,,,,,0,734,20000,128,733,19000,128
1100,20160112,11, 1,1,       1801 ,,102925,102925,102925283400,1,,,,,,0,734,22000,128,733,19000,128
1100,20160112,11, 1,1,       1801 ,,102935,102935,102935146100,1,,,,,,0,734,23000,128,733,19000,128
1100,20160112,11, 1,1,       1801 ,,102935,102935,102935147300,1,,,,,,0,734,23000,128,733,15000,128
1100,20160112,11, 1,1,       1801 ,102935,102935,102935,102935437100,1,733,16,0,2000,0,0,734,23000,128,733,13000,128
1100,20160112,11, 1,1,       1801 ,,102935,102935,102935439200,1,,,,,,0,734,32000,128,733,13000,128
1100,20160112,11, 1,1,       1801 ,,102935,102935,102935440500,1,,,,,,0,734,32000,128,733,7000,128
1100,20160112,11, 1,1,       1801 ,,102935,102935,102935441200,1,,,,,,0,734,35000,128,733,7000,128
1100,20160112,11, 1,1,       1801 ,,102935,102935,102935441900,1,,,,,,0,734,35000,128,733,4000,128
1100,20160112,11, 1,1,       1801 ,,102935,102935,102935443100,1,,,,,,0,734,36000,128,733,4000,128
1100,20160112,11, 1,1,       1801 ,102935,102935,102935,102935443800,1,733,16,0,1000,0,0,734,36000,128,733,3000,128
1100,20160112,11, 1,1,       1801 ,,102935,102935,102935649400,1,,,,,,0,734,35000,128,733,3000,128
1100,20160112,11, 1,1,       1801 ,,102936,102936,102936533000,1,,,,,,0,734,36000,128,733,3000,128
1100,20160112,11, 1,1,       1801 ,,102937,102937,102937163400,1,,,,,,0,734,37000,128,733,3000,128
1100,20160112,11, 1,1,       1801 ,,102937,102937,102937168500,1,,,,,,0,734,38000,128,733,3000,128
1100,20160112,11, 1,1,       1801 ,102938,102938,102938,102938581600,1,733,16,0,2000,0,0,734,38000,128,733,1000,128
1100,20160112,11, 1,1,       1801 ,102938,102938,102938,102938584800,1,733,16,0,1000,0,0,734,38000,128,732,47000,128
1100,20160112,11, 1,1,       1801 ,,102938,102938,102938589400,1,,,,,,0,733,1000,128,732,47000,128
1100,20160112,11, 1,1,       1801 ,,102938,102938,102938591000,1,,,,,,0,733,2000,128,732,47000,128
1100,20160112,11, 1,1,       1801 ,,102938,102938,102938598300,1,,,,,,0,733,2000,128,732,46000,128
1100,20160112,11, 1,1,       1801 ,,102938,102938,102938599600,1,,,,,,0,733,4000,128,732,46000,128
1100,20160112,11, 1,1,       1801 ,,102938,102938,102938601600,1,,,,,,0,733,6000,128,732,46000,128
1100,20160112,11, 1,1,       1801 ,,102938,102938,102938602400,1,,,,,,0,733,6000,128,732,44000,128
1100,20160112,11, 1,1,       1801 ,,102938,102938,102938603300,1,,,,,,0,733,6000,128,732,40000,128
1100,20160112,11, 1,1,       1801 ,,102938,102938,102938605800,1,,,,,,0,733,6000,128,732,39000,128
1100,20160112,11, 1,1,       1801 ,,102938,102938,102938608400,1,,,,,,0,733,8000,128,732,39000,128
1100,20160112,11, 1,1,       1801 ,,102938,102938,102938609200,1,,,,,,0,733,8000,128,732,37000,128
1100,20160112,11, 1,1,       1801 ,,102938,102938,102938610000,1,,,,,,0,733,9000,128,732,37000,128
1100,20160112,11, 1,1,       1801 ,,102938,102938,102938614400,1,,,,,,0,733,10000,128,732,37000,128
1100,20160112,11, 1,1,       1801 ,,102938,102938,102938615300,1,,,,,,0,733,10000,128,732,31000,128
1100,20160112,11, 1,1,       1801 ,,102938,102938,102938616200,1,,,,,,0,733,10000,128,732,30000,128
1100,20160112,11, 1,1,       1801 ,,102938,102938,102938621400,1,,,,,,0,733,10000,128,732,26000,128
1100,20160112,11, 1,1,       1801 ,,102938,102938,102938632500,1,,,,,,0,733,8000,128,732,26000,128
1100,20160112,11, 1,1,       1801 ,,102938,102938,102938633400,1,,,,,,0,733,8000,128,732,25000,128
1100,20160112,11, 1,1,       1801 ,,102938,102938,102938640200,1,,,,,,0,733,8000,128,732,27000,128
1100,20160112,11, 1,1,       1801 ,,102938,102938,102938682700,1,,,,,,0,733,10000,128,732,27000,128
1100,20160112,11, 1,1,       1801 ,,102938,102938,102938684800,1,,,,,,0,733,8000,128,732,27000,128
1100,20160112,11, 1,1,       1801 ,,102938,102938,102938719800,1,,,,,,0,733,9000,128,732,27000,128
1100,20160112,11, 1,1,       1801 ,,102938,102938,102938721200,1,,,,,,0,733,10000,128,732,27000,128
1100,20160112,11, 1,1,       1801 ,,102938,102938,102938722300,1,,,,,,0,733,11000,128,732,27000,128
1100,20160112,11, 1,1,       1801 ,,102938,102938,102938724300,1,,,,,,0,733,13000,128,732,27000,128
1100,20160112,11, 1,1,       1801 ,,102938,102938,102938726300,1,,,,,,0,733,11000,128,732,27000,128
1100,20160112,11, 1,1,       1801 ,,102938,102938,102938743700,1,,,,,,0,733,13000,128,732,27000,128
1100,20160112,11, 1,1,       1801 ,,102938,102938,102938886500,1,,,,,,0,733,13000,128,732,24000,128
1100,20160112,11, 1,1,       1801 ,,102940,102940,102940958500,1,,,,,,0,733,13000,128,732,22000,128
1100,20160112,11, 1,1,       1801 ,,102940,102940,102940960700,1,,,,,,0,733,13000,128,732,24000,128
1100,20160112,11, 1,1,       1801 ,,102941,102941,102941002900,1,,,,,,0,733,15000,128,732,24000,128
1100,20160112,11, 1,1,       1801 ,,102941,102941,102941466200,1,,,,,,0,733,15000,128,732,15000,128
1100,20160112,11, 1,1,       1801 ,,102941,102941,102941467800,1,,,,,,0,733,15000,128,732,11000,128
1100,20160112,11, 1,1,       1801 ,,102944,102944,102944830500,1,,,,,,0,733,15000,128,732,9000,128
1100,20160112,11, 1,1,       1801 ,,102944,102944,102944832100,1,,,,,,0,733,21000,128,732,9000,128
1100,20160112,11, 1,1,       1801 ,,102944,102944,102944833300,1,,,,,,0,733,21000,128,732,6000,128
1100,20160112,11, 1,1,       1801 ,,102944,102944,102944834000,1,,,,,,0,733,24000,128,732,6000,128
1100,20160112,11, 1,1,       1801 ,,102944,102944,102944929200,1,,,,,,0,733,24000,128,732,8000,128
1100,20160112,11, 1,1,       1801 ,,102944,102944,102944958600,1,,,,,,0,733,25000,128,732,8000,128
1100,20160112,11, 1,1,       1801 ,,102944,102944,102944959300,1,,,,,,0,733,26000,128,732,8000,128
1100,20160112,11, 1,1,       1801 ,,102944,102944,102944960100,1,,,,,,0,733,27000,128,732,8000,128
1100,20160112,11, 1,1,       1801 ,102945,102945,102945,102945568200,1,733,48,0,1000,0,0,733,26000,128,732,8000,128
1100,20160112,11, 1,1,       1801 ,,102946,102946,102946980100,1,,,,,,0,733,26000,128,732,9000,128
1100,20160112,11, 1,1,       1801 ,,102946,102946,102946983100,1,,,,,,0,733,25000,128,732,9000,128
1100,20160112,11, 1,1,       1801 ,,102947,102947,102947018400,1,,,,,,0,733,25000,128,732,10000,128
1100,20160112,11, 1,1,       1801 ,102948,102948,102948,102948406600,1,733,48,0,2000,0,0,733,23000,128,732,10000,128
1100,20160112,11, 1,1,       1801 ,,102948,102948,102948408300,1,,,,,,0,733,17000,128,732,10000,128
1100,20160112,11, 1,1,       1801 ,,102949,102949,102949233200,1,,,,,,0,733,16000,128,732,10000,128
1100,20160112,11, 1,1,       1801 ,,102949,102949,102949234100,1,,,,,,0,733,15000,128,732,10000,128
1100,20160112,11, 1,1,       1801 ,,102949,102949,102949394800,1,,,,,,0,733,15000,128,732,9000,128
1100,20160112,11, 1,1,       1801 ,,102949,102949,102949404200,1,,,,,,0,733,16000,128,732,9000,128
1100,20160112,11, 1,1,       1801 ,,102949,102949,102949410600,1,,,,,,0,733,16000,128,732,8000,128
1100,20160112,11, 1,1,       1801 ,,102951,102951,102951836500,1,,,,,,0,733,17000,128,732,8000,128
1100,20160112,11, 1,1,       1801 ,,102952,102952,102952090000,1,,,,,,0,733,17000,128,732,6000,128
1100,20160112,11, 1,1,       1801 ,,102952,102952,102952091200,1,,,,,,0,733,19000,128,732,6000,128
1100,20160112,11, 1,1,       1801 ,,102952,102952,102952985900,1,,,,,,0,733,20000,128,732,6000,128
1100,20160112,11, 1,1,       1801 ,,102952,102952,102952986700,1,,,,,,0,733,21000,128,732,6000,128
1100,20160112,11, 1,1,       1801 ,,102956,102956,102956230600,1,,,,,,0,733,20000,128,732,6000,128
1100,20160112,11, 1,1,       1801 ,,102956,102956,102956232200,1,,,,,,0,733,26000,128,732,6000,128
1100,20160112,11, 1,1,       1801 ,102957,102957,102957,102957632500,1,733,48,0,2000,0,0,733,24000,128,732,6000,128
1100,20160112,11, 1,1,       1801 ,,102957,102957,102957634900,1,,,,,,0,733,24000,128,732,6000,128
1100,20160112,11, 1,1,       1801 ,103001,103001,103001,103001319400,1,732,16,0,6000,0,0,733,24000,128,731,87000,128
1100,20160112,11, 1,1,       1801 ,,103001,103001,103001321100,1,,,,,,0,733,24000,128,731,83000,128
1100,20160112,11, 1,1,       1801 ,,103001,103001,103001323800,1,,,,,,0,733,24000,128,731,84000,128
1100,20160112,11, 1,1,       1801 ,,103001,103001,103001325800,1,,,,,,0,732,1000,128,731,84000,128
1100,20160112,11, 1,1,       1801 ,,103001,103001,103001327300,1,,,,,,0,732,1000,128,731,86000,128
1100,20160112,11, 1,1,       1801 ,,103001,103001,103001328800,1,,,,,,0,732,1000,128,731,84000,128
1100,20160112,11, 1,1,       1801 ,,103001,103001,103001332300,1,,,,,,0,732,1000,128,731,81000,128
1100,20160112,11, 1,1,       1801 ,,103001,103001,103001339100,1,,,,,,0,732,1000,128,731,79000,128
1100,20160112,11, 1,1,       1801 ,,103001,103001,103001349100,1,,,,,,0,732,1000,128,731,75000,128
1100,20160112,11, 1,1,       1801 ,,103001,103001,103001374500,1,,,,,,0,732,1000,128,731,58000,128
1100,20160112,11, 1,1,       1801 ,,103001,103001,103001375700,1,,,,,,0,732,1000,128,731,57000,128
1100,20160112,11, 1,1,       1801 ,,103001,103001,103001376400,1,,,,,,0,732,2000,128,731,57000,128
1100,20160112,11, 1,1,       1801 ,,103001,103001,103001377000,1,,,,,,0,732,4000,128,731,57000,128
1100,20160112,11, 1,1,       1801 ,,103001,103001,103001377700,1,,,,,,0,732,4000,128,731,49000,128
1100,20160112,11, 1,1,       1801 ,,103001,103001,103001385800,1,,,,,,0,732,5000,128,731,49000,128
1100,20160112,11, 1,1,       1801 ,,103001,103001,103001387300,1,,,,,,0,732,6000,128,731,49000,128
1100,20160112,11, 1,1,       1801 ,103001,103001,103001,103001388000,1,731,16,0,1000,0,0,732,6000,128,731,48000,128
1100,20160112,11, 1,1,       1801 ,,103001,103001,103001389200,1,,,,,,0,732,6000,128,731,48000,128
1100,20160112,11, 1,1,       1801 ,,103001,103001,103001391100,1,,,,,,0,732,6000,128,731,47000,128
1100,20160112,11, 1,1,       1801 ,,103001,103001,103001797900,1,,,,,,0,732,8000,128,731,47000,128
1100,20160112,11, 1,1,       1801 ,103002,103002,103002,103002329700,1,731,16,0,1000,0,0,732,8000,128,731,46000,128
1100,20160112,11, 1,1,       1801 ,,103002,103002,103002333600,1,,,,,,0,732,8000,128,731,46000,128
1100,20160112,11, 1,1,       1801 ,,103002,103002,103002928800,1,,,,,,0,732,8000,128,731,47000,128
1100,20160112,11, 1,1,       1801 ,103002,103002,103002,103002951700,1,731,16,0,8000,0,0,732,8000,128,731,39000,128
1100,20160112,11, 1,1,       1801 ,,103002,103002,103002954600,1,,,,,,0,732,8000,128,731,35000,128
1100,20160112,11, 1,1,       1801 ,,103004,103004,103004472200,1,,,,,,0,732,8000,128,731,33000,128
1100,20160112,11, 1,1,       1801 ,,103004,103004,103004609700,1,,,,,,0,732,8000,128,731,27000,128
1100,20160112,11, 1,1,       1801 ,,103004,103004,103004694200,1,,,,,,0,732,9000,128,731,27000,128
1100,20160112,11, 1,1,       1801 ,,103004,103004,103004822400,1,,,,,,0,732,8000,128,731,27000,128
1100,20160112,11, 1,1,       1801 ,,103004,103004,103004852100,1,,,,,,0,732,8000,128,731,29000,128
1100,20160112,11, 1,1,       1801 ,,103006,103006,103006374100,1,,,,,,0,732,9000,128,731,29000,128
1100,20160112,11, 1,1,       1801 ,,103006,103006,103006843500,1,,,,,,0,732,8000,128,731,29000,128
1100,20160112,11, 1,1,       1801 ,,103006,103006,103006980400,1,,,,,,0,732,9000,128,731,29000,128
1100,20160112,11, 1,1,       1801 ,,103007,103007,103007380800,1,,,,,,0,732,10000,128,731,29000,128
1100,20160112,11, 1,1,       1801 ,,103007,103007,103007382600,1,,,,,,0,732,14000,128,731,29000,128
1100,20160112,11, 1,1,       1801 ,,103007,103007,103007384500,1,,,,,,0,732,16000,128,731,29000,128
1100,20160112,11, 1,1,       1801 ,,103007,103007,103007572800,1,,,,,,0,732,16000,128,731,28000,128
1100,20160112,11, 1,1,       1801 ,,103009,103009,103009855100,1,,,,,,0,732,16000,128,731,26000,128
1100,20160112,11, 1,1,       1801 ,,103009,103009,103009855800,1,,,,,,0,732,15000,128,731,26000,128
1100,20160112,11, 1,1,       1801 ,,103009,103009,103009916100,1,,,,,,0,732,17000,128,731,26000,128
1100,20160112,11, 1,1,       1801 ,,103012,103012,103012053400,1,,,,,,0,732,17000,128,731,27000,128
1100,20160112,11, 1,1,       1801 ,,103012,103012,103012993000,1,,,,,,0,732,15000,128,731,27000,128
1100,20160112,11, 1,1,       1801 ,,103013,103013,103013208500,1,,,,,,0,732,14000,128,731,27000,128
1100,20160112,11, 1,1,       1801 ,,103014,103014,103014131400,1,,,,,,0,732,14000,128,731,28000,128
1100,20160112,11, 1,1,       1801 ,,103014,103014,103014233000,1,,,,,,0,732,13000,128,731,28000,128
1100,20160112,11, 1,1,       1801 ,,103014,103014,103014459000,1,,,,,,0,732,13000,128,731,29000,128
1100,20160112,11, 1,1,       1801 ,,103014,103014,103014460900,1,,,,,,0,732,11000,128,731,29000,128
1100,20160112,11, 1,1,       1801 ,,103014,103014,103014978500,1,,,,,,0,732,11000,128,731,31000,128
1100,20160112,11, 1,1,       1801 ,,103014,103014,103014979900,1,,,,,,0,732,11000,128,731,34000,128
1100,20160112,11, 1,1,       1801 ,,103014,103014,103014981100,1,,,,,,0,732,7000,128,731,34000,128
1100,20160112,11, 1,1,       1801 ,103014,103014,103014,103014982400,1,732,48,0,1000,0,0,732,6000,128,731,34000,128
1100,20160112,11, 1,1,       1801 ,,103014,103014,103014983400,1,,,,,,0,732,6000,128,731,35000,128
1100,20160112,11, 1,1,       1801 ,,103014,103014,103014984000,1,,,,,,0,732,4000,128,731,35000,128
1100,20160112,11, 1,1,       1801 ,,103014,103014,103014984800,1,,,,,,0,732,3000,128,731,35000,128
1100,20160112,11, 1,1,       1801 ,,103014,103014,103014985500,1,,,,,,0,732,3000,128,731,38000,128
1100,20160112,11, 1,1,       1801 ,,103014,103014,103014987300,1,,,,,,0,732,3000,128,731,44000,128
1100,20160112,11, 1,1,       1801 ,103015,103015,103015,103015081100,1,732,48,0,2000,0,0,732,1000,128,731,44000,128
1100,20160112,11, 1,1,       1801 ,103015,103015,103015,103015082100,1,732,48,0,1000,0,0,733,42000,128,731,44000,128
1100,20160112,11, 1,1,       1801 ,,103015,103015,103015086300,1,,,,,,0,733,42000,128,732,1000,128
1100,20160112,11, 1,1,       1801 ,,103015,103015,103015088800,1,,,,,,0,733,42000,128,732,2000,128
1100,20160112,11, 1,1,       1801 ,,103015,103015,103015090200,1,,,,,,0,733,42000,128,732,3000,128
1100,20160112,11, 1,1,       1801 ,,103015,103015,103015091600,1,,,,,,0,733,36000,128,732,3000,128
1100,20160112,11, 1,1,       1801 ,,103015,103015,103015092300,1,,,,,,0,733,38000,128,732,3000,128
1100,20160112,11, 1,1,       1801 ,,103015,103015,103015095500,1,,,,,,0,733,36000,128,732,3000,128
1100,20160112,11, 1,1,       1801 ,,103015,103015,103015097800,1,,,,,,0,733,32000,128,732,3000,128
1100,20160112,11, 1,1,       1801 ,,103015,103015,103015098600,1,,,,,,0,733,32000,128,732,5000,128
1100,20160112,11, 1,1,       1801 ,,103015,103015,103015099300,1,,,,,,0,733,31000,128,732,5000,128
1100,20160112,11, 1,1,       1801 ,,103015,103015,103015100800,1,,,,,,0,733,31000,128,732,8000,128
1100,20160112,11, 1,1,       1801 ,,103015,103015,103015149100,1,,,,,,0,733,32000,128,732,8000,128
1100,20160112,11, 1,1,       1801 ,,103015,103015,103015149800,1,,,,,,0,733,33000,128,732,8000,128
1100,20160112,11, 1,1,       1801 ,,103015,103015,103015150600,1,,,,,,0,733,34000,128,732,8000,128
1100,20160112,11, 1,1,       1801 ,,103015,103015,103015151500,1,,,,,,0,733,35000,128,732,8000,128
1100,20160112,11, 1,1,       1801 ,,103015,103015,103015856400,1,,,,,,0,733,35000,128,732,9000,128
1100,20160112,11, 1,1,       1801 ,,103016,103016,103016436800,1,,,,,,0,733,41000,128,732,9000,128
1100,20160112,11, 1,1,       1801 ,,103017,103017,103017341700,1,,,,,,0,733,41000,128,732,8000,128
1100,20160112,11, 1,1,       1801 ,103017,103017,103017,103017974100,1,732,16,0,8000,0,0,732,2000,128,731,55000,128
1100,20160112,11, 1,1,       1801 ,,103017,103017,103017975800,1,,,,,,0,732,2000,128,731,53000,128
1100,20160112,11, 1,1,       1801 ,,103017,103017,103017978900,1,,,,,,0,732,4000,128,731,53000,128
1100,20160112,11, 1,1,       1801 ,,103017,103017,103017980800,1,,,,,,0,732,4000,128,731,51000,128
1100,20160112,11, 1,1,       1801 ,,103017,103017,103017982800,1,,,,,,0,732,4000,128,731,42000,128
1100,20160112,11, 1,1,       1801 ,,103017,103017,103017984600,1,,,,,,0,732,4000,128,731,41000,128
1100,20160112,11, 1,1,       1801 ,,103018,103018,103018349400,1,,,,,,0,732,4000,128,731,42000,128
1100,20160112,11, 1,1,       1801 ,,103018,103018,103018419900,1,,,,,,0,732,2000,128,731,42000,128
1100,20160112,11, 1,1,       1801 ,103018,103018,103018,103018480800,1,732,48,0,1000,0,0,732,1000,128,731,42000,128
1100,20160112,11, 1,1,       1801 ,,103018,103018,103018504200,1,,,,,,0,732,1000,128,731,42000,128
1100,20160112,11, 1,1,       1801 ,,103019,103019,103019812000,1,,,,,,0,732,1000,128,731,46000,128
1100,20160112,11, 1,1,       1801 ,103019,103019,103019,103019813500,1,732,48,0,1000,0,0,733,44000,128,731,46000,128
1100,20160112,11, 1,1,       1801 ,,103019,103019,103019815400,1,,,,,,0,733,44000,128,731,46000,128
1100,20160112,11, 1,1,       1801 ,,103019,103019,103019816700,1,,,,,,0,733,44000,128,731,55000,128
1100,20160112,11, 1,1,       1801 ,,103020,103020,103020631700,1,,,,,,0,733,44000,128,731,56000,128
1100,20160112,11, 1,1,       1801 ,,103021,103021,103021448300,1,,,,,,0,733,38000,128,731,56000,128
1100,20160112,11, 1,1,       1801 ,103022,103022,103022,103022601000,1,731,16,0,1000,0,0,733,38000,128,731,55000,128
1100,20160112,11, 1,1,       1801 ,,103026,103026,103026260800,1,,,,,,0,733,37000,128,731,55000,128
1100,20160112,11, 1,1,       1801 ,,103028,103028,103028832800,1,,,,,,0,733,37000,128,732,1000,128
1100,20160112,11, 1,1,       1801 ,,103028,103028,103028836200,1,,,,,,0,733,35000,128,732,1000,128
1100,20160112,11, 1,1,       1801 ,,103028,103028,103028838300,1,,,,,,0,733,35000,128,732,3000,128
1100,20160112,11, 1,1,       1801 ,,103028,103028,103028838900,1,,,,,,0,733,35000,128,732,4000,128
1100,20160112,11, 1,1,       1801 ,,103028,103028,103028839700,1,,,,,,0,733,32000,128,732,4000,128
1100,20160112,11, 1,1,       1801 ,,103028,103028,103028840400,1,,,,,,0,733,26000,128,732,4000,128
1100,20160112,11, 1,1,       1801 ,,103028,103028,103028841100,1,,,,,,0,733,26000,128,732,8000,128
1100,20160112,11, 1,1,       1801 ,,103028,103028,103028841800,1,,,,,,0,733,22000,128,732,8000,128
1100,20160112,11, 1,1,       1801 ,,103028,103028,103028842600,1,,,,,,0,733,20000,128,732,8000,128
1100,20160112,11, 1,1,       1801 ,,103028,103028,103028843300,1,,,,,,0,733,20000,128,732,10000,128
1100,20160112,11, 1,1,       1801 ,,103028,103028,103028844100,1,,,,,,0,733,11000,128,732,10000,128
1100,20160112,11, 1,1,       1801 ,,103028,103028,103028844800,1,,,,,,0,733,9000,128,732,10000,128
1100,20160112,11, 1,1,       1801 ,,103028,103028,103028845500,1,,,,,,0,733,9000,128,732,13000,128
1100,20160112,11, 1,1,       1801 ,,103028,103028,103028846200,1,,,,,,0,733,9000,128,732,14000,128
1100,20160112,11, 1,1,       1801 ,,103028,103028,103028861900,1,,,,,,0,733,9000,128,732,13000,128
1100,20160112,11, 1,1,       1801 ,,103028,103028,103028874300,1,,,,,,0,733,9000,128,732,14000,128
1100,20160112,11, 1,1,       1801 ,,103031,103031,103031375800,1,,,,,,0,733,11000,128,732,14000,128
1100,20160112,11, 1,1,       1801 ,,103031,103031,103031376800,1,,,,,,0,733,11000,128,732,12000,128
1100,20160112,11, 1,1,       1801 ,,103031,103031,103031400600,1,,,,,,0,733,11000,128,732,13000,128
1100,20160112,11, 1,1,       1801 ,,103031,103031,103031971200,1,,,,,,0,733,9000,128,732,13000,128
1100,20160112,11, 1,1,       1801 ,,103031,103031,103031980400,1,,,,,,0,733,9000,128,732,15000,128
1100,20160112,11, 1,1,       1801 ,,103032,103032,103032028100,1,,,,,,0,733,8000,128,732,15000,128
1100,20160112,11, 1,1,       1801 ,,103032,103032,103032029000,1,,,,,,0,733,7000,128,732,15000,128
1100,20160112,11, 1,1,       1801 ,,103034,103034,103034159600,1,,,,,,0,733,7000,128,732,16000,128
1100,20160112,11, 1,1,       1801 ,,103034,103034,103034161100,1,,,,,,0,733,7000,128,732,22000,128
1100,20160112,11, 1,1,       1801 ,,103035,103035,103035885300,1,,,,,,0,733,8000,128,732,22000,128
1100,20160112,11, 1,1,       1801 ,,103039,103039,103039246900,1,,,,,,0,733,7000,128,732,22000,128
1100,20160112,11, 1,1,       1801 ,103039,103039,103039,103039248500,1,733,48,0,5000,0,0,733,2000,128,732,22000,128
1100,20160112,11, 1,1,       1801 ,103039,103039,103039,103039250500,1,733,48,0,2000,0,0,734,71000,128,732,22000,128
1100,20160112,11, 1,1,       1801 ,,103039,103039,103039251300,1,,,,,,0,734,71000,128,732,22000,128
1100,20160112,11, 1,1,       1801 ,,103039,103039,103039255400,1,,,,,,0,734,71000,128,732,26000,128
1100,20160112,11, 1,1,       1801 ,,103039,103039,103039256500,1,,,,,,0,734,71000,128,733,1000,128
1100,20160112,11, 1,1,       1801 ,,103039,103039,103039259100,1,,,,,,0,734,71000,128,733,3000,128
1100,20160112,11, 1,1,       1801 ,,103039,103039,103039261700,1,,,,,,0,734,65000,128,733,3000,128
1100,20160112,11, 1,1,       1801 ,,103039,103039,103039263100,1,,,,,,0,734,67000,128,733,3000,128
1100,20160112,11, 1,1,       1801 ,,103039,103039,103039265100,1,,,,,,0,734,68000,128,733,3000,128
1100,20160112,11, 1,1,       1801 ,,103039,103039,103039265800,1,,,,,,0,734,67000,128,733,3000,128
1100,20160112,11, 1,1,       1801 ,,103039,103039,103039267200,1,,,,,,0,734,65000,128,733,3000,128
1100,20160112,11, 1,1,       1801 ,,103039,103039,103039269900,1,,,,,,0,734,65000,128,733,5000,128
1100,20160112,11, 1,1,       1801 ,,103039,103039,103039270600,1,,,,,,0,734,65000,128,733,7000,128
1100,20160112,11, 1,1,       1801 ,,103039,103039,103039271300,1,,,,,,0,734,65000,128,733,8000,128
1100,20160112,11, 1,1,       1801 ,,103039,103039,103039274100,1,,,,,,0,734,61000,128,733,8000,128
1100,20160112,11, 1,1,       1801 ,,103039,103039,103039276800,1,,,,,,0,734,61000,128,733,10000,128
1100,20160112,11, 1,1,       1801 ,,103039,103039,103039279400,1,,,,,,0,734,60000,128,733,10000,128
1100,20160112,11, 1,1,       1801 ,,103039,103039,103039281000,1,,,,,,0,734,43000,128,733,10000,128
1100,20160112,11, 1,1,       1801 ,,103039,103039,103039282900,1,,,,,,0,734,43000,128,733,13000,128
1100,20160112,11, 1,1,       1801 ,,103039,103039,103039474500,1,,,,,,0,734,43000,128,733,12000,128
1100,20160112,11, 1,1,       1801 ,,103040,103040,103040297500,1,,,,,,0,734,44000,128,733,12000,128
1100,20160112,11, 1,1,       1801 ,,103040,103040,103040361300,1,,,,,,0,734,44000,128,733,10000,128
1100,20160112,11, 1,1,       1801 ,,103041,103041,103041114000,1,,,,,,0,734,43000,128,733,10000,128
1100,20160112,11, 1,1,       1801 ,,103041,103041,103041118000,1,,,,,,0,734,43000,128,733,12000,128
1100,20160112,11, 1,1,       1801 ,,103041,103041,103041125800,1,,,,,,0,734,43000,128,733,10000,128
1100,20160112,11, 1,1,       1801 ,,103041,103041,103041143000,1,,,,,,0,734,43000,128,733,11000,128
1100,20160112,11, 1,1,       1801 ,,103042,103042,103042496900,1,,,,,,0,734,34000,128,733,11000,128
1100,20160112,11, 1,1,       1801 ,,103042,103042,103042498400,1,,,,,,0,734,30000,128,733,11000,128
1100,20160112,11, 1,1,       1801 ,,103042,103042,103042499100,1,,,,,,0,734,29000,128,733,11000,128
1100,20160112,11, 1,1,       1801 ,,103044,103044,103044298800,1,,,,,,0,734,29000,128,733,9000,128
1100,20160112,11, 1,1,       1801 ,,103044,103044,103044811300,1,,,,,,0,734,29000,128,733,10000,128
1100,20160112,11, 1,1,       1801 ,,103046,103046,103046493800,1,,,,,,0,734,36000,128,733,10000,128
1100,20160112,11, 1,1,       1801 ,,103046,103046,103046496300,1,,,,,,0,734,36000,128,733,9000,128
1100,20160112,11, 1,1,       1801 ,,103046,103046,103046825900,1,,,,,,0,734,36000,128,733,10000,128
1100,20160112,11, 1,1,       1801 ,,103047,103047,103047717500,1,,,,,,0,734,36000,128,733,9000,128
1100,20160112,11, 1,1,       1801 ,103050,103050,103050,103050815200,1,734,48,0,1000,0,0,734,35000,128,733,9000,128
1100,20160112,11, 1,1,       1801 ,,103050,103050,103050900600,1,,,,,,0,734,35000,128,733,10000,128
1100,20160112,11, 1,1,       1801 ,,103052,103052,103052530800,1,,,,,,0,734,35000,128,733,12000,128
1100,20160112,11, 1,1,       1801 ,,103052,103052,103052533200,1,,,,,,0,734,33000,128,733,12000,128
1100,20160112,11, 1,1,       1801 ,,103052,103052,103052533900,1,,,,,,0,734,33000,128,733,16000,128
1100,20160112,11, 1,1,       1801 ,,103052,103052,103052535700,1,,,,,,0,734,30000,128,733,16000,128
1100,20160112,11, 1,1,       1801 ,,103052,103052,103052536600,1,,,,,,0,734,21000,128,733,16000,128
1100,20160112,11, 1,1,       1801 ,,103052,103052,103052538000,1,,,,,,0,734,19000,128,733,16000,128
1100,20160112,11, 1,1,       1801 ,,103052,103052,103052538800,1,,,,,,0,734,18000,128,733,16000,128
1100,20160112,11, 1,1,       1801 ,,103052,103052,103052539600,1,,,,,,0,734,18000,128,733,19000,128
1100,20160112,11, 1,1,       1801 ,,103052,103052,103052541500,1,,,,,,0,734,16000,128,733,19000,128
1100,20160112,11, 1,1,       1801 ,103052,103052,103052,103052547700,1,734,48,0,16000,0,0,735,57000,128,733,19000,128
1100,20160112,11, 1,1,       1801 ,,103052,103052,103052548800,1,,,,,,0,735,57000,128,734,1000,128
1100,20160112,11, 1,1,       1801 ,,103052,103052,103052549800,1,,,,,,0,735,57000,128,734,3000,128
1100,20160112,11, 1,1,       1801 ,,103052,103052,103052553800,1,,,,,,0,735,54000,128,734,3000,128
1100,20160112,11, 1,1,       1801 ,,103052,103052,103052556200,1,,,,,,0,735,54000,128,734,5000,128
1100,20160112,11, 1,1,       1801 ,,103052,103052,103052557100,1,,,,,,0,735,53000,128,734,5000,128
1100,20160112,11, 1,1,       1801 ,,103052,103052,103052558100,1,,,,,,0,735,53000,128,734,8000,128
1100,20160112,11, 1,1,       1801 ,,103052,103052,103052560200,1,,,,,,0,735,47000,128,734,8000,128
1100,20160112,11, 1,1,       1801 ,,103052,103052,103052561100,1,,,,,,0,735,47000,128,734,9000,128
1100,20160112,11, 1,1,       1801 ,,103052,103052,103052563300,1,,,,,,0,735,45000,128,734,9000,128
1100,20160112,11, 1,1,       1801 ,,103052,103052,103052564300,1,,,,,,0,735,45000,128,734,10000,128
1100,20160112,11, 1,1,       1801 ,,103052,103052,103052565200,1,,,,,,0,735,44000,128,734,10000,128
1100,20160112,11, 1,1,       1801 ,,103052,103052,103052566700,1,,,,,,0,735,46000,128,734,10000,128
1100,20160112,11, 1,1,       1801 ,,103052,103052,103052567500,1,,,,,,0,735,40000,128,734,10000,128
1100,20160112,11, 1,1,       1801 ,,103052,103052,103052573500,1,,,,,,0,735,39000,128,734,10000,128
1100,20160112,11, 1,1,       1801 ,,103052,103052,103052611900,1,,,,,,0,735,36000,128,734,10000,128
1100,20160112,11, 1,1,       1801 ,,103053,103053,103053151700,1,,,,,,0,735,36000,128,734,9000,128
1100,20160112,11, 1,1,       1801 ,,103053,103053,103053290800,1,,,,,,0,735,36000,128,734,10000,128
1100,20160112,11, 1,1,       1801 ,,103053,103053,103053471300,1,,,,,,0,735,36000,128,734,9000,128
1100,20160112,11, 1,1,       1801 ,,103054,103054,103054642700,1,,,,,,0,735,37000,128,734,9000,128
1100,20160112,11, 1,1,       1801 ,,103055,103055,103055079500,1,,,,,,0,735,37000,128,734,8000,128
1100,20160112,11, 1,1,       1801 ,,103056,103056,103056280800,1,,,,,,0,735,37000,128,734,6000,128
1100,20160112,11, 1,1,       1801 ,,103056,103056,103056282100,1,,,,,,0,735,38000,128,734,6000,128
1100,20160112,11, 1,1,       1801 ,,103056,103056,103056460700,1,,,,,,0,735,37000,128,734,6000,128
1100,20160112,11, 1,1,       1801 ,,103058,103058,103058588500,1,,,,,,0,735,37000,128,734,7000,128
1100,20160112,11, 1,1,       1801 ,,103058,103058,103058590100,1,,,,,,0,735,43000,128,734,7000,128
1100,20160112,11, 1,1,       1801 ,,103058,103058,103058591700,1,,,,,,0,735,43000,128,734,4000,128
1100,20160112,11, 1,1,       1801 ,,103058,103058,103058593500,1,,,,,,0,735,44000,128,734,4000,128
1100,20160112,11, 1,1,       1801 ,103100,103100,103100,103100036000,1,734,16,0,2000,0,0,735,44000,128,734,2000,128
1100,20160112,11, 1,1,       1801 ,103100,103100,103100,103100036900,1,734,16,0,2000,0,0,735,44000,128,733,43000,128
1100,20160112,11, 1,1,       1801 ,,103100,103100,103100038600,1,,,,,,0,735,44000,128,733,41000,128
1100,20160112,11, 1,1,       1801 ,,103100,103100,103100039400,1,,,,,,0,735,44000,128,733,39000,128
1100,20160112,11, 1,1,       1801 ,,103100,103100,103100040300,1,,,,,,0,734,6000,128,733,39000,128
1100,20160112,11, 1,1,       1801 ,,103100,103100,103100042500,1,,,,,,0,734,8000,128,733,39000,128
1100,20160112,11, 1,1,       1801 ,,103100,103100,103100045400,1,,,,,,0,734,9000,128,733,39000,128
1100,20160112,11, 1,1,       1801 ,,103100,103100,103100046000,1,,,,,,0,734,9000,128,733,37000,128
1100,20160112,11, 1,1,       1801 ,,103100,103100,103100047400,1,,,,,,0,734,13000,128,733,37000,128
1100,20160112,11, 1,1,       1801 ,,103100,103100,103100048000,1,,,,,,0,734,13000,128,733,36000,128
1100,20160112,11, 1,1,       1801 ,,103100,103100,103100048700,1,,,,,,0,734,14000,128,733,36000,128
1100,20160112,11, 1,1,       1801 ,,103100,103100,103100049400,1,,,,,,0,734,17000,128,733,36000,128
1100,20160112,11, 1,1,       1801 ,,103100,103100,103100050700,1,,,,,,0,734,17000,128,733,32000,128
1100,20160112,11, 1,1,       1801 ,,103100,103100,103100051500,1,,,,,,0,734,19000,128,733,32000,128
1100,20160112,11, 1,1,       1801 ,,103100,103100,103100062100,1,,,,,,0,734,19000,128,733,29000,128
1100,20160112,11, 1,1,       1801 ,,103100,103100,103100171800,1,,,,,,0,734,19000,128,733,20000,128
1100,20160112,11, 1,1,       1801 ,,103100,103100,103100173000,1,,,,,,0,734,19000,128,733,17000,128
1100,20160112,11, 1,1,       1801 ,,103101,103101,103101270400,1,,,,,,0,734,19000,128,733,14000,128
1100,20160112,11, 1,1,       1801 ,,103104,103104,103104012300,1,,,,,,0,734,19000,128,733,12000,128
1100,20160112,11, 1,1,       1801 ,,103104,103104,103104013900,1,,,,,,0,734,19000,128,733,8000,128
1100,20160112,11, 1,1,       1801 ,,103104,103104,103104219500,1,,,,,,0,734,21000,128,733,8000,128
1100,20160112,11, 1,1,       1801 ,,103104,103104,103104221200,1,,,,,,0,734,21000,128,733,7000,128
1100,20160112,11, 1,1,       1801 ,,103105,103105,103105614500,1,,,,,,0,734,21000,128,733,5000,128
1100,20160112,11, 1,1,       1801 ,103106,103106,103106,103106011000,1,733,16,0,2000,0,0,734,21000,128,733,3000,128
1100,20160112,11, 1,1,       1801 ,103106,103106,103106,103106012700,1,733,16,0,3000,0,0,734,21000,128,732,60000,128
1100,20160112,11, 1,1,       1801 ,,103106,103106,103106015400,1,,,,,,0,734,22000,128,732,60000,128
1100,20160112,11, 1,1,       1801 ,,103106,103106,103106016200,1,,,,,,0,733,1000,128,732,60000,128
1100,20160112,11, 1,1,       1801 ,,103106,103106,103106018600,1,,,,,,0,733,1000,128,732,61000,128
1100,20160112,11, 1,1,       1801 ,,103106,103106,103106022300,1,,,,,,0,733,1000,128,732,59000,128
1100,20160112,11, 1,1,       1801 ,,103106,103106,103106023700,1,,,,,,0,733,1000,128,732,53000,128
1100,20160112,11, 1,1,       1801 ,,103106,103106,103106025000,1,,,,,,0,733,2000,128,732,53000,128
1100,20160112,11, 1,1,       1801 ,,103106,103106,103106025700,1,,,,,,0,733,2000,128,732,52000,128
1100,20160112,11, 1,1,       1801 ,,103106,103106,103106036600,1,,,,,,0,733,2000,128,732,49000,128
1100,20160112,11, 1,1,       1801 ,,103106,103106,103106038900,1,,,,,,0,733,2000,128,732,32000,128
1100,20160112,11, 1,1,       1801 ,,103106,103106,103106040100,1,,,,,,0,733,3000,128,732,32000,128
1100,20160112,11, 1,1,       1801 ,,103106,103106,103106040700,1,,,,,,0,733,5000,128,732,32000,128
1100,20160112,11, 1,1,       1801 ,,103106,103106,103106042000,1,,,,,,0,733,9000,128,732,32000,128
1100,20160112,11, 1,1,       1801 ,,103106,103106,103106043300,1,,,,,,0,733,9000,128,732,28000,128
1100,20160112,11, 1,1,       1801 ,,103106,103106,103106044600,1,,,,,,0,733,9000,128,732,24000,128
1100,20160112,11, 1,1,       1801 ,,103106,103106,103106063300,1,,,,,,0,733,9000,128,732,22000,128
1100,20160112,11, 1,1,       1801 ,,103106,103106,103106131700,1,,,,,,0,733,11000,128,732,22000,128
1100,20160112,11, 1,1,       1801 ,,103108,103108,103108831500,1,,,,,,0,733,11000,128,732,18000,128
1100,20160112,11, 1,1,       1801 ,103113,103113,103113,103113433400,1,732,16,0,16000,0,0,733,11000,128,732,2000,128
1100,20160112,11, 1,1,       1801 ,,103113,103113,103113435600,1,,,,,,0,733,11000,128,732,2000,128
1100,20160112,11, 1,1,       1801 ,,103113,103113,103113436500,1,,,,,,0,733,13000,128,732,2000,128
1100,20160112,11, 1,1,       1801 ,,103113,103113,103113437300,1,,,,,,0,733,15000,128,732,2000,128
1100,20160112,11, 1,1,       1801 ,103113,103113,103113,103113438700,1,732,16,0,1000,0,0,733,15000,128,732,1000,128
1100,20160112,11, 1,1,       1801 ,103113,103113,103113,103113439600,1,732,16,0,1000,0,0,733,15000,128,731,63000,128
1100,20160112,11, 1,1,       1801 ,,103113,103113,103113440800,1,,,,,,0,732,1000,128,731,63000,128
1100,20160112,11, 1,1,       1801 ,,103113,103113,103113447000,1,,,,,,0,732,1000,128,731,62000,128
1100,20160112,11, 1,1,       1801 ,,103113,103113,103113450300,1,,,,,,0,732,1000,128,731,60000,128
1100,20160112,11, 1,1,       1801 ,,103113,103113,103113452300,1,,,,,,0,732,1000,128,731,56000,128
1100,20160112,11, 1,1,       1801 ,,103113,103113,103113454600,1,,,,,,0,732,1000,128,731,55000,128
1100,20160112,11, 1,1,       1801 ,103113,103113,103113,103113455300,1,732,48,0,1000,0,0,733,22000,128,731,55000,128
1100,20160112,11, 1,1,       1801 ,,103113,103113,103113456000,1,,,,,,0,733,22000,128,731,53000,128
1100,20160112,11, 1,1,       1801 ,,103113,103113,103113457700,1,,,,,,0,733,24000,128,731,53000,128
1100,20160112,11, 1,1,       1801 ,,103113,103113,103113459200,1,,,,,,0,733,24000,128,731,47000,128
1100,20160112,11, 1,1,       1801 ,,103113,103113,103113459900,1,,,,,,0,733,28000,128,731,47000,128
1100,20160112,11, 1,1,       1801 ,,103113,103113,103113460600,1,,,,,,0,733,28000,128,732,1000,128
1100,20160112,11, 1,1,       1801 ,,103113,103113,103113462700,1,,,,,,0,733,37000,128,732,1000,128
1100,20160112,11, 1,1,       1801 ,,103113,103113,103113464700,1,,,,,,0,733,37000,128,732,7000,128
1100,20160112,11, 1,1,       1801 ,,103113,103113,103113465300,1,,,,,,0,733,35000,128,732,7000,128
1100,20160112,11, 1,1,       1801 ,,103113,103113,103113467200,1,,,,,,0,733,35000,128,732,9000,128
1100,20160112,11, 1,1,       1801 ,,103113,103113,103113470200,1,,,,,,0,733,36000,128,732,9000,128
1100,20160112,11, 1,1,       1801 ,,103113,103113,103113473600,1,,,,,,0,733,36000,128,732,3000,128
1100,20160112,11, 1,1,       1801 ,,103113,103113,103113474300,1,,,,,,0,733,35000,128,732,3000,128
1100,20160112,11, 1,1,       1801 ,,103113,103113,103113521200,1,,,,,,0,733,36000,128,732,3000,128
1100,20160112,11, 1,1,       1801 ,,103113,103113,103113849100,1,,,,,,0,733,35000,128,732,3000,128
1100,20160112,11, 1,1,       1801 ,,103115,103115,103115927900,1,,,,,,0,733,33000,128,732,3000,128
1100,20160112,11, 1,1,       1801 ,103116,103116,103116,103116765200,1,732,16,0,3000,0,0,732,7000,128,731,51000,128
1100,20160112,11, 1,1,       1801 ,,103116,103116,103116767100,1,,,,,,0,732,7000,128,731,51000,128
1100,20160112,11, 1,1,       1801 ,103116,103116,103116,103116772400,1,732,48,0,7000,0,0,733,35000,128,731,51000,128
1100,20160112,11, 1,1,       1801 ,,103116,103116,103116773100,1,,,,,,0,733,35000,128,731,51000,128
1100,20160112,11, 1,1,       1801 ,,103116,103116,103116775500,1,,,,,,0,733,35000,128,731,49000,128
1100,20160112,11, 1,1,       1801 ,,103116,103116,103116776200,1,,,,,,0,732,1000,128,731,49000,128
1100,20160112,11, 1,1,       1801 ,,103116,103116,103116777500,1,,,,,,0,732,1000,128,731,47000,128
1100,20160112,11, 1,1,       1801 ,103116,103116,103116,103116778800,1,732,48,0,1000,0,0,733,35000,128,731,47000,128
1100,20160112,11, 1,1,       1801 ,,103116,103116,103116779600,1,,,,,,0,733,35000,128,732,1000,128
1100,20160112,11, 1,1,       1801 ,,103116,103116,103116780400,1,,,,,,0,733,33000,128,732,1000,128
1100,20160112,11, 1,1,       1801 ,,103116,103116,103116783200,1,,,,,,0,733,31000,128,732,1000,128
1100,20160112,11, 1,1,       1801 ,,103116,103116,103116784000,1,,,,,,0,733,31000,128,732,7000,128
1100,20160112,11, 1,1,       1801 ,,103116,103116,103116796600,1,,,,,,0,733,33000,128,732,7000,128
1100,20160112,11, 1,1,       1801 ,,103120,103120,103120172800,1,,,,,,0,733,34000,128,732,7000,128
1100,20160112,11, 1,1,       1801 ,,103120,103120,103120740700,1,,,,,,0,733,34000,128,732,8000,128
1100,20160112,11, 1,1,       1801 ,,103120,103120,103120742400,1,,,,,,0,733,32000,128,732,8000,128
1100,20160112,11, 1,1,       1801 ,,103120,103120,103120821400,1,,,,,,0,733,32000,128,732,7000,128
1100,20160112,11, 1,1,       1801 ,103121,103121,103121,103121300800,1,732,16,0,7000,0,0,733,32000,128,731,59000,128
1100,20160112,11, 1,1,       1801 ,,103121,103121,103121303200,1,,,,,,0,733,32000,128,731,59000,128
1100,20160112,11, 1,1,       1801 ,,103121,103121,103121304000,1,,,,,,0,733,34000,128,731,59000,128
1100,20160112,11, 1,1,       1801 ,,103121,103121,103121306000,1,,,,,,0,733,34000,128,731,57000,128
1100,20160112,11, 1,1,       1801 ,,103121,103121,103121306600,1,,,,,,0,732,1000,128,731,57000,128
1100,20160112,11, 1,1,       1801 ,,103121,103121,103121308100,1,,,,,,0,732,1000,128,731,55000,128
1100,20160112,11, 1,1,       1801 ,103121,103121,103121,103121310200,1,732,48,0,1000,0,0,733,36000,128,731,55000,128
1100,20160112,11, 1,1,       1801 ,,103121,103121,103121311100,1,,,,,,0,733,36000,128,731,55000,128
1100,20160112,11, 1,1,       1801 ,,103121,103121,103121312000,1,,,,,,0,733,36000,128,732,1000,128
1100,20160112,11, 1,1,       1801 ,,103121,103121,103121313500,1,,,,,,0,733,34000,128,732,1000,128
1100,20160112,11, 1,1,       1801 ,,103121,103121,103121315000,1,,,,,,0,733,32000,128,732,1000,128
1100,20160112,11, 1,1,       1801 ,,103121,103121,103121318200,1,,,,,,0,733,36000,128,732,1000,128
1100,20160112,11, 1,1,       1801 ,,103121,103121,103121320100,1,,,,,,0,733,38000,128,732,1000,128
1100,20160112,11, 1,1,       1801 ,,103121,103121,103121322000,1,,,,,,0,733,38000,128,732,2000,128
1100,20160112,11, 1,1,       1801 ,,103121,103121,103121331700,1,,,,,,0,733,38000,128,732,1000,128
1100,20160112,11, 1,1,       1801 ,,103121,103121,103121336300,1,,,,,,0,733,34000,128,732,1000,128
1100,20160112,11, 1,1,       1801 ,,103125,103125,103125269800,1,,,,,,0,733,34000,128,732,2000,128
1100,20160112,11, 1,1,       1801 ,,103125,103125,103125271400,1,,,,,,0,733,34000,128,732,6000,128
1100,20160112,11, 1,1,       1801 ,,103126,103126,103126408800,1,,,,,,0,733,34000,128,732,5000,128
1100,20160112,11, 1,1,       1801 ,,103126,103126,103126410300,1,,,,,,0,733,34000,128,732,1000,128
1100,20160112,11, 1,1,       1801 ,,103127,103127,103127340800,1,,,,,,0,733,34000,128,732,2000,128
1100,20160112,11, 1,1,       1801 ,,103127,103127,103127567100,1,,,,,,0,733,34000,128,732,1000,128
1100,20160112,11, 1,1,       1801 ,,103128,103128,103128340600,1,,,,,,0,733,34000,128,732,2000,128
1100,20160112,11, 1,1,       1801 ,,103128,103128,103128752300,1,,,,,,0,733,34000,128,732,1000,128
1100,20160112,11, 1,1,       1801 ,103128,103128,103128,103128760500,1,732,16,0,1000,0,0,733,34000,128,731,56000,128
1100,20160112,11, 1,1,       1801 ,,103128,103128,103128762100,1,,,,,,0,733,34000,128,731,54000,128
1100,20160112,11, 1,1,       1801 ,,103128,103128,103128962200,1,,,,,,0,732,5000,128,731,54000,128
1100,20160112,11, 1,1,       1801 ,,103128,103128,103128965200,1,,,,,,0,732,5000,128,731,52000,128
1100,20160112,11, 1,1,       1801 ,,103130,103130,103130015000,1,,,,,,0,732,5000,128,731,51000,128
1100,20160112,11, 1,1,       1801 ,,103130,103130,103130021600,1,,,,,,0,732,5000,128,731,50000,128
1100,20160112,11, 1,1,       1801 ,,103130,103130,103130027500,1,,,,,,0,732,5000,128,731,44000,128
1100,20160112,11, 1,1,       1801 ,,103130,103130,103130040600,1,,,,,,0,732,7000,128,731,44000,128
1100,20160112,11, 1,1,       1801 ,,103130,103130,103130041900,1,,,,,,0,732,8000,128,731,44000,128
1100,20160112,11, 1,1,       1801 ,,103130,103130,103130046200,1,,,,,,0,732,9000,128,731,44000,128
1100,20160112,11, 1,1,       1801 ,,103131,103131,103131405800,1,,,,,,0,732,9000,128,731,43000,128
1100,20160112,11, 1,1,       1801 ,,103131,103131,103131412100,1,,,,,,0,732,9000,128,731,40000,128
1100,20160112,11, 1,1,       1801 ,,103131,103131,103131421100,1,,,,,,0,732,9000,128,731,38000,128
1100,20160112,11, 1,1,       1801 ,103132,103132,103132,103132518100,1,732,48,0,1000,0,0,732,8000,128,731,38000,128
1100,20160112,11, 1,1,       1801 ,,103132,103132,103132519800,1,,,,,,0,732,8000,128,731,29000,128
1100,20160112,11, 1,1,       1801 ,,103132,103132,103132521800,1,,,,,,0,732,8000,128,731,28000,128
1100,20160112,11, 1,1,       1801 ,,103133,103133,103133374300,1,,,,,,0,732,8000,128,731,29000,128
1100,20160112,11, 1,1,       1801 ,,103136,103136,103136146700,1,,,,,,0,732,7000,128,731,29000,128
1100,20160112,11, 1,1,       1801 ,103136,103136,103136,103136262200,1,731,16,0,28000,0,0,732,7000,128,731,1000,128
1100,20160112,11, 1,1,       1801 ,,103136,103136,103136265100,1,,,,,,0,732,7000,128,731,1000,128
1100,20160112,11, 1,1,       1801 ,,103136,103136,103136266000,1,,,,,,0,732,9000,128,731,1000,128
1100,20160112,11, 1,1,       1801 ,,103136,103136,103136268000,1,,,,,,0,732,13000,128,731,1000,128
1100,20160112,11, 1,1,       1801 ,,103136,103136,103136268700,1,,,,,,0,732,17000,128,731,1000,128
1100,20160112,11, 1,1,       1801 ,,103136,103136,103136269400,1,,,,,,0,732,20000,128,731,1000,128
1100,20160112,11, 1,1,       1801 ,,103136,103136,103136270400,1,,,,,,0,732,21000,128,731,1000,128
1100,20160112,11, 1,1,       1801 ,,103136,103136,103136271200,1,,,,,,0,732,23000,128,731,1000,128
1100,20160112,11, 1,1,       1801 ,103136,103136,103136,103136476400,1,731,16,0,1000,0,0,732,23000,128,730,108000,128
1100,20160112,11, 1,1,       1801 ,,103136,103136,103136478000,1,,,,,,0,732,23000,128,730,108000,128
1100,20160112,11, 1,1,       1801 ,,103136,103136,103136478900,1,,,,,,0,732,23000,128,730,106000,128
1100,20160112,11, 1,1,       1801 ,,103136,103136,103136484800,1,,,,,,0,732,32000,128,730,106000,128
1100,20160112,11, 1,1,       1801 ,,103136,103136,103136486800,1,,,,,,0,732,30000,128,730,106000,128
1100,20160112,11, 1,1,       1801 ,,103137,103137,103137808800,1,,,,,,0,732,30000,128,730,88000,128
1100,20160112,11, 1,1,       1801 ,,103137,103137,103137811700,1,,,,,,0,732,30000,128,730,89000,128
1100,20160112,11, 1,1,       1801 ,,103137,103137,103137814400,1,,,,,,0,732,30000,128,730,91000,128
1100,20160112,11, 1,1,       1801 ,,103138,103138,103138480200,1,,,,,,0,732,30000,128,730,89000,128
1100,20160112,11, 1,1,       1801 ,,103138,103138,103138481500,1,,,,,,0,732,30000,128,730,90000,128
1100,20160112,11, 1,1,       1801 ,,103138,103138,103138515300,1,,,,,,0,732,31000,128,730,90000,128
1100,20160112,11, 1,1,       1801 ,,103138,103138,103138541200,1,,,,,,0,732,31000,128,730,91000,128
1100,20160112,11, 1,1,       1801 ,,103141,103141,103141842600,1,,,,,,0,732,31000,128,731,1000,128
1100,20160112,11, 1,1,       1801 ,,103141,103141,103141845200,1,,,,,,0,732,22000,128,731,1000,128
1100,20160112,11, 1,1,       1801 ,,103142,103142,103142172000,1,,,,,,0,732,23000,128,731,1000,128
1100,20160112,11, 1,1,       1801 ,,103149,103149,103149590700,1,,,,,,0,732,22000,128,731,1000,128
1100,20160112,11, 1,1,       1801 ,,103149,103149,103149591700,1,,,,,,0,732,22000,128,731,3000,128
1100,20160112,11, 1,1,       1801 ,,103149,103149,103149592600,1,,,,,,0,732,20000,128,731,3000,128
1100,20160112,11, 1,1,       1801 ,,103149,103149,103149660900,1,,,,,,0,732,21000,128,731,3000,128
1100,20160112,11, 1,1,       1801 ,,103150,103150,103150230800,1,,,,,,0,732,21000,128,731,4000,128
1100,20160112,11, 1,1,       1801 ,,103154,103154,103154641000,1,,,,,,0,732,21000,128,731,3000,128
1100,20160112,11, 1,1,       1801 ,,103155,103155,103155226400,1,,,,,,0,732,21000,128,731,4000,128
1100,20160112,11, 1,1,       1801 ,,103155,103155,103155227900,1,,,,,,0,732,21000,128,731,10000,128
1100,20160112,11, 1,1,       1801 ,,103155,103155,103155228900,1,,,,,,0,732,20000,128,731,10000,128
1100,20160112,11, 1,1,       1801 ,,103155,103155,103155229600,1,,,,,,0,732,17000,128,731,10000,128
1100,20160112,11, 1,1,       1801 ,,103155,103155,103155230400,1,,,,,,0,732,17000,128,731,14000,128
1100,20160112,11, 1,1,       1801 ,,103155,103155,103155231100,1,,,,,,0,732,17000,128,731,17000,128
1100,20160112,11, 1,1,       1801 ,,103155,103155,103155231800,1,,,,,,0,732,13000,128,731,17000,128
1100,20160112,11, 1,1,       1801 ,,103155,103155,103155232500,1,,,,,,0,732,11000,128,731,17000,128
1100,20160112,11, 1,1,       1801 ,,103155,103155,103155233300,1,,,,,,0,732,11000,128,731,20000,128
1100,20160112,11, 1,1,       1801 ,,103155,103155,103155234800,1,,,,,,0,732,7000,128,731,20000,128
1100,20160112,11, 1,1,       1801 ,103155,103155,103155,103155811600,1,731,16,0,3000,0,0,732,7000,128,731,17000,128
1100,20160112,11, 1,1,       1801 ,,103155,103155,103155813200,1,,,,,,0,732,9000,128,731,17000,128
1100,20160112,11, 1,1,       1801 ,,103155,103155,103155813900,1,,,,,,0,732,10000,128,731,17000,128
1100,20160112,11, 1,1,       1801 ,,103155,103155,103155814600,1,,,,,,0,732,12000,128,731,17000,128
1100,20160112,11, 1,1,       1801 ,,103155,103155,103155947500,1,,,,,,0,732,10000,128,731,17000,128
1100,20160112,11, 1,1,       1801 ,,103156,103156,103156089100,1,,,,,,0,732,11000,128,731,17000,128
1100,20160112,11, 1,1,       1801 ,,103159,103159,103159490600,1,,,,,,0,732,12000,128,731,17000,128
1100,20160112,11, 1,1,       1801 ,,103200,103200,103200331400,1,,,,,,0,732,12000,128,731,11000,128
1100,20160112,11, 1,1,       1801 ,,103200,103200,103200333500,1,,,,,,0,732,14000,128,731,11000,128
1100,20160112,11, 1,1,       1801 ,,103200,103200,103200334700,1,,,,,,0,732,14000,128,731,7000,128
1100,20160112,11, 1,1,       1801 ,,103200,103200,103200545700,1,,,,,,0,732,16000,128,731,7000,128
1100,20160112,11, 1,1,       1801 ,,103200,103200,103200659600,1,,,,,,0,732,16000,128,731,4000,128
1100,20160112,11, 1,1,       1801 ,,103202,103202,103202158900,1,,,,,,0,732,16000,128,731,1000,128
1100,20160112,11, 1,1,       1801 ,,103202,103202,103202160400,1,,,,,,0,732,20000,128,731,1000,128
1100,20160112,11, 1,1,       1801 ,,103202,103202,103202161000,1,,,,,,0,732,24000,128,731,1000,128
1100,20160112,11, 1,1,       1801 ,,103202,103202,103202161600,1,,,,,,0,732,27000,128,731,1000,128
1100,20160112,11, 1,1,       1801 ,,103206,103206,103206319900,1,,,,,,0,732,31000,128,731,1000,128
1100,20160112,11, 1,1,       1801 ,,103213,103213,103213070300,1,,,,,,0,732,31000,128,731,8000,128
1100,20160112,11, 1,1,       1801 ,,103214,103214,103214556500,1,,,,,,0,732,39000,128,731,8000,128
1100,20160112,11, 1,1,       1801 ,103214,103214,103214,103214581100,1,731,16,0,2000,0,0,732,39000,128,731,6000,128
1100,20160112,11, 1,1,       1801 ,,103214,103214,103214582300,1,,,,,,0,732,40000,128,731,6000,128
1100,20160112,11, 1,1,       1801 ,103214,103214,103214,103214583400,1,731,16,0,6000,0,0,732,40000,128,730,89000,128
1100,20160112,11, 1,1,       1801 ,,103214,103214,103214585300,1,,,,,,0,731,1000,128,730,89000,128
1100,20160112,11, 1,1,       1801 ,,103214,103214,103214587800,1,,,,,,0,731,3000,128,730,89000,128
1100,20160112,11, 1,1,       1801 ,,103214,103214,103214588500,1,,,,,,0,731,4000,128,730,89000,128
1100,20160112,11, 1,1,       1801 ,,103214,103214,103214590700,1,,,,,,0,731,6000,128,730,89000,128
1100,20160112,11, 1,1,       1801 ,,103214,103214,103214593400,1,,,,,,0,731,6000,128,730,87000,128
1100,20160112,11, 1,1,       1801 ,,103214,103214,103214596200,1,,,,,,0,731,6000,128,730,84000,128
1100,20160112,11, 1,1,       1801 ,,103214,103214,103214596900,1,,,,,,0,731,6000,128,730,78000,128
1100,20160112,11, 1,1,       1801 ,,103214,103214,103214598500,1,,,,,,0,731,6000,128,730,77000,128
1100,20160112,11, 1,1,       1801 ,,103214,103214,103214599200,1,,,,,,0,731,7000,128,730,77000,128
1100,20160112,11, 1,1,       1801 ,,103214,103214,103214601500,1,,,,,,0,731,7000,128,730,76000,128
1100,20160112,11, 1,1,       1801 ,103214,103214,103214,103214894000,1,731,48,0,4000,0,0,731,3000,128,730,76000,128
1100,20160112,11, 1,1,       1801 ,,103214,103214,103214896800,1,,,,,,0,731,3000,128,730,76000,128
1100,20160112,11, 1,1,       1801 ,103215,103215,103215,103215119800,1,731,48,0,1000,0,0,731,2000,128,730,76000,128
1100,20160112,11, 1,1,       1801 ,103215,103215,103215,103215121200,1,731,48,0,2000,0,0,732,48000,128,730,76000,128
1100,20160112,11, 1,1,       1801 ,,103215,103215,103215125400,1,,,,,,0,732,48000,128,731,1000,128
1100,20160112,11, 1,1,       1801 ,,103215,103215,103215126600,1,,,,,,0,732,48000,128,731,2000,128
1100,20160112,11, 1,1,       1801 ,,103215,103215,103215127300,1,,,,,,0,732,46000,128,731,2000,128
1100,20160112,11, 1,1,       1801 ,,103215,103215,103215136900,1,,,,,,0,732,42000,128,731,2000,128
1100,20160112,11, 1,1,       1801 ,,103215,103215,103215641100,1,,,,,,0,732,41000,128,731,2000,128
1100,20160112,11, 1,1,       1801 ,,103215,103215,103215643700,1,,,,,,0,732,37000,128,731,2000,128
1100,20160112,11, 1,1,       1801 ,,103217,103217,103217599800,1,,,,,,0,732,37000,128,731,1000,128
1100,20160112,11, 1,1,       1801 ,103220,103220,103220,103220744700,1,731,16,0,1000,0,0,731,3000,128,730,85000,128
1100,20160112,11, 1,1,       1801 ,,103220,103220,103220746100,1,,,,,,0,731,3000,128,730,83000,128
1100,20160112,11, 1,1,       1801 ,,103220,103220,103220750600,1,,,,,,0,731,3000,128,730,82000,128
1100,20160112,11, 1,1,       1801 ,,103220,103220,103220751300,1,,,,,,0,731,4000,128,730,82000,128
1100,20160112,11, 1,1,       1801 ,,103220,103220,103220761800,1,,,,,,0,731,4000,128,730,78000,128
1100,20160112,11, 1,1,       1801 ,,103220,103220,103220763000,1,,,,,,0,731,6000,128,730,78000,128
1100,20160112,11, 1,1,       1801 ,,103220,103220,103220764000,1,,,,,,0,731,7000,128,730,78000,128
1100,20160112,11, 1,1,       1801 ,,103225,103225,103225056300,1,,,,,,0,731,9000,128,730,78000,128
1100,20160112,11, 1,1,       1801 ,103225,103225,103225,103225071000,1,730,16,0,72000,0,0,731,9000,128,730,6000,128
1100,20160112,11, 1,1,       1801 ,103225,103225,103225,103225078700,1,730,16,0,6000,0,0,731,9000,128,729,72000,128
1100,20160112,11, 1,1,       1801 ,,103225,103225,103225081600,1,,,,,,0,731,11000,128,729,72000,128
1100,20160112,11, 1,1,       1801 ,,103225,103225,103225082200,1,,,,,,0,730,1000,128,729,72000,128
1100,20160112,11, 1,1,       1801 ,,103225,103225,103225082900,1,,,,,,0,730,3000,128,729,72000,128
1100,20160112,11, 1,1,       1801 ,,103225,103225,103225093400,1,,,,,,0,730,3000,128,729,69000,128
1100,20160112,11, 1,1,       1801 ,,103225,103225,103225094200,1,,,,,,0,730,3000,128,729,68000,128
1100,20160112,11, 1,1,       1801 ,,103225,103225,103225101900,1,,,,,,0,730,3000,128,729,66000,128
1100,20160112,11, 1,1,       1801 ,103225,103225,103225,103225104700,1,730,48,0,1000,0,0,730,2000,128,729,66000,128
1100,20160112,11, 1,1,       1801 ,,103225,103225,103225105600,1,,,,,,0,730,2000,128,729,66000,128
1100,20160112,11, 1,1,       1801 ,,103225,103225,103225109200,1,,,,,,0,730,2000,128,729,60000,128
1100,20160112,11, 1,1,       1801 ,,103225,103225,103225109900,1,,,,,,0,730,3000,128,729,60000,128
1100,20160112,11, 1,1,       1801 ,,103225,103225,103225114000,1,,,,,,0,730,3000,128,729,43000,128
1100,20160112,11, 1,1,       1801 ,,103225,103225,103225114700,1,,,,,,0,730,3000,128,729,42000,128
1100,20160112,11, 1,1,       1801 ,,103225,103225,103225115500,1,,,,,,0,730,3000,128,729,43000,128
1100,20160112,11, 1,1,       1801 ,,103225,103225,103225117600,1,,,,,,0,730,5000,128,729,43000,128
1100,20160112,11, 1,1,       1801 ,,103225,103225,103225235900,1,,,,,,0,730,3000,128,729,43000,128
1100,20160112,11, 1,1,       1801 ,,103225,103225,103225263100,1,,,,,,0,730,3000,128,729,41000,128
1100,20160112,11, 1,1,       1801 ,,103225,103225,103225331700,1,,,,,,0,730,3000,128,729,43000,128
1100,20160112,11, 1,1,       1801 ,,103225,103225,103225333400,1,,,,,,0,730,4000,128,729,43000,128
1100,20160112,11, 1,1,       1801 ,103225,103225,103225,103225721900,1,729,16,0,1000,0,0,730,4000,128,729,42000,128
1100,20160112,11, 1,1,       1801 ,,103225,103225,103225723700,1,,,,,,0,730,4000,128,729,42000,128
1100,20160112,11, 1,1,       1801 ,103225,103225,103225,103225898500,1,729,16,0,2000,0,0,730,4000,128,729,40000,128
1100,20160112,11, 1,1,       1801 ,,103225,103225,103225901400,1,,,,,,0,730,5000,128,729,40000,128
1100,20160112,11, 1,1,       1801 ,,103225,103225,103225902700,1,,,,,,0,730,5000,128,729,36000,128
1100,20160112,11, 1,1,       1801 ,,103225,103225,103225911800,1,,,,,,0,730,5000,128,729,32000,128
1100,20160112,11, 1,1,       1801 ,,103226,103226,103226112500,1,,,,,,0,730,5000,128,729,30000,128
1100,20160112,11, 1,1,       1801 ,,103226,103226,103226550100,1,,,,,,0,730,5000,128,729,32000,128
1100,20160112,11, 1,1,       1801 ,,103226,103226,103226553800,1,,,,,,0,730,4000,128,729,32000,128
1100,20160112,11, 1,1,       1801 ,,103226,103226,103226555400,1,,,,,,0,730,4000,128,729,33000,128
1100,20160112,11, 1,1,       1801 ,,103226,103226,103226749900,1,,,,,,0,730,4000,128,729,31000,128
1100,20160112,11, 1,1,       1801 ,,103227,103227,103227098200,1,,,,,,0,730,4000,128,729,30000,128
1100,20160112,11, 1,1,       1801 ,,103227,103227,103227113200,1,,,,,,0,730,4000,128,729,31000,128
1100,20160112,11, 1,1,       1801 ,,103228,103228,103228063500,1,,,,,,0,730,4000,128,729,33000,128
1100,20160112,11, 1,1,       1801 ,103228,103228,103228,103228064500,1,730,48,0,3000,0,0,730,1000,128,729,33000,128
1100,20160112,11, 1,1,       1801 ,103228,103228,103228,103228065600,1,730,48,0,1000,0,0,731,40000,128,729,33000,128
1100,20160112,11, 1,1,       1801 ,,103228,103228,103228067800,1,,,,,,0,731,40000,128,729,33000,128
1100,20160112,11, 1,1,       1801 ,,103228,103228,103228068500,1,,,,,,0,731,40000,128,730,1000,128
1100,20160112,11, 1,1,       1801 ,,103228,103228,103228069100,1,,,,,,0,731,40000,128,730,2000,128
1100,20160112,11, 1,1,       1801 ,,103228,103228,103228071100,1,,,,,,0,731,39000,128,730,2000,128
1100,20160112,11, 1,1,       1801 ,,103228,103228,103228073300,1,,,,,,0,731,37000,128,730,2000,128
1100,20160112,11, 1,1,       1801 ,,103228,103228,103228074000,1,,,,,,0,731,37000,128,730,3000,128
1100,20160112,11, 1,1,       1801 ,,103228,103228,103228075500,1,,,,,,0,731,37000,128,730,4000,128
1100,20160112,11, 1,1,       1801 ,,103228,103228,103228076200,1,,,,,,0,731,36000,128,730,4000,128
1100,20160112,11, 1,1,       1801 ,,103228,103228,103228091900,1,,,,,,0,731,36000,128,730,3000,128
1100,20160112,11, 1,1,       1801 ,,103228,103228,103228100800,1,,,,,,0,731,36000,128,730,2000,128
1100,20160112,11, 1,1,       1801 ,,103228,103228,103228138500,1,,,,,,0,731,36000,128,730,3000,128
1100,20160112,11, 1,1,       1801 ,,103228,103228,103228156600,1,,,,,,0,731,37000,128,730,3000,128
1100,20160112,11, 1,1,       1801 ,,103228,103228,103228157400,1,,,,,,0,731,38000,128,730,3000,128
1100,20160112,11, 1,1,       1801 ,,103228,103228,103228191000,1,,,,,,0,731,39000,128,730,3000,128
1100,20160112,11, 1,1,       1801 ,,103228,103228,103228330900,1,,,,,,0,731,38000,128,730,3000,128
1100,20160112,11, 1,1,       1801 ,,103228,103228,103228471400,1,,,,,,0,731,38000,128,730,13000,128
1100,20160112,11, 1,1,       1801 ,,103228,103228,103228814300,1,,,,,,0,731,37000,128,730,13000,128
1100,20160112,11, 1,1,       1801 ,,103236,103236,103236136000,1,,,,,,0,731,37000,128,730,14000,128
1100,20160112,11, 1,1,       1801 ,,103236,103236,103236138900,1,,,,,,0,731,37000,128,730,17000,128
1100,20160112,11, 1,1,       1801 ,,103236,103236,103236139500,1,,,,,,0,731,33000,128,730,17000,128
1100,20160112,11, 1,1,       1801 ,,103236,103236,103236140200,1,,,,,,0,731,31000,128,730,17000,128
1100,20160112,11, 1,1,       1801 ,,103236,103236,103236141200,1,,,,,,0,731,27000,128,730,17000,128
1100,20160112,11, 1,1,       1801 ,,103236,103236,103236142300,1,,,,,,0,731,24000,128,730,17000,128
1100,20160112,11, 1,1,       1801 ,,103237,103237,103237050800,1,,,,,,0,731,23000,128,730,17000,128
1100,20160112,11, 1,1,       1801 ,,103237,103237,103237052200,1,,,,,,0,731,23000,128,730,20000,128
1100,20160112,11, 1,1,       1801 ,,103237,103237,103237873800,1,,,,,,0,731,22000,128,730,20000,128
1100,20160112,11, 1,1,       1801 ,,103237,103237,103237875700,1,,,,,,0,731,20000,128,730,20000,128
1100,20160112,11, 1,1,       1801 ,,103238,103238,103238568500,1,,,,,,0,731,18000,128,730,20000,128
1100,20160112,11, 1,1,       1801 ,,103238,103238,103238569300,1,,,,,,0,731,9000,128,730,20000,128
1100,20160112,11, 1,1,       1801 ,103238,103238,103238,103238570600,1,731,48,0,9000,0,0,732,69000,128,730,20000,128
1100,20160112,11, 1,1,       1801 ,,103238,103238,103238571400,1,,,,,,0,732,69000,128,731,1000,128
1100,20160112,11, 1,1,       1801 ,,103238,103238,103238575300,1,,,,,,0,732,69000,128,731,2000,128
1100,20160112,11, 1,1,       1801 ,,103238,103238,103238576000,1,,,,,,0,732,69000,128,731,3000,128
1100,20160112,11, 1,1,       1801 ,,103238,103238,103238577200,1,,,,,,0,732,66000,128,731,3000,128
1100,20160112,11, 1,1,       1801 ,,103238,103238,103238577900,1,,,,,,0,732,64000,128,731,3000,128
1100,20160112,11, 1,1,       1801 ,,103238,103238,103238578600,1,,,,,,0,732,66000,128,731,3000,128
1100,20160112,11, 1,1,       1801 ,,103238,103238,103238582100,1,,,,,,0,732,60000,128,731,3000,128
1100,20160112,11, 1,1,       1801 ,,103238,103238,103238582800,1,,,,,,0,732,61000,128,731,3000,128
1100,20160112,11, 1,1,       1801 ,,103238,103238,103238611900,1,,,,,,0,732,57000,128,731,3000,128
1100,20160112,11, 1,1,       1801 ,,103238,103238,103238613200,1,,,,,,0,732,56000,128,731,3000,128
1100,20160112,11, 1,1,       1801 ,,103238,103238,103238617900,1,,,,,,0,732,39000,128,731,3000,128
1100,20160112,11, 1,1,       1801 ,,103238,103238,103238619100,1,,,,,,0,732,37000,128,731,3000,128
1100,20160112,11, 1,1,       1801 ,,103239,103239,103239468600,1,,,,,,0,732,37000,128,731,2000,128
1100,20160112,11, 1,1,       1801 ,,103241,103241,103241685900,1,,,,,,0,732,38000,128,731,2000,128
1100,20160112,11, 1,1,       1801 ,,103243,103243,103243396200,1,,,,,,0,732,38000,128,731,3000,128
1100,20160112,11, 1,1,       1801 ,103243,103243,103243,103243995800,1,731,16,0,3000,0,0,732,38000,128,730,39000,128
1100,20160112,11, 1,1,       1801 ,,103243,103243,103243997500,1,,,,,,0,732,38000,128,730,39000,128
1100,20160112,11, 1,1,       1801 ,,103243,103243,103243998200,1,,,,,,0,732,39000,128,730,39000,128
1100,20160112,11, 1,1,       1801 ,,103243,103243,103243999000,1,,,,,,0,731,2000,128,730,39000,128
1100,20160112,11, 1,1,       1801 ,,103244,103244,103244007200,1,,,,,,0,731,2000,128,730,33000,128
1100,20160112,11, 1,1,       1801 ,,103244,103244,103244013100,1,,,,,,0,731,2000,128,730,29000,128
1100,20160112,11, 1,1,       1801 ,,103244,103244,103244014600,1,,,,,,0,731,3000,128,730,29000,128
1100,20160112,11, 1,1,       1801 ,,103244,103244,103244038300,1,,,,,,0,731,3000,128,730,28000,128
1100,20160112,11, 1,1,       1801 ,,103244,103244,103244101500,1,,,,,,0,731,2000,128,730,28000,128
1100,20160112,11, 1,1,       1801 ,,103244,103244,103244263700,1,,,,,,0,731,12000,128,730,28000,128
1100,20160112,11, 1,1,       1801 ,,103244,103244,103244265100,1,,,,,,0,731,19000,128,730,28000,128
1100,20160112,11, 1,1,       1801 ,,103244,103244,103244266400,1,,,,,,0,731,23000,128,730,28000,128
1100,20160112,11, 1,1,       1801 ,,103244,103244,103244267000,1,,,,,,0,731,23000,128,730,25000,128
1100,20160112,11, 1,1,       1801 ,,103244,103244,103244267900,1,,,,,,0,731,23000,128,730,16000,128
1100,20160112,11, 1,1,       1801 ,,103244,103244,103244268700,1,,,,,,0,731,25000,128,730,16000,128
1100,20160112,11, 1,1,       1801 ,,103244,103244,103244270000,1,,,,,,0,731,25000,128,730,13000,128
1100,20160112,11, 1,1,       1801 ,,103244,103244,103244270700,1,,,,,,0,731,25000,128,730,10000,128
1100,20160112,11, 1,1,       1801 ,,103246,103246,103246221600,1,,,,,,0,731,25000,128,730,20000,128
1100,20160112,11, 1,1,       1801 ,103246,103246,103246,103246466100,1,731,48,0,9000,0,0,731,16000,128,730,20000,128
1100,20160112,11, 1,1,       1801 ,103246,103246,103246,103246469300,1,731,48,0,1000,0,0,731,15000,128,730,20000,128
1100,20160112,11, 1,1,       1801 ,,103246,103246,103246668900,1,,,,,,0,731,15000,128,730,20000,128
1100,20160112,11, 1,1,       1801 ,,103246,103246,103246750600,1,,,,,,0,731,8000,128,730,20000,128
1100,20160112,11, 1,1,       1801 ,,103246,103246,103246752500,1,,,,,,0,731,6000,128,730,20000,128
1100,20160112,11, 1,1,       1801 ,,103246,103246,103246753200,1,,,,,,0,731,6000,128,730,21000,128
1100,20160112,11, 1,1,       1801 ,,103246,103246,103246754000,1,,,,,,0,731,2000,128,730,21000,128
1100,20160112,11, 1,1,       1801 ,,103246,103246,103246756500,1,,,,,,0,731,2000,128,730,22000,128
1100,20160112,11, 1,1,       1801 ,,103246,103246,103246763400,1,,,,,,0,731,2000,128,730,25000,128
1100,20160112,11, 1,1,       1801 ,103246,103246,103246,103246779500,1,731,48,0,2000,0,0,732,45000,128,730,25000,128
1100,20160112,11, 1,1,       1801 ,,103246,103246,103246780700,1,,,,,,0,732,45000,128,731,1000,128
1100,20160112,11, 1,1,       1801 ,,103246,103246,103246782000,1,,,,,,0,732,47000,128,731,1000,128
1100,20160112,11, 1,1,       1801 ,,103246,103246,103246783500,1,,,,,,0,732,45000,128,731,1000,128
1100,20160112,11, 1,1,       1801 ,103247,103247,103247,103247510000,1,731,16,0,1000,0,0,732,45000,128,730,34000,131
1100,20160112,11, 1,1,       1801 ,103247,103247,103247,103247510000,2,730,16,0,7000,0,0,732,45000,128,730,27000,128
1100,20160112,11, 1,1,       1801 ,,103247,103247,103247512300,1,,,,,,0,732,45000,128,730,27000,128
1100,20160112,11, 1,1,       1801 ,,103247,103247,103247512900,1,,,,,,0,731,2000,128,730,27000,128
1100,20160112,11, 1,1,       1801 ,,103247,103247,103247515100,1,,,,,,0,731,3000,128,730,27000,128
1100,20160112,11, 1,1,       1801 ,,103247,103247,103247516300,1,,,,,,0,731,3000,128,730,26000,128
1100,20160112,11, 1,1,       1801 ,103247,103247,103247,103247722700,1,730,16,0,1000,0,0,731,3000,128,730,25000,128
1100,20160112,11, 1,1,       1801 ,,103247,103247,103247780800,1,,,,,,0,731,3000,128,730,25000,128
1100,20160112,11, 1,1,       1801 ,,103248,103248,103248555800,1,,,,,,0,731,3000,128,730,16000,128
1100,20160112,11, 1,1,       1801 ,,103248,103248,103248557400,1,,,,,,0,731,6000,128,730,16000,128
1100,20160112,11, 1,1,       1801 ,,103248,103248,103248559100,1,,,,,,0,731,8000,128,730,16000,128
1100,20160112,11, 1,1,       1801 ,103248,103248,103248,103248599600,1,731,48,0,3000,0,0,731,5000,128,730,16000,128
1100,20160112,11, 1,1,       1801 ,,103248,103248,103248601900,1,,,,,,0,731,5000,128,730,16000,128
1100,20160112,11, 1,1,       1801 ,,103248,103248,103248602600,1,,,,,,0,731,3000,128,730,16000,128
1100,20160112,11, 1,1,       1801 ,,103248,103248,103248750600,1,,,,,,0,731,4000,128,730,16000,128
1100,20160112,11, 1,1,       1801 ,103249,103249,103249,103249594800,1,730,16,0,1000,0,0,731,4000,128,730,15000,128
1100,20160112,11, 1,1,       1801 ,103249,103249,103249,103249883500,1,731,48,0,4000,0,0,732,46000,128,730,15000,128
1100,20160112,11, 1,1,       1801 ,,103249,103249,103249885000,1,,,,,,0,732,46000,128,730,15000,128
1100,20160112,11, 1,1,       1801 ,,103249,103249,103249885700,1,,,,,,0,732,46000,128,730,17000,128
1100,20160112,11, 1,1,       1801 ,,103249,103249,103249887300,1,,,,,,0,732,48000,128,730,17000,128
1100,20160112,11, 1,1,       1801 ,,103250,103250,103250180300,1,,,,,,0,732,48000,128,730,15000,128
1100,20160112,11, 1,1,       1801 ,,103250,103250,103250182000,1,,,,,,0,732,48000,128,730,21000,128
1100,20160112,11, 1,1,       1801 ,,103253,103253,103253048000,1,,,,,,0,732,48000,128,730,22000,128
1100,20160112,11, 1,1,       1801 ,,103253,103253,103253049500,1,,,,,,0,732,48000,128,730,25000,128
1100,20160112,11, 1,1,       1801 ,,103253,103253,103253050100,1,,,,,,0,732,48000,128,730,28000,128
1100,20160112,11, 1,1,       1801 ,,103254,103254,103254370500,1,,,,,,0,732,48000,128,730,29000,128
1100,20160112,11, 1,1,       1801 ,103255,103255,103255,103255835500,1,730,16,0,28000,0,0,732,48000,128,730,1000,128
1100,20160112,11, 1,1,       1801 ,,103255,103255,103255838100,1,,,,,,0,731,2000,128,730,1000,128
1100,20160112,11, 1,1,       1801 ,,103255,103255,103255840600,1,,,,,,0,731,3000,128,730,1000,128
1100,20160112,11, 1,1,       1801 ,,103255,103255,103255841200,1,,,,,,0,731,5000,128,730,1000,128
1100,20160112,11, 1,1,       1801 ,,103255,103255,103255842000,1,,,,,,0,731,9000,128,730,1000,128
1100,20160112,11, 1,1,       1801 ,,103255,103255,103255842600,1,,,,,,0,731,9000,128,730,3000,128
1100,20160112,11, 1,1,       1801 ,,103255,103255,103255843400,1,,,,,,0,731,10000,128,730,3000,128
1100,20160112,11, 1,1,       1801 ,,103255,103255,103255844000,1,,,,,,0,731,10000,128,730,4000,128
1100,20160112,11, 1,1,       1801 ,,103255,103255,103255845400,1,,,,,,0,731,14000,128,730,4000,128
1100,20160112,11, 1,1,       1801 ,,103255,103255,103255846100,1,,,,,,0,731,18000,128,730,4000,128
1100,20160112,11, 1,1,       1801 ,,103255,103255,103255846700,1,,,,,,0,731,20000,128,730,4000,128
1100,20160112,11, 1,1,       1801 ,,103255,103255,103255848000,1,,,,,,0,731,29000,128,730,4000,128
1100,20160112,11, 1,1,       1801 ,,103255,103255,103255849400,1,,,,,,0,731,29000,128,730,2000,128
1100,20160112,11, 1,1,       1801 ,,103255,103255,103255925100,1,,,,,,0,731,29000,128,730,1000,128
1100,20160112,11, 1,1,       1801 ,,103256,103256,103256260200,1,,,,,,0,731,29000,128,730,2000,128
1100,20160112,11, 1,1,       1801 ,,103257,103257,103257858100,1,,,,,,0,731,30000,128,730,2000,128
1100,20160112,11, 1,1,       1801 ,,103257,103257,103257858900,1,,,,,,0,731,31000,128,730,2000,128
1100,20160112,11, 1,1,       1801 ,,103300,103300,103300660700,1,,,,,,0,731,32000,128,730,2000,128
1100,20160112,11, 1,1,       1801 ,,103302,103302,103302231200,1,,,,,,0,731,33000,128,730,2000,128
1100,20160112,11, 1,1,       1801 ,,103305,103305,103305325000,1,,,,,,0,731,33000,128,730,3000,128
1100,20160112,11, 1,1,       1801 ,,103307,103307,103307151900,1,,,,,,0,731,32000,128,730,3000,128
1100,20160112,11, 1,1,       1801 ,,103307,103307,103307223000,1,,,,,,0,731,33000,128,730,3000,128
1100,20160112,11, 1,1,       1801 ,,103310,103310,103310709800,1,,,,,,0,731,33000,128,730,2000,128
1100,20160112,11, 1,1,       1801 ,,103310,103310,103310781200,1,,,,,,0,731,34000,128,730,2000,128
1100,20160112,11, 1,1,       1801 ,,103310,103310,103310811900,1,,,,,,0,731,33000,128,730,2000,128
1100,20160112,11, 1,1,       1801 ,,103313,103313,103313519700,1,,,,,,0,731,33000,128,730,3000,128
1100,20160112,11, 1,1,       1801 ,,103317,103317,103317421800,1,,,,,,0,731,32000,128,730,3000,128
1100,20160112,11, 1,1,       1801 ,103318,103318,103318,103318681800,1,731,48,0,1000,0,0,731,31000,128,730,3000,128
1100,20160112,11, 1,1,       1801 ,,103318,103318,103318683500,1,,,,,,0,731,31000,128,730,3000,128
1100,20160112,11, 1,1,       1801 ,,103319,103319,103319928800,1,,,,,,0,731,31000,128,730,4000,128
1100,20160112,11, 1,1,       1801 ,,103324,103324,103324860400,1,,,,,,0,731,31000,128,730,3000,128
1100,20160112,11, 1,1,       1801 ,,103329,103329,103329210000,1,,,,,,0,731,32000,128,730,3000,128
1100,20160112,11, 1,1,       1801 ,,103329,103329,103329633100,1,,,,,,0,731,31000,128,730,3000,128
1100,20160112,11, 1,1,       1801 ,,103330,103330,103330261500,1,,,,,,0,731,32000,128,730,3000,128
1100,20160112,11, 1,1,       1801 ,,103330,103330,103330281200,1,,,,,,0,731,31000,128,730,3000,128
1100,20160112,11, 1,1,       1801 ,,103331,103331,103331590600,1,,,,,,0,731,32000,128,730,3000,128
1100,20160112,11, 1,1,       1801 ,,103334,103334,103334511500,1,,,,,,0,731,31000,128,730,3000,128
1100,20160112,11, 1,1,       1801 ,,103335,103335,103335618400,1,,,,,,0,731,31000,128,730,5000,128
1100,20160112,11, 1,1,       1801 ,,103335,103335,103335713500,1,,,,,,0,731,32000,128,730,5000,128
1100,20160112,11, 1,1,       1801 ,,103339,103339,103339611800,1,,,,,,0,731,31000,128,730,5000,128
1100,20160112,11, 1,1,       1801 ,,103340,103340,103340102600,1,,,,,,0,731,32000,128,730,5000,128
1100,20160112,11, 1,1,       1801 ,,103345,103345,103345279400,1,,,,,,0,731,32000,128,730,4000,128
1100,20160112,11, 1,1,       1801 ,,103345,103345,103345470100,1,,,,,,0,731,32000,128,730,5000,128
1100,20160112,11, 1,1,       1801 ,,103346,103346,103346589700,1,,,,,,0,731,32000,128,730,4000,128
1100,20160112,11, 1,1,       1801 ,,103347,103347,103347206400,1,,,,,,0,731,34000,128,730,4000,128
1100,20160112,11, 1,1,       1801 ,103355,103355,103355,103355209600,1,730,16,0,4000,0,0,730,1000,128,729,75000,128
1100,20160112,11, 1,1,       1801 ,,103355,103355,103355211300,1,,,,,,0,730,1000,128,729,73000,128
1100,20160112,11, 1,1,       1801 ,,103355,103355,103355213700,1,,,,,,0,730,1000,128,729,67000,128
1100,20160112,11, 1,1,       1801 ,,103355,103355,103355218900,1,,,,,,0,730,1000,128,729,64000,128
1100,20160112,11, 1,1,       1801 ,,103355,103355,103355219700,1,,,,,,0,730,1000,128,729,63000,128
1100,20160112,11, 1,1,       1801 ,,103355,103355,103355220400,1,,,,,,0,730,2000,128,729,63000,128
1100,20160112,11, 1,1,       1801 ,,103355,103355,103355237700,1,,,,,,0,730,2000,128,729,59000,128
1100,20160112,11, 1,1,       1801 ,,103355,103355,103355239700,1,,,,,,0,730,2000,128,729,58000,128
1100,20160112,11, 1,1,       1801 ,,103355,103355,103355240400,1,,,,,,0,730,2000,128,729,40000,128
1100,20160112,11, 1,1,       1801 ,,103355,103355,103355241600,1,,,,,,0,730,3000,128,729,40000,128
1100,20160112,11, 1,1,       1801 ,,103355,103355,103355247800,1,,,,,,0,730,3000,128,729,39000,128
1100,20160112,11, 1,1,       1801 ,,103356,103356,103356870100,1,,,,,,0,730,3000,128,729,40000,128
1100,20160112,11, 1,1,       1801 ,,103357,103357,103357181200,1,,,,,,0,730,2000,128,729,40000,128
1100,20160112,11, 1,1,       1801 ,,103357,103357,103357526800,1,,,,,,0,730,4000,128,729,40000,128
1100,20160112,11, 1,1,       1801 ,,103357,103357,103357528000,1,,,,,,0,730,5000,128,729,40000,128
1100,20160112,11, 1,1,       1801 ,,103359,103359,103359521300,1,,,,,,0,730,3000,128,729,40000,128
1100,20160112,11, 1,1,       1801 ,,103359,103359,103359522000,1,,,,,,0,730,2000,128,729,40000,128
1100,20160112,11, 1,1,       1801 ,,103359,103359,103359524100,1,,,,,,0,730,1000,128,729,40000,128
1100,20160112,11, 1,1,       1801 ,,103359,103359,103359525200,1,,,,,,0,730,1000,128,729,41000,128
1100,20160112,11, 1,1,       1801 ,103359,103359,103359,103359566800,1,730,48,0,1000,0,0,731,44000,128,729,41000,128
1100,20160112,11, 1,1,       1801 ,,103359,103359,103359568400,1,,,,,,0,731,45000,128,729,41000,128
1100,20160112,11, 1,1,       1801 ,,103359,103359,103359569100,1,,,,,,0,731,45000,128,730,4000,128
1100,20160112,11, 1,1,       1801 ,,103359,103359,103359570500,1,,,,,,0,731,44000,128,730,4000,128
1100,20160112,11, 1,1,       1801 ,,103359,103359,103359571200,1,,,,,,0,731,42000,128,730,4000,128
1100,20160112,11, 1,1,       1801 ,,103359,103359,103359571900,1,,,,,,0,731,42000,128,730,5000,128
1100,20160112,11, 1,1,       1801 ,,103359,103359,103359573500,1,,,,,,0,731,35000,128,730,5000,128
1100,20160112,11, 1,1,       1801 ,,103359,103359,103359574200,1,,,,,,0,731,35000,128,730,6000,128
1100,20160112,11, 1,1,       1801 ,,103359,103359,103359575000,1,,,,,,0,731,34000,128,730,6000,128
1100,20160112,11, 1,1,       1801 ,,103359,103359,103359575700,1,,,,,,0,731,34000,128,730,7000,128
1100,20160112,11, 1,1,       1801 ,,103400,103400,103400116600,1,,,,,,0,731,34000,128,730,6000,128
1100,20160112,11, 1,1,       1801 ,,103400,103400,103400614300,1,,,,,,0,731,35000,128,730,6000,128
1100,20160112,11, 1,1,       1801 ,,103400,103400,103400628600,1,,,,,,0,731,35000,128,730,5000,128
1100,20160112,11, 1,1,       1801 ,,103400,103400,103400629900,1,,,,,,0,731,36000,128,730,5000,128
1100,20160112,11, 1,1,       1801 ,,103400,103400,103400998200,1,,,,,,0,731,35000,128,730,5000,128
1100,20160112,11, 1,1,       1801 ,,103401,103401,103401265300,1,,,,,,0,731,36000,128,730,5000,128
1100,20160112,11, 1,1,       1801 ,,103401,103401,103401348900,1,,,,,,0,731,35000,128,730,5000,128
1100,20160112,11, 1,1,       1801 ,,103401,103401,103401993200,1,,,,,,0,731,37000,128,730,5000,128
1100,20160112,11, 1,1,       1801 ,,103401,103401,103401993900,1,,,,,,0,731,38000,128,730,5000,128
1100,20160112,11, 1,1,       1801 ,,103402,103402,103402381300,1,,,,,,0,731,38000,128,730,6000,128
1100,20160112,11, 1,1,       1801 ,103402,103402,103402,103402983400,1,730,16,0,1000,0,0,731,38000,128,730,5000,128
1100,20160112,11, 1,1,       1801 ,103403,103403,103403,103403895400,1,730,16,0,2000,0,0,731,38000,128,730,3000,128
1100,20160112,11, 1,1,       1801 ,,103403,103403,103403896900,1,,,,,,0,731,39000,128,730,3000,128
1100,20160112,11, 1,1,       1801 ,,103405,103405,103405171700,1,,,,,,0,731,39000,128,730,11000,128
1100,20160112,11, 1,1,       1801 ,,103405,103405,103405172900,1,,,,,,0,731,38000,128,730,11000,128
1100,20160112,11, 1,1,       1801 ,,103405,103405,103405929400,1,,,,,,0,731,37000,128,730,11000,128
1100,20160112,11, 1,1,       1801 ,103406,103406,103406,103406764500,1,730,16,0,3000,0,0,731,37000,128,730,8000,128
1100,20160112,11, 1,1,       1801 ,103406,103406,103406,103406766400,1,730,16,0,2000,0,0,731,37000,128,730,6000,128
1100,20160112,11, 1,1,       1801 ,,103406,103406,103406768000,1,,,,,,0,731,38000,128,730,6000,128
1100,20160112,11, 1,1,       1801 ,,103406,103406,103406945900,1,,,,,,0,731,39000,128,730,6000,128
1100,20160112,11, 1,1,       1801 ,,103407,103407,103407248900,1,,,,,,0,731,38000,128,730,6000,128
1100,20160112,11, 1,1,       1801 ,103410,103410,103410,103410734800,1,730,16,0,6000,0,0,731,38000,128,729,49000,128
1100,20160112,11, 1,1,       1801 ,,103410,103410,103410736300,1,,,,,,0,731,39000,128,729,49000,128
1100,20160112,11, 1,1,       1801 ,,103410,103410,103410737000,1,,,,,,0,731,39000,128,729,47000,128
1100,20160112,11, 1,1,       1801 ,,103410,103410,103410739700,1,,,,,,0,730,1000,128,729,47000,128
1100,20160112,11, 1,1,       1801 ,,103410,103410,103410743000,1,,,,,,0,730,1000,128,729,49000,128
1100,20160112,11, 1,1,       1801 ,,103410,103410,103410744400,1,,,,,,0,730,1000,128,729,48000,128
1100,20160112,11, 1,1,       1801 ,103412,103412,103412,103412373300,1,730,48,0,1000,0,0,731,49000,128,729,48000,128
1100,20160112,11, 1,1,       1801 ,,103412,103412,103412375300,1,,,,,,0,731,49000,128,729,48000,128
1100,20160112,11, 1,1,       1801 ,,103412,103412,103412376400,1,,,,,,0,731,49000,128,729,49000,128
1100,20160112,11, 1,1,       1801 ,,103413,103413,103413446300,1,,,,,,0,731,54000,128,729,49000,128
1100,20160112,11, 1,1,       1801 ,,103414,103414,103414941600,1,,,,,,0,731,54000,128,729,47000,128
1100,20160112,11, 1,1,       1801 ,,103415,103415,103415809500,1,,,,,,0,730,2000,128,729,47000,128
1100,20160112,11, 1,1,       1801 ,,103415,103415,103415810900,1,,,,,,0,730,2000,128,729,46000,128
1100,20160112,11, 1,1,       1801 ,,103415,103415,103415812000,1,,,,,,0,730,3000,128,729,46000,128
1100,20160112,11, 1,1,       1801 ,,103415,103415,103415814600,1,,,,,,0,730,3000,128,729,40000,128
1100,20160112,11, 1,1,       1801 ,,103415,103415,103415815600,1,,,,,,0,730,7000,128,729,40000,128
1100,20160112,11, 1,1,       1801 ,,103415,103415,103415819800,1,,,,,,0,730,7000,128,729,39000,128
1100,20160112,11, 1,1,       1801 ,,103415,103415,103415820600,1,,,,,,0,730,11000,128,729,39000,128
1100,20160112,11, 1,1,       1801 ,,103416,103416,103416976100,1,,,,,,0,730,13000,128,729,39000,128
1100,20160112,11, 1,1,       1801 ,,103416,103416,103416977500,1,,,,,,0,730,13000,128,729,36000,128
1100,20160112,11, 1,1,       1801 ,,103417,103417,103417000400,1,,,,,,0,730,14000,128,729,36000,128
1100,20160112,11, 1,1,       1801 ,,103417,103417,103417781300,1,,,,,,0,730,14000,128,729,37000,128
1100,20160112,11, 1,1,       1801 ,,103418,103418,103418428800,1,,,,,,0,730,15000,128,729,37000,128
1100,20160112,11, 1,1,       1801 ,,103418,103418,103418442500,1,,,,,,0,730,15000,128,729,36000,128
1100,20160112,11, 1,1,       1801 ,,103418,103418,103418612100,1,,,,,,0,730,15000,128,729,37000,128
1100,20160112,11, 1,1,       1801 ,,103419,103419,103419632400,1,,,,,,0,730,15000,128,729,36000,128
1100,20160112,11, 1,1,       1801 ,103420,103420,103420,103420813100,1,729,16,0,34000,0,0,730,15000,128,729,2000,128
1100,20160112,11, 1,1,       1801 ,103420,103420,103420,103420816600,1,729,16,0,2000,0,0,730,15000,128,728,80000,128
1100,20160112,11, 1,1,       1801 ,,103420,103420,103420819200,1,,,,,,0,730,17000,128,728,80000,128
1100,20160112,11, 1,1,       1801 ,,103420,103420,103420821600,1,,,,,,0,730,18000,128,728,80000,128
1100,20160112,11, 1,1,       1801 ,,103420,103420,103420824000,1,,,,,,0,729,1000,128,728,80000,128
1100,20160112,11, 1,1,       1801 ,,103420,103420,103420831100,1,,,,,,0,729,1000,128,728,75000,128
1100,20160112,11, 1,1,       1801 ,,103420,103420,103420834100,1,,,,,,0,729,1000,128,728,73000,128
1100,20160112,11, 1,1,       1801 ,,103420,103420,103420837200,1,,,,,,0,729,1000,128,728,75000,128
1100,20160112,11, 1,1,       1801 ,,103420,103420,103420838000,1,,,,,,0,729,1000,128,728,69000,128
1100,20160112,11, 1,1,       1801 ,103420,103420,103420,103420838700,1,729,48,0,1000,0,0,730,30000,128,728,69000,128
1100,20160112,11, 1,1,       1801 ,,103420,103420,103420839500,1,,,,,,0,730,30000,128,728,69000,128
1100,20160112,11, 1,1,       1801 ,,103420,103420,103420840400,1,,,,,,0,730,32000,128,728,69000,128
1100,20160112,11, 1,1,       1801 ,,103420,103420,103420842800,1,,,,,,0,730,36000,128,728,69000,128
1100,20160112,11, 1,1,       1801 ,,103420,103420,103420845500,1,,,,,,0,730,36000,128,728,70000,128
1100,20160112,11, 1,1,       1801 ,,103420,103420,103420847500,1,,,,,,0,730,40000,128,728,70000,128
1100,20160112,11, 1,1,       1801 ,,103420,103420,103420848700,1,,,,,,0,730,38000,128,728,70000,128
1100,20160112,11, 1,1,       1801 ,,103420,103420,103420849400,1,,,,,,0,730,39000,128,728,70000,128
1100,20160112,11, 1,1,       1801 ,,103420,103420,103420850100,1,,,,,,0,730,39000,128,729,2000,128
1100,20160112,11, 1,1,       1801 ,,103420,103420,103420852500,1,,,,,,0,730,38000,128,729,2000,128
1100,20160112,11, 1,1,       1801 ,,103420,103420,103420853300,1,,,,,,0,730,37000,128,729,2000,128
1100,20160112,11, 1,1,       1801 ,,103420,103420,103420861600,1,,,,,,0,730,33000,128,729,2000,128
1100,20160112,11, 1,1,       1801 ,103421,103421,103421,103421045000,1,729,16,0,2000,0,0,730,33000,128,728,50000,128
1100,20160112,11, 1,1,       1801 ,,103421,103421,103421046300,1,,,,,,0,730,31000,128,728,50000,128
1100,20160112,11, 1,1,       1801 ,,103421,103421,103421047600,1,,,,,,0,730,32000,128,728,50000,128
1100,20160112,11, 1,1,       1801 ,,103421,103421,103421049900,1,,,,,,0,730,32000,128,728,49000,128
1100,20160112,11, 1,1,       1801 ,,103421,103421,103421161400,1,,,,,,0,730,33000,128,728,49000,128
1100,20160112,11, 1,1,       1801 ,103421,103421,103421,103421855900,1,730,48,0,1000,0,0,730,32000,128,728,49000,128
1100,20160112,11, 1,1,       1801 ,,103421,103421,103421857400,1,,,,,,0,730,31000,128,728,49000,128
1100,20160112,11, 1,1,       1801 ,,103421,103421,103421858100,1,,,,,,0,730,31000,128,728,50000,128
1100,20160112,11, 1,1,       1801 ,,103421,103421,103421948800,1,,,,,,0,730,31000,128,728,49000,128
1100,20160112,11, 1,1,       1801 ,,103422,103422,103422221400,1,,,,,,0,730,32000,128,728,49000,128
1100,20160112,11, 1,1,       1801 ,,103425,103425,103425328400,1,,,,,,0,730,34000,128,728,49000,128
1100,20160112,11, 1,1,       1801 ,,103425,103425,103425329800,1,,,,,,0,729,4000,128,728,49000,128
1100,20160112,11, 1,1,       1801 ,,103425,103425,103425331100,1,,,,,,0,729,5000,128,728,49000,128
1100,20160112,11, 1,1,       1801 ,,103427,103427,103427151100,1,,,,,,0,729,4000,128,728,49000,128
1100,20160112,11, 1,1,       1801 ,103430,103430,103430,103430177700,1,729,48,0,4000,0,0,730,38000,128,728,49000,128
1100,20160112,11, 1,1,       1801 ,,103430,103430,103430179200,1,,,,,,0,730,38000,128,728,49000,128
1100,20160112,11, 1,1,       1801 ,,103430,103430,103430179800,1,,,,,,0,730,37000,128,728,49000,128
1100,20160112,11, 1,1,       1801 ,,103430,103430,103430180600,1,,,,,,0,730,37000,128,728,45000,128
1100,20160112,11, 1,1,       1801 ,,103430,103430,103430182000,1,,,,,,0,730,35000,128,728,45000,128
1100,20160112,11, 1,1,       1801 ,,103430,103430,103430182800,1,,,,,,0,730,36000,128,728,45000,128
1100,20160112,11, 1,1,       1801 ,,103430,103430,103430184300,1,,,,,,0,730,43000,128,728,45000,128
1100,20160112,11, 1,1,       1801 ,,103433,103433,103433071000,1,,,,,,0,730,42000,128,728,45000,128
1100,20160112,11, 1,1,       1801 ,,103433,103433,103433081500,1,,,,,,0,730,42000,128,728,47000,128
1100,20160112,11, 1,1,       1801 ,,103433,103433,103433149100,1,,,,,,0,730,42000,128,728,45000,128
1100,20160112,11, 1,1,       1801 ,,103433,103433,103433261100,1,,,,,,0,730,43000,128,728,45000,128
1100,20160112,11, 1,1,       1801 ,,103433,103433,103433301200,1,,,,,,0,730,42000,128,728,45000,128
1100,20160112,11, 1,1,       1801 ,,103434,103434,103434501100,1,,,,,,0,730,43000,128,728,45000,128
1100,20160112,11, 1,1,       1801 ,,103434,103434,103434521200,1,,,,,,0,730,42000,128,728,45000,128
1100,20160112,11, 1,1,       1801 ,,103434,103434,103434628900,1,,,,,,0,730,42000,128,728,47000,128
1100,20160112,11, 1,1,       1801 ,,103445,103445,103445959100,1,,,,,,0,730,42000,128,728,45000,128
1100,20160112,11, 1,1,       1801 ,,103445,103445,103445961000,1,,,,,,0,730,42000,128,728,51000,128
1100,20160112,11, 1,1,       1801 ,103447,103447,103447,103447849000,1,728,16,0,1000,0,0,730,42000,128,728,50000,128
1100,20160112,11, 1,1,       1801 ,,103447,103447,103447850700,1,,,,,,0,730,43000,128,728,50000,128
1100,20160112,11, 1,1,       1801 ,,103448,103448,103448648900,1,,,,,,0,730,42000,128,728,50000,128
1100,20160112,11, 1,1,       1801 ,,103452,103452,103452299500,1,,,,,,0,730,42000,128,729,1000,128
1100,20160112,11, 1,1,       1801 ,,103452,103452,103452301500,1,,,,,,0,730,35000,128,729,1000,128
1100,20160112,11, 1,1,       1801 ,,103452,103452,103452302200,1,,,,,,0,730,34000,128,729,1000,128
1100,20160112,11, 1,1,       1801 ,,103452,103452,103452308300,1,,,,,,0,730,35000,128,729,1000,128
1100,20160112,11, 1,1,       1801 ,,103452,103452,103452309100,1,,,,,,0,730,36000,128,729,1000,128
1100,20160112,11, 1,1,       1801 ,,103452,103452,103452309800,1,,,,,,0,730,38000,128,729,1000,128
1100,20160112,11, 1,1,       1801 ,,103452,103452,103452310600,1,,,,,,0,730,39000,128,729,1000,128
1100,20160112,11, 1,1,       1801 ,,103452,103452,103452311200,1,,,,,,0,730,40000,128,729,1000,128
1100,20160112,11, 1,1,       1801 ,,103452,103452,103452441000,1,,,,,,0,730,41000,128,729,1000,128
1100,20160112,11, 1,1,       1801 ,,103452,103452,103452764100,1,,,,,,0,730,41000,128,729,2000,128
1100,20160112,11, 1,1,       1801 ,,103453,103453,103453004400,1,,,,,,0,730,40000,128,729,2000,128
1100,20160112,11, 1,1,       1801 ,103453,103453,103453,103453047500,1,729,16,0,1000,0,0,730,40000,128,729,1000,128
1100,20160112,11, 1,1,       1801 ,103453,103453,103453,103453048900,1,729,16,0,1000,0,0,730,40000,128,728,49000,128
1100,20160112,11, 1,1,       1801 ,,103453,103453,103453053000,1,,,,,,0,730,40000,128,728,49000,128
1100,20160112,11, 1,1,       1801 ,,103453,103453,103453053700,1,,,,,,0,730,41000,128,728,49000,128
1100,20160112,11, 1,1,       1801 ,,103454,103454,103454325500,1,,,,,,0,730,41000,128,728,50000,128
1100,20160112,11, 1,1,       1801 ,,103457,103457,103457448000,1,,,,,,0,730,40000,128,728,50000,128
1100,20160112,11, 1,1,       1801 ,,103459,103459,103459031000,1,,,,,,0,730,41000,128,728,50000,128
1100,20160112,11, 1,1,       1801 ,,103459,103459,103459032700,1,,,,,,0,730,48000,128,728,50000,128
1100,20160112,11, 1,1,       1801 ,,103459,103459,103459831400,1,,,,,,0,730,47000,128,728,50000,128
1100,20160112,11, 1,1,       1801 ,,103500,103500,103500621500,1,,,,,,0,730,48000,128,728,50000,128
1100,20160112,11, 1,1,       1801 ,,103504,103504,103504004500,1,,,,,,0,729,2000,128,728,50000,128
1100,20160112,11, 1,1,       1801 ,,103504,103504,103504007900,1,,,,,,0,729,3000,128,728,50000,128
1100,20160112,11, 1,1,       1801 ,,103504,103504,103504009500,1,,,,,,0,729,4000,128,728,50000,128
1100,20160112,11, 1,1,       1801 ,,103504,103504,103504010800,1,,,,,,0,729,4000,128,728,49000,128
1100,20160112,11, 1,1,       1801 ,,103504,103504,103504011800,1,,,,,,0,729,8000,128,728,49000,128
1100,20160112,11, 1,1,       1801 ,,103504,103504,103504012700,1,,,,,,0,729,12000,128,728,49000,128
1100,20160112,11, 1,1,       1801 ,,103504,103504,103504013600,1,,,,,,0,729,12000,128,728,43000,128
1100,20160112,11, 1,1,       1801 ,,103504,103504,103504014900,1,,,,,,0,729,12000,128,728,42000,128
1100,20160112,11, 1,1,       1801 ,,103504,103504,103504018700,1,,,,,,0,729,12000,128,728,38000,128
1100,20160112,11, 1,1,       1801 ,,103504,103504,103504026800,1,,,,,,0,729,12000,128,728,29000,128
1100,20160112,11, 1,1,       1801 ,,103504,103504,103504027900,1,,,,,,0,729,14000,128,728,29000,128
1100,20160112,11, 1,1,       1801 ,,103504,103504,103504029800,1,,,,,,0,729,14000,128,728,26000,128
1100,20160112,11, 1,1,       1801 ,,103504,103504,103504037100,1,,,,,,0,729,14000,128,728,25000,128
1100,20160112,11, 1,1,       1801 ,,103504,103504,103504087600,1,,,,,,0,729,14000,128,728,21000,128
1100,20160112,11, 1,1,       1801 ,,103507,103507,103507563100,1,,,,,,0,729,13000,128,728,21000,128
1100,20160112,11, 1,1,       1801 ,,103507,103507,103507569600,1,,,,,,0,729,13000,128,728,17000,128
1100,20160112,11, 1,1,       1801 ,,103509,103509,103509777100,1,,,,,,0,729,14000,128,728,17000,128
1100,20160112,11, 1,1,       1801 ,,103510,103510,103510846000,1,,,,,,0,729,13000,128,728,17000,128
1100,20160112,11, 1,1,       1801 ,,103511,103511,103511030900,1,,,,,,0,729,14000,128,728,17000,128
1100,20160112,11, 1,1,       1801 ,,103511,103511,103511375700,1,,,,,,0,729,14000,128,728,70000,128
1100,20160112,11, 1,1,       1801 ,,103511,103511,103511377500,1,,,,,,0,729,13000,128,728,70000,128
1100,20160112,11, 1,1,       1801 ,,103511,103511,103511378900,1,,,,,,0,729,13000,128,728,73000,128
1100,20160112,11, 1,1,       1801 ,,103511,103511,103511379500,1,,,,,,0,729,11000,128,728,73000,128
1100,20160112,11, 1,1,       1801 ,,103511,103511,103511380200,1,,,,,,0,729,7000,128,728,73000,128
1100,20160112,11, 1,1,       1801 ,,103511,103511,103511380900,1,,,,,,0,729,7000,128,728,77000,128
1100,20160112,11, 1,1,       1801 ,,103511,103511,103511381600,1,,,,,,0,729,6000,128,728,77000,128
1100,20160112,11, 1,1,       1801 ,103511,103511,103511,103511834900,1,728,16,0,10000,0,0,729,6000,128,728,67000,128
1100,20160112,11, 1,1,       1801 ,,103511,103511,103511837500,1,,,,,,0,729,7000,128,728,67000,128
1100,20160112,11, 1,1,       1801 ,,103511,103511,103511838100,1,,,,,,0,729,8000,128,728,67000,128
1100,20160112,11, 1,1,       1801 ,103520,103520,103520,103520003800,1,729,48,0,8000,0,0,730,43000,128,728,67000,128
1100,20160112,11, 1,1,       1801 ,,103520,103520,103520005700,1,,,,,,0,730,43000,128,729,1000,128
1100,20160112,11, 1,1,       1801 ,,103520,103520,103520007300,1,,,,,,0,730,42000,128,729,1000,128
1100,20160112,11, 1,1,       1801 ,,103520,103520,103520010200,1,,,,,,0,730,44000,128,729,1000,128
1100,20160112,11, 1,1,       1801 ,,103520,103520,103520010800,1,,,,,,0,730,42000,128,729,1000,128
1100,20160112,11, 1,1,       1801 ,,103520,103520,103520013100,1,,,,,,0,730,41000,128,729,1000,128
1100,20160112,11, 1,1,       1801 ,,103520,103520,103520052700,1,,,,,,0,730,42000,128,729,1000,128
1100,20160112,11, 1,1,       1801 ,,103520,103520,103520053400,1,,,,,,0,730,43000,128,729,1000,128
1100,20160112,11, 1,1,       1801 ,,103520,103520,103520054200,1,,,,,,0,730,44000,128,729,1000,128
1100,20160112,11, 1,1,       1801 ,,103520,103520,103520055000,1,,,,,,0,730,46000,128,729,1000,128
1100,20160112,11, 1,1,       1801 ,,103520,103520,103520055700,1,,,,,,0,730,47000,128,729,1000,128
1100,20160112,11, 1,1,       1801 ,,103520,103520,103520416900,1,,,,,,0,730,46000,128,729,1000,128
1100,20160112,11, 1,1,       1801 ,103520,103520,103520,103520418300,1,729,16,0,1000,0,0,730,46000,128,728,74000,128
1100,20160112,11, 1,1,       1801 ,,103520,103520,103520419600,1,,,,,,0,730,46000,128,728,74000,128
1100,20160112,11, 1,1,       1801 ,,103520,103520,103520420400,1,,,,,,0,729,6000,128,728,74000,128
1100,20160112,11, 1,1,       1801 ,,103520,103520,103520421100,1,,,,,,0,729,9000,128,728,74000,128
1100,20160112,11, 1,1,       1801 ,,103520,103520,103520423000,1,,,,,,0,729,9000,128,728,76000,128
1100,20160112,11, 1,1,       1801 ,,103520,103520,103520423700,1,,,,,,0,729,10000,128,728,76000,128
1100,20160112,11, 1,1,       1801 ,,103520,103520,103520426400,1,,,,,,0,729,10000,128,728,70000,128
1100,20160112,11, 1,1,       1801 ,,103520,103520,103520427800,1,,,,,,0,729,10000,128,728,69000,128
1100,20160112,11, 1,1,       1801 ,,103520,103520,103520458400,1,,,,,,0,729,11000,128,728,69000,128
1100,20160112,11, 1,1,       1801 ,,103520,103520,103520958700,1,,,,,,0,729,10000,128,728,69000,128
1100,20160112,11, 1,1,       1801 ,,103521,103521,103521022800,1,,,,,,0,729,10000,128,728,67000,128
1100,20160112,11, 1,1,       1801 ,,103521,103521,103521252900,1,,,,,,0,729,10000,128,728,69000,128
1100,20160112,11, 1,1,       1801 ,,103522,103522,103522187600,1,,,,,,0,729,10000,128,728,73000,128
1100,20160112,11, 1,1,       1801 ,,103522,103522,103522824200,1,,,,,,0,729,10000,128,728,74000,128
1100,20160112,11, 1,1,       1801 ,,103523,103523,103523604300,1,,,,,,0,729,10000,128,728,73000,128
1100,20160112,11, 1,1,       1801 ,103523,103523,103523,103523605900,1,729,48,0,10000,0,0,730,51000,128,728,73000,128
1100,20160112,11, 1,1,       1801 ,,103523,103523,103523609400,1,,,,,,0,730,51000,128,728,73000,128
1100,20160112,11, 1,1,       1801 ,,103523,103523,103523610000,1,,,,,,0,730,51000,128,729,1000,128
1100,20160112,11, 1,1,       1801 ,,103523,103523,103523613400,1,,,,,,0,730,49000,128,729,1000,128
1100,20160112,11, 1,1,       1801 ,,103523,103523,103523614800,1,,,,,,0,730,48000,128,729,1000,128
1100,20160112,11, 1,1,       1801 ,103523,103523,103523,103523659000,1,729,16,0,1000,0,0,730,48000,128,728,72000,128
1100,20160112,11, 1,1,       1801 ,,103523,103523,103523660400,1,,,,,,0,730,48000,128,728,72000,128
1100,20160112,11, 1,1,       1801 ,,103523,103523,103523661100,1,,,,,,0,730,48000,128,728,74000,128
1100,20160112,11, 1,1,       1801 ,,103523,103523,103523745800,1,,,,,,0,730,49000,128,728,74000,128
1100,20160112,11, 1,1,       1801 ,,103525,103525,103525830800,1,,,,,,0,730,49000,128,728,72000,128
1100,20160112,11, 1,1,       1801 ,,103525,103525,103525840900,1,,,,,,0,730,50000,128,728,72000,128
1100,20160112,11, 1,1,       1801 ,,103526,103526,103526050700,1,,,,,,0,730,49000,128,728,72000,128
1100,20160112,11, 1,1,       1801 ,,103526,103526,103526052100,1,,,,,,0,730,49000,128,728,73000,128
1100,20160112,11, 1,1,       1801 ,,103526,103526,103526053500,1,,,,,,0,730,50000,128,728,73000,128
1100,20160112,11, 1,1,       1801 ,,103526,103526,103526054200,1,,,,,,0,730,49000,128,728,73000,128
1100,20160112,11, 1,1,       1801 ,103529,103529,103529,103529245800,1,728,16,0,2000,0,0,730,49000,128,728,71000,128
1100,20160112,11, 1,1,       1801 ,,103529,103529,103529247600,1,,,,,,0,730,50000,128,728,71000,128
1100,20160112,11, 1,1,       1801 ,,103529,103529,103529248300,1,,,,,,0,729,3000,128,728,71000,128
1100,20160112,11, 1,1,       1801 ,,103529,103529,103529249000,1,,,,,,0,729,3000,128,728,77000,128
1100,20160112,11, 1,1,       1801 ,,103529,103529,103529250500,1,,,,,,0,729,4000,128,728,77000,128
1100,20160112,11, 1,1,       1801 ,,103529,103529,103529251800,1,,,,,,0,729,4000,128,728,76000,128
1100,20160112,11, 1,1,       1801 ,,103529,103529,103529253400,1,,,,,,0,729,4000,128,728,75000,128
1100,20160112,11, 1,1,       1801 ,,103530,103530,103530003300,1,,,,,,0,729,3000,128,728,75000,128
1100,20160112,11, 1,1,       1801 ,,103530,103530,103530005400,1,,,,,,0,729,3000,128,728,69000,128
1100,20160112,11, 1,1,       1801 ,,103530,103530,103530559400,1,,,,,,0,729,4000,128,728,69000,128
1100,20160112,11, 1,1,       1801 ,,103533,103533,103533060800,1,,,,,,0,729,3000,128,728,69000,128
1100,20160112,11, 1,1,       1801 ,,103535,103535,103535697500,1,,,,,,0,729,3000,128,728,71000,128
1100,20160112,11, 1,1,       1801 ,,103536,103536,103536280200,1,,,,,,0,729,3000,128,728,73000,128
1100,20160112,11, 1,1,       1801 ,,103536,103536,103536286500,1,,,,,,0,729,3000,128,728,79000,128
1100,20160112,11, 1,1,       1801 ,103536,103536,103536,103536291400,1,729,48,0,1000,0,0,729,2000,128,728,79000,128
1100,20160112,11, 1,1,       1801 ,,103536,103536,103536293500,1,,,,,,0,729,2000,128,728,80000,128
1100,20160112,11, 1,1,       1801 ,103536,103536,103536,103536295200,1,729,48,0,2000,0,0,730,48000,128,728,80000,128
1100,20160112,11, 1,1,       1801 ,,103536,103536,103536301400,1,,,,,,0,730,48000,128,729,1000,128
1100,20160112,11, 1,1,       1801 ,,103536,103536,103536302600,1,,,,,,0,730,48000,128,729,3000,128
1100,20160112,11, 1,1,       1801 ,,103536,103536,103536313300,1,,,,,,0,730,48000,128,729,5000,128
1100,20160112,11, 1,1,       1801 ,,103536,103536,103536314400,1,,,,,,0,730,46000,128,729,5000,128
1100,20160112,11, 1,1,       1801 ,,103536,103536,103536315400,1,,,,,,0,730,45000,128,729,5000,128
1100,20160112,11, 1,1,       1801 ,,103536,103536,103536317400,1,,,,,,0,730,45000,128,729,6000,128
1100,20160112,11, 1,1,       1801 ,,103536,103536,103536322400,1,,,,,,0,730,45000,128,729,8000,128
1100,20160112,11, 1,1,       1801 ,,103536,103536,103536333800,1,,,,,,0,730,45000,128,729,9000,128
1100,20160112,11, 1,1,       1801 ,,103536,103536,103536355200,1,,,,,,0,730,38000,128,729,9000,128
1100,20160112,11, 1,1,       1801 ,,103536,103536,103536357600,1,,,,,,0,730,38000,128,729,13000,128
1100,20160112,11, 1,1,       1801 ,,103536,103536,103536881500,1,,,,,,0,730,39000,128,729,13000,128
1100,20160112,11, 1,1,       1801 ,,103536,103536,103536882600,1,,,,,,0,730,40000,128,729,13000,128
1100,20160112,11, 1,1,       1801 ,,103536,103536,103536883700,1,,,,,,0,730,41000,128,729,13000,128
1100,20160112,11, 1,1,       1801 ,,103538,103538,103538005400,1,,,,,,0,730,50000,128,729,13000,128
1100,20160112,11, 1,1,       1801 ,,103538,103538,103538180600,1,,,,,,0,730,50000,128,729,9000,128
1100,20160112,11, 1,1,       1801 ,,103538,103538,103538750200,1,,,,,,0,730,50000,128,729,63000,128
1100,20160112,11, 1,1,       1801 ,,103538,103538,103538751700,1,,,,,,0,730,50000,128,729,66000,128
1100,20160112,11, 1,1,       1801 ,,103538,103538,103538752300,1,,,,,,0,730,48000,128,729,66000,128
1100,20160112,11, 1,1,       1801 ,,103538,103538,103538762200,1,,,,,,0,730,48000,128,729,70000,128
1100,20160112,11, 1,1,       1801 ,,103539,103539,103539313000,1,,,,,,0,730,46000,128,729,70000,128
1100,20160112,11, 1,1,       1801 ,,103539,103539,103539313800,1,,,,,,0,730,45000,128,729,70000,128
1100,20160112,11, 1,1,       1801 ,,103539,103539,103539315100,1,,,,,,0,730,43000,128,729,70000,128
1100,20160112,11, 1,1,       1801 ,,103539,103539,103539362500,1,,,,,,0,730,43000,128,729,74000,128
1100,20160112,11, 1,1,       1801 ,,103540,103540,103540689600,1,,,,,,0,730,39000,128,729,74000,128
1100,20160112,11, 1,1,       1801 ,,103541,103541,103541413100,1,,,,,,0,730,39000,128,729,72000,128
1100,20160112,11, 1,1,       1801 ,,103542,103542,103542176400,1,,,,,,0,730,39000,128,729,71000,128
1100,20160112,11, 1,1,       1801 ,,103543,103543,103543008600,1,,,,,,0,730,30000,128,729,71000,128
1100,20160112,11, 1,1,       1801 ,,103545,103545,103545207200,1,,,,,,0,730,31000,128,729,71000,128
1100,20160112,11, 1,1,       1801 ,,103545,103545,103545208900,1,,,,,,0,730,31000,128,729,75000,128
1100,20160112,11, 1,1,       1801 ,,103545,103545,103545249700,1,,,,,,0,730,30000,128,729,75000,128
1100,20160112,11, 1,1,       1801 ,103545,103545,103545,103545257400,1,729,16,0,1000,0,0,730,30000,128,729,74000,128
1100,20160112,11, 1,1,       1801 ,,103545,103545,103545291600,1,,,,,,0,730,31000,128,729,74000,128
1100,20160112,11, 1,1,       1801 ,,103545,103545,103545944000,1,,,,,,0,730,30000,128,729,74000,128
1100,20160112,11, 1,1,       1801 ,,103546,103546,103546167200,1,,,,,,0,730,29000,128,729,74000,128
1100,20160112,11, 1,1,       1801 ,,103547,103547,103547371300,1,,,,,,0,730,30000,128,729,74000,128
1100,20160112,11, 1,1,       1801 ,,103549,103549,103549306900,1,,,,,,0,730,30000,128,729,75000,128
1100,20160112,11, 1,1,       1801 ,,103549,103549,103549308500,1,,,,,,0,730,37000,128,729,75000,128
1100,20160112,11, 1,1,       1801 ,,103549,103549,103549310000,1,,,,,,0,730,37000,128,729,72000,128
1100,20160112,11, 1,1,       1801 ,,103549,103549,103549310700,1,,,,,,0,730,39000,128,729,72000,128
1100,20160112,11, 1,1,       1801 ,,103549,103549,103549312000,1,,,,,,0,730,39000,128,729,68000,128
1100,20160112,11, 1,1,       1801 ,,103549,103549,103549797400,1,,,,,,0,730,40000,128,729,68000,128
1100,20160112,11, 1,1,       1801 ,103549,103549,103549,103549800400,1,729,16,0,18000,0,0,730,40000,128,729,50000,128
1100,20160112,11, 1,1,       1801 ,103549,103549,103549,103549802300,1,729,16,0,14000,0,0,730,40000,128,729,36000,128
1100,20160112,11, 1,1,       1801 ,103549,103549,103549,103549803200,1,729,16,0,5000,0,0,730,40000,128,729,31000,128
1100,20160112,11, 1,1,       1801 ,103549,103549,103549,103549804200,1,729,16,0,2000,0,0,730,40000,128,729,29000,128
1100,20160112,11, 1,1,       1801 ,103549,103549,103549,103549805500,1,729,16,0,29000,0,0,730,40000,128,728,36000,128
1100,20160112,11, 1,1,       1801 ,,103549,103549,103549807600,1,,,,,,0,730,41000,128,728,36000,128
1100,20160112,11, 1,1,       1801 ,,103549,103549,103549810200,1,,,,,,0,730,40000,128,728,36000,128
1100,20160112,11, 1,1,       1801 ,,103549,103549,103549811100,1,,,,,,0,729,1000,128,728,36000,128
1100,20160112,11, 1,1,       1801 ,,103549,103549,103549813700,1,,,,,,0,729,2000,128,728,36000,128
1100,20160112,11, 1,1,       1801 ,,103549,103549,103549815000,1,,,,,,0,729,2000,128,728,34000,128
1100,20160112,11, 1,1,       1801 ,,103549,103549,103549816400,1,,,,,,0,729,2000,128,728,25000,128
1100,20160112,11, 1,1,       1801 ,,103549,103549,103549818800,1,,,,,,0,729,3000,128,728,25000,128
1100,20160112,11, 1,1,       1801 ,103549,103549,103549,103549819400,1,729,48,0,1000,0,0,729,2000,128,728,25000,128
1100,20160112,11, 1,1,       1801 ,,103549,103549,103549820300,1,,,,,,0,729,2000,128,728,19000,128
1100,20160112,11, 1,1,       1801 ,,103549,103549,103549821700,1,,,,,,0,729,2000,128,728,18000,128
1100,20160112,11, 1,1,       1801 ,,103549,103549,103549822900,1,,,,,,0,729,4000,128,728,18000,128
1100,20160112,11, 1,1,       1801 ,,103549,103549,103549836800,1,,,,,,0,729,4000,128,728,14000,128
1100,20160112,11, 1,1,       1801 ,,103550,103550,103550572800,1,,,,,,0,729,4000,128,728,15000,128
1100,20160112,11, 1,1,       1801 ,103557,103557,103557,103557093300,1,728,16,0,15000,0,0,729,4000,128,727,67000,128
1100,20160112,11, 1,1,       1801 ,,103557,103557,103557095100,1,,,,,,0,729,4000,128,727,67000,128
1100,20160112,11, 1,1,       1801 ,,103557,103557,103557095900,1,,,,,,0,729,4000,128,727,64000,128
1100,20160112,11, 1,1,       1801 ,,103557,103557,103557096800,1,,,,,,0,729,4000,128,728,2000,128
1100,20160112,11, 1,1,       1801 ,103557,103557,103557,103557098300,1,728,16,0,1000,0,0,729,4000,128,728,1000,128
1100,20160112,11, 1,1,       1801 ,,103557,103557,103557099300,1,,,,,,0,729,4000,128,728,1000,128
1100,20160112,11, 1,1,       1801 ,,103557,103557,103557101100,1,,,,,,0,729,6000,128,728,1000,128
1100,20160112,11, 1,1,       1801 ,,103557,103557,103557102600,1,,,,,,0,729,10000,128,728,1000,128
1100,20160112,11, 1,1,       1801 ,,103557,103557,103557103400,1,,,,,,0,729,17000,128,728,1000,128
1100,20160112,11, 1,1,       1801 ,,103557,103557,103557105400,1,,,,,,0,729,18000,128,728,1000,128
1100,20160112,11, 1,1,       1801 ,,103557,103557,103557114100,1,,,,,,0,729,22000,128,728,1000,128
1100,20160112,11, 1,1,       1801 ,103557,103557,103557,103557117700,1,728,16,0,1000,0,0,729,22000,128,727,65000,128
1100,20160112,11, 1,1,       1801 ,,103557,103557,103557121200,1,,,,,,0,729,24000,128,727,65000,128
1100,20160112,11, 1,1,       1801 ,,103557,103557,103557122000,1,,,,,,0,729,25000,128,727,65000,128
1100,20160112,11, 1,1,       1801 ,,103557,103557,103557124300,1,,,,,,0,728,1000,128,727,65000,128
1100,20160112,11, 1,1,       1801 ,,103557,103557,103557124900,1,,,,,,0,728,1000,128,727,64000,128
1100,20160112,11, 1,1,       1801 ,103557,103557,103557,103557127200,1,728,48,0,1000,0,0,729,25000,128,727,64000,128
1100,20160112,11, 1,1,       1801 ,,103557,103557,103557127900,1,,,,,,0,729,25000,128,727,64000,128
1100,20160112,11, 1,1,       1801 ,,103557,103557,103557128800,1,,,,,,0,729,25000,128,728,1000,128
1100,20160112,11, 1,1,       1801 ,,103557,103557,103557130300,1,,,,,,0,729,27000,128,728,1000,128
1100,20160112,11, 1,1,       1801 ,,103557,103557,103557131000,1,,,,,,0,729,27000,128,728,2000,128
1100,20160112,11, 1,1,       1801 ,,103557,103557,103557134800,1,,,,,,0,729,31000,128,728,2000,128
1100,20160112,11, 1,1,       1801 ,,103557,103557,103557136200,1,,,,,,0,729,32000,128,728,2000,128
1100,20160112,11, 1,1,       1801 ,,103557,103557,103557136800,1,,,,,,0,729,33000,128,728,2000,128
1100,20160112,11, 1,1,       1801 ,,103557,103557,103557137400,1,,,,,,0,729,31000,128,728,2000,128
1100,20160112,11, 1,1,       1801 ,,103557,103557,103557138100,1,,,,,,0,729,31000,128,728,4000,128
1100,20160112,11, 1,1,       1801 ,,103557,103557,103557139100,1,,,,,,0,729,31000,128,728,3000,128
1100,20160112,11, 1,1,       1801 ,,103557,103557,103557142000,1,,,,,,0,729,40000,128,728,3000,128
1100,20160112,11, 1,1,       1801 ,,103557,103557,103557142600,1,,,,,,0,729,41000,128,728,3000,128
1100,20160112,11, 1,1,       1801 ,103557,103557,103557,103557180700,1,728,16,0,1000,0,0,729,41000,128,728,2000,128
1100,20160112,11, 1,1,       1801 ,,103557,103557,103557539900,1,,,,,,0,729,41000,128,728,2000,128
1100,20160112,11, 1,1,       1801 ,,103558,103558,103558028900,1,,,,,,0,729,43000,128,728,2000,128
1100,20160112,11, 1,1,       1801 ,,103559,103559,103559388500,1,,,,,,0,729,43000,128,728,3000,128
1100,20160112,11, 1,1,       1801 ,103601,103601,103601,103601542400,1,728,16,0,2000,0,0,729,43000,128,728,1000,128
1100,20160112,11, 1,1,       1801 ,,103601,103601,103601973800,1,,,,,,0,729,43000,128,728,1000,128
1100,20160112,11, 1,1,       1801 ,,103602,103602,103602430200,1,,,,,,0,729,43000,128,728,11000,128
1100,20160112,11, 1,1,       1801 ,,103602,103602,103602431600,1,,,,,,0,729,39000,128,728,11000,128
1100,20160112,11, 1,1,       1801 ,,103603,103603,103603292900,1,,,,,,0,729,39000,128,728,12000,128
1100,20160112,11, 1,1,       1801 ,,103605,103605,103605018000,1,,,,,,0,729,39000,128,728,13000,128
1100,20160112,11, 1,1,       1801 ,103605,103605,103605,103605205900,1,729,48,0,1000,0,0,729,38000,128,728,13000,128
1100,20160112,11, 1,1,       1801 ,,103605,103605,103605207500,1,,,,,,0,729,38000,128,728,13000,128
1100,20160112,11, 1,1,       1801 ,,103608,103608,103608295800,1,,,,,,0,729,38000,128,728,12000,128
1100,20160112,11, 1,1,       1801 ,103610,103610,103610,103610898400,1,728,16,0,12000,0,0,729,38000,128,727,67000,128
1100,20160112,11, 1,1,       1801 ,,103610,103610,103610899900,1,,,,,,0,729,38000,128,727,67000,128
1100,20160112,11, 1,1,       1801 ,,103610,103610,103610900700,1,,,,,,0,729,39000,128,727,67000,128
1100,20160112,11, 1,1,       1801 ,,103610,103610,103610902700,1,,,,,,0,729,39000,128,727,69000,128
1100,20160112,11, 1,1,       1801 ,,103610,103610,103610904100,1,,,,,,0,729,38000,128,727,69000,128
1100,20160112,11, 1,1,       1801 ,,103611,103611,103611047700,1,,,,,,0,729,38000,128,727,51000,128
1100,20160112,11, 1,1,       1801 ,,103611,103611,103611049100,1,,,,,,0,729,38000,128,727,49000,128
1100,20160112,11, 1,1,       1801 ,,103611,103611,103611050000,1,,,,,,0,729,39000,128,727,49000,128
1100,20160112,11, 1,1,       1801 ,,103611,103611,103611128400,1,,,,,,0,728,1000,128,727,49000,128
1100,20160112,11, 1,1,       1801 ,103611,103611,103611,103611132100,1,728,48,0,1000,0,0,729,41000,128,727,49000,128
1100,20160112,11, 1,1,       1801 ,,103611,103611,103611134000,1,,,,,,0,729,41000,128,727,49000,128
1100,20160112,11, 1,1,       1801 ,,103611,103611,103611137000,1,,,,,,0,729,48000,128,727,49000,128
1100,20160112,11, 1,1,       1801 ,,103611,103611,103611139900,1,,,,,,0,729,41000,128,727,49000,128
1100,20160112,11, 1,1,       1801 ,,103611,103611,103611214000,1,,,,,,0,729,45000,128,727,49000,128
1100,20160112,11, 1,1,       1801 ,,103612,103612,103612249000,1,,,,,,0,729,44000,128,727,49000,128
1100,20160112,11, 1,1,       1801 ,,103613,103613,103613046500,1,,,,,,0,729,42000,128,727,49000,128
1100,20160112,11, 1,1,       1801 ,,103617,103617,103617033500,1,,,,,,0,728,3000,128,727,49000,128
1100,20160112,11, 1,1,       1801 ,,103617,103617,103617036300,1,,,,,,0,728,3000,128,727,43000,128
1100,20160112,11, 1,1,       1801 ,,103617,103617,103617037800,1,,,,,,0,728,4000,128,727,43000,128
1100,20160112,11, 1,1,       1801 ,,103618,103618,103618580000,1,,,,,,0,728,4000,128,727,42000,128
1100,20160112,11, 1,1,       1801 ,,103618,103618,103618585000,1,,,,,,0,728,4000,128,727,41000,128
1100,20160112,11, 1,1,       1801 ,103619,103619,103619,103619470400,1,728,48,0,4000,0,0,729,51000,128,727,41000,128
1100,20160112,11, 1,1,       1801 ,,103619,103619,103619471900,1,,,,,,0,729,51000,128,727,41000,128
1100,20160112,11, 1,1,       1801 ,,103619,103619,103619472500,1,,,,,,0,729,51000,128,728,1000,128
1100,20160112,11, 1,1,       1801 ,,103619,103619,103619473200,1,,,,,,0,729,44000,128,728,1000,128
1100,20160112,11, 1,1,       1801 ,,103619,103619,103619476200,1,,,,,,0,729,42000,128,728,1000,128
1100,20160112,11, 1,1,       1801 ,,103619,103619,103619477000,1,,,,,,0,729,41000,128,728,1000,128
1100,20160112,11, 1,1,       1801 ,,103619,103619,103619478300,1,,,,,,0,729,41000,128,728,5000,128
1100,20160112,11, 1,1,       1801 ,,103619,103619,103619479800,1,,,,,,0,729,41000,128,728,6000,128
1100,20160112,11, 1,1,       1801 ,,103619,103619,103619481100,1,,,,,,0,729,41000,128,728,7000,128
1100,20160112,11, 1,1,       1801 ,,103619,103619,103619481800,1,,,,,,0,729,41000,128,728,8000,128
1100,20160112,11, 1,1,       1801 ,,103620,103620,103620552400,1,,,,,,0,729,41000,128,728,7000,128
1100,20160112,11, 1,1,       1801 ,103620,103620,103620,103620828400,1,728,16,0,7000,0,0,729,41000,128,727,44000,131
1100,20160112,11, 1,1,       1801 ,103620,103620,103620,103620828400,2,727,16,0,30000,0,0,729,41000,128,727,14000,128
1100,20160112,11, 1,1,       1801 ,,103620,103620,103620830900,1,,,,,,0,728,2000,128,727,14000,128
1100,20160112,11, 1,1,       1801 ,,103620,103620,103620831800,1,,,,,,0,728,2000,128,727,12000,128
1100,20160112,11, 1,1,       1801 ,,103620,103620,103620832700,1,,,,,,0,728,2000,128,727,11000,128
1100,20160112,11, 1,1,       1801 ,,103620,103620,103620834200,1,,,,,,0,728,2000,128,727,9000,128
1100,20160112,11, 1,1,       1801 ,,103620,103620,103620836400,1,,,,,,0,728,4000,128,727,9000,128
1100,20160112,11, 1,1,       1801 ,,103620,103620,103620839200,1,,,,,,0,728,4000,128,727,11000,128
1100,20160112,11, 1,1,       1801 ,,103620,103620,103620839900,1,,,,,,0,728,5000,128,727,11000,128
1100,20160112,11, 1,1,       1801 ,103620,103620,103620,103620840900,1,728,48,0,2000,0,0,728,3000,128,727,11000,128
1100,20160112,11, 1,1,       1801 ,,103620,103620,103620841800,1,,,,,,0,728,3000,128,727,11000,128
1100,20160112,11, 1,1,       1801 ,,103620,103620,103620843900,1,,,,,,0,728,5000,128,727,11000,128
1100,20160112,11, 1,1,       1801 ,,103620,103620,103620845300,1,,,,,,0,728,6000,128,727,11000,128
1100,20160112,11, 1,1,       1801 ,,103620,103620,103620846100,1,,,,,,0,728,6000,128,727,10000,128
1100,20160112,11, 1,1,       1801 ,,103620,103620,103620846800,1,,,,,,0,728,6000,128,727,6000,128
1100,20160112,11, 1,1,       1801 ,,103620,103620,103620847600,1,,,,,,0,728,6000,128,727,5000,128
1100,20160112,11, 1,1,       1801 ,,103620,103620,103620849800,1,,,,,,0,728,9000,128,727,5000,128
1100,20160112,11, 1,1,       1801 ,,103620,103620,103620852900,1,,,,,,0,728,13000,128,727,5000,128
1100,20160112,11, 1,1,       1801 ,,103620,103620,103620853500,1,,,,,,0,728,20000,128,727,5000,128
1100,20160112,11, 1,1,       1801 ,103620,103620,103620,103620892600,1,727,16,0,1000,0,0,728,20000,128,727,4000,128
1100,20160112,11, 1,1,       1801 ,103620,103620,103620,103620894400,1,727,16,0,1000,0,0,728,20000,128,727,3000,128
1100,20160112,11, 1,1,       1801 ,,103620,103620,103620895500,1,,,,,,0,728,20000,128,727,3000,128
1100,20160112,11, 1,1,       1801 ,,103620,103620,103620896200,1,,,,,,0,728,20000,128,727,1000,128
1100,20160112,11, 1,1,       1801 ,,103620,103620,103620899400,1,,,,,,0,728,20000,128,726,44000,128
1100,20160112,11, 1,1,       1801 ,,103620,103620,103620900600,1,,,,,,0,728,22000,128,726,44000,128
1100,20160112,11, 1,1,       1801 ,,103620,103620,103620902000,1,,,,,,0,728,22000,128,726,46000,128
1100,20160112,11, 1,1,       1801 ,,103620,103620,103620902700,1,,,,,,0,728,31000,128,726,46000,128
1100,20160112,11, 1,1,       1801 ,,103620,103620,103620903300,1,,,,,,0,728,31000,128,726,45000,128
1100,20160112,11, 1,1,       1801 ,,103620,103620,103620904100,1,,,,,,0,728,32000,128,726,45000,128
1100,20160112,11, 1,1,       1801 ,,103620,103620,103620905500,1,,,,,,0,728,32000,128,726,43000,128
1100,20160112,11, 1,1,       1801 ,,103620,103620,103620921100,1,,,,,,0,728,30000,128,726,43000,128
1100,20160112,11, 1,1,       1801 ,,103620,103620,103620922800,1,,,,,,0,728,29000,128,726,43000,128
1100,20160112,11, 1,1,       1801 ,,103621,103621,103621100400,1,,,,,,0,728,29000,128,727,1000,128
1100,20160112,11, 1,1,       1801 ,,103621,103621,103621732200,1,,,,,,0,728,29000,128,726,46000,128
1100,20160112,11, 1,1,       1801 ,,103621,103621,103621776000,1,,,,,,0,728,29000,128,726,45000,128
1100,20160112,11, 1,1,       1801 ,103622,103622,103622,103622235300,1,726,16,0,1000,0,0,728,29000,128,726,44000,128
1100,20160112,11, 1,1,       1801 ,,103622,103622,103622237900,1,,,,,,0,728,29000,128,726,44000,128
1100,20160112,11, 1,1,       1801 ,,103622,103622,103622310000,1,,,,,,0,727,2000,128,726,44000,128
1100,20160112,11, 1,1,       1801 ,,103622,103622,103622312200,1,,,,,,0,727,2000,128,726,42000,128
1100,20160112,11, 1,1,       1801 ,103622,103622,103622,103622313600,1,727,48,0,2000,0,0,728,29000,128,726,42000,128
1100,20160112,11, 1,1,       1801 ,,103622,103622,103622314400,1,,,,,,0,728,29000,128,726,42000,128
1100,20160112,11, 1,1,       1801 ,,103622,103622,103622315300,1,,,,,,0,728,31000,128,726,42000,128
1100,20160112,11, 1,1,       1801 ,,103622,103622,103622318200,1,,,,,,0,728,31000,128,726,36000,128
1100,20160112,11, 1,1,       1801 ,,103622,103622,103622319700,1,,,,,,0,728,35000,128,726,36000,128
1100,20160112,11, 1,1,       1801 ,,103622,103622,103622324000,1,,,,,,0,728,33000,128,726,36000,128
1100,20160112,11, 1,1,       1801 ,,103622,103622,103622336800,1,,,,,,0,728,33000,128,726,32000,128
1100,20160112,11, 1,1,       1801 ,,103622,103622,103622338000,1,,,,,,0,728,33000,128,726,35000,128
1100,20160112,11, 1,1,       1801 ,103622,103622,103622,103622447100,1,726,16,0,1000,0,0,728,33000,128,726,34000,128
1100,20160112,11, 1,1,       1801 ,,103622,103622,103622448900,1,,,,,,0,728,34000,128,726,34000,128
1100,20160112,11, 1,1,       1801 ,,103622,103622,103622749000,1,,,,,,0,728,33000,128,726,34000,128
1100,20160112,11, 1,1,       1801 ,,103623,103623,103623257500,1,,,,,,0,727,4000,128,726,34000,128
1100,20160112,11, 1,1,       1801 ,103623,103623,103623,103623259600,1,727,48,0,4000,0,0,728,35000,128,726,34000,128
1100,20160112,11, 1,1,       1801 ,,103623,103623,103623260400,1,,,,,,0,728,35000,128,726,30000,128
1100,20160112,11, 1,1,       1801 ,,103623,103623,103623261200,1,,,,,,0,728,35000,128,727,4000,128
1100,20160112,11, 1,1,       1801 ,,103623,103623,103623264200,1,,,,,,0,728,33000,128,727,4000,128
1100,20160112,11, 1,1,       1801 ,,103623,103623,103623265700,1,,,,,,0,728,24000,128,727,4000,128
1100,20160112,11, 1,1,       1801 ,,103623,103623,103623266400,1,,,,,,0,728,26000,128,727,4000,128
1100,20160112,11, 1,1,       1801 ,,103623,103623,103623404900,1,,,,,,0,728,27000,128,727,4000,128
1100,20160112,11, 1,1,       1801 ,,103623,103623,103623405700,1,,,,,,0,728,28000,128,727,4000,128
1100,20160112,11, 1,1,       1801 ,,103623,103623,103623406400,1,,,,,,0,728,29000,128,727,4000,128
1100,20160112,11, 1,1,       1801 ,,103623,103623,103623407200,1,,,,,,0,728,30000,128,727,4000,128
1100,20160112,11, 1,1,       1801 ,,103623,103623,103623407900,1,,,,,,0,728,32000,128,727,4000,128
1100,20160112,11, 1,1,       1801 ,103626,103626,103626,103626308900,1,727,16,0,2000,0,0,728,32000,128,727,2000,128
1100,20160112,11, 1,1,       1801 ,,103626,103626,103626973800,1,,,,,,0,728,32000,128,727,2000,128
1100,20160112,11, 1,1,       1801 ,,103628,103628,103628067300,1,,,,,,0,728,34000,128,727,2000,128
1100,20160112,11, 1,1,       1801 ,,103637,103637,103637312500,1,,,,,,0,728,34000,128,727,3000,128
1100,20160112,11, 1,1,       1801 ,103637,103637,103637,103637376100,1,727,16,0,2000,0,0,728,34000,128,727,1000,128
1100,20160112,11, 1,1,       1801 ,,103637,103637,103637909700,1,,,,,,0,728,34000,128,727,2000,128
1100,20160112,11, 1,1,       1801 ,103640,103640,103640,103640755800,1,727,16,0,1000,0,0,728,34000,128,727,1000,128
1100,20160112,11, 1,1,       1801 ,,103640,103640,103640912500,1,,,,,,0,728,34000,128,727,1000,128
1100,20160112,11, 1,1,       1801 ,,103645,103645,103645004700,1,,,,,,0,728,38000,128,727,1000,128
1100,20160112,11, 1,1,       1801 ,,103647,103647,103647107900,1,,,,,,0,728,37000,128,727,1000,128
1100,20160112,11, 1,1,       1801 ,,103647,103647,103647108800,1,,,,,,0,728,36000,128,727,1000,128
1100,20160112,11, 1,1,       1801 ,103653,103653,103653,103653815200,1,728,48,0,1000,0,0,728,35000,128,727,1000,128
1100,20160112,11, 1,1,       1801 ,,103653,103653,103653816800,1,,,,,,0,728,35000,128,727,2000,128
1100,20160112,11, 1,1,       1801 ,,103654,103654,103654649000,1,,,,,,0,728,35000,128,727,1000,128
1100,20160112,11, 1,1,       1801 ,,103654,103654,103654885500,1,,,,,,0,728,35000,128,727,2000,128
1100,20160112,11, 1,1,       1801 ,,103657,103657,103657056000,1,,,,,,0,728,35000,128,727,7000,128
1100,20160112,11, 1,1,       1801 ,,103657,103657,103657057400,1,,,,,,0,728,31000,128,727,7000,128
1100,20160112,11, 1,1,       1801 ,,103657,103657,103657058100,1,,,,,,0,728,31000,128,727,13000,128
1100,20160112,11, 1,1,       1801 ,,103657,103657,103657059300,1,,,,,,0,728,30000,128,727,13000,128
1100,20160112,11, 1,1,       1801 ,,103657,103657,103657063000,1,,,,,,0,728,30000,128,727,17000,128
1100,20160112,11, 1,1,       1801 ,,103658,103658,103658207000,1,,,,,,0,728,28000,128,727,17000,128
1100,20160112,11, 1,1,       1801 ,103658,103658,103658,103658543600,1,727,16,0,17000,0,0,728,28000,128,726,47000,131
1100,20160112,11, 1,1,       1801 ,103658,103658,103658,103658543600,2,726,16,0,5000,0,0,728,28000,128,726,42000,128
1100,20160112,11, 1,1,       1801 ,,103658,103658,103658546100,1,,,,,,0,728,28000,128,726,42000,128
1100,20160112,11, 1,1,       1801 ,,103658,103658,103658547300,1,,,,,,0,728,28000,128,726,41000,128
1100,20160112,11, 1,1,       1801 ,,103658,103658,103658548600,1,,,,,,0,728,30000,128,726,41000,128
1100,20160112,11, 1,1,       1801 ,,103658,103658,103658549400,1,,,,,,0,728,39000,128,726,41000,128
1100,20160112,11, 1,1,       1801 ,,103658,103658,103658550100,1,,,,,,0,728,39000,128,726,39000,128
1100,20160112,11, 1,1,       1801 ,,103658,103658,103658550900,1,,,,,,0,728,40000,128,726,39000,128
1100,20160112,11, 1,1,       1801 ,,103658,103658,103658553100,1,,,,,,0,727,1000,128,726,39000,128
1100,20160112,11, 1,1,       1801 ,103658,103658,103658,103658554600,1,727,48,0,1000,0,0,728,41000,128,726,39000,128
1100,20160112,11, 1,1,       1801 ,,103658,103658,103658556400,1,,,,,,0,728,41000,128,726,39000,128
1100,20160112,11, 1,1,       1801 ,,103658,103658,103658557300,1,,,,,,0,728,41000,128,726,33000,128
1100,20160112,11, 1,1,       1801 ,,103658,103658,103658558100,1,,,,,,0,728,45000,128,726,33000,128
1100,20160112,11, 1,1,       1801 ,,103658,103658,103658558800,1,,,,,,0,728,47000,128,726,33000,128
1100,20160112,11, 1,1,       1801 ,,103658,103658,103658560400,1,,,,,,0,728,47000,128,727,1000,128
1100,20160112,11, 1,1,       1801 ,,103658,103658,103658561100,1,,,,,,0,728,56000,128,727,1000,128
1100,20160112,11, 1,1,       1801 ,,103658,103658,103658561900,1,,,,,,0,728,55000,128,727,1000,128
1100,20160112,11, 1,1,       1801 ,,103658,103658,103658562800,1,,,,,,0,728,55000,128,727,3000,128
1100,20160112,11, 1,1,       1801 ,,103658,103658,103658563600,1,,,,,,0,728,46000,128,727,3000,128
1100,20160112,11, 1,1,       1801 ,103658,103658,103658,103658566000,1,727,16,0,2000,0,0,728,46000,128,727,1000,128
1100,20160112,11, 1,1,       1801 ,,103658,103658,103658567100,1,,,,,,0,728,46000,128,727,1000,128
1100,20160112,11, 1,1,       1801 ,,103658,103658,103658567800,1,,,,,,0,728,44000,128,727,1000,128
1100,20160112,11, 1,1,       1801 ,103658,103658,103658,103658569200,1,727,16,0,1000,0,0,728,44000,128,726,32000,128
1100,20160112,11, 1,1,       1801 ,,103658,103658,103658570000,1,,,,,,0,728,43000,128,726,32000,128
1100,20160112,11, 1,1,       1801 ,,103658,103658,103658570800,1,,,,,,0,728,44000,128,726,32000,128
1100,20160112,11, 1,1,       1801 ,,103658,103658,103658571500,1,,,,,,0,727,2000,128,726,32000,128
1100,20160112,11, 1,1,       1801 ,103658,103658,103658,103658572900,1,727,48,0,2000,0,0,728,44000,128,726,32000,128
1100,20160112,11, 1,1,       1801 ,,103658,103658,103658573600,1,,,,,,0,728,46000,128,726,32000,128
1100,20160112,11, 1,1,       1801 ,,103658,103658,103658574300,1,,,,,,0,728,46000,128,727,2000,128
1100,20160112,11, 1,1,       1801 ,,103658,103658,103658575800,1,,,,,,0,728,46000,128,726,23000,128
1100,20160112,11, 1,1,       1801 ,,103658,103658,103658576600,1,,,,,,0,728,44000,128,726,23000,128
1100,20160112,11, 1,1,       1801 ,,103658,103658,103658586900,1,,,,,,0,728,44000,128,726,19000,128
1100,20160112,11, 1,1,       1801 ,,103658,103658,103658587900,1,,,,,,0,728,45000,128,726,19000,128
1100,20160112,11, 1,1,       1801 ,103658,103658,103658,103658783600,1,726,16,0,1000,0,0,728,45000,128,726,18000,128
1100,20160112,11, 1,1,       1801 ,,103658,103658,103658785100,1,,,,,,0,728,47000,128,726,18000,128
1100,20160112,11, 1,1,       1801 ,,103701,103701,103701371700,1,,,,,,0,727,2000,128,726,18000,128
1100,20160112,11, 1,1,       1801 ,,103701,103701,103701373900,1,,,,,,0,727,2000,128,726,20000,128
1100,20160112,11, 1,1,       1801 ,,103701,103701,103701374800,1,,,,,,0,727,3000,128,726,20000,128
1100,20160112,11, 1,1,       1801 ,103701,103701,103701,103701375500,1,727,48,0,2000,0,0,727,1000,128,726,20000,128
1100,20160112,11, 1,1,       1801 ,,103701,103701,103701376400,1,,,,,,0,727,1000,128,726,19000,128
1100,20160112,11, 1,1,       1801 ,,103701,103701,103701377200,1,,,,,,0,727,3000,128,726,19000,128
1100,20160112,11, 1,1,       1801 ,103701,103701,103701,103701378700,1,727,48,0,1000,0,0,727,2000,128,726,19000,128
1100,20160112,11, 1,1,       1801 ,103701,103701,103701,103701379600,1,727,48,0,1000,0,0,727,1000,128,726,19000,128
1100,20160112,11, 1,1,       1801 ,,103701,103701,103701380500,1,,,,,,0,727,1000,128,726,18000,128
1100,20160112,11, 1,1,       1801 ,,103701,103701,103701381200,1,,,,,,0,728,45000,128,726,18000,128
1100,20160112,11, 1,1,       1801 ,,103701,103701,103701382000,1,,,,,,0,728,47000,128,726,18000,128
1100,20160112,11, 1,1,       1801 ,,103701,103701,103701384200,1,,,,,,0,728,47000,128,726,19000,128
1100,20160112,11, 1,1,       1801 ,,103701,103701,103701700700,1,,,,,,0,728,47000,128,726,17000,128
1100,20160112,11, 1,1,       1801 ,103701,103701,103701,103701997900,1,728,48,0,10000,0,0,728,37000,128,726,17000,128
1100,20160112,11, 1,1,       1801 ,,103701,103701,103701999800,1,,,,,,0,728,37000,128,726,19000,128
1100,20160112,11, 1,1,       1801 ,,103702,103702,103702000500,1,,,,,,0,728,37000,128,727,1000,128
1100,20160112,11, 1,1,       1801 ,,103702,103702,103702002900,1,,,,,,0,728,35000,128,727,1000,128
1100,20160112,11, 1,1,       1801 ,,103702,103702,103702003700,1,,,,,,0,728,35000,128,727,3000,128
1100,20160112,11, 1,1,       1801 ,,103702,103702,103702005000,1,,,,,,0,728,35000,128,727,4000,128
1100,20160112,11, 1,1,       1801 ,,103702,103702,103702005600,1,,,,,,0,728,35000,128,727,6000,128
1100,20160112,11, 1,1,       1801 ,,103702,103702,103702006200,1,,,,,,0,728,39000,128,727,6000,128
1100,20160112,11, 1,1,       1801 ,103702,103702,103702,103702057300,1,727,16,0,1000,0,0,728,39000,128,727,5000,128
1100,20160112,11, 1,1,       1801 ,,103702,103702,103702058800,1,,,,,,0,728,39000,128,727,5000,128
1100,20160112,11, 1,1,       1801 ,,103702,103702,103702105900,1,,,,,,0,728,40000,128,727,5000,128
1100,20160112,11, 1,1,       1801 ,,103702,103702,103702170500,1,,,,,,0,728,40000,128,727,3000,128
1100,20160112,11, 1,1,       1801 ,,103702,103702,103702172000,1,,,,,,0,728,40000,128,727,2000,128
1100,20160112,11, 1,1,       1801 ,103702,103702,103702,103702857000,1,727,16,0,1000,0,0,728,40000,128,727,1000,128
1100,20160112,11, 1,1,       1801 ,,103702,103702,103702858500,1,,,,,,0,728,40000,128,726,30000,128
1100,20160112,11, 1,1,       1801 ,,103702,103702,103702859800,1,,,,,,0,728,40000,128,726,28000,128
1100,20160112,11, 1,1,       1801 ,,103703,103703,103703139800,1,,,,,,0,728,38000,128,726,28000,128
1100,20160112,11, 1,1,       1801 ,,103705,103705,103705210200,1,,,,,,0,728,38000,128,726,19000,128
1100,20160112,11, 1,1,       1801 ,,103705,103705,103705872800,1,,,,,,0,728,39000,128,726,19000,128
1100,20160112,11, 1,1,       1801 ,,103705,103705,103705874200,1,,,,,,0,728,39000,128,726,18000,128
1100,20160112,11, 1,1,       1801 ,,103705,103705,103705981000,1,,,,,,0,728,40000,128,726,18000,128
1100,20160112,11, 1,1,       1801 ,,103705,103705,103705982600,1,,,,,,0,728,42000,128,726,18000,128
1100,20160112,11, 1,1,       1801 ,,103707,103707,103707954500,1,,,,,,0,728,43000,128,726,18000,128
1100,20160112,11, 1,1,       1801 ,,103707,103707,103707956200,1,,,,,,0,728,52000,128,726,18000,128
1100,20160112,11, 1,1,       1801 ,,103707,103707,103707958100,1,,,,,,0,728,54000,128,726,18000,128
1100,20160112,11, 1,1,       1801 ,,103709,103709,103709540700,1,,,,,,0,728,54000,128,726,14000,128
1100,20160112,11, 1,1,       1801 ,,103709,103709,103709542100,1,,,,,,0,727,2000,128,726,14000,128
1100,20160112,11, 1,1,       1801 ,,103709,103709,103709544200,1,,,,,,0,727,3000,128,726,14000,128
1100,20160112,11, 1,1,       1801 ,,103709,103709,103709544800,1,,,,,,0,727,7000,128,726,14000,128
1100,20160112,11, 1,1,       1801 ,,103709,103709,103709545400,1,,,,,,0,727,9000,128,726,14000,128
1100,20160112,11, 1,1,       1801 ,,103709,103709,103709546700,1,,,,,,0,727,9000,128,726,13000,128
1100,20160112,11, 1,1,       1801 ,,103709,103709,103709547600,1,,,,,,0,727,13000,128,726,13000,128
1100,20160112,11, 1,1,       1801 ,,103709,103709,103709548200,1,,,,,,0,727,13000,128,726,10000,128
1100,20160112,11, 1,1,       1801 ,,103709,103709,103709549100,1,,,,,,0,727,14000,128,726,10000,128
1100,20160112,11, 1,1,       1801 ,,103709,103709,103709550700,1,,,,,,0,727,15000,128,726,10000,128
1100,20160112,11, 1,1,       1801 ,,103709,103709,103709551400,1,,,,,,0,727,15000,128,726,7000,128
1100,20160112,11, 1,1,       1801 ,,103709,103709,103709552200,1,,,,,,0,727,16000,128,726,7000,128
1100,20160112,11, 1,1,       1801 ,,103709,103709,103709553600,1,,,,,,0,727,16000,128,726,5000,128
1100,20160112,11, 1,1,       1801 ,,103711,103711,103711520900,1,,,,,,0,727,15000,128,726,5000,128
1100,20160112,11, 1,1,       1801 ,103712,103712,103712,103712477400,1,727,48,0,5000,0,0,727,10000,128,726,5000,128
1100,20160112,11, 1,1,       1801 ,,103712,103712,103712478700,1,,,,,,0,727,9000,128,726,5000,128
1100,20160112,11, 1,1,       1801 ,103712,103712,103712,103712483300,1,727,48,0,1000,0,0,727,8000,128,726,5000,128
1100,20160112,11, 1,1,       1801 ,,103712,103712,103712580600,1,,,,,,0,727,9000,128,726,5000,128
1100,20160112,11, 1,1,       1801 ,,103713,103713,103713768900,1,,,,,,0,727,10000,128,726,5000,128
1100,20160112,11, 1,1,       1801 ,,103713,103713,103713912300,1,,,,,,0,727,10000,128,726,6000,128
1100,20160112,11, 1,1,       1801 ,,103715,103715,103715464500,1,,,,,,0,727,10000,128,726,8000,128
1100,20160112,11, 1,1,       1801 ,,103715,103715,103715747300,1,,,,,,0,727,19000,128,726,8000,128
1100,20160112,11, 1,1,       1801 ,,103717,103717,103717236600,1,,,,,,0,727,22000,128,726,8000,128
1100,20160112,11, 1,1,       1801 ,,103717,103717,103717239900,1,,,,,,0,727,23000,128,726,8000,128
1100,20160112,11, 1,1,       1801 ,,103718,103718,103718156800,1,,,,,,0,727,31000,128,726,8000,128
1100,20160112,11, 1,1,       1801 ,,103719,103719,103719181100,1,,,,,,0,727,31000,128,726,6000,128
1100,20160112,11, 1,1,       1801 ,,103721,103721,103721252000,1,,,,,,0,727,31000,128,726,7000,128
1100,20160112,11, 1,1,       1801 ,,103721,103721,103721860000,1,,,,,,0,727,33000,128,726,7000,128
1100,20160112,11, 1,1,       1801 ,,103721,103721,103721877800,1,,,,,,0,727,33000,128,726,6000,128
1100,20160112,11, 1,1,       1801 ,,103721,103721,103721890900,1,,,,,,0,727,33000,128,726,7000,128
1100,20160112,11, 1,1,       1801 ,,103721,103721,103721990700,1,,,,,,0,727,31000,128,726,7000,128
1100,20160112,11, 1,1,       1801 ,,103723,103723,103723611400,1,,,,,,0,727,32000,128,726,7000,128
1100,20160112,11, 1,1,       1801 ,,103724,103724,103724383100,1,,,,,,0,727,31000,128,726,7000,128
1100,20160112,11, 1,1,       1801 ,,103724,103724,103724442500,1,,,,,,0,727,31000,128,726,8000,128
1100,20160112,11, 1,1,       1801 ,103725,103725,103725,103725372800,1,726,16,0,2000,0,0,727,31000,128,726,6000,128
1100,20160112,11, 1,1,       1801 ,,103725,103725,103725471600,1,,,,,,0,727,31000,128,726,6000,128
1100,20160112,11, 1,1,       1801 ,,103725,103725,103725780700,1,,,,,,0,727,31000,128,726,8000,128
1100,20160112,11, 1,1,       1801 ,,103726,103726,103726228400,1,,,,,,0,727,31000,128,726,9000,128
1100,20160112,11, 1,1,       1801 ,,103727,103727,103727729400,1,,,,,,0,727,31000,128,726,10000,128
1100,20160112,11, 1,1,       1801 ,,103727,103727,103727780400,1,,,,,,0,727,31000,128,726,11000,128
1100,20160112,11, 1,1,       1801 ,,103728,103728,103728178900,1,,,,,,0,727,32000,128,726,11000,128
1100,20160112,11, 1,1,       1801 ,,103728,103728,103728759900,1,,,,,,0,727,32000,128,726,16000,128
1100,20160112,11, 1,1,       1801 ,,103728,103728,103728762100,1,,,,,,0,727,23000,128,726,16000,128
1100,20160112,11, 1,1,       1801 ,,103728,103728,103728763500,1,,,,,,0,727,22000,128,726,16000,128
1100,20160112,11, 1,1,       1801 ,,103728,103728,103728764200,1,,,,,,0,727,21000,128,726,16000,128
1100,20160112,11, 1,1,       1801 ,,103728,103728,103728764900,1,,,,,,0,727,21000,128,726,20000,128
1100,20160112,11, 1,1,       1801 ,,103728,103728,103728765500,1,,,,,,0,727,21000,128,726,23000,128
1100,20160112,11, 1,1,       1801 ,,103728,103728,103728766700,1,,,,,,0,727,19000,128,726,23000,128
1100,20160112,11, 1,1,       1801 ,,103728,103728,103728767300,1,,,,,,0,727,15000,128,726,23000,128
1100,20160112,11, 1,1,       1801 ,,103728,103728,103728768100,1,,,,,,0,727,15000,128,726,26000,128
1100,20160112,11, 1,1,       1801 ,103729,103729,103729,103729539400,1,727,48,0,15000,0,0,728,50000,128,726,26000,128
1100,20160112,11, 1,1,       1801 ,,103729,103729,103729540900,1,,,,,,0,728,49000,128,726,26000,128
1100,20160112,11, 1,1,       1801 ,,103729,103729,103729542400,1,,,,,,0,728,49000,128,727,1000,128
1100,20160112,11, 1,1,       1801 ,,103729,103729,103729543100,1,,,,,,0,728,48000,128,727,1000,128
1100,20160112,11, 1,1,       1801 ,,103729,103729,103729543800,1,,,,,,0,728,48000,128,727,3000,128
1100,20160112,11, 1,1,       1801 ,,103729,103729,103729544700,1,,,,,,0,728,48000,128,727,6000,128
1100,20160112,11, 1,1,       1801 ,,103729,103729,103729545300,1,,,,,,0,728,39000,128,727,6000,128
1100,20160112,11, 1,1,       1801 ,,103729,103729,103729547100,1,,,,,,0,728,41000,128,727,6000,128
1100,20160112,11, 1,1,       1801 ,,103729,103729,103729547800,1,,,,,,0,728,41000,128,727,7000,128
1100,20160112,11, 1,1,       1801 ,,103729,103729,103729549200,1,,,,,,0,728,39000,128,727,7000,128
1100,20160112,11, 1,1,       1801 ,,103729,103729,103729550500,1,,,,,,0,728,38000,128,727,7000,128
1100,20160112,11, 1,1,       1801 ,,103729,103729,103729551200,1,,,,,,0,728,38000,128,727,8000,128
1100,20160112,11, 1,1,       1801 ,,103729,103729,103729552000,1,,,,,,0,728,38000,128,727,9000,128
1100,20160112,11, 1,1,       1801 ,,103729,103729,103729552700,1,,,,,,0,728,36000,128,727,9000,128
1100,20160112,11, 1,1,       1801 ,,103729,103729,103729554300,1,,,,,,0,728,34000,128,727,9000,128
1100,20160112,11, 1,1,       1801 ,,103729,103729,103729565900,1,,,,,,0,728,34000,128,727,8000,128
1100,20160112,11, 1,1,       1801 ,,103730,103730,103730795300,1,,,,,,0,728,34000,128,727,9000,128
1100,20160112,11, 1,1,       1801 ,,103732,103732,103732554900,1,,,,,,0,728,34000,128,727,8000,128
1100,20160112,11, 1,1,       1801 ,103734,103734,103734,103734723500,1,727,16,0,1000,0,0,728,34000,128,727,7000,128
1100,20160112,11, 1,1,       1801 ,,103734,103734,103734759800,1,,,,,,0,728,34000,128,727,6000,128
1100,20160112,11, 1,1,       1801 ,,103734,103734,103734785000,1,,,,,,0,728,34000,128,727,4000,128
1100,20160112,11, 1,1,       1801 ,,103734,103734,103734786100,1,,,,,,0,728,35000,128,727,4000,128
1100,20160112,11, 1,1,       1801 ,,103734,103734,103734787000,1,,,,,,0,728,36000,128,727,4000,128
1100,20160112,11, 1,1,       1801 ,,103734,103734,103734790400,1,,,,,,0,728,36000,128,727,1000,128
1100,20160112,11, 1,1,       1801 ,,103735,103735,103735549100,1,,,,,,0,728,35000,128,727,1000,128
1100,20160112,11, 1,1,       1801 ,,103735,103735,103735619500,1,,,,,,0,728,35000,128,727,2000,128
1100,20160112,11, 1,1,       1801 ,,103735,103735,103735729800,1,,,,,,0,728,35000,128,727,4000,128
1100,20160112,11, 1,1,       1801 ,,103736,103736,103736152500,1,,,,,,0,728,34000,128,727,4000,128
1100,20160112,11, 1,1,       1801 ,,103737,103737,103737973000,1,,,,,,0,728,35000,128,727,4000,128
1100,20160112,11, 1,1,       1801 ,,103737,103737,103737991600,1,,,,,,0,728,36000,128,727,4000,128
1100,20160112,11, 1,1,       1801 ,,103738,103738,103738001700,1,,,,,,0,728,35000,128,727,4000,128
1100,20160112,11, 1,1,       1801 ,,103738,103738,103738081100,1,,,,,,0,728,35000,128,727,2000,128
1100,20160112,11, 1,1,       1801 ,,103738,103738,103738082600,1,,,,,,0,728,36000,128,727,2000,128
1100,20160112,11, 1,1,       1801 ,,103738,103738,103738208700,1,,,,,,0,728,37000,128,727,2000,128
1100,20160112,11, 1,1,       1801 ,,103738,103738,103738330700,1,,,,,,0,728,36000,128,727,2000,128
1100,20160112,11, 1,1,       1801 ,,103740,103740,103740775400,1,,,,,,0,728,35000,128,727,2000,128
1100,20160112,11, 1,1,       1801 ,,103740,103740,103740781400,1,,,,,,0,728,35000,128,727,4000,128
1100,20160112,11, 1,1,       1801 ,,103740,103740,103740860600,1,,,,,,0,728,35000,128,727,2000,128
1100,20160112,11, 1,1,       1801 ,,103742,103742,103742201600,1,,,,,,0,728,35000,128,727,5000,128
1100,20160112,11, 1,1,       1801 ,,103745,103745,103745457200,1,,,,,,0,728,35000,128,727,6000,128
1100,20160112,11, 1,1,       1801 ,,103745,103745,103745645400,1,,,,,,0,728,35000,128,727,5000,128
1100,20160112,11, 1,1,       1801 ,,103746,103746,103746213500,1,,,,,,0,728,36000,128,727,5000,128
1100,20160112,11, 1,1,       1801 ,,103746,103746,103746621800,1,,,,,,0,728,35000,128,727,5000,128
1100,20160112,11, 1,1,       1801 ,103748,103748,103748,103748416100,1,727,16,0,2000,0,0,728,35000,128,727,3000,128
1100,20160112,11, 1,1,       1801 ,,103748,103748,103748761900,1,,,,,,0,728,35000,128,727,3000,128
1100,20160112,11, 1,1,       1801 ,,103749,103749,103749000800,1,,,,,,0,728,35000,128,727,4000,128
1100,20160112,11, 1,1,       1801 ,,103749,103749,103749271400,1,,,,,,0,728,35000,128,727,6000,128
1100,20160112,11, 1,1,       1801 ,,103749,103749,103749699500,1,,,,,,0,728,39000,128,727,6000,128
1100,20160112,11, 1,1,       1801 ,,103751,103751,103751002400,1,,,,,,0,728,40000,128,727,6000,128
1100,20160112,11, 1,1,       1801 ,,103751,103751,103751112600,1,,,,,,0,728,39000,128,727,6000,128
1100,20160112,11, 1,1,       1801 ,,103751,103751,103751180700,1,,,,,,0,728,40000,128,727,6000,128
1100,20160112,11, 1,1,       1801 ,,103751,103751,103751181700,1,,,,,,0,728,40000,128,727,5000,128
1100,20160112,11, 1,1,       1801 ,103752,103752,103752,103752522700,1,727,16,0,2000,0,0,728,40000,128,727,3000,128
1100,20160112,11, 1,1,       1801 ,,103752,103752,103752524200,1,,,,,,0,728,41000,128,727,3000,128
1100,20160112,11, 1,1,       1801 ,,103752,103752,103752524800,1,,,,,,0,728,50000,128,727,3000,128
1100,20160112,11, 1,1,       1801 ,,103759,103759,103759259700,1,,,,,,0,728,50000,128,727,1000,128
1100,20160112,11, 1,1,       1801 ,103759,103759,103759,103759300900,1,727,16,0,1000,0,0,728,50000,128,726,47000,128
1100,20160112,11, 1,1,       1801 ,,103759,103759,103759302900,1,,,,,,0,728,50000,128,726,47000,128
1100,20160112,11, 1,1,       1801 ,,103759,103759,103759304000,1,,,,,,0,727,2000,128,726,47000,128
1100,20160112,11, 1,1,       1801 ,,103759,103759,103759305200,1,,,,,,0,727,2000,128,726,45000,128
1100,20160112,11, 1,1,       1801 ,,103759,103759,103759306200,1,,,,,,0,727,2000,128,726,46000,128
1100,20160112,11, 1,1,       1801 ,,103759,103759,103759309000,1,,,,,,0,727,3000,128,726,46000,128
1100,20160112,11, 1,1,       1801 ,,103759,103759,103759309900,1,,,,,,0,727,3000,128,726,45000,128
1100,20160112,11, 1,1,       1801 ,,103759,103759,103759312000,1,,,,,,0,727,4000,128,726,45000,128
1100,20160112,11, 1,1,       1801 ,,103759,103759,103759314000,1,,,,,,0,727,4000,128,726,39000,128
1100,20160112,11, 1,1,       1801 ,,103759,103759,103759315100,1,,,,,,0,727,4000,128,726,38000,128
1100,20160112,11, 1,1,       1801 ,,103759,103759,103759361600,1,,,,,,0,727,4000,128,726,34000,128
1100,20160112,11, 1,1,       1801 ,,103759,103759,103759652000,1,,,,,,0,727,9000,128,726,34000,128
1100,20160112,11, 1,1,       1801 ,,103759,103759,103759653200,1,,,,,,0,727,9000,128,726,33000,128
1100,20160112,11, 1,1,       1801 ,,103759,103759,103759654000,1,,,,,,0,727,13000,128,726,33000,128
1100,20160112,11, 1,1,       1801 ,,103759,103759,103759654700,1,,,,,,0,727,15000,128,726,33000,128
1100,20160112,11, 1,1,       1801 ,,103759,103759,103759656100,1,,,,,,0,727,15000,128,726,32000,128
1100,20160112,11, 1,1,       1801 ,,103759,103759,103759656900,1,,,,,,0,727,22000,128,726,32000,128
1100,20160112,11, 1,1,       1801 ,,103759,103759,103759658200,1,,,,,,0,727,22000,128,726,29000,128
1100,20160112,11, 1,1,       1801 ,,103759,103759,103759659000,1,,,,,,0,727,22000,128,726,25000,128
1100,20160112,11, 1,1,       1801 ,,103759,103759,103759659800,1,,,,,,0,727,22000,128,726,16000,128
1100,20160112,11, 1,1,       1801 ,,103759,103759,103759660500,1,,,,,,0,727,22000,128,726,13000,128
1100,20160112,11, 1,1,       1801 ,,103759,103759,103759923200,1,,,,,,0,727,22000,128,726,16000,128
1100,20160112,11, 1,1,       1801 ,,103801,103801,103801256300,1,,,,,,0,727,22000,128,726,17000,128
1100,20160112,11, 1,1,       1801 ,,103805,103805,103805117300,1,,,,,,0,727,27000,128,726,17000,128
1100,20160112,11, 1,1,       1801 ,,103805,103805,103805571600,1,,,,,,0,727,27000,128,726,15000,128
1100,20160112,11, 1,1,       1801 ,,103806,103806,103806179700,1,,,,,,0,727,29000,128,726,15000,128
1100,20160112,11, 1,1,       1801 ,,103806,103806,103806181400,1,,,,,,0,727,29000,128,726,14000,128
1100,20160112,11, 1,1,       1801 ,,103806,103806,103806221400,1,,,,,,0,727,31000,128,726,14000,128
1100,20160112,11, 1,1,       1801 ,,103806,103806,103806336300,1,,,,,,0,727,29000,128,726,14000,128
1100,20160112,11, 1,1,       1801 ,103806,103806,103806,103806551600,1,726,16,0,10000,0,0,727,29000,128,726,4000,128
1100,20160112,11, 1,1,       1801 ,103806,103806,103806,103806554100,1,726,16,0,4000,0,0,727,29000,128,725,72000,128
1100,20160112,11, 1,1,       1801 ,,103806,103806,103806557200,1,,,,,,0,727,30000,128,725,72000,128
1100,20160112,11, 1,1,       1801 ,,103806,103806,103806557900,1,,,,,,0,727,32000,128,725,72000,128
1100,20160112,11, 1,1,       1801 ,,103806,103806,103806558800,1,,,,,,0,726,1000,128,725,72000,128
1100,20160112,11, 1,1,       1801 ,,103806,103806,103806563900,1,,,,,,0,726,3000,128,725,72000,128
1100,20160112,11, 1,1,       1801 ,,103806,103806,103806565700,1,,,,,,0,726,3000,128,725,74000,128
1100,20160112,11, 1,1,       1801 ,,103806,103806,103806567300,1,,,,,,0,726,3000,128,725,75000,128
1100,20160112,11, 1,1,       1801 ,,103806,103806,103806567900,1,,,,,,0,726,3000,128,725,74000,128
1100,20160112,11, 1,1,       1801 ,,103806,103806,103806570600,1,,,,,,0,726,3000,128,725,72000,128
1100,20160112,11, 1,1,       1801 ,,103806,103806,103806576600,1,,,,,,0,726,3000,128,725,66000,128
1100,20160112,11, 1,1,       1801 ,,103806,103806,103806578900,1,,,,,,0,726,4000,128,725,66000,128
1100,20160112,11, 1,1,       1801 ,,103806,103806,103806580600,1,,,,,,0,726,4000,128,725,63000,128
1100,20160112,11, 1,1,       1801 ,103806,103806,103806,103806583200,1,726,48,0,3000,0,0,726,1000,128,725,63000,128
1100,20160112,11, 1,1,       1801 ,,103806,103806,103806584500,1,,,,,,0,726,1000,128,725,63000,128
1100,20160112,11, 1,1,       1801 ,,103806,103806,103806588000,1,,,,,,0,726,1000,128,725,54000,128
1100,20160112,11, 1,1,       1801 ,103806,103806,103806,103806588800,1,726,48,0,1000,0,0,727,49000,128,725,54000,128
1100,20160112,11, 1,1,       1801 ,,103806,103806,103806591900,1,,,,,,0,727,49000,128,725,54000,128
1100,20160112,11, 1,1,       1801 ,,103806,103806,103806601500,1,,,,,,0,727,49000,128,725,37000,128
1100,20160112,11, 1,1,       1801 ,,103806,103806,103806604400,1,,,,,,0,727,49000,128,725,34000,128
1100,20160112,11, 1,1,       1801 ,,103806,103806,103806607100,1,,,,,,0,727,49000,128,725,40000,128
1100,20160112,11, 1,1,       1801 ,,103807,103807,103807101100,1,,,,,,0,727,49000,128,725,39000,128
1100,20160112,11, 1,1,       1801 ,,103807,103807,103807117600,1,,,,,,0,727,49000,128,725,33000,128
1100,20160112,11, 1,1,       1801 ,,103807,103807,103807339300,1,,,,,,0,727,49000,128,725,39000,128
1100,20160112,11, 1,1,       1801 ,,103807,103807,103807736900,1,,,,,,0,727,49000,128,725,35000,128
1100,20160112,11, 1,1,       1801 ,,103808,103808,103808794400,1,,,,,,0,727,49000,128,725,36000,128
1100,20160112,11, 1,1,       1801 ,,103808,103808,103808891700,1,,,,,,0,727,49000,128,726,3000,128
1100,20160112,11, 1,1,       1801 ,,103808,103808,103808892800,1,,,,,,0,727,48000,128,726,3000,128
1100,20160112,11, 1,1,       1801 ,,103808,103808,103808894300,1,,,,,,0,727,46000,128,726,3000,128
1100,20160112,11, 1,1,       1801 ,,103808,103808,103808895000,1,,,,,,0,727,46000,128,726,7000,128
1100,20160112,11, 1,1,       1801 ,,103808,103808,103808895700,1,,,,,,0,727,42000,128,726,7000,128
1100,20160112,11, 1,1,       1801 ,,103808,103808,103808896400,1,,,,,,0,727,42000,128,726,8000,128
1100,20160112,11, 1,1,       1801 ,,103808,103808,103808897000,1,,,,,,0,727,40000,128,726,8000,128
1100,20160112,11, 1,1,       1801 ,,103808,103808,103808900400,1,,,,,,0,727,40000,128,726,14000,128
1100,20160112,11, 1,1,       1801 ,,103808,103808,103808902800,1,,,,,,0,727,33000,128,726,14000,128
1100,20160112,11, 1,1,       1801 ,,103808,103808,103808903500,1,,,,,,0,727,31000,128,726,14000,128
1100,20160112,11, 1,1,       1801 ,,103809,103809,103809747600,1,,,,,,0,727,31000,128,726,16000,128
1100,20160112,11, 1,1,       1801 ,,103810,103810,103810145700,1,,,,,,0,727,30000,128,726,16000,128
1100,20160112,11, 1,1,       1801 ,,103810,103810,103810902500,1,,,,,,0,727,31000,128,726,16000,128
1100,20160112,11, 1,1,       1801 ,,103811,103811,103811249400,1,,,,,,0,727,31000,128,726,14000,128
1100,20160112,11, 1,1,       1801 ,,103811,103811,103811759900,1,,,,,,0,727,31000,128,726,15000,128
1100,20160112,11, 1,1,       1801 ,,103813,103813,103813644500,1,,,,,,0,727,35000,128,726,15000,128
1100,20160112,11, 1,1,       1801 ,,103814,103814,103814625900,1,,,,,,0,727,34000,128,726,15000,128
1100,20160112,11, 1,1,       1801 ,,103814,103814,103814830600,1,,,,,,0,727,34000,128,726,17000,128
1100,20160112,11, 1,1,       1801 ,,103816,103816,103816522300,1,,,,,,0,727,34000,128,726,18000,128
1100,20160112,11, 1,1,       1801 ,,103817,103817,103817257600,1,,,,,,0,727,34000,128,726,21000,128
1100,20160112,11, 1,1,       1801 ,,103817,103817,103817259100,1,,,,,,0,727,34000,128,726,24000,128
1100,20160112,11, 1,1,       1801 ,,103817,103817,103817260100,1,,,,,,0,727,34000,128,726,25000,128
1100,20160112,11, 1,1,       1801 ,103817,103817,103817,103817648600,1,727,48,0,1000,0,0,727,33000,128,726,25000,128
1100,20160112,11, 1,1,       1801 ,103817,103817,103817,103817650000,1,727,48,0,33000,0,0,728,54000,128,726,25000,128
1100,20160112,11, 1,1,       1801 ,,103817,103817,103817654600,1,,,,,,0,728,53000,128,726,25000,128
1100,20160112,11, 1,1,       1801 ,,103817,103817,103817655400,1,,,,,,0,728,53000,128,726,26000,128
1100,20160112,11, 1,1,       1801 ,,103817,103817,103817656100,1,,,,,,0,728,53000,128,727,1000,128
1100,20160112,11, 1,1,       1801 ,,103817,103817,103817656800,1,,,,,,0,728,53000,128,727,2000,128
1100,20160112,11, 1,1,       1801 ,,103817,103817,103817658300,1,,,,,,0,728,53000,128,727,8000,128
1100,20160112,11, 1,1,       1801 ,,103817,103817,103817659400,1,,,,,,0,728,52000,128,727,8000,128
1100,20160112,11, 1,1,       1801 ,,103817,103817,103817660100,1,,,,,,0,728,47000,128,727,8000,128
1100,20160112,11, 1,1,       1801 ,,103817,103817,103817660800,1,,,,,,0,728,47000,128,727,10000,128
1100,20160112,11, 1,1,       1801 ,,103817,103817,103817662000,1,,,,,,0,728,49000,128,727,10000,128
1100,20160112,11, 1,1,       1801 ,,103817,103817,103817663400,1,,,,,,0,728,49000,128,727,11000,128
1100,20160112,11, 1,1,       1801 ,,103817,103817,103817664100,1,,,,,,0,728,47000,128,727,11000,128
1100,20160112,11, 1,1,       1801 ,,103817,103817,103817665500,1,,,,,,0,728,46000,128,727,11000,128
1100,20160112,11, 1,1,       1801 ,,103817,103817,103817666900,1,,,,,,0,728,45000,128,727,11000,128
1100,20160112,11, 1,1,       1801 ,,103817,103817,103817670800,1,,,,,,0,728,43000,128,727,11000,128
1100,20160112,11, 1,1,       1801 ,,103817,103817,103817797700,1,,,,,,0,728,45000,128,727,11000,128
1100,20160112,11, 1,1,       1801 ,,103817,103817,103817798400,1,,,,,,0,728,46000,128,727,11000,128
1100,20160112,11, 1,1,       1801 ,,103817,103817,103817799200,1,,,,,,0,728,47000,128,727,11000,128
1100,20160112,11, 1,1,       1801 ,,103817,103817,103817799900,1,,,,,,0,728,49000,128,727,11000,128
1100,20160112,11, 1,1,       1801 ,,103817,103817,103817800600,1,,,,,,0,728,50000,128,727,11000,128
1100,20160112,11, 1,1,       1801 ,,103817,103817,103817869500,1,,,,,,0,728,50000,128,727,9000,128
1100,20160112,11, 1,1,       1801 ,,103817,103817,103817893400,1,,,,,,0,728,50000,128,727,10000,128
1100,20160112,11, 1,1,       1801 ,,103818,103818,103818563200,1,,,,,,0,728,50000,128,727,4000,128
1100,20160112,11, 1,1,       1801 ,,103818,103818,103818573100,1,,,,,,0,728,50000,128,727,3000,128
1100,20160112,11, 1,1,       1801 ,,103818,103818,103818905600,1,,,,,,0,728,50000,128,727,4000,128
1100,20160112,11, 1,1,       1801 ,,103819,103819,103819043000,1,,,,,,0,728,50000,128,727,5000,128
1100,20160112,11, 1,1,       1801 ,,103820,103820,103820381100,1,,,,,,0,728,50000,128,727,4000,128
1100,20160112,11, 1,1,       1801 ,,103820,103820,103820833300,1,,,,,,0,728,50000,128,727,5000,128
1100,20160112,11, 1,1,       1801 ,103820,103820,103820,103820856900,1,727,16,0,1000,0,0,728,50000,128,727,4000,128
1100,20160112,11, 1,1,       1801 ,103821,103821,103821,103821135000,1,727,16,0,1000,0,0,728,49000,128,727,3000,128
1100,20160112,11, 1,1,       1801 ,,103821,103821,103821371000,1,,,,,,0,728,49000,128,727,2000,128
1100,20160112,11, 1,1,       1801 ,,103821,103821,103821371800,1,,,,,,0,728,50000,128,727,2000,128
1100,20160112,11, 1,1,       1801 ,,103821,103821,103821501100,1,,,,,,0,728,50000,128,727,1000,128
1100,20160112,11, 1,1,       1801 ,,103821,103821,103821509500,1,,,,,,0,728,50000,128,727,3000,128
1100,20160112,11, 1,1,       1801 ,,103821,103821,103821511100,1,,,,,,0,728,50000,128,727,4000,128
1100,20160112,11, 1,1,       1801 ,,103821,103821,103821780700,1,,,,,,0,728,51000,128,727,4000,128
1100,20160112,11, 1,1,       1801 ,,103822,103822,103822081500,1,,,,,,0,728,51000,128,727,7000,128
1100,20160112,11, 1,1,       1801 ,,103822,103822,103822082700,1,,,,,,0,728,50000,128,727,7000,128
1100,20160112,11, 1,1,       1801 ,,103822,103822,103822291500,1,,,,,,0,728,51000,128,727,7000,128
1100,20160112,11, 1,1,       1801 ,,103825,103825,103825670100,1,,,,,,0,728,50000,128,727,7000,128
1100,20160112,11, 1,1,       1801 ,,103825,103825,103825671700,1,,,,,,0,728,49000,128,727,7000,128
1100,20160112,11, 1,1,       1801 ,,103826,103826,103826270000,1,,,,,,0,728,50000,128,727,7000,128
1100,20160112,11, 1,1,       1801 ,103826,103826,103826,103826388600,1,727,16,0,1000,0,0,728,49000,128,727,6000,128
1100,20160112,11, 1,1,       1801 ,,103826,103826,103826390400,1,,,,,,0,728,49000,128,727,6000,128
1100,20160112,11, 1,1,       1801 ,,103827,103827,103827275700,1,,,,,,0,728,48000,128,727,6000,128
1100,20160112,11, 1,1,       1801 ,,103827,103827,103827911800,1,,,,,,0,728,49000,128,727,6000,128
1100,20160112,11, 1,1,       1801 ,,103828,103828,103828311500,1,,,,,,0,728,48000,128,727,6000,128
1100,20160112,11, 1,1,       1801 ,,103829,103829,103829742300,1,,,,,,0,728,48000,128,727,5000,128
1100,20160112,11, 1,1,       1801 ,,103829,103829,103829752300,1,,,,,,0,728,49000,128,727,5000,128
1100,20160112,11, 1,1,       1801 ,,103829,103829,103829851500,1,,,,,,0,728,48000,128,727,5000,128
1100,20160112,11, 1,1,       1801 ,,103829,103829,103829880000,1,,,,,,0,728,48000,128,727,6000,128
1100,20160112,11, 1,1,       1801 ,,103829,103829,103829885000,1,,,,,,0,728,49000,128,727,6000,128
1100,20160112,11, 1,1,       1801 ,,103829,103829,103829931800,1,,,,,,0,728,48000,128,727,6000,128
1100,20160112,11, 1,1,       1801 ,,103831,103831,103831001500,1,,,,,,0,728,48000,128,727,5000,128
1100,20160112,11, 1,1,       1801 ,,103831,103831,103831432400,1,,,,,,0,728,48000,128,727,6000,128
1100,20160112,11, 1,1,       1801 ,,103832,103832,103832152600,1,,,,,,0,728,48000,128,727,5000,128
1100,20160112,11, 1,1,       1801 ,,103832,103832,103832729400,1,,,,,,0,728,48000,128,727,6000,128
1100,20160112,11, 1,1,       1801 ,,103834,103834,103834181700,1,,,,,,0,728,49000,128,727,6000,128
1100,20160112,11, 1,1,       1801 ,,103834,103834,103834241300,1,,,,,,0,728,48000,128,727,6000,128
1100,20160112,11, 1,1,       1801 ,,103836,103836,103836309600,1,,,,,,0,728,48000,128,727,5000,128
1100,20160112,11, 1,1,       1801 ,,103836,103836,103836311100,1,,,,,,0,728,49000,128,727,5000,128
1100,20160112,11, 1,1,       1801 ,,103837,103837,103837511700,1,,,,,,0,728,50000,128,727,5000,128
1100,20160112,11, 1,1,       1801 ,103838,103838,103838,103838360400,1,727,16,0,5000,0,0,728,50000,128,726,43000,128
1100,20160112,11, 1,1,       1801 ,,103838,103838,103838362300,1,,,,,,0,728,50000,128,726,41000,128
1100,20160112,11, 1,1,       1801 ,,103838,103838,103838363400,1,,,,,,0,727,1000,128,726,41000,128
1100,20160112,11, 1,1,       1801 ,,103838,103838,103838365800,1,,,,,,0,727,2000,128,726,41000,128
1100,20160112,11, 1,1,       1801 ,,103838,103838,103838367000,1,,,,,,0,727,2000,128,726,35000,128
1100,20160112,11, 1,1,       1801 ,,103838,103838,103838369300,1,,,,,,0,727,2000,128,726,34000,128
1100,20160112,11, 1,1,       1801 ,,103838,103838,103838371800,1,,,,,,0,727,2000,128,726,40000,128
1100,20160112,11, 1,1,       1801 ,,103838,103838,103838372500,1,,,,,,0,727,2000,128,726,31000,128
1100,20160112,11, 1,1,       1801 ,,103838,103838,103838386600,1,,,,,,0,727,2000,128,726,27000,128
1100,20160112,11, 1,1,       1801 ,,103838,103838,103838389700,1,,,,,,0,727,4000,128,726,27000,128
1100,20160112,11, 1,1,       1801 ,,103839,103839,103839001400,1,,,,,,0,727,3000,128,726,27000,128
1100,20160112,11, 1,1,       1801 ,,103839,103839,103839003600,1,,,,,,0,727,1000,128,726,27000,128
1100,20160112,11, 1,1,       1801 ,,103839,103839,103839460700,1,,,,,,0,727,1000,128,726,28000,128
1100,20160112,11, 1,1,       1801 ,103839,103839,103839,103839607500,1,727,48,0,1000,0,0,728,51000,128,726,28000,128
1100,20160112,11, 1,1,       1801 ,,103839,103839,103839608900,1,,,,,,0,728,51000,128,727,2000,128
1100,20160112,11, 1,1,       1801 ,,103839,103839,103839611500,1,,,,,,0,728,53000,128,727,2000,128
1100,20160112,11, 1,1,       1801 ,,103839,103839,103839613500,1,,,,,,0,728,51000,128,727,2000,128
1100,20160112,11, 1,1,       1801 ,,103839,103839,103839614300,1,,,,,,0,728,51000,128,727,3000,128
1100,20160112,11, 1,1,       1801 ,,103839,103839,103839615700,1,,,,,,0,728,50000,128,727,3000,128
1100,20160112,11, 1,1,       1801 ,,103839,103839,103839620700,1,,,,,,0,728,49000,128,727,3000,128
1100,20160112,11, 1,1,       1801 ,103841,103841,103841,103841005200,1,727,16,0,3000,0,0,728,49000,128,726,37000,128
1100,20160112,11, 1,1,       1801 ,,103841,103841,103841006700,1,,,,,,0,728,49000,128,726,37000,128
1100,20160112,11, 1,1,       1801 ,,103841,103841,103841007400,1,,,,,,0,728,50000,128,726,37000,128
1100,20160112,11, 1,1,       1801 ,,103841,103841,103841008100,1,,,,,,0,728,50000,128,726,38000,128
1100,20160112,11, 1,1,       1801 ,,103841,103841,103841009600,1,,,,,,0,728,50000,128,726,29000,128
1100,20160112,11, 1,1,       1801 ,,103841,103841,103841010800,1,,,,,,0,728,50000,128,726,28000,128
1100,20160112,11, 1,1,       1801 ,,103841,103841,103841011500,1,,,,,,0,728,51000,128,726,28000,128
1100,20160112,11, 1,1,       1801 ,,103841,103841,103841012200,1,,,,,,0,728,52000,128,726,28000,128
1100,20160112,11, 1,1,       1801 ,,103841,103841,103841460300,1,,,,,,0,728,52000,128,727,1000,128
1100,20160112,11, 1,1,       1801 ,,103841,103841,103841463700,1,,,,,,0,728,51000,128,727,1000,128
1100,20160112,11, 1,1,       1801 ,,103841,103841,103841569500,1,,,,,,0,728,51000,128,726,29000,128
1100,20160112,11, 1,1,       1801 ,,103842,103842,103842394100,1,,,,,,0,728,52000,128,726,29000,128
1100,20160112,11, 1,1,       1801 ,,103842,103842,103842591400,1,,,,,,0,728,52000,128,727,2000,128
1100,20160112,11, 1,1,       1801 ,,103842,103842,103842593700,1,,,,,,0,728,51000,128,727,2000,128
1100,20160112,11, 1,1,       1801 ,,103842,103842,103842595100,1,,,,,,0,728,50000,128,727,2000,128
1100,20160112,11, 1,1,       1801 ,,103842,103842,103842596000,1,,,,,,0,728,49000,128,727,2000,128
1100,20160112,11, 1,1,       1801 ,,103842,103842,103842597200,1,,,,,,0,728,49000,128,727,3000,128
1100,20160112,11, 1,1,       1801 ,,103842,103842,103842836300,1,,,,,,0,728,49000,128,727,1000,128
1100,20160112,11, 1,1,       1801 ,103842,103842,103842,103842954500,1,727,16,0,1000,0,0,727,2000,128,726,38000,128
1100,20160112,11, 1,1,       1801 ,,103842,103842,103842956000,1,,,,,,0,727,2000,128,726,38000,128
1100,20160112,11, 1,1,       1801 ,,103842,103842,103842958000,1,,,,,,0,727,2000,128,726,37000,128
1100,20160112,11, 1,1,       1801 ,,103843,103843,103843764700,1,,,,,,0,727,2000,128,726,28000,128
1100,20160112,11, 1,1,       1801 ,,103843,103843,103843766000,1,,,,,,0,727,3000,128,726,28000,128
1100,20160112,11, 1,1,       1801 ,,103844,103844,103844249200,1,,,,,,0,727,2000,128,726,28000,128
1100,20160112,11, 1,1,       1801 ,,103844,103844,103844519000,1,,,,,,0,727,3000,128,726,28000,128
1100,20160112,11, 1,1,       1801 ,,103844,103844,103844849300,1,,,,,,0,727,3000,128,726,27000,128
1100,20160112,11, 1,1,       1801 ,,103844,103844,103844851700,1,,,,,,0,727,6000,128,726,27000,128
1100,20160112,11, 1,1,       1801 ,,103844,103844,103844853700,1,,,,,,0,727,10000,128,726,27000,128
1100,20160112,11, 1,1,       1801 ,,103844,103844,103844855400,1,,,,,,0,727,12000,128,726,27000,128
1100,20160112,11, 1,1,       1801 ,,103845,103845,103845277300,1,,,,,,0,727,12000,128,726,26000,128
1100,20160112,11, 1,1,       1801 ,,103847,103847,103847802500,1,,,,,,0,727,13000,128,726,26000,128
1100,20160112,11, 1,1,       1801 ,,103847,103847,103847803900,1,,,,,,0,727,13000,128,726,23000,128
1100,20160112,11, 1,1,       1801 ,,103849,103849,103849091700,1,,,,,,0,727,12000,128,726,23000,128
1100,20160112,11, 1,1,       1801 ,,103849,103849,103849093700,1,,,,,,0,727,21000,128,726,23000,128
1100,20160112,11, 1,1,       1801 ,,103849,103849,103849094900,1,,,,,,0,727,21000,128,726,17000,128
1100,20160112,11, 1,1,       1801 ,,103849,103849,103849095600,1,,,,,,0,727,21000,128,726,13000,128
1100,20160112,11, 1,1,       1801 ,,103850,103850,103850192600,1,,,,,,0,727,22000,128,726,13000,128
1100,20160112,11, 1,1,       1801 ,,103851,103851,103851490900,1,,,,,,0,727,21000,128,726,13000,128
1100,20160112,11, 1,1,       1801 ,,103858,103858,103858900100,1,,,,,,0,727,22000,128,726,13000,128
1100,20160112,11, 1,1,       1801 ,,103859,103859,103859512000,1,,,,,,0,727,22000,128,726,14000,128
1100,20160112,11, 1,1,       1801 ,,103859,103859,103859760400,1,,,,,,0,727,21000,128,726,14000,128
1100,20160112,11, 1,1,       1801 ,,103900,103900,103900040200,1,,,,,,0,727,22000,128,726,14000,128
1100,20160112,11, 1,1,       1801 ,,103900,103900,103900294400,1,,,,,,0,727,31000,128,726,14000,128
1100,20160112,11, 1,1,       1801 ,,103901,103901,103901332700,1,,,,,,0,727,30000,128,726,14000,128
1100,20160112,11, 1,1,       1801 ,,103901,103901,103901747600,1,,,,,,0,727,32000,128,726,14000,128
1100,20160112,11, 1,1,       1801 ,,103901,103901,103901801200,1,,,,,,0,727,33000,128,726,14000,128
1100,20160112,11, 1,1,       1801 ,,103902,103902,103902371700,1,,,,,,0,727,33000,128,726,13000,128
1100,20160112,11, 1,1,       1801 ,,103903,103903,103903065200,1,,,,,,0,727,33000,128,726,14000,128
1100,20160112,11, 1,1,       1801 ,,103905,103905,103905019400,1,,,,,,0,727,33000,128,726,12000,128
1100,20160112,11, 1,1,       1801 ,,103906,103906,103906461900,1,,,,,,0,727,35000,128,726,12000,128
1100,20160112,11, 1,1,       1801 ,,103910,103910,103910662700,1,,,,,,0,727,36000,128,726,12000,128
1100,20160112,11, 1,1,       1801 ,,103911,103911,103911285200,1,,,,,,0,727,44000,128,726,12000,128
1100,20160112,11, 1,1,       1801 ,,103914,103914,103914636200,1,,,,,,0,727,49000,128,726,12000,128
1100,20160112,11, 1,1,       1801 ,,103915,103915,103915762500,1,,,,,,0,727,49000,128,726,14000,128
1100,20160112,11, 1,1,       1801 ,,103915,103915,103915782800,1,,,,,,0,727,48000,128,726,14000,128
1100,20160112,11, 1,1,       1801 ,,103919,103919,103919066600,1,,,,,,0,727,48000,128,726,15000,128
1100,20160112,11, 1,1,       1801 ,,103919,103919,103919069200,1,,,,,,0,727,39000,128,726,15000,128
1100,20160112,11, 1,1,       1801 ,,103919,103919,103919140000,1,,,,,,0,727,31000,128,726,15000,128
1100,20160112,11, 1,1,       1801 ,,103919,103919,103919141900,1,,,,,,0,727,30000,128,726,15000,128
1100,20160112,11, 1,1,       1801 ,,103919,103919,103919143100,1,,,,,,0,727,30000,128,726,16000,128
1100,20160112,11, 1,1,       1801 ,,103920,103920,103920070300,1,,,,,,0,727,30000,128,726,15000,128
1100,20160112,11, 1,1,       1801 ,,103923,103923,103923242200,1,,,,,,0,727,31000,128,726,15000,128
1100,20160112,11, 1,1,       1801 ,,103923,103923,103923244300,1,,,,,,0,727,31000,128,726,14000,128
1100,20160112,11, 1,1,       1801 ,,103925,103925,103925243900,1,,,,,,0,727,30000,128,726,14000,128
1100,20160112,11, 1,1,       1801 ,,103925,103925,103925970000,1,,,,,,0,727,31000,128,726,14000,128
1100,20160112,11, 1,1,       1801 ,,103932,103932,103932630900,1,,,,,,0,727,33000,128,726,14000,128
1100,20160112,11, 1,1,       1801 ,,103932,103932,103932632500,1,,,,,,0,727,41000,128,726,14000,128
1100,20160112,11, 1,1,       1801 ,103933,103933,103933,103933209000,1,727,48,0,1000,0,0,727,40000,128,726,14000,128
1100,20160112,11, 1,1,       1801 ,,103935,103935,103935242000,1,,,,,,0,727,41000,128,726,14000,128
1100,20160112,11, 1,1,       1801 ,,103943,103943,103943340000,1,,,,,,0,727,41000,128,726,15000,128
1100,20160112,11, 1,1,       1801 ,,103943,103943,103943342200,1,,,,,,0,727,41000,128,726,16000,128
1100,20160112,11, 1,1,       1801 ,,103943,103943,103943505100,1,,,,,,0,727,41000,128,726,17000,128
1100,20160112,11, 1,1,       1801 ,,103944,103944,103944460100,1,,,,,,0,727,33000,128,726,17000,128
1100,20160112,11, 1,1,       1801 ,,103944,103944,103944461900,1,,,,,,0,727,33000,128,726,21000,128
1100,20160112,11, 1,1,       1801 ,103944,103944,103944,103944543800,1,727,48,0,1000,0,0,727,32000,128,726,21000,128
1100,20160112,11, 1,1,       1801 ,,103944,103944,103945426200,1,,,,,,0,727,32000,128,726,21000,128
1100,20160112,11, 1,1,       1801 ,,103945,103945,103945721100,1,,,,,,0,727,32000,128,726,20000,128
1100,20160112,11, 1,1,       1801 ,103946,103946,103946,103946226100,1,726,16,0,1000,0,0,727,32000,128,726,19000,128
1100,20160112,11, 1,1,       1801 ,,103947,103947,103947531300,1,,,,,,0,727,33000,128,726,19000,128
1100,20160112,11, 1,1,       1801 ,,103947,103947,103947540900,1,,,,,,0,727,33000,128,726,15000,128
1100,20160112,11, 1,1,       1801 ,103948,103948,103948,103948559800,1,726,16,0,1000,0,0,727,33000,128,726,14000,128
1100,20160112,11, 1,1,       1801 ,,103948,103948,103948602100,1,,,,,,0,727,32000,128,726,14000,128
1100,20160112,11, 1,1,       1801 ,,103949,103949,103949006300,1,,,,,,0,727,33000,128,726,14000,128
1100,20160112,11, 1,1,       1801 ,,103951,103951,103951412000,1,,,,,,0,727,34000,128,726,14000,128
1100,20160112,11, 1,1,       1801 ,,103951,103951,103951413600,1,,,,,,0,727,42000,128,726,14000,128
1100,20160112,11, 1,1,       1801 ,,103951,103951,103951415300,1,,,,,,0,727,42000,128,726,13000,128
1100,20160112,11, 1,1,       1801 ,,103951,103951,103951671100,1,,,,,,0,727,43000,128,726,13000,128
1100,20160112,11, 1,1,       1801 ,,103951,103951,103951673300,1,,,,,,0,727,44000,128,726,13000,128
1100,20160112,11, 1,1,       1801 ,,103952,103952,103952203700,1,,,,,,0,727,44000,128,726,14000,128
1100,20160112,11, 1,1,       1801 ,,103953,103953,103953031000,1,,,,,,0,727,44000,128,726,13000,128
1100,20160112,11, 1,1,       1801 ,103953,103953,103953,103953034200,1,726,16,0,2000,0,0,727,44000,128,726,11000,128
1100,20160112,11, 1,1,       1801 ,103953,103953,103953,103953035900,1,726,16,0,2000,0,0,727,44000,128,726,9000,128
1100,20160112,11, 1,1,       1801 ,,103953,103953,103953036900,1,,,,,,0,727,44000,128,726,9000,128
1100,20160112,11, 1,1,       1801 ,103956,103956,103956,103956966300,1,726,16,0,2000,0,0,727,44000,128,726,7000,128
1100,20160112,11, 1,1,       1801 ,,103959,103959,103959199600,1,,,,,,0,727,44000,128,726,8000,128
1100,20160112,11, 1,1,       1801 ,103959,103959,103959,103959231900,1,726,16,0,2000,0,0,727,44000,128,726,6000,128
1100,20160112,11, 1,1,       1801 ,103959,103959,103959,103959233100,1,726,16,0,4000,0,0,727,44000,128,726,2000,128
1100,20160112,11, 1,1,       1801 ,,103959,103959,103959234500,1,,,,,,0,727,44000,128,726,1000,128
1100,20160112,11, 1,1,       1801 ,103959,103959,103959,103959235200,1,726,16,0,1000,0,0,726,5000,128,725,71000,128
1100,20160112,11, 1,1,       1801 ,,103959,103959,103959236100,1,,,,,,0,726,5000,128,725,71000,128
1100,20160112,11, 1,1,       1801 ,,103959,103959,103959237000,1,,,,,,0,726,6000,128,725,71000,128
1100,20160112,11, 1,1,       1801 ,,103959,103959,103959238100,1,,,,,,0,726,7000,128,725,71000,128
1100,20160112,11, 1,1,       1801 ,103959,103959,103959,103959241800,1,726,48,0,1000,0,0,726,6000,128,725,71000,128
1100,20160112,11, 1,1,       1801 ,,103959,103959,103959242700,1,,,,,,0,726,6000,128,725,71000,128
1100,20160112,11, 1,1,       1801 ,,103959,103959,103959245400,1,,,,,,0,726,6000,128,725,70000,128
1100,20160112,11, 1,1,       1801 ,,103959,103959,103959246800,1,,,,,,0,726,6000,128,725,71000,128
1100,20160112,11, 1,1,       1801 ,,103959,103959,103959248600,1,,,,,,0,726,6000,128,725,69000,128
1100,20160112,11, 1,1,       1801 ,,103959,103959,103959249300,1,,,,,,0,726,6000,128,725,70000,128
1100,20160112,11, 1,1,       1801 ,,103959,103959,103959261800,1,,,,,,0,726,6000,128,725,66000,128
1100,20160112,11, 1,1,       1801 ,103959,103959,103959,103959264700,1,726,48,0,1000,0,0,726,5000,128,725,66000,128
1100,20160112,11, 1,1,       1801 ,,103959,103959,103959265500,1,,,,,,0,726,5000,128,725,50000,128
1100,20160112,11, 1,1,       1801 ,,103959,103959,103959266700,1,,,,,,0,726,6000,128,725,50000,128
1100,20160112,11, 1,1,       1801 ,,103959,103959,103959267400,1,,,,,,0,726,6000,128,725,41000,128
1100,20160112,11, 1,1,       1801 ,,103959,103959,103959287900,1,,,,,,0,726,7000,128,725,41000,128
1100,20160112,11, 1,1,       1801 ,,104000,104000,104000150200,1,,,,,,0,726,7000,128,725,37000,128
1100,20160112,11, 1,1,       1801 ,,104000,104000,104000210200,1,,,,,,0,726,4000,128,725,37000,128
1100,20160112,11, 1,1,       1801 ,,104000,104000,104000343400,1,,,,,,0,726,5000,128,725,37000,128
1100,20160112,11, 1,1,       1801 ,,104000,104000,104000763300,1,,,,,,0,726,8000,128,725,37000,128
1100,20160112,11, 1,1,       1801 ,104001,104001,104001,104001297300,1,726,48,0,1000,0,0,726,7000,128,725,37000,128
1100,20160112,11, 1,1,       1801 ,,104001,104001,104001362900,1,,,,,,0,726,7000,128,725,37000,128
1100,20160112,11, 1,1,       1801 ,,104001,104001,104001859700,1,,,,,,0,726,7000,128,725,31000,128
1100,20160112,11, 1,1,       1801 ,,104002,104002,104002316100,1,,,,,,0,726,7000,128,725,30000,128
1100,20160112,11, 1,1,       1801 ,,104003,104003,104003366400,1,,,,,,0,726,9000,128,725,30000,128
1100,20160112,11, 1,1,       1801 ,104003,104003,104003,104003542900,1,725,16,0,30000,0,0,726,9000,128,724,54000,128
1100,20160112,11, 1,1,       1801 ,,104003,104003,104003544500,1,,,,,,0,726,11000,128,724,54000,128
1100,20160112,11, 1,1,       1801 ,,104003,104003,104003545600,1,,,,,,0,726,11000,128,724,53000,128
1100,20160112,11, 1,1,       1801 ,,104003,104003,104003546400,1,,,,,,0,726,13000,128,724,53000,128
1100,20160112,11, 1,1,       1801 ,,104003,104003,104003548000,1,,,,,,0,726,14000,128,724,53000,128
1100,20160112,11, 1,1,       1801 ,,104003,104003,104003548600,1,,,,,,0,725,1000,128,724,53000,128
1100,20160112,11, 1,1,       1801 ,,104003,104003,104003549400,1,,,,,,0,725,2000,128,724,53000,128
1100,20160112,11, 1,1,       1801 ,,104003,104003,104003550100,1,,,,,,0,725,2000,128,724,55000,128
1100,20160112,11, 1,1,       1801 ,,104003,104003,104003557200,1,,,,,,0,725,2000,128,724,52000,128
1100,20160112,11, 1,1,       1801 ,104003,104003,104003,104003557900,1,725,48,0,2000,0,0,726,16000,128,724,52000,128
1100,20160112,11, 1,1,       1801 ,,104003,104003,104003558900,1,,,,,,0,726,24000,128,724,52000,128
1100,20160112,11, 1,1,       1801 ,,104003,104003,104003560600,1,,,,,,0,726,27000,128,724,52000,128
1100,20160112,11, 1,1,       1801 ,,104003,104003,104003561300,1,,,,,,0,726,28000,128,724,52000,128
1100,20160112,11, 1,1,       1801 ,,104003,104003,104003562000,1,,,,,,0,726,28000,128,724,53000,128
1100,20160112,11, 1,1,       1801 ,,104003,104003,104003565600,1,,,,,,0,726,28000,128,724,51000,128
1100,20160112,11, 1,1,       1801 ,,104003,104003,104003569500,1,,,,,,0,726,30000,128,724,51000,128
1100,20160112,11, 1,1,       1801 ,,104003,104003,104003570200,1,,,,,,0,726,30000,128,724,45000,128
1100,20160112,11, 1,1,       1801 ,,104003,104003,104003570900,1,,,,,,0,725,1000,128,724,45000,128
1100,20160112,11, 1,1,       1801 ,104003,104003,104003,104003572100,1,725,48,0,1000,0,0,726,34000,128,725,1000,128
1100,20160112,11, 1,1,       1801 ,,104003,104003,104003572900,1,,,,,,0,726,34000,128,725,1000,128
1100,20160112,11, 1,1,       1801 ,,104003,104003,104003573600,1,,,,,,0,726,33000,128,725,1000,128
1100,20160112,11, 1,1,       1801 ,,104003,104003,104003574400,1,,,,,,0,726,31000,128,725,1000,128
1100,20160112,11, 1,1,       1801 ,,104003,104003,104003575800,1,,,,,,0,726,31000,128,725,3000,128
1100,20160112,11, 1,1,       1801 ,,104003,104003,104003579900,1,,,,,,0,726,31000,128,725,2000,128
1100,20160112,11, 1,1,       1801 ,104003,104003,104003,104003758800,1,725,16,0,2000,0,0,725,5000,128,724,47000,128
1100,20160112,11, 1,1,       1801 ,,104003,104003,104003760200,1,,,,,,0,725,5000,128,724,47000,128
1100,20160112,11, 1,1,       1801 ,,104003,104003,104003760900,1,,,,,,0,725,6000,128,724,47000,128
1100,20160112,11, 1,1,       1801 ,,104003,104003,104003762800,1,,,,,,0,725,6000,128,724,48000,128
1100,20160112,11, 1,1,       1801 ,,104003,104003,104003763500,1,,,,,,0,725,6000,128,724,47000,128
1100,20160112,11, 1,1,       1801 ,,104003,104003,104003767400,1,,,,,,0,725,6000,128,724,46000,128
1100,20160112,11, 1,1,       1801 ,,104003,104003,104003789800,1,,,,,,0,725,6000,128,724,47000,128
1100,20160112,11, 1,1,       1801 ,,104004,104004,104004129600,1,,,,,,0,725,6000,128,724,38000,128
1100,20160112,11, 1,1,       1801 ,,104004,104004,104004136700,1,,,,,,0,725,6000,128,724,34000,128
1100,20160112,11, 1,1,       1801 ,104004,104004,104004,104004188200,1,724,16,0,1000,0,0,725,6000,128,724,33000,128
1100,20160112,11, 1,1,       1801 ,,104004,104004,104004190800,1,,,,,,0,725,6000,128,724,32000,128
1100,20160112,11, 1,1,       1801 ,,104004,104004,104004192000,1,,,,,,0,725,6000,128,724,31000,128
1100,20160112,11, 1,1,       1801 ,,104004,104004,104004192600,1,,,,,,0,725,6000,128,724,28000,128
1100,20160112,11, 1,1,       1801 ,104004,104004,104004,104004514000,1,725,48,0,6000,0,0,726,38000,131,724,28000,128
1100,20160112,11, 1,1,       1801 ,104004,104004,104004,104004514000,2,726,48,0,4000,0,0,726,34000,128,724,28000,128
1100,20160112,11, 1,1,       1801 ,,104004,104004,104004516000,1,,,,,,0,726,34000,128,724,34000,128
1100,20160112,11, 1,1,       1801 ,,104004,104004,104004517300,1,,,,,,0,726,34000,128,724,35000,128
1100,20160112,11, 1,1,       1801 ,,104004,104004,104004519000,1,,,,,,0,726,36000,128,724,35000,128
1100,20160112,11, 1,1,       1801 ,,104004,104004,104004538200,1,,,,,,0,726,32000,128,724,35000,128
1100,20160112,11, 1,1,       1801 ,,104004,104004,104004650800,1,,,,,,0,725,1000,128,724,35000,128
1100,20160112,11, 1,1,       1801 ,,104004,104004,104004673600,1,,,,,,0,725,1000,128,724,34000,128
1100,20160112,11, 1,1,       1801 ,104005,104005,104005,104005066700,1,725,48,0,1000,0,0,726,33000,128,724,34000,128
1100,20160112,11, 1,1,       1801 ,,104005,104005,104005068800,1,,,,,,0,726,32000,128,724,34000,128
1100,20160112,11, 1,1,       1801 ,,104005,104005,104005071000,1,,,,,,0,726,32000,128,724,35000,128
1100,20160112,11, 1,1,       1801 ,,104005,104005,104005522400,1,,,,,,0,726,32000,128,725,10000,128
1100,20160112,11, 1,1,       1801 ,,104005,104005,104005523600,1,,,,,,0,726,30000,128,725,10000,128
1100,20160112,11, 1,1,       1801 ,,104005,104005,104005722700,1,,,,,,0,726,31000,128,725,10000,128
1100,20160112,11, 1,1,       1801 ,104006,104006,104006,104006515100,1,726,48,0,10000,0,0,726,21000,128,725,10000,128
1100,20160112,11, 1,1,       1801 ,,104006,104006,104006517500,1,,,,,,0,726,21000,128,725,16000,128
1100,20160112,11, 1,1,       1801 ,,104006,104006,104006518200,1,,,,,,0,726,23000,128,725,16000,128
1100,20160112,11, 1,1,       1801 ,,104006,104006,104006519100,1,,,,,,0,726,23000,128,725,18000,128
1100,20160112,11, 1,1,       1801 ,,104006,104006,104006519900,1,,,,,,0,726,23000,128,725,19000,128
1100,20160112,11, 1,1,       1801 ,,104006,104006,104006522300,1,,,,,,0,726,20000,128,725,19000,128
1100,20160112,11, 1,1,       1801 ,,104006,104006,104006586500,1,,,,,,0,726,20000,128,725,17000,128
1100,20160112,11, 1,1,       1801 ,,104007,104007,104007277800,1,,,,,,0,726,19000,128,725,17000,128
1100,20160112,11, 1,1,       1801 ,,104007,104007,104007485300,1,,,,,,0,726,19000,128,725,7000,128
1100,20160112,11, 1,1,       1801 ,,104007,104007,104007486700,1,,,,,,0,726,19000,128,725,8000,128
1100,20160112,11, 1,1,       1801 ,,104007,104007,104007487200,1,,,,,,0,726,19000,128,725,7000,128
1100,20160112,11, 1,1,       1801 ,,104007,104007,104007846100,1,,,,,,0,726,19000,128,725,8000,128
1100,20160112,11, 1,1,       1801 ,104011,104011,104011,104011842400,1,725,16,0,8000,0,0,726,19000,128,724,40000,128
1100,20160112,11, 1,1,       1801 ,,104011,104011,104011844000,1,,,,,,0,726,19000,128,724,40000,128
1100,20160112,11, 1,1,       1801 ,,104011,104011,104011847800,1,,,,,,0,726,19000,128,724,41000,128
1100,20160112,11, 1,1,       1801 ,,104011,104011,104011848700,1,,,,,,0,726,20000,128,724,41000,128
1100,20160112,11, 1,1,       1801 ,,104012,104012,104012348900,1,,,,,,0,726,20000,128,724,42000,128
1100,20160112,11, 1,1,       1801 ,,104014,104014,104014154200,1,,,,,,0,726,20000,128,724,43000,128
1100,20160112,11, 1,1,       1801 ,,104014,104014,104014155600,1,,,,,,0,726,20000,128,724,47000,128
1100,20160112,11, 1,1,       1801 ,,104014,104014,104014156300,1,,,,,,0,726,24000,128,724,47000,128
1100,20160112,11, 1,1,       1801 ,,104014,104014,104014157500,1,,,,,,0,726,24000,128,724,46000,128
1100,20160112,11, 1,1,       1801 ,,104014,104014,104014158900,1,,,,,,0,726,24000,128,724,44000,128
1100,20160112,11, 1,1,       1801 ,104014,104014,104014,104014988600,1,724,16,0,39000,0,0,726,24000,128,724,5000,128
1100,20160112,11, 1,1,       1801 ,,104014,104014,104014991100,1,,,,,,0,726,25000,128,724,5000,128
1100,20160112,11, 1,1,       1801 ,,104014,104014,104014992000,1,,,,,,0,726,27000,128,724,5000,128
1100,20160112,11, 1,1,       1801 ,,104014,104014,104014993600,1,,,,,,0,725,2000,128,724,5000,128
1100,20160112,11, 1,1,       1801 ,,104014,104014,104014995500,1,,,,,,0,725,3000,128,724,5000,128
1100,20160112,11, 1,1,       1801 ,,104014,104014,104014996100,1,,,,,,0,725,5000,128,724,5000,128
1100,20160112,11, 1,1,       1801 ,,104014,104014,104014996800,1,,,,,,0,725,6000,128,724,5000,128
1100,20160112,11, 1,1,       1801 ,,104014,104014,104014997800,1,,,,,,0,725,6000,128,724,1000,128
1100,20160112,11, 1,1,       1801 ,104014,104014,104014,104014999400,1,724,16,0,1000,0,0,725,6000,128,723,63000,128
1100,20160112,11, 1,1,       1801 ,,104015,104015,104015000300,1,,,,,,0,725,6000,128,723,63000,128
1100,20160112,11, 1,1,       1801 ,104015,104015,104015,104015003300,1,725,48,0,2000,0,0,725,4000,128,723,63000,128
1100,20160112,11, 1,1,       1801 ,,104015,104015,104015004300,1,,,,,,0,725,8000,128,723,63000,128
1100,20160112,11, 1,1,       1801 ,,104015,104015,104015005000,1,,,,,,0,725,8000,128,724,1000,128
1100,20160112,11, 1,1,       1801 ,,104015,104015,104015005700,1,,,,,,0,725,10000,128,724,1000,128
1100,20160112,11, 1,1,       1801 ,,104015,104015,104015007900,1,,,,,,0,725,10000,128,724,3000,128
1100,20160112,11, 1,1,       1801 ,,104015,104015,104015009800,1,,,,,,0,725,19000,128,724,3000,128
1100,20160112,11, 1,1,       1801 ,,104015,104015,104015012500,1,,,,,,0,725,18000,128,724,3000,128
1100,20160112,11, 1,1,       1801 ,,104015,104015,104015013100,1,,,,,,0,725,20000,128,724,3000,128
1100,20160112,11, 1,1,       1801 ,,104015,104015,104015013800,1,,,,,,0,725,20000,128,724,5000,128
1100,20160112,11, 1,1,       1801 ,,104015,104015,104015057000,1,,,,,,0,725,21000,128,724,5000,128
1100,20160112,11, 1,1,       1801 ,,104015,104015,104015058100,1,,,,,,0,725,21000,128,724,3000,128
1100,20160112,11, 1,1,       1801 ,,104015,104015,104015099500,1,,,,,,0,725,21000,128,724,4000,128
1100,20160112,11, 1,1,       1801 ,,104015,104015,104015229800,1,,,,,,0,725,21000,128,724,5000,128
1100,20160112,11, 1,1,       1801 ,,104015,104015,104015230900,1,,,,,,0,725,19000,128,724,5000,128
1100,20160112,11, 1,1,       1801 ,,104015,104015,104015231700,1,,,,,,0,725,19000,128,724,7000,128
1100,20160112,11, 1,1,       1801 ,,104015,104015,104015232500,1,,,,,,0,725,18000,128,724,7000,128
1100,20160112,11, 1,1,       1801 ,,104016,104016,104016044100,1,,,,,,0,725,19000,128,724,7000,128
1100,20160112,11, 1,1,       1801 ,,104017,104017,104017301400,1,,,,,,0,725,18000,128,724,7000,128
1100,20160112,11, 1,1,       1801 ,,104017,104017,104017311200,1,,,,,,0,725,14000,128,724,7000,128
1100,20160112,11, 1,1,       1801 ,,104017,104017,104017313600,1,,,,,,0,725,12000,128,724,7000,128
1100,20160112,11, 1,1,       1801 ,,104017,104017,104017722400,1,,,,,,0,725,12000,128,724,8000,128
1100,20160112,11, 1,1,       1801 ,104018,104018,104018,104018485400,1,725,48,0,9000,0,0,725,3000,128,724,8000,128
1100,20160112,11, 1,1,       1801 ,104018,104018,104018,104018487100,1,725,48,0,3000,0,0,726,39000,128,724,8000,128
1100,20160112,11, 1,1,       1801 ,,104018,104018,104018489800,1,,,,,,0,726,39000,128,725,1000,128
1100,20160112,11, 1,1,       1801 ,,104018,104018,104018493900,1,,,,,,0,726,39000,128,725,4000,128
1100,20160112,11, 1,1,       1801 ,,104018,104018,104018497100,1,,,,,,0,726,37000,128,725,4000,128
1100,20160112,11, 1,1,       1801 ,,104018,104018,104018498500,1,,,,,,0,726,37000,128,725,5000,128
1100,20160112,11, 1,1,       1801 ,,104018,104018,104018499100,1,,,,,,0,726,29000,128,725,5000,128
1100,20160112,11, 1,1,       1801 ,,104018,104018,104018499900,1,,,,,,0,726,31000,128,725,5000,128
1100,20160112,11, 1,1,       1801 ,,104018,104018,104018501800,1,,,,,,0,726,29000,128,725,5000,128
1100,20160112,11, 1,1,       1801 ,,104018,104018,104018503300,1,,,,,,0,726,29000,128,725,7000,128
1100,20160112,11, 1,1,       1801 ,,104018,104018,104018504600,1,,,,,,0,726,28000,128,725,7000,128
1100,20160112,11, 1,1,       1801 ,,104018,104018,104018506900,1,,,,,,0,726,28000,128,725,8000,128
1100,20160112,11, 1,1,       1801 ,,104018,104018,104018507500,1,,,,,,0,726,28000,128,725,9000,128
1100,20160112,11, 1,1,       1801 ,,104018,104018,104018508800,1,,,,,,0,726,26000,128,725,9000,128
1100,20160112,11, 1,1,       1801 ,,104018,104018,104018509600,1,,,,,,0,726,25000,128,725,9000,128
1100,20160112,11, 1,1,       1801 ,,104018,104018,104018865700,1,,,,,,0,726,25000,128,725,10000,128
1100,20160112,11, 1,1,       1801 ,,104019,104019,104019426100,1,,,,,,0,726,25000,128,725,40000,128
1100,20160112,11, 1,1,       1801 ,,104019,104019,104019427300,1,,,,,,0,726,24000,128,725,40000,128
1100,20160112,11, 1,1,       1801 ,,104019,104019,104019428700,1,,,,,,0,726,20000,128,725,40000,128
1100,20160112,11, 1,1,       1801 ,,104019,104019,104019430100,1,,,,,,0,726,19000,128,725,40000,128
1100,20160112,11, 1,1,       1801 ,,104019,104019,104019431400,1,,,,,,0,726,17000,128,725,40000,128
1100,20160112,11, 1,1,       1801 ,,104019,104019,104019437100,1,,,,,,0,726,17000,128,725,44000,128
1100,20160112,11, 1,1,       1801 ,,104020,104020,104020514200,1,,,,,,0,726,17000,128,725,43000,128
1100,20160112,11, 1,1,       1801 ,,104020,104020,104020903000,1,,,,,,0,726,28000,128,725,43000,128
1100,20160112,11, 1,1,       1801 ,104022,104022,104022,104022007900,1,726,48,0,10000,0,0,726,18000,128,725,43000,128
1100,20160112,11, 1,1,       1801 ,104022,104022,104022,104022009800,1,726,48,0,18000,0,0,727,61000,128,725,43000,128
1100,20160112,11, 1,1,       1801 ,,104022,104022,104022015300,1,,,,,,0,727,61000,128,725,43000,128
1100,20160112,11, 1,1,       1801 ,,104022,104022,104022016300,1,,,,,,0,727,63000,128,725,43000,128
1100,20160112,11, 1,1,       1801 ,,104022,104022,104022017200,1,,,,,,0,727,64000,128,725,43000,128
1100,20160112,11, 1,1,       1801 ,,104022,104022,104022017900,1,,,,,,0,727,64000,128,726,1000,128
1100,20160112,11, 1,1,       1801 ,,104022,104022,104022019600,1,,,,,,0,727,66000,128,726,1000,128
1100,20160112,11, 1,1,       1801 ,,104022,104022,104022024300,1,,,,,,0,727,64000,128,726,1000,128
1100,20160112,11, 1,1,       1801 ,,104022,104022,104022026300,1,,,,,,0,727,56000,128,726,1000,128
1100,20160112,11, 1,1,       1801 ,,104022,104022,104022027200,1,,,,,,0,727,55000,128,726,1000,128
1100,20160112,11, 1,1,       1801 ,,104022,104022,104022031000,1,,,,,,0,727,53000,128,726,1000,128
1100,20160112,11, 1,1,       1801 ,,104022,104022,104022036700,1,,,,,,0,727,49000,128,726,1000,128
1100,20160112,11, 1,1,       1801 ,,104022,104022,104022123200,1,,,,,,0,727,49000,128,726,2000,128
1100,20160112,11, 1,1,       1801 ,,104022,104022,104022131600,1,,,,,,0,727,49000,128,726,3000,128
1100,20160112,11, 1,1,       1801 ,,104022,104022,104022161100,1,,,,,,0,727,49000,128,726,2000,128
1100,20160112,11, 1,1,       1801 ,,104022,104022,104022644900,1,,,,,,0,727,49000,128,726,3000,128
1100,20160112,11, 1,1,       1801 ,,104022,104022,104022802500,1,,,,,,0,727,49000,128,726,2000,128
1100,20160112,11, 1,1,       1801 ,,104022,104022,104022830500,1,,,,,,0,727,49000,128,726,1000,128
1100,20160112,11, 1,1,       1801 ,,104025,104025,104025047400,1,,,,,,0,727,50000,128,726,1000,128
1100,20160112,11, 1,1,       1801 ,,104025,104025,104025497000,1,,,,,,0,727,50000,128,726,2000,128
1100,20160112,11, 1,1,       1801 ,,104025,104025,104025498300,1,,,,,,0,727,50000,128,726,3000,128
1100,20160112,11, 1,1,       1801 ,,104025,104025,104025500700,1,,,,,,0,727,46000,128,726,3000,128
1100,20160112,11, 1,1,       1801 ,,104025,104025,104025501500,1,,,,,,0,727,42000,128,726,3000,128
1100,20160112,11, 1,1,       1801 ,,104027,104027,104027452100,1,,,,,,0,727,43000,128,726,3000,128
1100,20160112,11, 1,1,       1801 ,,104027,104027,104027750400,1,,,,,,0,727,43000,128,726,5000,128
1100,20160112,11, 1,1,       1801 ,104028,104028,104028,104028633800,1,726,16,0,5000,0,0,727,43000,128,725,27000,131
1100,20160112,11, 1,1,       1801 ,104028,104028,104028,104028633800,2,725,16,0,19000,0,0,727,43000,128,725,8000,128
1100,20160112,11, 1,1,       1801 ,,104028,104028,104028637600,1,,,,,,0,727,43000,128,725,8000,128
1100,20160112,11, 1,1,       1801 ,,104028,104028,104028639800,1,,,,,,0,726,2000,128,725,8000,128
1100,20160112,11, 1,1,       1801 ,,104028,104028,104028641100,1,,,,,,0,726,3000,128,725,8000,128
1100,20160112,11, 1,1,       1801 ,104028,104028,104028,104028642800,1,725,16,0,1000,0,0,726,3000,128,725,7000,128
1100,20160112,11, 1,1,       1801 ,,104028,104028,104028643700,1,,,,,,0,726,3000,128,725,7000,128
1100,20160112,11, 1,1,       1801 ,,104028,104028,104028645200,1,,,,,,0,726,3000,128,725,9000,128
1100,20160112,11, 1,1,       1801 ,,104028,104028,104028647600,1,,,,,,0,726,3000,128,725,10000,128
1100,20160112,11, 1,1,       1801 ,,104028,104028,104028649000,1,,,,,,0,726,4000,128,725,10000,128
1100,20160112,11, 1,1,       1801 ,,104028,104028,104028649600,1,,,,,,0,726,4000,128,725,7000,128
1100,20160112,11, 1,1,       1801 ,,104028,104028,104028650400,1,,,,,,0,726,5000,128,725,7000,128
1100,20160112,11, 1,1,       1801 ,,104028,104028,104028652300,1,,,,,,0,726,7000,128,725,7000,128
1100,20160112,11, 1,1,       1801 ,,104028,104028,104028653900,1,,,,,,0,726,6000,128,725,7000,128
1100,20160112,11, 1,1,       1801 ,,104028,104028,104028654700,1,,,,,,0,726,8000,128,725,7000,128
1100,20160112,11, 1,1,       1801 ,,104028,104028,104028657100,1,,,,,,0,726,8000,128,725,5000,128
1100,20160112,11, 1,1,       1801 ,,104028,104028,104028657900,1,,,,,,0,726,12000,128,725,5000,128
1100,20160112,11, 1,1,       1801 ,,104028,104028,104028658500,1,,,,,,0,726,16000,128,725,5000,128
1100,20160112,11, 1,1,       1801 ,,104028,104028,104028659200,1,,,,,,0,726,16000,128,725,1000,128
1100,20160112,11, 1,1,       1801 ,,104028,104028,104028659900,1,,,,,,0,726,16000,128,724,55000,128
1100,20160112,11, 1,1,       1801 ,,104028,104028,104028660700,1,,,,,,0,726,16000,128,724,52000,128
1100,20160112,11, 1,1,       1801 ,,104028,104028,104028661500,1,,,,,,0,726,16000,128,724,53000,128
1100,20160112,11, 1,1,       1801 ,,104028,104028,104028663600,1,,,,,,0,726,16000,128,724,49000,128
1100,20160112,11, 1,1,       1801 ,,104028,104028,104028665100,1,,,,,,0,726,16000,128,724,53000,128
1100,20160112,11, 1,1,       1801 ,,104028,104028,104028667200,1,,,,,,0,726,24000,128,724,53000,128
1100,20160112,11, 1,1,       1801 ,,104028,104028,104028668300,1,,,,,,0,726,24000,128,724,51000,128
1100,20160112,11, 1,1,       1801 ,,104028,104028,104028870500,1,,,,,,0,725,4000,128,724,51000,128
1100,20160112,11, 1,1,       1801 ,104028,104028,104028,104028875200,1,725,48,0,4000,0,0,726,32000,128,724,51000,128
1100,20160112,11, 1,1,       1801 ,,104028,104028,104028876700,1,,,,,,0,726,30000,128,724,51000,128
1100,20160112,11, 1,1,       1801 ,,104028,104028,104028909900,1,,,,,,0,726,30000,128,724,34000,128
1100,20160112,11, 1,1,       1801 ,,104028,104028,104028936400,1,,,,,,0,726,30000,128,724,30000,128
1100,20160112,11, 1,1,       1801 ,,104029,104029,104029129400,1,,,,,,0,726,31000,128,724,30000,128
1100,20160112,11, 1,1,       1801 ,,104031,104031,104031022200,1,,,,,,0,726,31000,128,725,1000,128
1100,20160112,11, 1,1,       1801 ,,104032,104032,104032511700,1,,,,,,0,726,32000,128,725,1000,128
1100,20160112,11, 1,1,       1801 ,,104032,104032,104032591000,1,,,,,,0,726,31000,128,725,1000,128
1100,20160112,11, 1,1,       1801 ,,104032,104032,104032756600,1,,,,,,0,726,32000,128,725,1000,128
1100,20160112,11, 1,1,       1801 ,,104034,104034,104034061600,1,,,,,,0,726,33000,128,725,1000,128
1100,20160112,11, 1,1,       1801 ,,104035,104035,104035820900,1,,,,,,0,726,32000,128,725,1000,128
1100,20160112,11, 1,1,       1801 ,,104036,104036,104036480700,1,,,,,,0,726,33000,128,725,1000,128
1100,20160112,11, 1,1,       1801 ,,104036,104036,104036774200,1,,,,,,0,726,32000,128,725,1000,128
1100,20160112,11, 1,1,       1801 ,,104038,104038,104038407400,1,,,,,,0,726,28000,128,725,1000,128
1100,20160112,11, 1,1,       1801 ,,104038,104038,104038975200,1,,,,,,0,726,29000,128,725,1000,128
1100,20160112,11, 1,1,       1801 ,,104040,104040,104040015400,1,,,,,,0,726,28000,128,725,1000,128
1100,20160112,11, 1,1,       1801 ,,104041,104041,104041331900,1,,,,,,0,726,20000,128,725,1000,128
1100,20160112,11, 1,1,       1801 ,,104041,104041,104041477000,1,,,,,,0,726,20000,128,725,2000,128
1100,20160112,11, 1,1,       1801 ,,104041,104041,104041478300,1,,,,,,0,726,19000,128,725,2000,128
1100,20160112,11, 1,1,       1801 ,,104042,104042,104042454700,1,,,,,,0,726,20000,128,725,2000,128
1100,20160112,11, 1,1,       1801 ,,104042,104042,104042458500,1,,,,,,0,726,22000,128,725,2000,128
1100,20160112,11, 1,1,       1801 ,,104043,104043,104043440900,1,,,,,,0,726,22000,128,725,1000,128
1100,20160112,11, 1,1,       1801 ,,104044,104044,104044479600,1,,,,,,0,726,22000,128,725,2000,128
1100,20160112,11, 1,1,       1801 ,,104044,104044,104044481000,1,,,,,,0,726,23000,128,725,2000,128
1100,20160112,11, 1,1,       1801 ,,104044,104044,104044481600,1,,,,,,0,726,22000,128,725,2000,128
1100,20160112,11, 1,1,       1801 ,,104045,104045,104045321100,1,,,,,,0,726,22000,128,725,1000,128
1100,20160112,11, 1,1,       1801 ,,104046,104046,104046762400,1,,,,,,0,726,26000,128,725,1000,128
1100,20160112,11, 1,1,       1801 ,,104048,104048,104048051000,1,,,,,,0,726,26000,128,725,2000,128
1100,20160112,11, 1,1,       1801 ,,104048,104048,104048053000,1,,,,,,0,726,27000,128,725,2000,128
1100,20160112,11, 1,1,       1801 ,,104048,104048,104048053700,1,,,,,,0,726,26000,128,725,2000,128
1100,20160112,11, 1,1,       1801 ,104048,104048,104048,104048236000,1,725,16,0,1000,0,0,726,26000,128,725,1000,128
1100,20160112,11, 1,1,       1801 ,104049,104049,104049,104049744400,1,725,16,0,1000,0,0,726,26000,128,724,35000,128
1100,20160112,11, 1,1,       1801 ,,104049,104049,104049745900,1,,,,,,0,726,26000,128,724,35000,128
1100,20160112,11, 1,1,       1801 ,,104049,104049,104049747300,1,,,,,,0,726,34000,128,724,35000,128
1100,20160112,11, 1,1,       1801 ,,104049,104049,104049761800,1,,,,,,0,726,34000,128,724,31000,128
1100,20160112,11, 1,1,       1801 ,,104050,104050,104050128300,1,,,,,,0,726,35000,128,724,31000,128
1100,20160112,11, 1,1,       1801 ,,104052,104052,104052458300,1,,,,,,0,726,33000,128,724,31000,128
1100,20160112,11, 1,1,       1801 ,,104052,104052,104052475800,1,,,,,,0,726,29000,128,724,31000,128
1100,20160112,11, 1,1,       1801 ,,104054,104054,104054731100,1,,,,,,0,726,30000,128,724,31000,128
1100,20160112,11, 1,1,       1801 ,,104054,104054,104054850400,1,,,,,,0,726,22000,128,724,31000,128
1100,20160112,11, 1,1,       1801 ,,104056,104056,104056451100,1,,,,,,0,726,22000,128,725,1000,128
1100,20160112,11, 1,1,       1801 ,,104056,104056,104056454000,1,,,,,,0,726,22000,128,725,2000,128
1100,20160112,11, 1,1,       1801 ,,104056,104056,104056454600,1,,,,,,0,726,22000,128,725,3000,128
1100,20160112,11, 1,1,       1801 ,,104056,104056,104056456900,1,,,,,,0,726,21000,128,725,3000,128
1100,20160112,11, 1,1,       1801 ,,104056,104056,104056650500,1,,,,,,0,726,22000,128,725,3000,128
1100,20160112,11, 1,1,       1801 ,,104057,104057,104057177500,1,,,,,,0,726,23000,128,725,3000,128
1100,20160112,11, 1,1,       1801 ,,104057,104057,104057696100,1,,,,,,0,726,24000,128,725,3000,128
1100,20160112,11, 1,1,       1801 ,,104057,104057,104057711100,1,,,,,,0,726,24000,128,725,4000,128
1100,20160112,11, 1,1,       1801 ,104057,104057,104057,104057779200,1,725,16,0,2000,0,0,726,24000,128,725,2000,128
1100,20160112,11, 1,1,       1801 ,104057,104057,104057,104057780900,1,725,16,0,2000,0,0,726,24000,128,724,30000,128
1100,20160112,11, 1,1,       1801 ,,104057,104057,104057782400,1,,,,,,0,726,24000,128,724,30000,128
1100,20160112,11, 1,1,       1801 ,,104057,104057,104057783000,1,,,,,,0,725,1000,128,724,30000,128
1100,20160112,11, 1,1,       1801 ,,104057,104057,104057784500,1,,,,,,0,725,1000,128,724,31000,128
1100,20160112,11, 1,1,       1801 ,104057,104057,104057,104057785600,1,725,48,0,1000,0,0,726,24000,128,724,31000,128
1100,20160112,11, 1,1,       1801 ,,104057,104057,104057786300,1,,,,,,0,726,26000,128,724,31000,128
1100,20160112,11, 1,1,       1801 ,,104057,104057,104057787800,1,,,,,,0,726,26000,128,725,1000,128
1100,20160112,11, 1,1,       1801 ,,104057,104057,104057788500,1,,,,,,0,726,26000,128,725,2000,128
1100,20160112,11, 1,1,       1801 ,,104057,104057,104057789100,1,,,,,,0,726,24000,128,725,2000,128
1100,20160112,11, 1,1,       1801 ,,104057,104057,104057789900,1,,,,,,0,726,24000,128,725,3000,128
1100,20160112,11, 1,1,       1801 ,,104057,104057,104057792100,1,,,,,,0,726,24000,128,725,5000,128
1100,20160112,11, 1,1,       1801 ,,104057,104057,104057793600,1,,,,,,0,726,24000,128,725,6000,128
1100,20160112,11, 1,1,       1801 ,,104057,104057,104057795000,1,,,,,,0,726,22000,128,725,6000,128
1100,20160112,11, 1,1,       1801 ,,104057,104057,104057795800,1,,,,,,0,726,22000,128,725,9000,128
1100,20160112,11, 1,1,       1801 ,,104057,104057,104057797000,1,,,,,,0,726,18000,128,725,9000,128
1100,20160112,11, 1,1,       1801 ,,104057,104057,104057797700,1,,,,,,0,726,18000,128,725,13000,128
1100,20160112,11, 1,1,       1801 ,,104057,104057,104057799000,1,,,,,,0,726,14000,128,725,13000,128
1100,20160112,11, 1,1,       1801 ,,104057,104057,104057799800,1,,,,,,0,726,12000,128,725,13000,128
1100,20160112,11, 1,1,       1801 ,104057,104057,104057,104057800500,1,725,16,0,13000,0,0,726,12000,128,724,32000,131
1100,20160112,11, 1,1,       1801 ,104057,104057,104057,104057800500,2,724,16,0,13000,0,0,726,12000,128,724,19000,128
1100,20160112,11, 1,1,       1801 ,,104057,104057,104057802000,1,,,,,,0,726,11000,128,724,19000,128
1100,20160112,11, 1,1,       1801 ,,104057,104057,104057802800,1,,,,,,0,726,9000,128,724,19000,128
1100,20160112,11, 1,1,       1801 ,,104057,104057,104057803600,1,,,,,,0,726,11000,128,724,19000,128
1100,20160112,11, 1,1,       1801 ,,104057,104057,104057804300,1,,,,,,0,726,11000,128,724,17000,128
1100,20160112,11, 1,1,       1801 ,,104057,104057,104057805200,1,,,,,,0,726,11000,128,724,19000,128
1100,20160112,11, 1,1,       1801 ,,104057,104057,104057805800,1,,,,,,0,726,19000,128,724,19000,128
1100,20160112,11, 1,1,       1801 ,,104057,104057,104057806800,1,,,,,,0,726,21000,128,724,19000,128
1100,20160112,11, 1,1,       1801 ,,104057,104057,104057807400,1,,,,,,0,726,21000,128,724,20000,128
1100,20160112,11, 1,1,       1801 ,,104057,104057,104057808100,1,,,,,,0,726,21000,128,724,22000,128
1100,20160112,11, 1,1,       1801 ,,104057,104057,104057850800,1,,,,,,0,726,22000,128,724,22000,128
1100,20160112,11, 1,1,       1801 ,,104057,104057,104057861000,1,,,,,,0,726,22000,128,724,20000,128
1100,20160112,11, 1,1,       1801 ,,104057,104057,104057863000,1,,,,,,0,726,22000,128,724,19000,128
1100,20160112,11, 1,1,       1801 ,,104057,104057,104057921200,1,,,,,,0,726,22000,128,724,20000,128
1100,20160112,11, 1,1,       1801 ,,104058,104058,104058844800,1,,,,,,0,725,2000,128,724,20000,128
1100,20160112,11, 1,1,       1801 ,104058,104058,104058,104058847500,1,725,48,0,2000,0,0,726,24000,128,724,20000,128
1100,20160112,11, 1,1,       1801 ,,104058,104058,104058848300,1,,,,,,0,726,24000,128,724,20000,128
1100,20160112,11, 1,1,       1801 ,,104058,104058,104058849000,1,,,,,,0,726,28000,128,724,20000,128
1100,20160112,11, 1,1,       1801 ,,104101,104101,104101286300,1,,,,,,0,726,28000,128,724,23000,128
1100,20160112,11, 1,1,       1801 ,,104101,104101,104101655000,1,,,,,,0,726,29000,128,724,23000,128
1100,20160112,11, 1,1,       1801 ,,104101,104101,104101675200,1,,,,,,0,726,30000,128,724,23000,128
1100,20160112,11, 1,1,       1801 ,,104101,104101,104101675800,1,,,,,,0,726,32000,128,724,23000,128
1100,20160112,11, 1,1,       1801 ,,104101,104101,104101677300,1,,,,,,0,726,33000,128,724,23000,128
1100,20160112,11, 1,1,       1801 ,,104101,104101,104101682000,1,,,,,,0,726,34000,128,724,23000,128
1100,20160112,11, 1,1,       1801 ,,104104,104104,104104567800,1,,,,,,0,725,2000,128,724,23000,128
1100,20160112,11, 1,1,       1801 ,,104104,104104,104104569500,1,,,,,,0,725,2000,128,724,21000,128
1100,20160112,11, 1,1,       1801 ,104104,104104,104104,104104582700,1,724,16,0,21000,0,0,725,2000,128,723,69000,128
1100,20160112,11, 1,1,       1801 ,,104104,104104,104104584500,1,,,,,,0,725,2000,128,723,69000,128
1100,20160112,11, 1,1,       1801 ,,104104,104104,104104585400,1,,,,,,0,725,2000,128,724,2000,128
1100,20160112,11, 1,1,       1801 ,,104104,104104,104104589100,1,,,,,,0,725,3000,128,724,2000,128
1100,20160112,11, 1,1,       1801 ,,104104,104104,104104591100,1,,,,,,0,725,4000,128,724,2000,128
1100,20160112,11, 1,1,       1801 ,,104104,104104,104104591800,1,,,,,,0,725,12000,128,724,2000,128
1100,20160112,11, 1,1,       1801 ,,104104,104104,104104592400,1,,,,,,0,725,14000,128,724,2000,128
1100,20160112,11, 1,1,       1801 ,,104104,104104,104104594200,1,,,,,,0,725,15000,128,724,2000,128
1100,20160112,11, 1,1,       1801 ,,104104,104104,104104597700,1,,,,,,0,725,15000,128,724,3000,128
1100,20160112,11, 1,1,       1801 ,,104104,104104,104104599900,1,,,,,,0,725,14000,128,724,3000,128
1100,20160112,11, 1,1,       1801 ,,104104,104104,104104656000,1,,,,,,0,725,14000,128,724,1000,128
1100,20160112,11, 1,1,       1801 ,,104104,104104,104104657700,1,,,,,,0,725,14000,128,723,69000,128
1100,20160112,11, 1,1,       1801 ,,104104,104104,104104658400,1,,,,,,0,725,14000,128,723,70000,128
1100,20160112,11, 1,1,       1801 ,,104104,104104,104104659100,1,,,,,,0,725,14000,128,724,2000,128
1100,20160112,11, 1,1,       1801 ,,104104,104104,104104660900,1,,,,,,0,725,14000,128,724,3000,128
1100,20160112,11, 1,1,       1801 ,,104104,104104,104104758600,1,,,,,,0,725,14000,128,724,1000,128
1100,20160112,11, 1,1,       1801 ,,104104,104104,104104760500,1,,,,,,0,725,14000,128,723,69000,128
1100,20160112,11, 1,1,       1801 ,,104104,104104,104104761200,1,,,,,,0,725,14000,128,723,70000,128
1100,20160112,11, 1,1,       1801 ,,104104,104104,104104761900,1,,,,,,0,725,14000,128,724,2000,128
1100,20160112,11, 1,1,       1801 ,,104104,104104,104104830200,1,,,,,,0,725,14000,128,723,70000,128
1100,20160112,11, 1,1,       1801 ,,104104,104104,104104832500,1,,,,,,0,725,14000,128,724,2000,128
1100,20160112,11, 1,1,       1801 ,104104,104104,104104,104104841400,1,724,16,0,1000,0,0,725,14000,128,724,1000,128
1100,20160112,11, 1,1,       1801 ,,104104,104104,104104843400,1,,,,,,0,725,14000,128,724,2000,128
1100,20160112,11, 1,1,       1801 ,,104104,104104,104104898000,1,,,,,,0,725,14000,128,724,1000,128
1100,20160112,11, 1,1,       1801 ,,104104,104104,104104899900,1,,,,,,0,725,14000,128,723,69000,128
1100,20160112,11, 1,1,       1801 ,,104104,104104,104104900600,1,,,,,,0,725,14000,128,723,70000,128
1100,20160112,11, 1,1,       1801 ,,104104,104104,104104902000,1,,,,,,0,725,14000,128,724,2000,128
1100,20160112,11, 1,1,       1801 ,,104104,104104,104104948700,1,,,,,,0,725,13000,128,724,2000,128
1100,20160112,11, 1,1,       1801 ,,104104,104104,104104966000,1,,,,,,0,725,13000,128,723,76000,128
1100,20160112,11, 1,1,       1801 ,,104104,104104,104104967400,1,,,,,,0,725,14000,128,723,76000,128
1100,20160112,11, 1,1,       1801 ,,104104,104104,104104968800,1,,,,,,0,725,14000,128,724,2000,128
1100,20160112,11, 1,1,       1801 ,,104104,104104,104104970000,1,,,,,,0,725,13000,128,724,2000,128
1100,20160112,11, 1,1,       1801 ,,104104,104104,104104971300,1,,,,,,0,725,13000,128,724,6000,128
1100,20160112,11, 1,1,       1801 ,,104105,104105,104105048900,1,,,,,,0,725,13000,128,724,4000,128
1100,20160112,11, 1,1,       1801 ,,104105,104105,104105724400,1,,,,,,0,725,5000,128,724,4000,128
1100,20160112,11, 1,1,       1801 ,,104105,104105,104105725800,1,,,,,,0,725,5000,128,723,76000,128
1100,20160112,11, 1,1,       1801 ,,104105,104105,104105727700,1,,,,,,0,725,5000,128,724,2000,128
1100,20160112,11, 1,1,       1801 ,,104105,104105,104105729800,1,,,,,,0,725,5000,128,724,6000,128
1100,20160112,11, 1,1,       1801 ,,104105,104105,104105730400,1,,,,,,0,725,5000,128,724,10000,128
1100,20160112,11, 1,1,       1801 ,,104105,104105,104105731200,1,,,,,,0,725,5000,128,724,13000,128
1100,20160112,11, 1,1,       1801 ,,104105,104105,104105732400,1,,,,,,0,725,3000,128,724,13000,128
1100,20160112,11, 1,1,       1801 ,,104105,104105,104105733900,1,,,,,,0,725,2000,128,724,13000,128
1100,20160112,11, 1,1,       1801 ,,104105,104105,104105889000,1,,,,,,0,725,3000,128,724,13000,128
1100,20160112,11, 1,1,       1801 ,,104107,104107,104107029300,1,,,,,,0,725,3000,128,724,9000,128
1100,20160112,11, 1,1,       1801 ,,104107,104107,104107032900,1,,,,,,0,725,5000,128,724,9000,128
1100,20160112,11, 1,1,       1801 ,104109,104109,104109,104109967300,1,725,48,0,5000,0,0,726,48000,128,724,9000,128
1100,20160112,11, 1,1,       1801 ,,104109,104109,104109968800,1,,,,,,0,726,48000,128,724,9000,128
1100,20160112,11, 1,1,       1801 ,,104109,104109,104109969500,1,,,,,,0,726,48000,128,724,7000,128
1100,20160112,11, 1,1,       1801 ,,104109,104109,104109970300,1,,,,,,0,726,48000,128,725,1000,128
1100,20160112,11, 1,1,       1801 ,104109,104109,104109,104109971700,1,725,16,0,1000,0,0,725,1000,128,724,15000,128
1100,20160112,11, 1,1,       1801 ,,104109,104109,104109972600,1,,,,,,0,725,1000,128,724,15000,128
1100,20160112,11, 1,1,       1801 ,,104109,104109,104109973300,1,,,,,,0,725,1000,128,724,16000,128
1100,20160112,11, 1,1,       1801 ,,104109,104109,104109975400,1,,,,,,0,725,3000,128,724,16000,128
1100,20160112,11, 1,1,       1801 ,,104109,104109,104109976000,1,,,,,,0,725,3000,128,724,17000,128
1100,20160112,11, 1,1,       1801 ,,104109,104109,104109980400,1,,,,,,0,725,3000,128,724,19000,128
1100,20160112,11, 1,1,       1801 ,,104110,104110,104110029100,1,,,,,,0,725,1000,128,724,19000,128
1100,20160112,11, 1,1,       1801 ,,104110,104110,104110218600,1,,,,,,0,725,1000,128,724,20000,128
1100,20160112,11, 1,1,       1801 ,,104110,104110,104110219800,1,,,,,,0,725,1000,128,724,18000,128
1100,20160112,11, 1,1,       1801 ,,104110,104110,104110289200,1,,,,,,0,726,50000,128,724,18000,128
1100,20160112,11, 1,1,       1801 ,,104110,104110,104110290700,1,,,,,,0,725,2000,128,724,18000,128
1100,20160112,11, 1,1,       1801 ,,104110,104110,104110544300,1,,,,,,0,725,4000,128,724,18000,128
1100,20160112,11, 1,1,       1801 ,104110,104110,104110,104110799000,1,724,16,0,9000,0,0,725,4000,128,724,9000,128
1100,20160112,11, 1,1,       1801 ,,104110,104110,104110800600,1,,,,,,0,725,5000,128,724,9000,128
1100,20160112,11, 1,1,       1801 ,,104110,104110,104110801300,1,,,,,,0,725,6000,128,724,9000,128
1100,20160112,11, 1,1,       1801 ,,104110,104110,104110802000,1,,,,,,0,725,8000,128,724,9000,128
1100,20160112,11, 1,1,       1801 ,,104110,104110,104110848700,1,,,,,,0,725,7000,128,724,9000,128
1100,20160112,11, 1,1,       1801 ,,104111,104111,104111157200,1,,,,,,0,725,7000,128,724,3000,128
1100,20160112,11, 1,1,       1801 ,,104111,104111,104111158600,1,,,,,,0,725,17000,128,724,3000,128
1100,20160112,11, 1,1,       1801 ,,104111,104111,104111159700,1,,,,,,0,725,18000,128,724,3000,128
1100,20160112,11, 1,1,       1801 ,,104111,104111,104111160300,1,,,,,,0,725,23000,128,724,3000,128
1100,20160112,11, 1,1,       1801 ,104111,104111,104111,104111177300,1,724,16,0,2000,0,0,725,23000,128,724,1000,128
1100,20160112,11, 1,1,       1801 ,104111,104111,104111,104111179000,1,724,16,0,1000,0,0,725,23000,128,723,76000,128
1100,20160112,11, 1,1,       1801 ,,104111,104111,104111179900,1,,,,,,0,725,23000,128,723,75000,128
1100,20160112,11, 1,1,       1801 ,,104111,104111,104111181200,1,,,,,,0,725,23000,128,723,76000,128
1100,20160112,11, 1,1,       1801 ,,104111,104111,104111182700,1,,,,,,0,725,23000,128,723,74000,128
1100,20160112,11, 1,1,       1801 ,,104111,104111,104111183400,1,,,,,,0,724,1000,128,723,74000,128
1100,20160112,11, 1,1,       1801 ,104111,104111,104111,104111188100,1,724,48,0,1000,0,0,725,31000,128,723,74000,128
1100,20160112,11, 1,1,       1801 ,,104111,104111,104111189000,1,,,,,,0,725,31000,128,723,74000,128
1100,20160112,11, 1,1,       1801 ,,104111,104111,104111189800,1,,,,,,0,725,31000,128,724,1000,128
1100,20160112,11, 1,1,       1801 ,,104111,104111,104111194600,1,,,,,,0,725,31000,128,724,2000,128
1100,20160112,11, 1,1,       1801 ,,104111,104111,104111196000,1,,,,,,0,725,35000,128,724,2000,128
1100,20160112,11, 1,1,       1801 ,,104111,104111,104111201600,1,,,,,,0,725,31000,128,724,2000,128
1100,20160112,11, 1,1,       1801 ,,104111,104111,104111203700,1,,,,,,0,725,32000,128,724,2000,128
1100,20160112,11, 1,1,       1801 ,,104111,104111,104111261500,1,,,,,,0,725,33000,128,724,2000,128
1100,20160112,11, 1,1,       1801 ,,104111,104111,104111262200,1,,,,,,0,725,34000,128,724,2000,128
1100,20160112,11, 1,1,       1801 ,,104111,104111,104111262900,1,,,,,,0,725,36000,128,724,2000,128
1100,20160112,11, 1,1,       1801 ,,104111,104111,104111263700,1,,,,,,0,725,37000,128,724,2000,128
1100,20160112,11, 1,1,       1801 ,,104111,104111,104111268500,1,,,,,,0,725,38000,128,724,2000,128
1100,20160112,11, 1,1,       1801 ,104111,104111,104111,104111269100,1,724,16,0,1000,0,0,725,38000,128,724,1000,128
1100,20160112,11, 1,1,       1801 ,,104111,104111,104111270500,1,,,,,,0,725,38000,128,724,1000,128
1100,20160112,11, 1,1,       1801 ,,104111,104111,104111674900,1,,,,,,0,725,38000,128,724,11000,128
1100,20160112,11, 1,1,       1801 ,,104111,104111,104111676100,1,,,,,,0,725,33000,128,724,11000,128
1100,20160112,11, 1,1,       1801 ,,104111,104111,104111676800,1,,,,,,0,725,33000,128,724,12000,128
1100,20160112,11, 1,1,       1801 ,,104112,104112,104112020900,1,,,,,,0,725,32000,128,724,12000,128
1100,20160112,11, 1,1,       1801 ,,104112,104112,104112196200,1,,,,,,0,725,32000,128,724,11000,128
1100,20160112,11, 1,1,       1801 ,,104112,104112,104112198100,1,,,,,,0,725,24000,128,724,11000,128
1100,20160112,11, 1,1,       1801 ,,104112,104112,104112746600,1,,,,,,0,725,25000,128,724,11000,128
1100,20160112,11, 1,1,       1801 ,,104112,104112,104112971700,1,,,,,,0,725,32000,128,724,11000,128
1100,20160112,11, 1,1,       1801 ,,104112,104112,104112973800,1,,,,,,0,725,33000,128,724,11000,128
1100,20160112,11, 1,1,       1801 ,,104112,104112,104112974500,1,,,,,,0,725,33000,128,724,10000,128
1100,20160112,11, 1,1,       1801 ,104113,104113,104113,104113581400,1,725,48,0,15000,0,0,725,18000,128,724,10000,128
1100,20160112,11, 1,1,       1801 ,,104113,104113,104113583500,1,,,,,,0,725,17000,128,724,10000,128
1100,20160112,11, 1,1,       1801 ,,104113,104113,104113584700,1,,,,,,0,725,17000,128,724,12000,128
1100,20160112,11, 1,1,       1801 ,,104113,104113,104113585500,1,,,,,,0,725,15000,128,724,12000,128
1100,20160112,11, 1,1,       1801 ,,104113,104113,104113586300,1,,,,,,0,725,15000,128,724,18000,128
1100,20160112,11, 1,1,       1801 ,,104113,104113,104113587000,1,,,,,,0,725,15000,128,724,19000,128
1100,20160112,11, 1,1,       1801 ,,104113,104113,104113588200,1,,,,,,0,725,17000,128,724,19000,128
1100,20160112,11, 1,1,       1801 ,104113,104113,104113,104113590200,1,725,48,0,1000,0,0,725,16000,128,724,19000,128
1100,20160112,11, 1,1,       1801 ,104113,104113,104113,104113591200,1,725,48,0,15000,0,0,725,1000,128,724,19000,128
1100,20160112,11, 1,1,       1801 ,,104113,104113,104113593100,1,,,,,,0,725,1000,128,724,20000,128
1100,20160112,11, 1,1,       1801 ,104113,104113,104113,104113594000,1,725,48,0,1000,0,0,726,43000,128,724,20000,128
1100,20160112,11, 1,1,       1801 ,,104113,104113,104113598200,1,,,,,,0,726,43000,128,724,20000,128
1100,20160112,11, 1,1,       1801 ,,104113,104113,104113600700,1,,,,,,0,726,43000,128,724,22000,128
1100,20160112,11, 1,1,       1801 ,,104113,104113,104113603200,1,,,,,,0,726,43000,128,725,1000,128
1100,20160112,11, 1,1,       1801 ,,104113,104113,104113604700,1,,,,,,0,726,43000,128,725,2000,128
1100,20160112,11, 1,1,       1801 ,,104113,104113,104113605300,1,,,,,,0,726,43000,128,725,3000,128
1100,20160112,11, 1,1,       1801 ,,104113,104113,104113607800,1,,,,,,0,726,42000,128,725,3000,128
1100,20160112,11, 1,1,       1801 ,,104113,104113,104113610400,1,,,,,,0,726,44000,128,725,3000,128
1100,20160112,11, 1,1,       1801 ,,104113,104113,104113613100,1,,,,,,0,726,42000,128,725,3000,128
1100,20160112,11, 1,1,       1801 ,,104113,104113,104113613900,1,,,,,,0,726,41000,128,725,3000,128
1100,20160112,11, 1,1,       1801 ,,104113,104113,104113616300,1,,,,,,0,726,40000,128,725,3000,128
1100,20160112,11, 1,1,       1801 ,,104114,104114,104114484500,1,,,,,,0,726,41000,128,725,3000,128
1100,20160112,11, 1,1,       1801 ,,104114,104114,104114585200,1,,,,,,0,726,41000,128,725,2000,128
1100,20160112,11, 1,1,       1801 ,,104115,104115,104115205600,1,,,,,,0,726,40000,128,725,2000,128
1100,20160112,11, 1,1,       1801 ,104115,104115,104115,104115214900,1,726,48,0,14000,0,0,726,26000,128,725,2000,128
1100,20160112,11, 1,1,       1801 ,,104115,104115,104115217700,1,,,,,,0,726,26000,128,725,4000,128
1100,20160112,11, 1,1,       1801 ,,104115,104115,104115219400,1,,,,,,0,726,19000,128,725,4000,128
1100,20160112,11, 1,1,       1801 ,,104115,104115,104115220200,1,,,,,,0,726,19000,128,725,5000,128
1100,20160112,11, 1,1,       1801 ,104115,104115,104115,104115221800,1,726,48,0,1000,0,0,726,18000,128,725,5000,128
1100,20160112,11, 1,1,       1801 ,,104115,104115,104115222700,1,,,,,,0,726,18000,128,725,6000,128
1100,20160112,11, 1,1,       1801 ,104115,104115,104115,104115224900,1,726,48,0,6000,0,0,726,12000,128,725,6000,128
1100,20160112,11, 1,1,       1801 ,,104115,104115,104115226300,1,,,,,,0,726,8000,128,725,6000,128
1100,20160112,11, 1,1,       1801 ,,104116,104116,104116329500,1,,,,,,0,726,9000,128,725,6000,128
1100,20160112,11, 1,1,       1801 ,,104116,104116,104116348700,1,,,,,,0,726,9000,128,725,4000,128
1100,20160112,11, 1,1,       1801 ,,104118,104118,104118216000,1,,,,,,0,726,10000,128,725,4000,128
1100,20160112,11, 1,1,       1801 ,,104120,104120,104120584100,1,,,,,,0,726,9000,128,725,4000,128
1100,20160112,11, 1,1,       1801 ,,104120,104120,104120585800,1,,,,,,0,726,9000,128,725,8000,128
1100,20160112,11, 1,1,       1801 ,,104120,104120,104120586500,1,,,,,,0,726,9000,128,725,14000,128
1100,20160112,11, 1,1,       1801 ,,104120,104120,104120587200,1,,,,,,0,726,8000,128,725,14000,128
1100,20160112,11, 1,1,       1801 ,,104120,104120,104120588000,1,,,,,,0,726,4000,128,725,14000,128
1100,20160112,11, 1,1,       1801 ,,104120,104120,104120588700,1,,,,,,0,726,2000,128,725,14000,128
1100,20160112,11, 1,1,       1801 ,,104120,104120,104120618400,1,,,,,,0,726,2000,128,725,16000,128
1100,20160112,11, 1,1,       1801 ,,104120,104120,104120747000,1,,,,,,0,726,2000,128,725,17000,128
1100,20160112,11, 1,1,       1801 ,,104121,104121,104121026000,1,,,,,,0,726,2000,128,725,20000,128
1100,20160112,11, 1,1,       1801 ,,104121,104121,104121540600,1,,,,,,0,726,2000,128,725,24000,128
1100,20160112,11, 1,1,       1801 ,,104122,104122,104122361800,1,,,,,,0,726,2000,128,725,25000,128
1100,20160112,11, 1,1,       1801 ,,104122,104122,104122946600,1,,,,,,0,726,7000,128,725,25000,128
1100,20160112,11, 1,1,       1801 ,104126,104126,104126,104126341500,1,726,48,0,3000,0,0,726,4000,128,725,25000,128
1100,20160112,11, 1,1,       1801 ,104126,104126,104126,104126343800,1,726,48,0,4000,0,0,727,52000,128,725,25000,128
1100,20160112,11, 1,1,       1801 ,,104126,104126,104126345600,1,,,,,,0,727,52000,128,725,25000,128
1100,20160112,11, 1,1,       1801 ,,104126,104126,104126347300,1,,,,,,0,727,52000,128,726,1000,128
1100,20160112,11, 1,1,       1801 ,,104126,104126,104126348600,1,,,,,,0,727,52000,128,726,3000,128
1100,20160112,11, 1,1,       1801 ,,104126,104126,104126350300,1,,,,,,0,727,52000,128,726,4000,128
1100,20160112,11, 1,1,       1801 ,,104126,104126,104126363200,1,,,,,,0,727,52000,128,726,8000,128
1100,20160112,11, 1,1,       1801 ,,104126,104126,104126366900,1,,,,,,0,727,50000,128,726,8000,128
1100,20160112,11, 1,1,       1801 ,,104126,104126,104126368000,1,,,,,,0,727,50000,128,726,9000,128
1100,20160112,11, 1,1,       1801 ,,104126,104126,104126368900,1,,,,,,0,727,50000,128,726,11000,128
1100,20160112,11, 1,1,       1801 ,,104126,104126,104126369900,1,,,,,,0,727,51000,128,726,11000,128
1100,20160112,11, 1,1,       1801 ,,104126,104126,104126373100,1,,,,,,0,727,49000,128,726,11000,128
1100,20160112,11, 1,1,       1801 ,,104126,104126,104126374200,1,,,,,,0,727,51000,128,726,11000,128
1100,20160112,11, 1,1,       1801 ,,104126,104126,104126375000,1,,,,,,0,727,50000,128,726,11000,128
1100,20160112,11, 1,1,       1801 ,,104126,104126,104126376000,1,,,,,,0,727,46000,128,726,11000,128
1100,20160112,11, 1,1,       1801 ,,104126,104126,104126376800,1,,,,,,0,727,38000,128,726,11000,128
1100,20160112,11, 1,1,       1801 ,,104126,104126,104126377800,1,,,,,,0,727,36000,128,726,11000,128
1100,20160112,11, 1,1,       1801 ,,104126,104126,104126378900,1,,,,,,0,727,36000,128,726,12000,128
1100,20160112,11, 1,1,       1801 ,,104126,104126,104126379900,1,,,,,,0,727,35000,128,726,12000,128
1100,20160112,11, 1,1,       1801 ,,104126,104126,104126380800,1,,,,,,0,727,31000,128,726,12000,128
1100,20160112,11, 1,1,       1801 ,,104126,104126,104126384400,1,,,,,,0,727,31000,128,726,10000,128
1100,20160112,11, 1,1,       1801 ,,104126,104126,104126385400,1,,,,,,0,727,31000,128,726,14000,128
1100,20160112,11, 1,1,       1801 ,,104126,104126,104126386100,1,,,,,,0,727,30000,128,726,14000,128
1100,20160112,11, 1,1,       1801 ,,104126,104126,104126392000,1,,,,,,0,727,30000,128,726,15000,128
1100,20160112,11, 1,1,       1801 ,,104126,104126,104126395000,1,,,,,,0,727,26000,128,726,15000,128
1100,20160112,11, 1,1,       1801 ,,104126,104126,104126397100,1,,,,,,0,727,26000,128,726,14000,128
1100,20160112,11, 1,1,       1801 ,,104126,104126,104126398900,1,,,,,,0,727,26000,128,726,15000,128
1100,20160112,11, 1,1,       1801 ,,104126,104126,104126412200,1,,,,,,0,727,26000,128,726,17000,128
1100,20160112,11, 1,1,       1801 ,,104126,104126,104126432400,1,,,,,,0,727,26000,128,726,20000,128
1100,20160112,11, 1,1,       1801 ,,104127,104127,104127227400,1,,,,,,0,727,26000,128,726,35000,128
1100,20160112,11, 1,1,       1801 ,,104127,104127,104127228500,1,,,,,,0,727,25000,128,726,35000,128
1100,20160112,11, 1,1,       1801 ,,104127,104127,104127229200,1,,,,,,0,727,22000,128,726,35000,128
1100,20160112,11, 1,1,       1801 ,,104127,104127,104127230100,1,,,,,,0,727,20000,128,726,35000,128
1100,20160112,11, 1,1,       1801 ,,104127,104127,104127230800,1,,,,,,0,727,12000,128,726,35000,128
1100,20160112,11, 1,1,       1801 ,,104129,104129,104129513500,1,,,,,,0,727,12000,128,726,36000,128
1100,20160112,11, 1,1,       1801 ,,104129,104129,104129515100,1,,,,,,0,727,12000,128,726,21000,128
1100,20160112,11, 1,1,       1801 ,,104133,104133,104133196800,1,,,,,,0,727,17000,128,726,21000,128
1100,20160112,11, 1,1,       1801 ,,104133,104133,104133198800,1,,,,,,0,727,17000,128,726,24000,128
1100,20160112,11, 1,1,       1801 ,,104133,104133,104133199500,1,,,,,,0,727,17000,128,726,30000,128
1100,20160112,11, 1,1,       1801 ,,104133,104133,104133515900,1,,,,,,0,727,17000,128,726,29000,128
1100,20160112,11, 1,1,       1801 ,,104138,104138,104138730600,1,,,,,,0,727,18000,128,726,29000,128
1100,20160112,11, 1,1,       1801 ,,104139,104139,104139625300,1,,,,,,0,727,17000,128,726,29000,128
1100,20160112,11, 1,1,       1801 ,,104140,104140,104140341000,1,,,,,,0,727,17000,128,726,30000,128
1100,20160112,11, 1,1,       1801 ,,104141,104141,104141002100,1,,,,,,0,727,18000,128,726,30000,128
1100,20160112,11, 1,1,       1801 ,,104141,104141,104141032900,1,,,,,,0,727,17000,128,726,30000,128
1100,20160112,11, 1,1,       1801 ,,104141,104141,104141524800,1,,,,,,0,727,18000,128,726,30000,128
1100,20160112,11, 1,1,       1801 ,,104142,104142,104142092300,1,,,,,,0,727,17000,128,726,30000,128
1100,20160112,11, 1,1,       1801 ,,104143,104143,104143460700,1,,,,,,0,727,16000,128,726,30000,128
1100,20160112,11, 1,1,       1801 ,,104146,104146,104146654000,1,,,,,,0,727,16000,128,726,31000,128
1100,20160112,11, 1,1,       1801 ,104147,104147,104147,104147191900,1,727,48,0,16000,0,0,728,51000,128,726,31000,128
1100,20160112,11, 1,1,       1801 ,,104147,104147,104147193600,1,,,,,,0,728,51000,128,727,2000,128
1100,20160112,11, 1,1,       1801 ,,104147,104147,104147194600,1,,,,,,0,728,51000,128,727,3000,128
1100,20160112,11, 1,1,       1801 ,,104147,104147,104147196200,1,,,,,,0,728,51000,128,727,5000,128
1100,20160112,11, 1,1,       1801 ,,104147,104147,104147200700,1,,,,,,0,728,49000,128,727,5000,128
1100,20160112,11, 1,1,       1801 ,104147,104147,104147,104147202400,1,727,16,0,5000,0,0,728,49000,128,726,36000,128
1100,20160112,11, 1,1,       1801 ,,104147,104147,104147203600,1,,,,,,0,728,49000,128,727,1000,128
1100,20160112,11, 1,1,       1801 ,,104147,104147,104147204400,1,,,,,,0,728,48000,128,727,1000,128
1100,20160112,11, 1,1,       1801 ,,104147,104147,104147205200,1,,,,,,0,728,48000,128,727,2000,128
1100,20160112,11, 1,1,       1801 ,,104147,104147,104147207000,1,,,,,,0,728,44000,128,727,2000,128
1100,20160112,11, 1,1,       1801 ,,104147,104147,104147209200,1,,,,,,0,728,43000,128,727,2000,128
1100,20160112,11, 1,1,       1801 ,,104147,104147,104147210100,1,,,,,,0,728,43000,128,727,3000,128
1100,20160112,11, 1,1,       1801 ,,104147,104147,104147211000,1,,,,,,0,728,43000,128,727,2000,128
1100,20160112,11, 1,1,       1801 ,,104147,104147,104147211900,1,,,,,,0,728,44000,128,727,2000,128
1100,20160112,11, 1,1,       1801 ,,104147,104147,104147214300,1,,,,,,0,728,46000,128,727,2000,128
1100,20160112,11, 1,1,       1801 ,,104147,104147,104147215000,1,,,,,,0,728,45000,128,727,2000,128
1100,20160112,11, 1,1,       1801 ,,104147,104147,104147218400,1,,,,,,0,728,36000,128,727,2000,128
1100,20160112,11, 1,1,       1801 ,,104147,104147,104147243700,1,,,,,,0,728,36000,128,727,4000,128
1100,20160112,11, 1,1,       1801 ,,104147,104147,104147586900,1,,,,,,0,728,32000,128,727,4000,128
1100,20160112,11, 1,1,       1801 ,,104147,104147,104147588900,1,,,,,,0,728,32000,128,727,5000,128
1100,20160112,11, 1,1,       1801 ,,104147,104147,104147907100,1,,,,,,0,728,32000,128,727,8000,128
1100,20160112,11, 1,1,       1801 ,,104148,104148,104148897200,1,,,,,,0,728,32000,128,727,9000,128
1100,20160112,11, 1,1,       1801 ,,104148,104148,104148898400,1,,,,,,0,728,31000,128,727,9000,128
1100,20160112,11, 1,1,       1801 ,,104149,104149,104149020000,1,,,,,,0,728,37000,128,727,9000,128
1100,20160112,11, 1,1,       1801 ,,104149,104149,104149523500,1,,,,,,0,728,37000,128,727,10000,128
1100,20160112,11, 1,1,       1801 ,,104150,104150,104150135600,1,,,,,,0,728,37000,128,727,8000,128
1100,20160112,11, 1,1,       1801 ,,104150,104150,104150832600,1,,,,,,0,728,37000,128,727,7000,128
1100,20160112,11, 1,1,       1801 ,,104152,104152,104152026400,1,,,,,,0,728,38000,128,727,7000,128
1100,20160112,11, 1,1,       1801 ,,104152,104152,104152071500,1,,,,,,0,728,39000,128,727,7000,128
1100,20160112,11, 1,1,       1801 ,,104152,104152,104152081500,1,,,,,,0,728,38000,128,727,7000,128
1100,20160112,11, 1,1,       1801 ,,104152,104152,104152171300,1,,,,,,0,728,39000,128,727,7000,128
1100,20160112,11, 1,1,       1801 ,,104152,104152,104152280000,1,,,,,,0,728,39000,128,727,6000,128
1100,20160112,11, 1,1,       1801 ,,104152,104152,104152770600,1,,,,,,0,728,38000,128,727,6000,128
1100,20160112,11, 1,1,       1801 ,,104153,104153,104153300200,1,,,,,,0,728,38000,128,727,7000,128
1100,20160112,11, 1,1,       1801 ,,104153,104153,104153722200,1,,,,,,0,728,37000,128,727,7000,128
1100,20160112,11, 1,1,       1801 ,,104154,104154,104154529000,1,,,,,,0,728,38000,128,727,7000,128
1100,20160112,11, 1,1,       1801 ,,104155,104155,104155396800,1,,,,,,0,728,37000,128,727,7000,128
1100,20160112,11, 1,1,       1801 ,,104157,104157,104157530600,1,,,,,,0,728,38000,128,727,7000,128
1100,20160112,11, 1,1,       1801 ,,104157,104157,104157532000,1,,,,,,0,728,38000,128,727,6000,128
1100,20160112,11, 1,1,       1801 ,,104158,104158,104158251300,1,,,,,,0,728,37000,128,727,6000,128
1100,20160112,11, 1,1,       1801 ,,104158,104158,104158320100,1,,,,,,0,728,37000,128,727,7000,128
1100,20160112,11, 1,1,       1801 ,104158,104158,104158,104158511400,1,727,16,0,6000,0,0,728,37000,128,727,1000,128
1100,20160112,11, 1,1,       1801 ,,104158,104158,104158513600,1,,,,,,0,728,38000,128,727,1000,128
1100,20160112,11, 1,1,       1801 ,104158,104158,104158,104158514200,1,727,16,0,1000,0,0,728,38000,128,726,42000,128
1100,20160112,11, 1,1,       1801 ,,104158,104158,104158515400,1,,,,,,0,728,38000,128,726,43000,128
1100,20160112,11, 1,1,       1801 ,,104158,104158,104158516100,1,,,,,,0,728,38000,128,727,4000,128
1100,20160112,11, 1,1,       1801 ,,104158,104158,104158519000,1,,,,,,0,728,37000,128,727,4000,128
1100,20160112,11, 1,1,       1801 ,,104158,104158,104158519800,1,,,,,,0,728,37000,128,727,5000,128
1100,20160112,11, 1,1,       1801 ,104158,104158,104158,104158725800,1,727,16,0,1000,0,0,728,37000,128,727,4000,128
1100,20160112,11, 1,1,       1801 ,,104159,104159,104159520700,1,,,,,,0,728,37000,128,727,4000,128
1100,20160112,11, 1,1,       1801 ,,104159,104159,104159522700,1,,,,,,0,728,37000,128,727,3000,128
1100,20160112,11, 1,1,       1801 ,,104200,104200,104200655700,1,,,,,,0,728,37000,128,727,4000,128
1100,20160112,11, 1,1,       1801 ,,104200,104200,104200657800,1,,,,,,0,728,37000,128,727,5000,128
1100,20160112,11, 1,1,       1801 ,,104201,104201,104201355400,1,,,,,,0,728,37000,128,727,4000,128
1100,20160112,11, 1,1,       1801 ,,104201,104201,104201357500,1,,,,,,0,728,37000,128,727,3000,128
1100,20160112,11, 1,1,       1801 ,104201,104201,104201,104201608900,1,727,16,0,3000,0,0,728,37000,128,726,41000,128
1100,20160112,11, 1,1,       1801 ,,104201,104201,104201610400,1,,,,,,0,728,38000,128,726,41000,128
1100,20160112,11, 1,1,       1801 ,,104201,104201,104201613200,1,,,,,,0,728,38000,128,726,42000,128
1100,20160112,11, 1,1,       1801 ,,104202,104202,104202100800,1,,,,,,0,728,37000,128,726,42000,128
1100,20160112,11, 1,1,       1801 ,,104202,104202,104202156900,1,,,,,,0,728,37000,128,726,43000,128
1100,20160112,11, 1,1,       1801 ,,104202,104202,104202534800,1,,,,,,0,728,38000,128,726,43000,128
1100,20160112,11, 1,1,       1801 ,,104203,104203,104203422700,1,,,,,,0,728,38000,128,726,46000,128
1100,20160112,11, 1,1,       1801 ,,104203,104203,104203424200,1,,,,,,0,728,38000,128,727,4000,128
1100,20160112,11, 1,1,       1801 ,,104203,104203,104203425000,1,,,,,,0,728,38000,128,727,8000,128
1100,20160112,11, 1,1,       1801 ,,104203,104203,104203427400,1,,,,,,0,728,38000,128,727,9000,128
1100,20160112,11, 1,1,       1801 ,,104203,104203,104203428800,1,,,,,,0,728,37000,128,727,9000,128
1100,20160112,11, 1,1,       1801 ,,104203,104203,104203429500,1,,,,,,0,728,37000,128,727,13000,128
1100,20160112,11, 1,1,       1801 ,,104203,104203,104203430200,1,,,,,,0,728,33000,128,727,13000,128
1100,20160112,11, 1,1,       1801 ,,104203,104203,104203430800,1,,,,,,0,728,27000,128,727,13000,128
1100,20160112,11, 1,1,       1801 ,,104203,104203,104203611700,1,,,,,,0,728,26000,128,727,13000,128
1100,20160112,11, 1,1,       1801 ,,104206,104206,104206349200,1,,,,,,0,728,26000,128,727,14000,128
1100,20160112,11, 1,1,       1801 ,,104206,104206,104206865100,1,,,,,,0,728,26000,128,727,13000,128
1100,20160112,11, 1,1,       1801 ,,104208,104208,104208556400,1,,,,,,0,728,26000,128,727,14000,128
1100,20160112,11, 1,1,       1801 ,,104210,104210,104210202600,1,,,,,,0,728,26000,128,727,15000,128
1100,20160112,11, 1,1,       1801 ,,104210,104210,104210205000,1,,,,,,0,728,26000,128,727,18000,128
1100,20160112,11, 1,1,       1801 ,,104210,104210,104210205900,1,,,,,,0,728,26000,128,727,20000,128
1100,20160112,11, 1,1,       1801 ,,104210,104210,104210206900,1,,,,,,0,728,22000,128,727,20000,128
1100,20160112,11, 1,1,       1801 ,,104210,104210,104210208000,1,,,,,,0,728,20000,128,727,20000,128
1100,20160112,11, 1,1,       1801 ,,104210,104210,104210209000,1,,,,,,0,728,19000,128,727,20000,128
1100,20160112,11, 1,1,       1801 ,,104210,104210,104210216700,1,,,,,,0,728,10000,128,727,20000,128
1100,20160112,11, 1,1,       1801 ,104210,104210,104210,104210230300,1,728,48,0,10000,0,0,729,60000,128,728,16000,128
1100,20160112,11, 1,1,       1801 ,,104210,104210,104210232200,1,,,,,,0,729,60000,128,728,16000,128
1100,20160112,11, 1,1,       1801 ,,104210,104210,104210233000,1,,,,,,0,729,58000,128,728,16000,128
1100,20160112,11, 1,1,       1801 ,,104210,104210,104210234200,1,,,,,,0,729,55000,128,728,16000,128
1100,20160112,11, 1,1,       1801 ,,104210,104210,104210238600,1,,,,,,0,729,48000,128,728,16000,128
1100,20160112,11, 1,1,       1801 ,,104210,104210,104210241000,1,,,,,,0,729,44000,128,728,16000,128
1100,20160112,11, 1,1,       1801 ,,104210,104210,104210242100,1,,,,,,0,729,43000,128,728,16000,128
1100,20160112,11, 1,1,       1801 ,,104210,104210,104210243000,1,,,,,,0,729,36000,128,728,16000,128
1100,20160112,11, 1,1,       1801 ,,104210,104210,104210244200,1,,,,,,0,729,37000,128,728,16000,128
1100,20160112,11, 1,1,       1801 ,,104210,104210,104210246100,1,,,,,,0,729,35000,128,728,16000,128
1100,20160112,11, 1,1,       1801 ,,104210,104210,104210247200,1,,,,,,0,729,35000,128,728,17000,128
1100,20160112,11, 1,1,       1801 ,,104210,104210,104210249000,1,,,,,,0,729,34000,128,728,17000,128
1100,20160112,11, 1,1,       1801 ,,104210,104210,104210250100,1,,,,,,0,729,36000,128,728,17000,128
1100,20160112,11, 1,1,       1801 ,,104210,104210,104210255400,1,,,,,,0,729,35000,128,728,17000,128
1100,20160112,11, 1,1,       1801 ,,104210,104210,104210257400,1,,,,,,0,729,35000,128,728,18000,128
1100,20160112,11, 1,1,       1801 ,,104210,104210,104210387600,1,,,,,,0,729,31000,128,728,18000,128
1100,20160112,11, 1,1,       1801 ,,104210,104210,104210390000,1,,,,,,0,729,30000,128,728,18000,128
1100,20160112,11, 1,1,       1801 ,,104210,104210,104210410600,1,,,,,,0,729,30000,128,728,19000,128
1100,20160112,11, 1,1,       1801 ,,104210,104210,104210436900,1,,,,,,0,729,30000,128,728,3000,128
1100,20160112,11, 1,1,       1801 ,,104210,104210,104210438200,1,,,,,,0,729,31000,128,728,3000,128
1100,20160112,11, 1,1,       1801 ,104210,104210,104210,104210438800,1,728,16,0,1000,0,0,729,31000,128,728,2000,128
1100,20160112,11, 1,1,       1801 ,,104210,104210,104210439800,1,,,,,,0,729,30000,128,728,2000,128
1100,20160112,11, 1,1,       1801 ,,104210,104210,104210440600,1,,,,,,0,729,30000,128,728,1000,128
1100,20160112,11, 1,1,       1801 ,104210,104210,104210,104210441300,1,728,16,0,1000,0,0,729,30000,128,727,28000,128
1100,20160112,11, 1,1,       1801 ,,104210,104210,104210442600,1,,,,,,0,729,30000,128,727,26000,128
1100,20160112,11, 1,1,       1801 ,,104210,104210,104210444800,1,,,,,,0,728,2000,128,727,26000,128
1100,20160112,11, 1,1,       1801 ,,104210,104210,104210445400,1,,,,,,0,728,2000,128,727,27000,128
1100,20160112,11, 1,1,       1801 ,,104211,104211,104211878400,1,,,,,,0,728,7000,128,727,27000,128
1100,20160112,11, 1,1,       1801 ,,104211,104211,104211879900,1,,,,,,0,728,7000,128,727,19000,128
1100,20160112,11, 1,1,       1801 ,,104214,104214,104214791200,1,,,,,,0,728,7000,128,727,18000,128
1100,20160112,11, 1,1,       1801 ,,104216,104216,104216081300,1,,,,,,0,728,7000,128,727,19000,128
1100,20160112,11, 1,1,       1801 ,,104218,104218,104218735700,1,,,,,,0,728,7000,128,727,18000,128
1100,20160112,11, 1,1,       1801 ,,104224,104224,104224071100,1,,,,,,0,728,8000,128,727,18000,128
1100,20160112,11, 1,1,       1801 ,,104224,104224,104224072500,1,,,,,,0,728,9000,128,727,18000,128
1100,20160112,11, 1,1,       1801 ,,104224,104224,104224074000,1,,,,,,0,728,14000,128,727,18000,128
1100,20160112,11, 1,1,       1801 ,,104224,104224,104224075200,1,,,,,,0,728,14000,128,727,15000,128
1100,20160112,11, 1,1,       1801 ,,104224,104224,104224075900,1,,,,,,0,728,16000,128,727,15000,128
1100,20160112,11, 1,1,       1801 ,,104224,104224,104224082000,1,,,,,,0,728,16000,128,727,11000,128
1100,20160112,11, 1,1,       1801 ,,104224,104224,104224082700,1,,,,,,0,728,16000,128,727,9000,128
1100,20160112,11, 1,1,       1801 ,,104226,104226,104226075800,1,,,,,,0,728,19000,128,727,9000,128
1100,20160112,11, 1,1,       1801 ,,104226,104226,104226077700,1,,,,,,0,728,19000,128,727,8000,128
1100,20160112,11, 1,1,       1801 ,,104226,104226,104226340300,1,,,,,,0,728,21000,128,727,8000,128
1100,20160112,11, 1,1,       1801 ,,104226,104226,104226691100,1,,,,,,0,728,19000,128,727,8000,128
1100,20160112,11, 1,1,       1801 ,,104228,104228,104228266400,1,,,,,,0,728,19000,128,727,10000,128
1100,20160112,11, 1,1,       1801 ,,104228,104228,104228869700,1,,,,,,0,728,19000,128,727,8000,128
1100,20160112,11, 1,1,       1801 ,,104228,104228,104228888600,1,,,,,,0,728,21000,128,727,8000,128
1100,20160112,11, 1,1,       1801 ,104229,104229,104229,104229836700,1,727,16,0,8000,0,0,728,21000,128,726,53000,128
1100,20160112,11, 1,1,       1801 ,,104229,104229,104229838000,1,,,,,,0,727,1000,128,726,53000,128
1100,20160112,11, 1,1,       1801 ,,104229,104229,104229840900,1,,,,,,0,727,1000,128,726,50000,128
1100,20160112,11, 1,1,       1801 ,,104229,104229,104229843600,1,,,,,,0,727,1000,128,726,51000,128
1100,20160112,11, 1,1,       1801 ,,104229,104229,104229846000,1,,,,,,0,727,1000,128,726,49000,128
1100,20160112,11, 1,1,       1801 ,,104229,104229,104229847400,1,,,,,,0,727,2000,128,726,49000,128
1100,20160112,11, 1,1,       1801 ,,104229,104229,104229848800,1,,,,,,0,727,2000,128,726,48000,128
1100,20160112,11, 1,1,       1801 ,,104229,104229,104229853000,1,,,,,,0,727,3000,128,726,48000,128
1100,20160112,11, 1,1,       1801 ,,104229,104229,104229863000,1,,,,,,0,727,3000,128,726,47000,128
1100,20160112,11, 1,1,       1801 ,,104229,104229,104229866400,1,,,,,,0,727,4000,128,726,47000,128
1100,20160112,11, 1,1,       1801 ,,104231,104231,104231117500,1,,,,,,0,727,3000,128,726,47000,128
1100,20160112,11, 1,1,       1801 ,104231,104231,104231,104231161000,1,727,48,0,1000,0,0,727,2000,128,726,47000,128
1100,20160112,11, 1,1,       1801 ,,104231,104231,104231162400,1,,,,,,0,727,2000,128,726,47000,128
1100,20160112,11, 1,1,       1801 ,104231,104231,104231,104231163800,1,727,48,0,2000,0,0,728,28000,128,726,47000,128
1100,20160112,11, 1,1,       1801 ,,104231,104231,104231165200,1,,,,,,0,728,27000,128,726,47000,128
1100,20160112,11, 1,1,       1801 ,,104231,104231,104231166500,1,,,,,,0,728,25000,128,726,47000,128
1100,20160112,11, 1,1,       1801 ,,104231,104231,104231168000,1,,,,,,0,728,25000,128,727,2000,128
1100,20160112,11, 1,1,       1801 ,,104231,104231,104231171900,1,,,,,,0,728,16000,128,727,2000,128
1100,20160112,11, 1,1,       1801 ,,104231,104231,104231178500,1,,,,,,0,728,17000,128,727,2000,128
1100,20160112,11, 1,1,       1801 ,,104232,104232,104232954500,1,,,,,,0,728,17000,128,727,12000,128
1100,20160112,11, 1,1,       1801 ,,104232,104232,104232956600,1,,,,,,0,728,17000,128,727,13000,128
1100,20160112,11, 1,1,       1801 ,,104232,104232,104232958400,1,,,,,,0,728,17000,128,727,16000,128
1100,20160112,11, 1,1,       1801 ,,104232,104232,104232969300,1,,,,,,0,728,16000,128,727,16000,128
1100,20160112,11, 1,1,       1801 ,,104234,104234,104234640400,1,,,,,,0,728,21000,128,727,16000,128
1100,20160112,11, 1,1,       1801 ,104236,104236,104236,104236281000,1,727,16,0,16000,0,0,728,21000,128,726,48000,128
1100,20160112,11, 1,1,       1801 ,,104236,104236,104236282800,1,,,,,,0,728,21000,128,726,46000,128
1100,20160112,11, 1,1,       1801 ,,104236,104236,104236283600,1,,,,,,0,728,23000,128,726,46000,128
1100,20160112,11, 1,1,       1801 ,,104236,104236,104236284300,1,,,,,,0,728,24000,128,726,46000,128
1100,20160112,11, 1,1,       1801 ,,104236,104236,104236288400,1,,,,,,0,728,25000,128,726,46000,128
1100,20160112,11, 1,1,       1801 ,,104236,104236,104236289000,1,,,,,,0,728,34000,128,726,46000,128
1100,20160112,11, 1,1,       1801 ,,104236,104236,104236290000,1,,,,,,0,728,34000,128,726,47000,128
1100,20160112,11, 1,1,       1801 ,,104236,104236,104236290600,1,,,,,,0,728,43000,128,726,47000,128
1100,20160112,11, 1,1,       1801 ,,104236,104236,104236292800,1,,,,,,0,728,43000,128,726,46000,128
1100,20160112,11, 1,1,       1801 ,,104236,104236,104236500400,1,,,,,,0,728,43000,128,726,47000,128
1100,20160112,11, 1,1,       1801 ,,104236,104236,104236501700,1,,,,,,0,728,44000,128,726,47000,128
1100,20160112,11, 1,1,       1801 ,,104241,104241,104241067800,1,,,,,,0,728,44000,128,726,46000,128
1100,20160112,11, 1,1,       1801 ,,104247,104247,104247565200,1,,,,,,0,728,44000,128,726,47000,128
1100,20160112,11, 1,1,       1801 ,,104251,104251,104251392800,1,,,,,,0,728,44000,128,726,48000,128
1100,20160112,11, 1,1,       1801 ,,104256,104256,104256110900,1,,,,,,0,728,43000,128,726,48000,128
1100,20160112,11, 1,1,       1801 ,,104256,104256,104256130600,1,,,,,,0,728,44000,128,726,48000,128
1100,20160112,11, 1,1,       1801 ,,104256,104256,104256153300,1,,,,,,0,728,44000,128,726,42000,128
1100,20160112,11, 1,1,       1801 ,,104256,104256,104256155200,1,,,,,,0,728,44000,128,726,41000,128
1100,20160112,11, 1,1,       1801 ,,104256,104256,104256211900,1,,,,,,0,728,44000,128,726,45000,128
1100,20160112,11, 1,1,       1801 ,,104256,104256,104256291100,1,,,,,,0,728,45000,128,726,45000,128
1100,20160112,11, 1,1,       1801 ,,104257,104257,104257291000,1,,,,,,0,728,45000,128,726,46000,128
1100,20160112,11, 1,1,       1801 ,,104258,104258,104258030300,1,,,,,,0,728,44000,128,726,46000,128
1100,20160112,11, 1,1,       1801 ,,104259,104259,104259718000,1,,,,,,0,728,44000,128,727,2000,128
1100,20160112,11, 1,1,       1801 ,104259,104259,104259,104259720600,1,727,16,0,1000,0,0,728,44000,128,727,1000,128
1100,20160112,11, 1,1,       1801 ,,104259,104259,104259721500,1,,,,,,0,728,43000,128,727,1000,128
1100,20160112,11, 1,1,       1801 ,104259,104259,104259,104259722300,1,727,16,0,1000,0,0,728,43000,128,726,46000,128
1100,20160112,11, 1,1,       1801 ,,104259,104259,104259725800,1,,,,,,0,727,2000,128,726,46000,128
1100,20160112,11, 1,1,       1801 ,,104259,104259,104259727800,1,,,,,,0,727,2000,128,726,44000,128
1100,20160112,11, 1,1,       1801 ,,104259,104259,104259728500,1,,,,,,0,727,3000,128,726,44000,128
1100,20160112,11, 1,1,       1801 ,,104259,104259,104259730400,1,,,,,,0,727,3000,128,726,43000,128
1100,20160112,11, 1,1,       1801 ,,104259,104259,104259731200,1,,,,,,0,727,3000,128,726,39000,128
1100,20160112,11, 1,1,       1801 ,,104259,104259,104259736900,1,,,,,,0,727,3000,128,726,35000,128
1100,20160112,11, 1,1,       1801 ,,104259,104259,104259739000,1,,,,,,0,727,3000,128,726,37000,128
1100,20160112,11, 1,1,       1801 ,,104259,104259,104259741800,1,,,,,,0,727,4000,128,726,37000,128
1100,20160112,11, 1,1,       1801 ,104259,104259,104259,104259901600,1,727,48,0,3000,0,0,727,1000,128,726,37000,128
1100,20160112,11, 1,1,       1801 ,,104259,104259,104259903500,1,,,,,,0,727,1000,128,726,37000,128
1100,20160112,11, 1,1,       1801 ,,104300,104300,104300030900,1,,,,,,0,727,2000,128,726,37000,128
1100,20160112,11, 1,1,       1801 ,,104300,104300,104300032200,1,,,,,,0,727,3000,128,726,37000,128
1100,20160112,11, 1,1,       1801 ,,104300,104300,104300755100,1,,,,,,0,727,3000,128,726,38000,128
1100,20160112,11, 1,1,       1801 ,,104302,104302,104302200900,1,,,,,,0,727,2000,128,726,38000,128
1100,20160112,11, 1,1,       1801 ,,104302,104302,104302405800,1,,,,,,0,727,1000,128,726,38000,128
1100,20160112,11, 1,1,       1801 ,,104302,104302,104302441600,1,,,,,,0,728,45000,128,726,38000,128
1100,20160112,11, 1,1,       1801 ,,104302,104302,104302443200,1,,,,,,0,728,44000,128,726,38000,128
1100,20160112,11, 1,1,       1801 ,,104302,104302,104302445300,1,,,,,,0,728,44000,128,726,39000,128
1100,20160112,11, 1,1,       1801 ,,104303,104303,104303760800,1,,,,,,0,728,42000,128,726,39000,128
1100,20160112,11, 1,1,       1801 ,,104303,104303,104303762300,1,,,,,,0,728,40000,128,726,39000,128
1100,20160112,11, 1,1,       1801 ,,104303,104303,104303763100,1,,,,,,0,728,40000,128,726,45000,128
1100,20160112,11, 1,1,       1801 ,,104303,104303,104303763700,1,,,,,,0,728,40000,128,727,1000,128
1100,20160112,11, 1,1,       1801 ,,104303,104303,104303766400,1,,,,,,0,728,31000,128,727,1000,128
1100,20160112,11, 1,1,       1801 ,,104303,104303,104303767200,1,,,,,,0,728,31000,128,727,3000,128
1100,20160112,11, 1,1,       1801 ,,104303,104303,104303767800,1,,,,,,0,728,30000,128,727,3000,128
1100,20160112,11, 1,1,       1801 ,,104303,104303,104303768500,1,,,,,,0,728,30000,128,727,4000,128
1100,20160112,11, 1,1,       1801 ,,104303,104303,104303769300,1,,,,,,0,728,29000,128,727,4000,128
1100,20160112,11, 1,1,       1801 ,,104303,104303,104303770100,1,,,,,,0,728,29000,128,727,5000,128
1100,20160112,11, 1,1,       1801 ,,104303,104303,104303772000,1,,,,,,0,728,29000,128,727,7000,128
1100,20160112,11, 1,1,       1801 ,,104304,104304,104304359100,1,,,,,,0,728,29000,128,727,8000,128
1100,20160112,11, 1,1,       1801 ,,104305,104305,104305249400,1,,,,,,0,728,29000,128,727,6000,128
1100,20160112,11, 1,1,       1801 ,,104305,104305,104305252600,1,,,,,,0,728,29000,128,727,5000,128
1100,20160112,11, 1,1,       1801 ,,104305,104305,104305309300,1,,,,,,0,728,29000,128,727,4000,128
1100,20160112,11, 1,1,       1801 ,,104305,104305,104305343800,1,,,,,,0,728,30000,128,727,4000,128
1100,20160112,11, 1,1,       1801 ,,104305,104305,104305485300,1,,,,,,0,728,32000,128,727,4000,128
1100,20160112,11, 1,1,       1801 ,,104305,104305,104305486700,1,,,,,,0,728,32000,128,727,3000,128
1100,20160112,11, 1,1,       1801 ,,104305,104305,104305495000,1,,,,,,0,728,32000,128,727,1000,128
1100,20160112,11, 1,1,       1801 ,,104305,104305,104305497000,1,,,,,,0,728,32000,128,726,44000,128
1100,20160112,11, 1,1,       1801 ,,104305,104305,104305497700,1,,,,,,0,728,32000,128,726,45000,128
1100,20160112,11, 1,1,       1801 ,,104305,104305,104305499000,1,,,,,,0,728,32000,128,727,2000,128
1100,20160112,11, 1,1,       1801 ,,104305,104305,104305500200,1,,,,,,0,728,32000,128,727,3000,128
1100,20160112,11, 1,1,       1801 ,,104305,104305,104305500900,1,,,,,,0,728,32000,128,727,5000,128
1100,20160112,11, 1,1,       1801 ,,104305,104305,104305501600,1,,,,,,0,728,32000,128,727,6000,128
1100,20160112,11, 1,1,       1801 ,,104306,104306,104306889100,1,,,,,,0,728,32000,128,727,7000,128
1100,20160112,11, 1,1,       1801 ,,104309,104309,104309079800,1,,,,,,0,728,32000,128,727,6000,128
1100,20160112,11, 1,1,       1801 ,,104309,104309,104309981400,1,,,,,,0,728,32000,128,727,7000,128
1100,20160112,11, 1,1,       1801 ,,104310,104310,104310898300,1,,,,,,0,728,31000,128,727,7000,128
1100,20160112,11, 1,1,       1801 ,,104311,104311,104311122400,1,,,,,,0,728,31000,128,727,5000,128
1100,20160112,11, 1,1,       1801 ,,104311,104311,104311471400,1,,,,,,0,728,32000,128,727,5000,128
1100,20160112,11, 1,1,       1801 ,,104311,104311,104311472900,1,,,,,,0,728,32000,128,727,4000,128
1100,20160112,11, 1,1,       1801 ,,104311,104311,104311474800,1,,,,,,0,728,32000,128,727,3000,128
1100,20160112,11, 1,1,       1801 ,,104313,104313,104313245300,1,,,,,,0,728,33000,128,727,3000,128
1100,20160112,11, 1,1,       1801 ,,104313,104313,104313246900,1,,,,,,0,728,33000,128,727,2000,128
1100,20160112,11, 1,1,       1801 ,,104314,104314,104314420200,1,,,,,,0,728,35000,128,727,2000,128
1100,20160112,11, 1,1,       1801 ,,104314,104314,104314801300,1,,,,,,0,728,35000,128,727,3000,128
1100,20160112,11, 1,1,       1801 ,,104314,104314,104314823600,1,,,,,,0,728,34000,128,727,3000,128
1100,20160112,11, 1,1,       1801 ,,104317,104317,104317667300,1,,,,,,0,728,35000,128,727,3000,128
1100,20160112,11, 1,1,       1801 ,,104317,104317,104317750100,1,,,,,,0,728,35000,128,727,2000,128
1100,20160112,11, 1,1,       1801 ,,104319,104319,104319400800,1,,,,,,0,728,35000,128,727,3000,128
1100,20160112,11, 1,1,       1801 ,,104319,104319,104319410100,1,,,,,,0,728,34000,128,727,3000,128
1100,20160112,11, 1,1,       1801 ,,104319,104319,104319602900,1,,,,,,0,728,35000,128,727,3000,128
1100,20160112,11, 1,1,       1801 ,,104319,104319,104319614900,1,,,,,,0,728,35000,128,727,2000,128
1100,20160112,11, 1,1,       1801 ,,104323,104323,104323841300,1,,,,,,0,728,35000,128,727,3000,128
1100,20160112,11, 1,1,       1801 ,,104323,104323,104323842500,1,,,,,,0,728,34000,128,727,3000,128
1100,20160112,11, 1,1,       1801 ,,104326,104326,104326473900,1,,,,,,0,728,34000,128,727,4000,128
1100,20160112,11, 1,1,       1801 ,,104326,104326,104326475200,1,,,,,,0,728,32000,128,727,4000,128
1100,20160112,11, 1,1,       1801 ,,104326,104326,104326482600,1,,,,,,0,728,32000,128,727,5000,128
1100,20160112,11, 1,1,       1801 ,,104326,104326,104326483300,1,,,,,,0,728,32000,128,727,7000,128
1100,20160112,11, 1,1,       1801 ,,104326,104326,104326810700,1,,,,,,0,728,33000,128,727,7000,128
1100,20160112,11, 1,1,       1801 ,,104327,104327,104327205700,1,,,,,,0,728,32000,128,727,7000,128
1100,20160112,11, 1,1,       1801 ,,104328,104328,104328242300,1,,,,,,0,728,32000,128,727,6000,128
1100,20160112,11, 1,1,       1801 ,,104331,104331,104331090900,1,,,,,,0,728,32000,128,727,4000,128
1100,20160112,11, 1,1,       1801 ,,104334,104334,104334428500,1,,,,,,0,728,31000,128,727,4000,128
1100,20160112,11, 1,1,       1801 ,,104334,104334,104334438300,1,,,,,,0,728,32000,128,727,4000,128
1100,20160112,11, 1,1,       1801 ,,104335,104335,104335313300,1,,,,,,0,728,27000,128,727,4000,128
1100,20160112,11, 1,1,       1801 ,,104335,104335,104335315300,1,,,,,,0,728,28000,128,727,4000,128
1100,20160112,11, 1,1,       1801 ,,104335,104335,104335659000,1,,,,,,0,728,27000,128,727,4000,128
1100,20160112,11, 1,1,       1801 ,,104337,104337,104337239400,1,,,,,,0,728,29000,128,727,4000,128
1100,20160112,11, 1,1,       1801 ,,104337,104337,104337314300,1,,,,,,0,728,30000,128,727,4000,128
1100,20160112,11, 1,1,       1801 ,,104337,104337,104337730400,1,,,,,,0,728,30000,128,727,3000,128
1100,20160112,11, 1,1,       1801 ,,104337,104337,104337733300,1,,,,,,0,728,30000,128,727,2000,128
1100,20160112,11, 1,1,       1801 ,104338,104338,104338,104338560200,1,727,16,0,2000,0,0,728,30000,128,726,49000,128
1100,20160112,11, 1,1,       1801 ,,104338,104338,104338561800,1,,,,,,0,728,30000,128,726,49000,128
1100,20160112,11, 1,1,       1801 ,,104338,104338,104338562400,1,,,,,,0,728,30000,128,726,50000,128
1100,20160112,11, 1,1,       1801 ,,104338,104338,104338563200,1,,,,,,0,728,39000,128,726,50000,128
1100,20160112,11, 1,1,       1801 ,,104338,104338,104338563900,1,,,,,,0,728,39000,128,726,51000,128
1100,20160112,11, 1,1,       1801 ,,104338,104338,104338564600,1,,,,,,0,728,39000,128,726,50000,128
1100,20160112,11, 1,1,       1801 ,,104338,104338,104338565300,1,,,,,,0,728,40000,128,726,50000,128
1100,20160112,11, 1,1,       1801 ,,104338,104338,104338778200,1,,,,,,0,727,2000,128,726,50000,128
1100,20160112,11, 1,1,       1801 ,,104338,104338,104338781500,1,,,,,,0,727,2000,128,726,49000,128
1100,20160112,11, 1,1,       1801 ,,104338,104338,104338782200,1,,,,,,0,727,2000,128,726,43000,128
1100,20160112,11, 1,1,       1801 ,,104338,104338,104338782800,1,,,,,,0,727,3000,128,726,43000,128
1100,20160112,11, 1,1,       1801 ,,104338,104338,104338784500,1,,,,,,0,727,4000,128,726,43000,128
1100,20160112,11, 1,1,       1801 ,,104338,104338,104338786600,1,,,,,,0,727,4000,128,726,39000,128
1100,20160112,11, 1,1,       1801 ,,104343,104343,104343942700,1,,,,,,0,727,4000,128,726,40000,128
1100,20160112,11, 1,1,       1801 ,,104347,104347,104347391100,1,,,,,,0,727,6000,128,726,40000,128
1100,20160112,11, 1,1,       1801 ,,104347,104347,104347394100,1,,,,,,0,727,12000,128,726,40000,128
1100,20160112,11, 1,1,       1801 ,,104347,104347,104347395000,1,,,,,,0,727,12000,128,726,38000,128
1100,20160112,11, 1,1,       1801 ,,104347,104347,104347395900,1,,,,,,0,727,12000,128,726,34000,128
1100,20160112,11, 1,1,       1801 ,,104347,104347,104347396600,1,,,,,,0,727,12000,128,726,31000,128
1100,20160112,11, 1,1,       1801 ,,104347,104347,104347399300,1,,,,,,0,727,14000,128,726,31000,128
1100,20160112,11, 1,1,       1801 ,,104347,104347,104347403600,1,,,,,,0,727,14000,128,726,23000,128
1100,20160112,11, 1,1,       1801 ,,104347,104347,104347405000,1,,,,,,0,727,14000,128,726,21000,128
1100,20160112,11, 1,1,       1801 ,,104347,104347,104347407300,1,,,,,,0,727,14000,128,726,20000,128
1100,20160112,11, 1,1,       1801 ,,104347,104347,104347409900,1,,,,,,0,727,14000,128,726,19000,128
1100,20160112,11, 1,1,       1801 ,104347,104347,104347,104347421000,1,727,48,0,3000,0,0,727,11000,128,726,19000,128
1100,20160112,11, 1,1,       1801 ,,104347,104347,104347424400,1,,,,,,0,727,11000,128,726,20000,128
1100,20160112,11, 1,1,       1801 ,,104349,104349,104349229400,1,,,,,,0,727,11000,128,726,19000,128
1100,20160112,11, 1,1,       1801 ,,104351,104351,104351296200,1,,,,,,0,727,12000,128,726,19000,128
1100,20160112,11, 1,1,       1801 ,,104352,104352,104352094900,1,,,,,,0,727,13000,128,726,19000,128
1100,20160112,11, 1,1,       1801 ,,104354,104354,104354704900,1,,,,,,0,727,13000,128,726,15000,128
1100,20160112,11, 1,1,       1801 ,,104356,104356,104356647100,1,,,,,,0,727,12000,128,726,15000,128
1100,20160112,11, 1,1,       1801 ,,104356,104356,104356689100,1,,,,,,0,727,10000,128,726,15000,128
1100,20160112,11, 1,1,       1801 ,,104356,104356,104356690600,1,,,,,,0,727,10000,128,726,17000,128
1100,20160112,11, 1,1,       1801 ,,104357,104357,104357721200,1,,,,,,0,727,9000,128,726,17000,128
1100,20160112,11, 1,1,       1801 ,,104357,104357,104357723300,1,,,,,,0,727,9000,128,726,18000,128
1100,20160112,11, 1,1,       1801 ,,104357,104357,104357724100,1,,,,,,0,727,9000,128,726,19000,128
1100,20160112,11, 1,1,       1801 ,104357,104357,104357,104357991500,1,726,16,0,3000,0,0,727,9000,128,726,16000,128
1100,20160112,11, 1,1,       1801 ,,104358,104358,104358112200,1,,,,,,0,727,9000,128,726,16000,128
1100,20160112,11, 1,1,       1801 ,,104359,104359,104359467100,1,,,,,,0,727,7000,128,726,16000,128
1100,20160112,11, 1,1,       1801 ,,104359,104359,104359468500,1,,,,,,0,727,1000,128,726,16000,128
1100,20160112,11, 1,1,       1801 ,104359,104359,104359,104359470800,1,727,48,0,1000,0,0,728,43000,128,726,16000,128
1100,20160112,11, 1,1,       1801 ,,104359,104359,104359472300,1,,,,,,0,728,43000,128,726,18000,128
1100,20160112,11, 1,1,       1801 ,,104359,104359,104359473700,1,,,,,,0,727,1000,128,726,18000,128
1100,20160112,11, 1,1,       1801 ,104359,104359,104359,104359475200,1,727,48,0,1000,0,0,728,43000,128,726,18000,128
1100,20160112,11, 1,1,       1801 ,,104359,104359,104359476000,1,,,,,,0,728,43000,128,726,19000,128
1100,20160112,11, 1,1,       1801 ,,104359,104359,104359476800,1,,,,,,0,728,43000,128,727,1000,128
1100,20160112,11, 1,1,       1801 ,,104359,104359,104359477400,1,,,,,,0,728,41000,128,727,1000,128
1100,20160112,11, 1,1,       1801 ,,104359,104359,104359479700,1,,,,,,0,728,39000,128,727,1000,128
1100,20160112,11, 1,1,       1801 ,,104359,104359,104359480400,1,,,,,,0,728,30000,128,727,1000,128
1100,20160112,11, 1,1,       1801 ,,104359,104359,104359481900,1,,,,,,0,728,30000,128,727,3000,128
1100,20160112,11, 1,1,       1801 ,,104359,104359,104359482700,1,,,,,,0,728,30000,128,727,4000,128
1100,20160112,11, 1,1,       1801 ,,104359,104359,104359483400,1,,,,,,0,728,29000,128,727,4000,128
1100,20160112,11, 1,1,       1801 ,,104359,104359,104359484800,1,,,,,,0,728,29000,128,727,5000,128
1100,20160112,11, 1,1,       1801 ,,104359,104359,104359512600,1,,,,,,0,728,31000,128,727,5000,128
1100,20160112,11, 1,1,       1801 ,104359,104359,104359,104359600800,1,727,16,0,5000,0,0,727,5000,128,726,18000,128
1100,20160112,11, 1,1,       1801 ,,104359,104359,104359602300,1,,,,,,0,727,6000,128,726,18000,128
1100,20160112,11, 1,1,       1801 ,,104359,104359,104359603400,1,,,,,,0,727,7000,128,726,18000,128
1100,20160112,11, 1,1,       1801 ,,104359,104359,104359606100,1,,,,,,0,727,7000,128,726,17000,128
1100,20160112,11, 1,1,       1801 ,,104405,104405,104405595300,1,,,,,,0,727,7000,128,726,16000,128
1100,20160112,11, 1,1,       1801 ,,104405,104405,104405597500,1,,,,,,0,727,7000,128,726,19000,128
1100,20160112,11, 1,1,       1801 ,,104405,104405,104405869200,1,,,,,,0,727,7000,128,726,17000,128
1100,20160112,11, 1,1,       1801 ,,104405,104405,104405870100,1,,,,,,0,727,9000,128,726,17000,128
1100,20160112,11, 1,1,       1801 ,,104405,104405,104405872700,1,,,,,,0,727,10000,128,726,17000,128
1100,20160112,11, 1,1,       1801 ,,104405,104405,104405874800,1,,,,,,0,727,12000,128,726,17000,128
1100,20160112,11, 1,1,       1801 ,,104406,104406,104406948700,1,,,,,,0,727,20000,128,726,17000,128
1100,20160112,11, 1,1,       1801 ,,104406,104406,104406950000,1,,,,,,0,727,20000,128,726,14000,128
1100,20160112,11, 1,1,       1801 ,,104406,104406,104406951400,1,,,,,,0,727,26000,128,726,14000,128
1100,20160112,11, 1,1,       1801 ,,104406,104406,104406952100,1,,,,,,0,727,26000,128,726,12000,128
1100,20160112,11, 1,1,       1801 ,,104406,104406,104406953000,1,,,,,,0,727,26000,128,726,11000,128
1100,20160112,11, 1,1,       1801 ,,104408,104408,104408499600,1,,,,,,0,727,26000,128,726,12000,128
1100,20160112,11, 1,1,       1801 ,104410,104410,104410,104410168500,1,726,16,0,5000,0,0,727,26000,128,726,7000,128
1100,20160112,11, 1,1,       1801 ,104411,104411,104411,104411544100,1,727,48,0,1000,0,0,727,25000,128,726,7000,128
1100,20160112,11, 1,1,       1801 ,,104412,104412,104412362800,1,,,,,,0,727,25000,128,726,7000,128
1100,20160112,11, 1,1,       1801 ,,104415,104415,104415080900,1,,,,,,0,727,26000,128,726,7000,128
1100,20160112,11, 1,1,       1801 ,,104415,104415,104415094600,1,,,,,,0,727,27000,128,726,7000,128
1100,20160112,11, 1,1,       1801 ,,104415,104415,104415098800,1,,,,,,0,727,28000,128,726,7000,128
1100,20160112,11, 1,1,       1801 ,,104415,104415,104415100000,1,,,,,,0,727,29000,128,726,7000,128
1100,20160112,11, 1,1,       1801 ,,104424,104424,104424445500,1,,,,,,0,727,28000,128,726,7000,128
1100,20160112,11, 1,1,       1801 ,,104424,104424,104424446300,1,,,,,,0,727,27000,128,726,7000,128
1100,20160112,11, 1,1,       1801 ,104427,104427,104427,104427807100,1,727,48,0,1000,0,0,727,26000,128,726,6000,128
1100,20160112,11, 1,1,       1801 ,,104428,104428,104428631100,1,,,,,,0,727,26000,128,726,7000,128
1100,20160112,11, 1,1,       1801 ,,104429,104429,104429681000,1,,,,,,0,727,26000,128,726,6000,128
1100,20160112,11, 1,1,       1801 ,,104432,104432,104432671900,1,,,,,,0,727,29000,128,726,6000,128
1100,20160112,11, 1,1,       1801 ,104435,104435,104435,104435260300,1,726,16,0,6000,0,0,727,29000,128,725,73000,128
1100,20160112,11, 1,1,       1801 ,,104435,104435,104435261300,1,,,,,,0,726,1000,128,725,73000,128
1100,20160112,11, 1,1,       1801 ,,104435,104435,104435262600,1,,,,,,0,726,5000,128,725,73000,128
1100,20160112,11, 1,1,       1801 ,,104435,104435,104435263600,1,,,,,,0,726,5000,128,725,71000,128
1100,20160112,11, 1,1,       1801 ,,104435,104435,104435266100,1,,,,,,0,726,5000,128,725,69000,128
1100,20160112,11, 1,1,       1801 ,,104435,104435,104435269300,1,,,,,,0,726,7000,128,725,69000,128
1100,20160112,11, 1,1,       1801 ,,104435,104435,104435272100,1,,,,,,0,726,7000,128,725,65000,128
1100,20160112,11, 1,1,       1801 ,,104435,104435,104435273700,1,,,,,,0,726,8000,128,725,65000,128
1100,20160112,11, 1,1,       1801 ,,104435,104435,104435274700,1,,,,,,0,726,8000,128,725,62000,128
1100,20160112,11, 1,1,       1801 ,,104435,104435,104435280100,1,,,,,,0,726,9000,128,725,62000,128
1100,20160112,11, 1,1,       1801 ,,104435,104435,104435283600,1,,,,,,0,726,9000,128,725,61000,128
1100,20160112,11, 1,1,       1801 ,,104435,104435,104435287800,1,,,,,,0,726,9000,128,725,60000,128
1100,20160112,11, 1,1,       1801 ,,104435,104435,104435288800,1,,,,,,0,726,9000,128,725,61000,128
1100,20160112,11, 1,1,       1801 ,,104435,104435,104435291000,1,,,,,,0,726,7000,128,725,61000,128
1100,20160112,11, 1,1,       1801 ,,104435,104435,104435292300,1,,,,,,0,726,7000,128,725,55000,128
1100,20160112,11, 1,1,       1801 ,,104435,104435,104435293200,1,,,,,,0,726,13000,128,725,55000,128
1100,20160112,11, 1,1,       1801 ,,104435,104435,104435324100,1,,,,,,0,726,13000,128,725,37000,128
1100,20160112,11, 1,1,       1801 ,,104435,104435,104435328500,1,,,,,,0,726,13000,128,725,34000,128
1100,20160112,11, 1,1,       1801 ,,104435,104435,104435330200,1,,,,,,0,726,13000,128,725,30000,128
1100,20160112,11, 1,1,       1801 ,,104435,104435,104435339800,1,,,,,,0,726,13000,128,725,22000,128
1100,20160112,11, 1,1,       1801 ,,104435,104435,104435341100,1,,,,,,0,726,13000,128,725,24000,128
1100,20160112,11, 1,1,       1801 ,,104435,104435,104435374800,1,,,,,,0,726,15000,128,725,24000,128
1100,20160112,11, 1,1,       1801 ,,104435,104435,104435403500,1,,,,,,0,726,15000,128,725,28000,128
1100,20160112,11, 1,1,       1801 ,104435,104435,104435,104435492400,1,725,16,0,4000,0,0,726,15000,128,725,24000,128
1100,20160112,11, 1,1,       1801 ,104435,104435,104435,104435494500,1,725,16,0,1000,0,0,726,15000,128,725,23000,128
1100,20160112,11, 1,1,       1801 ,,104435,104435,104435495700,1,,,,,,0,726,17000,128,725,23000,128
1100,20160112,11, 1,1,       1801 ,,104435,104435,104435496600,1,,,,,,0,726,17000,128,725,21000,128
1100,20160112,11, 1,1,       1801 ,104435,104435,104435,104435497400,1,725,16,0,1000,0,0,726,17000,128,725,20000,128
1100,20160112,11, 1,1,       1801 ,,104435,104435,104435569200,1,,,,,,0,726,17000,128,725,20000,128
1100,20160112,11, 1,1,       1801 ,,104435,104435,104435571300,1,,,,,,0,726,17000,128,725,19000,128
1100,20160112,11, 1,1,       1801 ,,104435,104435,104435586700,1,,,,,,0,726,17000,128,725,15000,128
1100,20160112,11, 1,1,       1801 ,,104435,104435,104435771100,1,,,,,,0,726,17000,128,725,14000,128
1100,20160112,11, 1,1,       1801 ,,104435,104435,104435876100,1,,,,,,0,726,18000,128,725,14000,128
1100,20160112,11, 1,1,       1801 ,104435,104435,104435,104435877200,1,726,48,0,2000,0,0,726,16000,128,725,14000,128
1100,20160112,11, 1,1,       1801 ,,104435,104435,104435878900,1,,,,,,0,726,16000,128,725,16000,128
1100,20160112,11, 1,1,       1801 ,,104435,104435,104435899300,1,,,,,,0,726,14000,128,725,16000,128
1100,20160112,11, 1,1,       1801 ,,104435,104435,104435940900,1,,,,,,0,726,29000,128,725,16000,128
1100,20160112,11, 1,1,       1801 ,,104436,104436,104436165400,1,,,,,,0,726,29000,128,725,14000,128
1100,20160112,11, 1,1,       1801 ,,104436,104436,104436330100,1,,,,,,0,726,31000,128,725,14000,128
1100,20160112,11, 1,1,       1801 ,,104440,104440,104440406400,1,,,,,,0,726,31000,128,725,13000,128
1100,20160112,11, 1,1,       1801 ,104440,104440,104440,104440407800,1,725,16,0,1000,0,0,726,31000,128,725,12000,128
1100,20160112,11, 1,1,       1801 ,,104440,104440,104440408900,1,,,,,,0,726,30000,128,725,12000,128
1100,20160112,11, 1,1,       1801 ,104440,104440,104440,104440410500,1,725,16,0,8000,0,0,726,30000,128,725,4000,128
1100,20160112,11, 1,1,       1801 ,104440,104440,104440,104440411900,1,725,16,0,4000,0,0,726,30000,128,724,49000,128
1100,20160112,11, 1,1,       1801 ,,104440,104440,104440412800,1,,,,,,0,725,1000,128,724,49000,128
1100,20160112,11, 1,1,       1801 ,,104440,104440,104440415000,1,,,,,,0,725,2000,128,724,49000,128
1100,20160112,11, 1,1,       1801 ,,104440,104440,104440416400,1,,,,,,0,725,2000,128,724,46000,128
1100,20160112,11, 1,1,       1801 ,,104440,104440,104440419000,1,,,,,,0,725,6000,128,724,46000,128
1100,20160112,11, 1,1,       1801 ,,104440,104440,104440422100,1,,,,,,0,725,10000,128,724,46000,128
1100,20160112,11, 1,1,       1801 ,,104440,104440,104440422900,1,,,,,,0,725,10000,128,724,44000,128
1100,20160112,11, 1,1,       1801 ,,104440,104440,104440423600,1,,,,,,0,725,12000,128,724,44000,128
1100,20160112,11, 1,1,       1801 ,,104440,104440,104440424500,1,,,,,,0,725,12000,128,724,42000,128
1100,20160112,11, 1,1,       1801 ,,104440,104440,104440425300,1,,,,,,0,725,12000,128,724,40000,128
1100,20160112,11, 1,1,       1801 ,,104440,104440,104440426700,1,,,,,,0,725,12000,128,724,41000,128
1100,20160112,11, 1,1,       1801 ,,104440,104440,104440428800,1,,,,,,0,725,12000,128,724,43000,128
1100,20160112,11, 1,1,       1801 ,,104440,104440,104440430300,1,,,,,,0,725,12000,128,724,37000,128
1100,20160112,11, 1,1,       1801 ,,104440,104440,104440432400,1,,,,,,0,725,12000,128,724,36000,128
1100,20160112,11, 1,1,       1801 ,,104440,104440,104440433100,1,,,,,,0,725,12000,128,724,32000,128
1100,20160112,11, 1,1,       1801 ,,104440,104440,104440434600,1,,,,,,0,725,12000,128,724,28000,128
1100,20160112,11, 1,1,       1801 ,,104440,104440,104440435300,1,,,,,,0,725,13000,128,724,28000,128
1100,20160112,11, 1,1,       1801 ,,104440,104440,104440439400,1,,,,,,0,725,13000,128,724,24000,128
1100,20160112,11, 1,1,       1801 ,,104440,104440,104440440100,1,,,,,,0,725,13000,128,724,23000,128
1100,20160112,11, 1,1,       1801 ,,104440,104440,104440440900,1,,,,,,0,725,13000,128,724,22000,128
1100,20160112,11, 1,1,       1801 ,,104440,104440,104440442400,1,,,,,,0,725,11000,128,724,22000,128
1100,20160112,11, 1,1,       1801 ,,104440,104440,104440443700,1,,,,,,0,725,13000,128,724,22000,128
1100,20160112,11, 1,1,       1801 ,,104440,104440,104440445300,1,,,,,,0,725,13000,128,724,21000,128
1100,20160112,11, 1,1,       1801 ,,104440,104440,104440446900,1,,,,,,0,725,13000,128,724,17000,128
1100,20160112,11, 1,1,       1801 ,,104440,104440,104440449200,1,,,,,,0,725,19000,128,724,17000,128
1100,20160112,11, 1,1,       1801 ,,104440,104440,104440449800,1,,,,,,0,725,19000,128,724,14000,128
1100,20160112,11, 1,1,       1801 ,,104440,104440,104440450500,1,,,,,,0,725,19000,128,724,6000,128
1100,20160112,11, 1,1,       1801 ,,104440,104440,104440451300,1,,,,,,0,725,19000,128,724,5000,128
1100,20160112,11, 1,1,       1801 ,,104441,104441,104441001300,1,,,,,,0,725,19000,128,724,6000,128
1100,20160112,11, 1,1,       1801 ,,104442,104442,104442110300,1,,,,,,0,725,21000,128,724,6000,128
1100,20160112,11, 1,1,       1801 ,,104442,104442,104442111500,1,,,,,,0,725,21000,128,724,4000,128
1100,20160112,11, 1,1,       1801 ,,104442,104442,104442113300,1,,,,,,0,725,21000,128,724,3000,128
1100,20160112,11, 1,1,       1801 ,104442,104442,104442,104442525000,1,725,48,0,5000,0,0,725,16000,128,724,3000,128
1100,20160112,11, 1,1,       1801 ,,104442,104442,104442526200,1,,,,,,0,725,16000,128,724,5000,128
1100,20160112,11, 1,1,       1801 ,,104442,104442,104442526900,1,,,,,,0,725,14000,128,724,5000,128
1100,20160112,11, 1,1,       1801 ,,104442,104442,104442527700,1,,,,,,0,725,14000,128,724,6000,128
1100,20160112,11, 1,1,       1801 ,104442,104442,104442,104442530900,1,725,48,0,2000,0,0,725,12000,128,724,6000,128
1100,20160112,11, 1,1,       1801 ,,104442,104442,104442725900,1,,,,,,0,725,14000,128,724,6000,128
1100,20160112,11, 1,1,       1801 ,,104442,104442,104442727200,1,,,,,,0,725,14000,128,724,5000,128
1100,20160112,11, 1,1,       1801 ,,104442,104442,104442773500,1,,,,,,0,725,14000,128,724,6000,128
1100,20160112,11, 1,1,       1801 ,104443,104443,104443,104443677600,1,725,48,0,2000,0,0,725,12000,128,724,6000,128
1100,20160112,11, 1,1,       1801 ,,104443,104443,104443680000,1,,,,,,0,725,12000,128,724,7000,128
1100,20160112,11, 1,1,       1801 ,,104443,104443,104443931400,1,,,,,,0,725,12000,128,724,6000,128
1100,20160112,11, 1,1,       1801 ,,104443,104443,104443934400,1,,,,,,0,725,12000,128,724,5000,128
1100,20160112,11, 1,1,       1801 ,,104444,104444,104444010400,1,,,,,,0,725,12000,128,724,6000,128
1100,20160112,11, 1,1,       1801 ,,104444,104444,104444723100,1,,,,,,0,725,12000,128,724,7000,128
1100,20160112,11, 1,1,       1801 ,,104444,104444,104444830800,1,,,,,,0,725,11000,128,724,7000,128
1100,20160112,11, 1,1,       1801 ,,104444,104444,104444847900,1,,,,,,0,725,11000,128,724,8000,128
1100,20160112,11, 1,1,       1801 ,,104446,104446,104446074400,1,,,,,,0,725,11000,128,724,9000,128
1100,20160112,11, 1,1,       1801 ,,104446,104446,104446076400,1,,,,,,0,725,11000,128,724,10000,128
1100,20160112,11, 1,1,       1801 ,,104447,104447,104447750100,1,,,,,,0,725,11000,128,724,9000,128
1100,20160112,11, 1,1,       1801 ,,104448,104448,104448303400,1,,,,,,0,725,12000,128,724,9000,128
1100,20160112,11, 1,1,       1801 ,,104449,104449,104449892700,1,,,,,,0,725,12000,128,724,10000,128
1100,20160112,11, 1,1,       1801 ,,104450,104450,104450403000,1,,,,,,0,725,11000,128,724,10000,128
1100,20160112,11, 1,1,       1801 ,,104450,104450,104450405000,1,,,,,,0,725,11000,128,724,9000,128
1100,20160112,11, 1,1,       1801 ,,104451,104451,104451142800,1,,,,,,0,725,12000,128,724,9000,128
1100,20160112,11, 1,1,       1801 ,,104451,104451,104451491600,1,,,,,,0,725,12000,128,724,8000,128
1100,20160112,11, 1,1,       1801 ,104455,104455,104455,104455598600,1,724,16,0,7000,0,0,725,12000,128,724,1000,128
1100,20160112,11, 1,1,       1801 ,,104455,104455,104455600800,1,,,,,,0,725,14000,128,724,1000,128
1100,20160112,11, 1,1,       1801 ,104455,104455,104455,104455601400,1,724,16,0,1000,0,0,725,14000,128,723,72000,128
1100,20160112,11, 1,1,       1801 ,,104455,104455,104455602200,1,,,,,,0,725,18000,128,723,72000,128
1100,20160112,11, 1,1,       1801 ,,104455,104455,104455603000,1,,,,,,0,725,20000,128,723,72000,128
1100,20160112,11, 1,1,       1801 ,,104455,104455,104455605700,1,,,,,,0,724,1000,128,723,72000,128
1100,20160112,11, 1,1,       1801 ,,104455,104455,104455608500,1,,,,,,0,724,1000,128,723,73000,128
1100,20160112,11, 1,1,       1801 ,,104455,104455,104455610400,1,,,,,,0,724,1000,128,723,74000,128
1100,20160112,11, 1,1,       1801 ,,104455,104455,104455611100,1,,,,,,0,724,1000,128,723,73000,128
1100,20160112,11, 1,1,       1801 ,,104455,104455,104455613300,1,,,,,,0,724,1000,128,723,71000,128
1100,20160112,11, 1,1,       1801 ,,104455,104455,104455614000,1,,,,,,0,724,1000,128,723,73000,128
1100,20160112,11, 1,1,       1801 ,104455,104455,104455,104455614800,1,724,48,0,1000,0,0,725,21000,128,723,73000,128
1100,20160112,11, 1,1,       1801 ,,104455,104455,104455615600,1,,,,,,0,725,21000,128,723,73000,128
1100,20160112,11, 1,1,       1801 ,,104455,104455,104455617200,1,,,,,,0,725,21000,128,723,67000,128
1100,20160112,11, 1,1,       1801 ,,104455,104455,104455619400,1,,,,,,0,725,21000,128,723,66000,128
1100,20160112,11, 1,1,       1801 ,,104455,104455,104455622500,1,,,,,,0,725,25000,128,723,66000,128
1100,20160112,11, 1,1,       1801 ,,104455,104455,104455624400,1,,,,,,0,725,25000,128,723,67000,128
1100,20160112,11, 1,1,       1801 ,,104455,104455,104455625800,1,,,,,,0,725,25000,128,723,68000,128
1100,20160112,11, 1,1,       1801 ,,104455,104455,104455628200,1,,,,,,0,725,25000,128,723,51000,128
1100,20160112,11, 1,1,       1801 ,,104455,104455,104455629500,1,,,,,,0,725,25000,128,723,50000,128
1100,20160112,11, 1,1,       1801 ,,104455,104455,104455631800,1,,,,,,0,725,26000,128,723,50000,128
1100,20160112,11, 1,1,       1801 ,,104455,104455,104455632400,1,,,,,,0,725,25000,128,723,50000,128
1100,20160112,11, 1,1,       1801 ,,104455,104455,104455636600,1,,,,,,0,725,21000,128,723,50000,128
1100,20160112,11, 1,1,       1801 ,,104455,104455,104455637800,1,,,,,,0,725,21000,128,723,51000,128
1100,20160112,11, 1,1,       1801 ,,104455,104455,104455639100,1,,,,,,0,725,29000,128,723,51000,128
1100,20160112,11, 1,1,       1801 ,,104455,104455,104455641300,1,,,,,,0,725,29000,128,723,50000,128
1100,20160112,11, 1,1,       1801 ,,104455,104455,104455642200,1,,,,,,0,725,30000,128,723,50000,128
1100,20160112,11, 1,1,       1801 ,,104455,104455,104455656300,1,,,,,,0,725,28000,128,723,50000,128
1100,20160112,11, 1,1,       1801 ,,104455,104455,104455657500,1,,,,,,0,725,27000,128,723,50000,128
1100,20160112,11, 1,1,       1801 ,,104455,104455,104455658200,1,,,,,,0,725,27000,128,723,51000,128
1100,20160112,11, 1,1,       1801 ,,104456,104456,104456745800,1,,,,,,0,725,27000,128,724,1000,128
1100,20160112,11, 1,1,       1801 ,104456,104456,104456,104456929500,1,724,16,0,1000,0,0,725,27000,128,723,49000,128
1100,20160112,11, 1,1,       1801 ,,104456,104456,104456931000,1,,,,,,0,725,27000,128,723,51000,128
1100,20160112,11, 1,1,       1801 ,,104457,104457,104457940200,1,,,,,,0,725,28000,128,723,51000,128
1100,20160112,11, 1,1,       1801 ,,104459,104459,104459239400,1,,,,,,0,725,28000,128,724,5000,128
1100,20160112,11, 1,1,       1801 ,,104459,104459,104459242100,1,,,,,,0,725,28000,128,724,9000,128
1100,20160112,11, 1,1,       1801 ,,104459,104459,104459242800,1,,,,,,0,725,27000,128,724,9000,128
1100,20160112,11, 1,1,       1801 ,,104459,104459,104459259600,1,,,,,,0,725,25000,128,724,9000,128
1100,20160112,11, 1,1,       1801 ,,104459,104459,104459380900,1,,,,,,0,725,25000,128,724,10000,128
1100,20160112,11, 1,1,       1801 ,,104459,104459,104459539600,1,,,,,,0,725,17000,128,724,10000,128
1100,20160112,11, 1,1,       1801 ,,104500,104500,104500230600,1,,,,,,0,725,17000,128,724,12000,128
1100,20160112,11, 1,1,       1801 ,,104500,104500,104500234400,1,,,,,,0,725,17000,128,724,13000,128
1100,20160112,11, 1,1,       1801 ,,104500,104500,104500510300,1,,,,,,0,725,16000,128,724,13000,128
1100,20160112,11, 1,1,       1801 ,104500,104500,104500,104500512700,1,725,48,0,16000,0,0,726,66000,128,724,13000,128
1100,20160112,11, 1,1,       1801 ,,104500,104500,104500520200,1,,,,,,0,726,66000,128,724,15000,128
1100,20160112,11, 1,1,       1801 ,,104500,104500,104500521300,1,,,,,,0,726,65000,128,724,15000,128
1100,20160112,11, 1,1,       1801 ,,104500,104500,104500522900,1,,,,,,0,726,65000,128,725,2000,128
1100,20160112,11, 1,1,       1801 ,,104500,104500,104500526600,1,,,,,,0,726,65000,128,725,3000,128
1100,20160112,11, 1,1,       1801 ,,104500,104500,104500528400,1,,,,,,0,726,65000,128,725,4000,128
1100,20160112,11, 1,1,       1801 ,104500,104500,104500,104500529400,1,725,16,0,2000,0,0,726,65000,128,725,2000,128
1100,20160112,11, 1,1,       1801 ,,104500,104500,104500530800,1,,,,,,0,726,65000,128,725,2000,128
1100,20160112,11, 1,1,       1801 ,,104500,104500,104500532500,1,,,,,,0,726,64000,128,725,2000,128
1100,20160112,11, 1,1,       1801 ,,104500,104500,104500533500,1,,,,,,0,726,62000,128,725,2000,128
1100,20160112,11, 1,1,       1801 ,,104500,104500,104500535200,1,,,,,,0,726,64000,128,725,2000,128
1100,20160112,11, 1,1,       1801 ,,104500,104500,104500536600,1,,,,,,0,726,62000,128,725,2000,128
1100,20160112,11, 1,1,       1801 ,,104500,104500,104500538000,1,,,,,,0,726,62000,128,725,4000,128
1100,20160112,11, 1,1,       1801 ,,104500,104500,104500539400,1,,,,,,0,726,62000,128,725,5000,128
1100,20160112,11, 1,1,       1801 ,,104500,104500,104500540600,1,,,,,,0,726,61000,128,725,5000,128
1100,20160112,11, 1,1,       1801 ,,104500,104500,104500542200,1,,,,,,0,726,52000,128,725,5000,128
1100,20160112,11, 1,1,       1801 ,,104500,104500,104500544700,1,,,,,,0,726,52000,128,725,4000,128
1100,20160112,11, 1,1,       1801 ,,104500,104500,104500545600,1,,,,,,0,726,52000,128,725,3000,128
1100,20160112,11, 1,1,       1801 ,,104500,104500,104500555800,1,,,,,,0,726,52000,128,725,4000,128
1100,20160112,11, 1,1,       1801 ,,104500,104500,104500575300,1,,,,,,0,726,52000,128,725,21000,128
1100,20160112,11, 1,1,       1801 ,,104500,104500,104500786800,1,,,,,,0,726,48000,128,725,21000,128
1100,20160112,11, 1,1,       1801 ,,104500,104500,104500836800,1,,,,,,0,726,48000,128,725,4000,128
1100,20160112,11, 1,1,       1801 ,,104500,104500,104500838000,1,,,,,,0,726,48000,128,725,3000,128
1100,20160112,11, 1,1,       1801 ,,104500,104500,104500838800,1,,,,,,0,726,48000,128,725,1000,128
1100,20160112,11, 1,1,       1801 ,,104500,104500,104500859600,1,,,,,,0,726,50000,128,725,1000,128
1100,20160112,11, 1,1,       1801 ,104500,104500,104500,104500942500,1,726,48,0,29000,0,0,726,21000,128,725,1000,128
1100,20160112,11, 1,1,       1801 ,104500,104500,104500,104500944600,1,726,48,0,21000,0,0,727,55000,128,725,1000,128
1100,20160112,11, 1,1,       1801 ,,104500,104500,104500946500,1,,,,,,0,727,55000,128,725,2000,128
1100,20160112,11, 1,1,       1801 ,,104500,104500,104500949400,1,,,,,,0,727,55000,128,725,4000,128
1100,20160112,11, 1,1,       1801 ,,104500,104500,104500952200,1,,,,,,0,727,55000,128,725,6000,128
1100,20160112,11, 1,1,       1801 ,,104500,104500,104500952900,1,,,,,,0,726,2000,128,725,6000,128
1100,20160112,11, 1,1,       1801 ,,104500,104500,104500953500,1,,,,,,0,726,2000,128,725,7000,128
1100,20160112,11, 1,1,       1801 ,,104500,104500,104500959500,1,,,,,,0,726,6000,128,725,7000,128
1100,20160112,11, 1,1,       1801 ,,104500,104500,104500961000,1,,,,,,0,726,6000,128,725,6000,128
1100,20160112,11, 1,1,       1801 ,,104500,104500,104500963300,1,,,,,,0,726,10000,128,725,6000,128
1100,20160112,11, 1,1,       1801 ,,104500,104500,104500964000,1,,,,,,0,726,11000,128,725,6000,128
1100,20160112,11, 1,1,       1801 ,,104500,104500,104500967800,1,,,,,,0,726,12000,128,725,6000,128
1100,20160112,11, 1,1,       1801 ,,104501,104501,104501000000,1,,,,,,0,726,12000,128,725,4000,128
1100,20160112,11, 1,1,       1801 ,,104501,104501,104501051200,1,,,,,,0,726,12000,128,725,3000,128
1100,20160112,11, 1,1,       1801 ,,104501,104501,104501063700,1,,,,,,0,726,12000,128,725,4000,128
1100,20160112,11, 1,1,       1801 ,,104501,104501,104501078300,1,,,,,,0,726,12000,128,725,3000,128
1100,20160112,11, 1,1,       1801 ,,104501,104501,104501161000,1,,,,,,0,726,13000,128,725,3000,128
1100,20160112,11, 1,1,       1801 ,,104501,104501,104501685700,1,,,,,,0,726,12000,128,725,3000,128
1100,20160112,11, 1,1,       1801 ,,104501,104501,104501687200,1,,,,,,0,726,16000,128,725,3000,128
1100,20160112,11, 1,1,       1801 ,,104501,104501,104501702400,1,,,,,,0,726,17000,128,725,3000,128
1100,20160112,11, 1,1,       1801 ,,104502,104502,104502979500,1,,,,,,0,726,19000,128,725,3000,128
1100,20160112,11, 1,1,       1801 ,,104502,104502,104502981600,1,,,,,,0,726,19000,128,725,1000,128
1100,20160112,11, 1,1,       1801 ,,104503,104503,104503235200,1,,,,,,0,726,19000,128,725,2000,128
1100,20160112,11, 1,1,       1801 ,,104503,104503,104503879500,1,,,,,,0,726,17000,128,725,2000,128
1100,20160112,11, 1,1,       1801 ,,104504,104504,104504471200,1,,,,,,0,726,16000,128,725,2000,128
1100,20160112,11, 1,1,       1801 ,,104505,104505,104505411100,1,,,,,,0,726,17000,128,725,2000,128
1100,20160112,11, 1,1,       1801 ,,104505,104505,104505780100,1,,,,,,0,726,18000,128,725,2000,128
1100,20160112,11, 1,1,       1801 ,,104505,104505,104505782200,1,,,,,,0,726,18000,128,725,3000,128
1100,20160112,11, 1,1,       1801 ,,104507,104507,104507209800,1,,,,,,0,726,20000,128,725,3000,128
1100,20160112,11, 1,1,       1801 ,,104507,104507,104507220800,1,,,,,,0,726,20000,128,725,2000,128
1100,20160112,11, 1,1,       1801 ,,104507,104507,104507224600,1,,,,,,0,726,19000,128,725,2000,128
1100,20160112,11, 1,1,       1801 ,,104507,104507,104507993900,1,,,,,,0,726,19000,128,725,1000,128
1100,20160112,11, 1,1,       1801 ,,104508,104508,104508833300,1,,,,,,0,726,20000,128,725,1000,128
1100,20160112,11, 1,1,       1801 ,104508,104508,104508,104508840200,1,725,16,0,1000,0,0,726,20000,128,724,34000,128
1100,20160112,11, 1,1,       1801 ,,104508,104508,104508840900,1,,,,,,0,726,19000,128,724,34000,128
1100,20160112,11, 1,1,       1801 ,,104508,104508,104508842600,1,,,,,,0,726,19000,128,724,32000,128
1100,20160112,11, 1,1,       1801 ,,104508,104508,104508843400,1,,,,,,0,725,4000,128,724,32000,128
1100,20160112,11, 1,1,       1801 ,,104508,104508,104508844100,1,,,,,,0,725,4000,128,724,28000,128
1100,20160112,11, 1,1,       1801 ,,104508,104508,104508849200,1,,,,,,0,725,8000,128,724,28000,128
1100,20160112,11, 1,1,       1801 ,,104508,104508,104508849900,1,,,,,,0,725,8000,128,724,29000,128
1100,20160112,11, 1,1,       1801 ,,104508,104508,104508851300,1,,,,,,0,725,9000,128,724,29000,128
1100,20160112,11, 1,1,       1801 ,,104508,104508,104508852200,1,,,,,,0,725,9000,128,724,28000,128
1100,20160112,11, 1,1,       1801 ,,104508,104508,104508853000,1,,,,,,0,725,9000,128,724,26000,128
1100,20160112,11, 1,1,       1801 ,,104508,104508,104508858000,1,,,,,,0,725,9000,128,724,18000,128
1100,20160112,11, 1,1,       1801 ,104508,104508,104508,104508893900,1,725,48,0,1000,0,0,725,8000,128,724,18000,128
1100,20160112,11, 1,1,       1801 ,,104508,104508,104508911900,1,,,,,,0,725,8000,128,724,14000,128
1100,20160112,11, 1,1,       1801 ,,104509,104509,104509121100,1,,,,,,0,725,7000,128,724,14000,128
1100,20160112,11, 1,1,       1801 ,,104511,104511,104511148800,1,,,,,,0,725,8000,128,724,14000,128
1100,20160112,11, 1,1,       1801 ,,104511,104511,104511980700,1,,,,,,0,725,7000,128,724,14000,128
1100,20160112,11, 1,1,       1801 ,,104513,104513,104513465000,1,,,,,,0,725,7000,128,724,15000,128
1100,20160112,11, 1,1,       1801 ,104514,104514,104514,104514834200,1,725,48,0,1000,0,0,725,6000,128,724,15000,128
1100,20160112,11, 1,1,       1801 ,104514,104514,104514,104514835700,1,725,48,0,4000,0,0,725,2000,128,724,15000,128
1100,20160112,11, 1,1,       1801 ,,104514,104514,104514836800,1,,,,,,0,726,34000,128,724,15000,128
1100,20160112,11, 1,1,       1801 ,,104514,104514,104514837600,1,,,,,,0,726,34000,128,724,18000,128
1100,20160112,11, 1,1,       1801 ,,104514,104514,104514838300,1,,,,,,0,726,38000,128,724,18000,128
1100,20160112,11, 1,1,       1801 ,,104514,104514,104514838900,1,,,,,,0,726,38000,128,725,1000,128
1100,20160112,11, 1,1,       1801 ,104514,104514,104514,104514847500,1,725,16,0,1000,0,0,725,2000,128,724,33000,128
1100,20160112,11, 1,1,       1801 ,,104514,104514,104514848300,1,,,,,,0,725,2000,128,724,33000,128
1100,20160112,11, 1,1,       1801 ,,104514,104514,104514850700,1,,,,,,0,725,2000,128,724,34000,128
1100,20160112,11, 1,1,       1801 ,,104515,104515,104515103400,1,,,,,,0,725,2000,128,724,35000,128
1100,20160112,11, 1,1,       1801 ,,104515,104515,104515148500,1,,,,,,0,725,2000,128,724,34000,128
1100,20160112,11, 1,1,       1801 ,104517,104517,104517,104517471400,1,725,48,0,1000,0,0,725,1000,128,724,34000,128
1100,20160112,11, 1,1,       1801 ,,104517,104517,104517473200,1,,,,,,0,725,1000,128,724,35000,128
1100,20160112,11, 1,1,       1801 ,104517,104517,104517,104517474200,1,725,48,0,1000,0,0,726,48000,128,724,35000,128
1100,20160112,11, 1,1,       1801 ,,104517,104517,104517481000,1,,,,,,0,726,48000,128,724,39000,128
1100,20160112,11, 1,1,       1801 ,,104517,104517,104517482100,1,,,,,,0,726,48000,128,724,43000,128
1100,20160112,11, 1,1,       1801 ,,104517,104517,104517482800,1,,,,,,0,726,48000,128,725,1000,128
1100,20160112,11, 1,1,       1801 ,,104517,104517,104517486000,1,,,,,,0,726,46000,128,725,1000,128
1100,20160112,11, 1,1,       1801 ,,104517,104517,104517487700,1,,,,,,0,726,45000,128,725,1000,128
1100,20160112,11, 1,1,       1801 ,,104517,104517,104517510600,1,,,,,,0,726,45000,128,725,2000,128
1100,20160112,11, 1,1,       1801 ,,104517,104517,104517629700,1,,,,,,0,726,36000,128,725,2000,128
1100,20160112,11, 1,1,       1801 ,,104517,104517,104517631300,1,,,,,,0,726,35000,128,725,2000,128
1100,20160112,11, 1,1,       1801 ,,104517,104517,104517671400,1,,,,,,0,726,35000,128,725,3000,128
1100,20160112,11, 1,1,       1801 ,,104518,104518,104518019100,1,,,,,,0,726,33000,128,725,3000,128
1100,20160112,11, 1,1,       1801 ,,104518,104518,104518990700,1,,,,,,0,726,25000,128,725,3000,128
1100,20160112,11, 1,1,       1801 ,,104518,104518,104518992700,1,,,,,,0,726,25000,128,725,4000,128
1100,20160112,11, 1,1,       1801 ,,104518,104518,104518994100,1,,,,,,0,726,25000,128,725,10000,128
1100,20160112,11, 1,1,       1801 ,,104518,104518,104518996400,1,,,,,,0,726,21000,128,725,10000,128
1100,20160112,11, 1,1,       1801 ,104520,104520,104520,104520646300,1,725,16,0,1000,0,0,726,21000,128,725,9000,128
1100,20160112,11, 1,1,       1801 ,,104521,104521,104521731700,1,,,,,,0,726,21000,128,725,9000,128
1100,20160112,11, 1,1,       1801 ,,104523,104523,104523278700,1,,,,,,0,726,21000,128,725,8000,128
1100,20160112,11, 1,1,       1801 ,,104523,104523,104523460900,1,,,,,,0,726,21000,128,725,2000,128
1100,20160112,11, 1,1,       1801 ,,104523,104523,104523462300,1,,,,,,0,726,23000,128,725,2000,128
1100,20160112,11, 1,1,       1801 ,,104523,104523,104523463900,1,,,,,,0,726,24000,128,725,2000,128
1100,20160112,11, 1,1,       1801 ,,104523,104523,104523465400,1,,,,,,0,726,25000,128,725,2000,128
1100,20160112,11, 1,1,       1801 ,,104523,104523,104523466000,1,,,,,,0,726,25000,128,725,1000,128
1100,20160112,11, 1,1,       1801 ,,104523,104523,104523466700,1,,,,,,0,726,25000,128,724,38000,128
1100,20160112,11, 1,1,       1801 ,,104523,104523,104523468000,1,,,,,,0,726,25000,128,724,36000,128
1100,20160112,11, 1,1,       1801 ,,104523,104523,104523469300,1,,,,,,0,726,33000,128,724,36000,128
1100,20160112,11, 1,1,       1801 ,,104523,104523,104523469900,1,,,,,,0,726,33000,128,724,37000,128
1100,20160112,11, 1,1,       1801 ,,104526,104526,104526248600,1,,,,,,0,726,32000,128,724,37000,128
1100,20160112,11, 1,1,       1801 ,,104526,104526,104526250200,1,,,,,,0,726,36000,128,724,37000,128
1100,20160112,11, 1,1,       1801 ,,104526,104526,104526251500,1,,,,,,0,726,37000,128,724,37000,128
1100,20160112,11, 1,1,       1801 ,,104530,104530,104530351000,1,,,,,,0,726,36000,128,724,37000,128
1100,20160112,11, 1,1,       1801 ,,104530,104530,104530401300,1,,,,,,0,726,36000,128,724,38000,128
1100,20160112,11, 1,1,       1801 ,,104530,104530,104530404700,1,,,,,,0,726,34000,128,724,38000,128
1100,20160112,11, 1,1,       1801 ,,104530,104530,104530681300,1,,,,,,0,726,34000,128,724,37000,128
1100,20160112,11, 1,1,       1801 ,,104530,104530,104530801400,1,,,,,,0,726,35000,128,724,37000,128
1100,20160112,11, 1,1,       1801 ,,104530,104530,104530803000,1,,,,,,0,726,44000,128,724,37000,128
1100,20160112,11, 1,1,       1801 ,,104532,104532,104532089900,1,,,,,,0,726,44000,128,724,34000,128
1100,20160112,11, 1,1,       1801 ,,104539,104539,104539423400,1,,,,,,0,726,44000,128,724,33000,128
1100,20160112,11, 1,1,       1801 ,,104540,104540,104540789600,1,,,,,,0,726,46000,128,724,33000,128
1100,20160112,11, 1,1,       1801 ,,104540,104540,104540791700,1,,,,,,0,726,46000,128,724,27000,128
1100,20160112,11, 1,1,       1801 ,,104540,104540,104540792400,1,,,,,,0,726,46000,128,724,23000,128
1100,20160112,11, 1,1,       1801 ,,104540,104540,104540794100,1,,,,,,0,725,1000,128,724,23000,128
1100,20160112,11, 1,1,       1801 ,,104540,104540,104540797400,1,,,,,,0,725,3000,128,724,23000,128
1100,20160112,11, 1,1,       1801 ,,104540,104540,104540798000,1,,,,,,0,725,5000,128,724,23000,128
1100,20160112,11, 1,1,       1801 ,,104540,104540,104540798700,1,,,,,,0,725,5000,128,724,22000,128
1100,20160112,11, 1,1,       1801 ,,104540,104540,104540802700,1,,,,,,0,725,6000,128,724,22000,128
1100,20160112,11, 1,1,       1801 ,,104540,104540,104540804900,1,,,,,,0,725,6000,128,724,18000,128
1100,20160112,11, 1,1,       1801 ,104542,104542,104542,104542190900,1,725,48,0,1000,0,0,725,5000,128,724,18000,128
1100,20160112,11, 1,1,       1801 ,,104542,104542,104542962300,1,,,,,,0,725,4000,128,724,18000,128
1100,20160112,11, 1,1,       1801 ,,104543,104543,104543162100,1,,,,,,0,725,4000,128,724,19000,128
1100,20160112,11, 1,1,       1801 ,104545,104545,104545,104545192100,1,725,48,0,4000,0,0,726,52000,128,724,19000,128
1100,20160112,11, 1,1,       1801 ,,104545,104545,104545193600,1,,,,,,0,726,52000,128,724,19000,128
1100,20160112,11, 1,1,       1801 ,,104545,104545,104545195100,1,,,,,,0,726,53000,128,724,19000,128
1100,20160112,11, 1,1,       1801 ,,104545,104545,104545195700,1,,,,,,0,726,53000,128,724,22000,128
1100,20160112,11, 1,1,       1801 ,,104545,104545,104545211800,1,,,,,,0,726,49000,128,724,22000,128
1100,20160112,11, 1,1,       1801 ,,104545,104545,104545213000,1,,,,,,0,726,48000,128,724,22000,128
1100,20160112,11, 1,1,       1801 ,,104545,104545,104545448600,1,,,,,,0,726,49000,128,724,22000,128
1100,20160112,11, 1,1,       1801 ,,104546,104546,104546281700,1,,,,,,0,726,49000,128,725,1000,128
1100,20160112,11, 1,1,       1801 ,,104546,104546,104546283000,1,,,,,,0,726,47000,128,725,1000,128
1100,20160112,11, 1,1,       1801 ,,104546,104546,104546284400,1,,,,,,0,726,46000,128,725,1000,128
1100,20160112,11, 1,1,       1801 ,,104546,104546,104546289900,1,,,,,,0,726,46000,128,725,3000,128
1100,20160112,11, 1,1,       1801 ,,104546,104546,104546291100,1,,,,,,0,726,45000,128,725,3000,128
1100,20160112,11, 1,1,       1801 ,,104546,104546,104546291700,1,,,,,,0,726,44000,128,725,3000,128
1100,20160112,11, 1,1,       1801 ,,104550,104550,104550581200,1,,,,,,0,726,42000,128,725,3000,128
1100,20160112,11, 1,1,       1801 ,,104550,104550,104550582700,1,,,,,,0,726,42000,128,725,4000,128
1100,20160112,11, 1,1,       1801 ,,104550,104550,104550590600,1,,,,,,0,726,42000,128,725,5000,128
1100,20160112,11, 1,1,       1801 ,,104550,104550,104550639300,1,,,,,,0,726,33000,128,725,5000,128
1100,20160112,11, 1,1,       1801 ,,104550,104550,104550641700,1,,,,,,0,726,25000,128,725,5000,128
1100,20160112,11, 1,1,       1801 ,,104550,104550,104550644100,1,,,,,,0,726,25000,128,725,6000,128
1100,20160112,11, 1,1,       1801 ,,104550,104550,104550872000,1,,,,,,0,726,29000,128,725,6000,128
1100,20160112,11, 1,1,       1801 ,,104551,104551,104551065500,1,,,,,,0,726,29000,128,725,5000,128
1100,20160112,11, 1,1,       1801 ,,104551,104551,104551193400,1,,,,,,0,726,29000,128,725,6000,128
1100,20160112,11, 1,1,       1801 ,,104551,104551,104551412200,1,,,,,,0,726,29000,128,725,5000,128
1100,20160112,11, 1,1,       1801 ,,104557,104557,104557234800,1,,,,,,0,726,28000,128,725,5000,128
1100,20160112,11, 1,1,       1801 ,,104600,104600,104600535800,1,,,,,,0,726,28000,128,725,6000,128
1100,20160112,11, 1,1,       1801 ,,104603,104603,104603511900,1,,,,,,0,726,28000,128,725,8000,128
1100,20160112,11, 1,1,       1801 ,,104603,104603,104603513400,1,,,,,,0,726,24000,128,725,8000,128
1100,20160112,11, 1,1,       1801 ,,104603,104603,104603514200,1,,,,,,0,726,25000,128,725,8000,128
1100,20160112,11, 1,1,       1801 ,,104604,104604,104604464700,1,,,,,,0,726,24000,128,725,8000,128
1100,20160112,11, 1,1,       1801 ,,104605,104605,104605340400,1,,,,,,0,726,24000,128,725,18000,128
1100,20160112,11, 1,1,       1801 ,,104605,104605,104605341600,1,,,,,,0,726,22000,128,725,18000,128
1100,20160112,11, 1,1,       1801 ,,104605,104605,104605343100,1,,,,,,0,726,18000,128,725,18000,128
1100,20160112,11, 1,1,       1801 ,,104605,104605,104605343800,1,,,,,,0,726,18000,128,725,26000,128
1100,20160112,11, 1,1,       1801 ,,104605,104605,104605344400,1,,,,,,0,726,17000,128,725,26000,128
1100,20160112,11, 1,1,       1801 ,,104605,104605,104605345100,1,,,,,,0,726,16000,128,725,26000,128
1100,20160112,11, 1,1,       1801 ,,104605,104605,104605346700,1,,,,,,0,726,16000,128,725,29000,128
1100,20160112,11, 1,1,       1801 ,,104605,104605,104605347800,1,,,,,,0,726,12000,128,725,29000,128
1100,20160112,11, 1,1,       1801 ,,104605,104605,104605922900,1,,,,,,0,726,8000,128,725,29000,128
1100,20160112,11, 1,1,       1801 ,,104606,104606,104606826200,1,,,,,,0,726,8000,128,725,30000,128
1100,20160112,11, 1,1,       1801 ,104607,104607,104607,104607611300,1,726,48,0,8000,0,0,727,57000,128,725,30000,128
1100,20160112,11, 1,1,       1801 ,,104607,104607,104607612600,1,,,,,,0,727,57000,128,726,1000,128
1100,20160112,11, 1,1,       1801 ,,104607,104607,104607613600,1,,,,,,0,727,54000,128,726,1000,128
1100,20160112,11, 1,1,       1801 ,,104607,104607,104607615000,1,,,,,,0,727,54000,128,726,3000,128
1100,20160112,11, 1,1,       1801 ,,104607,104607,104607619200,1,,,,,,0,727,54000,128,726,4000,128
1100,20160112,11, 1,1,       1801 ,,104607,104607,104607621800,1,,,,,,0,727,52000,128,726,4000,128
1100,20160112,11, 1,1,       1801 ,,104607,104607,104607623000,1,,,,,,0,727,51000,128,726,4000,128
1100,20160112,11, 1,1,       1801 ,,104607,104607,104607625000,1,,,,,,0,727,51000,128,726,5000,128
1100,20160112,11, 1,1,       1801 ,,104607,104607,104607625900,1,,,,,,0,727,52000,128,726,5000,128
1100,20160112,11, 1,1,       1801 ,,104607,104607,104607627500,1,,,,,,0,727,48000,128,726,5000,128
1100,20160112,11, 1,1,       1801 ,,104607,104607,104607642800,1,,,,,,0,727,39000,128,726,5000,128
1100,20160112,11, 1,1,       1801 ,,104607,104607,104607644300,1,,,,,,0,727,38000,128,726,5000,128
1100,20160112,11, 1,1,       1801 ,,104607,104607,104607688200,1,,,,,,0,727,34000,128,726,5000,128
1100,20160112,11, 1,1,       1801 ,,104607,104607,104607744600,1,,,,,,0,727,34000,128,726,7000,128
1100,20160112,11, 1,1,       1801 ,,104607,104607,104607757400,1,,,,,,0,727,34000,128,726,8000,128
1100,20160112,11, 1,1,       1801 ,,104608,104608,104608902300,1,,,,,,0,727,34000,128,726,7000,128
1100,20160112,11, 1,1,       1801 ,,104610,104610,104610002300,1,,,,,,0,727,34000,128,726,6000,128
1100,20160112,11, 1,1,       1801 ,,104610,104610,104610004400,1,,,,,,0,727,34000,128,726,5000,128
1100,20160112,11, 1,1,       1801 ,,104610,104610,104610005400,1,,,,,,0,727,34000,128,726,6000,128
1100,20160112,11, 1,1,       1801 ,104610,104610,104610,104610315800,1,726,16,0,1000,0,0,727,34000,128,726,5000,128
1100,20160112,11, 1,1,       1801 ,104610,104610,104610,104610317500,1,726,16,0,5000,0,0,727,34000,128,725,46000,128
1100,20160112,11, 1,1,       1801 ,,104610,104610,104610319000,1,,,,,,0,726,1000,128,725,46000,128
1100,20160112,11, 1,1,       1801 ,,104610,104610,104610320900,1,,,,,,0,726,1000,128,725,45000,128
1100,20160112,11, 1,1,       1801 ,,104610,104610,104610321800,1,,,,,,0,726,7000,128,725,45000,128
1100,20160112,11, 1,1,       1801 ,,104610,104610,104610323900,1,,,,,,0,726,10000,128,725,45000,128
1100,20160112,11, 1,1,       1801 ,,104610,104610,104610327500,1,,,,,,0,726,10000,128,725,39000,128
1100,20160112,11, 1,1,       1801 ,,104610,104610,104610329600,1,,,,,,0,726,10000,128,725,40000,128
1100,20160112,11, 1,1,       1801 ,,104610,104610,104610330200,1,,,,,,0,726,10000,128,725,37000,128
1100,20160112,11, 1,1,       1801 ,,104610,104610,104610331100,1,,,,,,0,726,10000,128,725,29000,128
1100,20160112,11, 1,1,       1801 ,,104610,104610,104610336800,1,,,,,,0,726,10000,128,725,25000,128
1100,20160112,11, 1,1,       1801 ,,104610,104610,104610432000,1,,,,,,0,726,10000,128,725,17000,128
1100,20160112,11, 1,1,       1801 ,,104610,104610,104610521900,1,,,,,,0,726,10000,128,725,16000,128
1100,20160112,11, 1,1,       1801 ,,104610,104610,104610780200,1,,,,,,0,726,11000,128,725,16000,128
1100,20160112,11, 1,1,       1801 ,,104612,104612,104612020600,1,,,,,,0,726,10000,128,725,16000,128
1100,20160112,11, 1,1,       1801 ,,104612,104612,104612022500,1,,,,,,0,726,14000,128,725,16000,128
1100,20160112,11, 1,1,       1801 ,,104612,104612,104612026400,1,,,,,,0,726,15000,128,725,16000,128
1100,20160112,11, 1,1,       1801 ,,104612,104612,104612087700,1,,,,,,0,726,16000,128,725,16000,128
1100,20160112,11, 1,1,       1801 ,,104612,104612,104612102200,1,,,,,,0,726,15000,128,725,16000,128
1100,20160112,11, 1,1,       1801 ,,104612,104612,104612190200,1,,,,,,0,726,16000,128,725,16000,128
1100,20160112,11, 1,1,       1801 ,,104612,104612,104612240400,1,,,,,,0,726,15000,128,725,16000,128
1100,20160112,11, 1,1,       1801 ,,104614,104614,104614208100,1,,,,,,0,726,15000,128,725,17000,128
1100,20160112,11, 1,1,       1801 ,,104614,104614,104614211500,1,,,,,,0,726,14000,128,725,17000,128
1100,20160112,11, 1,1,       1801 ,,104614,104614,104614213800,1,,,,,,0,726,15000,128,725,17000,128
1100,20160112,11, 1,1,       1801 ,,104614,104614,104614932800,1,,,,,,0,726,15000,128,725,16000,128
1100,20160112,11, 1,1,       1801 ,,104616,104616,104616709200,1,,,,,,0,726,15000,128,725,17000,128
1100,20160112,11, 1,1,       1801 ,,104618,104618,104618555900,1,,,,,,0,726,16000,128,725,17000,128
1100,20160112,11, 1,1,       1801 ,,104621,104621,104621887400,1,,,,,,0,726,16000,128,725,16000,128
1100,20160112,11, 1,1,       1801 ,,104621,104621,104621889200,1,,,,,,0,726,20000,128,725,16000,128
1100,20160112,11, 1,1,       1801 ,,104621,104621,104621889800,1,,,,,,0,726,29000,128,725,16000,128
1100,20160112,11, 1,1,       1801 ,,104621,104621,104621890800,1,,,,,,0,726,29000,128,725,15000,128
1100,20160112,11, 1,1,       1801 ,,104625,104625,104625765400,1,,,,,,0,726,29000,128,725,13000,128
1100,20160112,11, 1,1,       1801 ,,104628,104628,104628112900,1,,,,,,0,726,29000,128,725,14000,128
1100,20160112,11, 1,1,       1801 ,,104629,104629,104629651000,1,,,,,,0,726,29000,128,725,16000,128
1100,20160112,11, 1,1,       1801 ,,104629,104629,104629709600,1,,,,,,0,726,20000,128,725,16000,128
1100,20160112,11, 1,1,       1801 ,,104629,104629,104629711300,1,,,,,,0,726,20000,128,725,24000,128
1100,20160112,11, 1,1,       1801 ,,104629,104629,104629712500,1,,,,,,0,726,16000,128,725,24000,128
1100,20160112,11, 1,1,       1801 ,,104629,104629,104629713900,1,,,,,,0,726,16000,128,725,25000,128
1100,20160112,11, 1,1,       1801 ,,104629,104629,104629723600,1,,,,,,0,726,15000,128,725,25000,128
1100,20160112,11, 1,1,       1801 ,,104636,104636,104636371100,1,,,,,,0,726,15000,128,725,24000,128
1100,20160112,11, 1,1,       1801 ,,104636,104636,104636373200,1,,,,,,0,726,19000,128,725,24000,128
1100,20160112,11, 1,1,       1801 ,,104636,104636,104636731000,1,,,,,,0,726,19000,128,725,16000,128
1100,20160112,11, 1,1,       1801 ,,104636,104636,104636733200,1,,,,,,0,726,20000,128,725,16000,128
1100,20160112,11, 1,1,       1801 ,,104636,104636,104636734900,1,,,,,,0,726,29000,128,725,16000,128
1100,20160112,11, 1,1,       1801 ,,104636,104636,104636736700,1,,,,,,0,726,29000,128,725,15000,128
1100,20160112,11, 1,1,       1801 ,,104636,104636,104636802700,1,,,,,,0,726,29000,128,725,13000,128
1100,20160112,11, 1,1,       1801 ,,104638,104638,104638042100,1,,,,,,0,726,30000,128,725,13000,128
1100,20160112,11, 1,1,       1801 ,,104638,104638,104638923200,1,,,,,,0,726,29000,128,725,13000,128
1100,20160112,11, 1,1,       1801 ,,104640,104640,104640736300,1,,,,,,0,726,30000,128,725,13000,128
1100,20160112,11, 1,1,       1801 ,,104641,104641,104641508500,1,,,,,,0,726,30000,128,725,14000,128
1100,20160112,11, 1,1,       1801 ,,104641,104641,104641524500,1,,,,,,0,726,31000,128,725,14000,128
1100,20160112,11, 1,1,       1801 ,,104642,104642,104642683400,1,,,,,,0,726,30000,128,725,14000,128
1100,20160112,11, 1,1,       1801 ,,104647,104647,104647747500,1,,,,,,0,726,31000,128,725,14000,128
1100,20160112,11, 1,1,       1801 ,,104648,104648,104648695100,1,,,,,,0,726,30000,128,725,14000,128
1100,20160112,11, 1,1,       1801 ,,104648,104648,104648711200,1,,,,,,0,726,30000,128,725,16000,128
1100,20160112,11, 1,1,       1801 ,,104648,104648,104648713500,1,,,,,,0,726,30000,128,725,17000,128
1100,20160112,11, 1,1,       1801 ,,104648,104648,104648716600,1,,,,,,0,726,21000,128,725,17000,128
1100,20160112,11, 1,1,       1801 ,,104648,104648,104648720000,1,,,,,,0,726,21000,128,725,25000,128
1100,20160112,11, 1,1,       1801 ,,104648,104648,104648723600,1,,,,,,0,726,17000,128,725,25000,128
1100,20160112,11, 1,1,       1801 ,,104648,104648,104648727500,1,,,,,,0,726,16000,128,725,25000,128
1100,20160112,11, 1,1,       1801 ,,104648,104648,104648732100,1,,,,,,0,726,16000,128,725,26000,128
1100,20160112,11, 1,1,       1801 ,,104648,104648,104648733900,1,,,,,,0,726,16000,128,725,29000,128
1100,20160112,11, 1,1,       1801 ,,104648,104648,104648805100,1,,,,,,0,726,16000,128,725,28000,128
1100,20160112,11, 1,1,       1801 ,,104650,104650,104650390600,1,,,,,,0,726,16000,128,725,26000,128
1100,20160112,11, 1,1,       1801 ,,104650,104650,104650400600,1,,,,,,0,726,18000,128,725,26000,128
1100,20160112,11, 1,1,       1801 ,,104650,104650,104650414600,1,,,,,,0,726,19000,128,725,26000,128
1100,20160112,11, 1,1,       1801 ,,104650,104650,104650641400,1,,,,,,0,726,17000,128,725,26000,128
1100,20160112,11, 1,1,       1801 ,,104650,104650,104650642900,1,,,,,,0,726,17000,128,725,23000,128
1100,20160112,11, 1,1,       1801 ,,104652,104652,104652134800,1,,,,,,0,726,19000,128,725,23000,128
1100,20160112,11, 1,1,       1801 ,,104654,104654,104654479900,1,,,,,,0,726,17000,128,725,23000,128
1100,20160112,11, 1,1,       1801 ,,104654,104654,104654801400,1,,,,,,0,726,16000,128,725,23000,128
1100,20160112,11, 1,1,       1801 ,,104656,104656,104656330500,1,,,,,,0,726,18000,128,725,23000,128
1100,20160112,11, 1,1,       1801 ,,104656,104656,104656332800,1,,,,,,0,726,19000,128,725,23000,128
1100,20160112,11, 1,1,       1801 ,,104657,104657,104657035100,1,,,,,,0,726,20000,128,725,23000,128
1100,20160112,11, 1,1,       1801 ,,104657,104657,104657036900,1,,,,,,0,726,29000,128,725,23000,128
1100,20160112,11, 1,1,       1801 ,,104657,104657,104657038500,1,,,,,,0,726,29000,128,725,22000,128
1100,20160112,11, 1,1,       1801 ,,104657,104657,104657039900,1,,,,,,0,726,33000,128,725,22000,128
1100,20160112,11, 1,1,       1801 ,,104657,104657,104657050700,1,,,,,,0,726,34000,128,725,22000,128
1100,20160112,11, 1,1,       1801 ,,104657,104657,104657785100,1,,,,,,0,726,35000,128,725,22000,128
1100,20160112,11, 1,1,       1801 ,,104701,104701,104701739800,1,,,,,,0,726,34000,128,725,22000,128
1100,20160112,11, 1,1,       1801 ,104702,104702,104702,104702333200,1,726,48,0,2000,0,0,726,32000,128,725,22000,128
1100,20160112,11, 1,1,       1801 ,,104702,104702,104702335100,1,,,,,,0,726,23000,128,725,22000,128
1100,20160112,11, 1,1,       1801 ,,104702,104702,104702336100,1,,,,,,0,726,23000,128,725,23000,128
1100,20160112,11, 1,1,       1801 ,,104702,104702,104702336800,1,,,,,,0,726,19000,128,725,23000,128
1100,20160112,11, 1,1,       1801 ,,104702,104702,104702338600,1,,,,,,0,726,18000,128,725,23000,128
1100,20160112,11, 1,1,       1801 ,,104702,104702,104702340100,1,,,,,,0,726,16000,128,725,23000,128
1100,20160112,11, 1,1,       1801 ,,104705,104705,104705013000,1,,,,,,0,726,20000,128,725,23000,128
1100,20160112,11, 1,1,       1801 ,,104705,104705,104705802100,1,,,,,,0,726,21000,128,725,23000,128
1100,20160112,11, 1,1,       1801 ,,104705,104705,104705804300,1,,,,,,0,726,22000,128,725,23000,128
1100,20160112,11, 1,1,       1801 ,,104709,104709,104709809800,1,,,,,,0,726,22000,128,725,25000,128
1100,20160112,11, 1,1,       1801 ,,104709,104709,104709811500,1,,,,,,0,726,22000,128,725,28000,128
1100,20160112,11, 1,1,       1801 ,,104709,104709,104709812100,1,,,,,,0,726,21000,128,725,28000,128
1100,20160112,11, 1,1,       1801 ,,104710,104710,104710410400,1,,,,,,0,726,21000,128,725,26000,128
1100,20160112,11, 1,1,       1801 ,,104712,104712,104712249300,1,,,,,,0,726,20000,128,725,26000,128
1100,20160112,11, 1,1,       1801 ,,104712,104712,104712391400,1,,,,,,0,726,20000,128,725,27000,128
1100,20160112,11, 1,1,       1801 ,,104713,104713,104713291600,1,,,,,,0,726,20000,128,725,26000,128
1100,20160112,11, 1,1,       1801 ,,104713,104713,104713293900,1,,,,,,0,726,20000,128,725,32000,128
1100,20160112,11, 1,1,       1801 ,,104713,104713,104713311800,1,,,,,,0,726,20000,128,725,33000,128
1100,20160112,11, 1,1,       1801 ,,104713,104713,104713352400,1,,,,,,0,726,20000,128,725,35000,128
1100,20160112,11, 1,1,       1801 ,,104713,104713,104713388400,1,,,,,,0,726,16000,128,725,35000,128
1100,20160112,11, 1,1,       1801 ,,104714,104714,104714458400,1,,,,,,0,726,16000,128,725,34000,128
1100,20160112,11, 1,1,       1801 ,104715,104715,104715,104715860200,1,726,48,0,1000,0,0,726,15000,128,725,34000,128
1100,20160112,11, 1,1,       1801 ,,104716,104716,104716584400,1,,,,,,0,726,15000,128,725,32000,128
1100,20160112,11, 1,1,       1801 ,,104716,104716,104716718300,1,,,,,,0,726,16000,128,725,32000,128
1100,20160112,11, 1,1,       1801 ,,104716,104716,104716719700,1,,,,,,0,726,16000,128,725,26000,128
1100,20160112,11, 1,1,       1801 ,,104722,104722,104722731900,1,,,,,,0,726,15000,128,725,26000,128
1100,20160112,11, 1,1,       1801 ,,104723,104723,104723899700,1,,,,,,0,726,15000,128,725,28000,128
1100,20160112,11, 1,1,       1801 ,,104724,104724,104724851000,1,,,,,,0,726,15000,128,725,29000,128
1100,20160112,11, 1,1,       1801 ,,104725,104725,104725289500,1,,,,,,0,726,15000,128,725,27000,128
1100,20160112,11, 1,1,       1801 ,,104725,104725,104725311700,1,,,,,,0,726,15000,128,725,26000,128
1100,20160112,11, 1,1,       1801 ,,104728,104728,104728438000,1,,,,,,0,726,15000,128,725,27000,128
1100,20160112,11, 1,1,       1801 ,,104728,104728,104728439800,1,,,,,,0,726,15000,128,725,33000,128
1100,20160112,11, 1,1,       1801 ,104729,104729,104729,104729059700,1,725,16,0,24000,0,0,726,15000,128,725,9000,128
1100,20160112,11, 1,1,       1801 ,104729,104729,104729,104729062300,1,725,16,0,4000,0,0,726,15000,128,725,5000,128
1100,20160112,11, 1,1,       1801 ,,104729,104729,104729063500,1,,,,,,0,726,17000,128,725,5000,128
1100,20160112,11, 1,1,       1801 ,104729,104729,104729,104729064700,1,725,16,0,1000,0,0,726,17000,128,725,4000,128
1100,20160112,11, 1,1,       1801 ,,104729,104729,104729065600,1,,,,,,0,726,21000,128,725,4000,128
1100,20160112,11, 1,1,       1801 ,,104729,104729,104729066300,1,,,,,,0,726,25000,128,725,4000,128
1100,20160112,11, 1,1,       1801 ,,104729,104729,104729067900,1,,,,,,0,726,25000,128,724,67000,128
1100,20160112,11, 1,1,       1801 ,,104729,104729,104729068900,1,,,,,,0,726,26000,128,724,67000,128
1100,20160112,11, 1,1,       1801 ,,104729,104729,104729069600,1,,,,,,0,726,26000,128,725,1000,128
1100,20160112,11, 1,1,       1801 ,104729,104729,104729,104729071900,1,725,16,0,1000,0,0,726,26000,128,724,64000,128
1100,20160112,11, 1,1,       1801 ,,104729,104729,104729072700,1,,,,,,0,726,26000,128,724,64000,128
1100,20160112,11, 1,1,       1801 ,,104729,104729,104729073600,1,,,,,,0,726,26000,128,724,65000,128
1100,20160112,11, 1,1,       1801 ,,104729,104729,104729074200,1,,,,,,0,726,27000,128,724,65000,128
1100,20160112,11, 1,1,       1801 ,,104729,104729,104729074900,1,,,,,,0,726,27000,128,724,61000,128
1100,20160112,11, 1,1,       1801 ,,104729,104729,104729075600,1,,,,,,0,726,27000,128,724,62000,128
1100,20160112,11, 1,1,       1801 ,,104729,104729,104729077000,1,,,,,,0,726,28000,128,724,62000,128
1100,20160112,11, 1,1,       1801 ,,104729,104729,104729077700,1,,,,,,0,726,27000,128,724,62000,128
1100,20160112,11, 1,1,       1801 ,,104729,104729,104729078300,1,,,,,,0,726,28000,128,724,62000,128
1100,20160112,11, 1,1,       1801 ,,104729,104729,104729079600,1,,,,,,0,725,1000,128,724,62000,128
1100,20160112,11, 1,1,       1801 ,,104729,104729,104729081400,1,,,,,,0,725,1000,128,724,60000,128
1100,20160112,11, 1,1,       1801 ,104729,104729,104729,104729085900,1,725,48,0,1000,0,0,726,31000,128,724,60000,128
1100,20160112,11, 1,1,       1801 ,,104729,104729,104729086700,1,,,,,,0,726,40000,128,724,60000,128
1100,20160112,11, 1,1,       1801 ,,104729,104729,104729087400,1,,,,,,0,726,44000,128,724,60000,128
1100,20160112,11, 1,1,       1801 ,,104729,104729,104729088900,1,,,,,,0,726,43000,128,724,60000,128
1100,20160112,11, 1,1,       1801 ,,104729,104729,104729089500,1,,,,,,0,726,41000,128,724,60000,128
1100,20160112,11, 1,1,       1801 ,,104729,104729,104729090900,1,,,,,,0,726,41000,128,725,2000,128
1100,20160112,11, 1,1,       1801 ,,104729,104729,104729091600,1,,,,,,0,726,45000,128,725,2000,128
1100,20160112,11, 1,1,       1801 ,,104729,104729,104729092500,1,,,,,,0,726,36000,128,725,2000,128
1100,20160112,11, 1,1,       1801 ,,104729,104729,104729093200,1,,,,,,0,726,36000,128,724,60000,128
1100,20160112,11, 1,1,       1801 ,,104729,104729,104729093900,1,,,,,,0,726,35000,128,724,60000,128
1100,20160112,11, 1,1,       1801 ,,104729,104729,104729094700,1,,,,,,0,725,1000,128,724,60000,128
1100,20160112,11, 1,1,       1801 ,104729,104729,104729,104729096000,1,725,48,0,1000,0,0,726,35000,128,724,60000,128
1100,20160112,11, 1,1,       1801 ,,104729,104729,104729096700,1,,,,,,0,726,37000,128,724,60000,128
1100,20160112,11, 1,1,       1801 ,,104729,104729,104729097400,1,,,,,,0,726,35000,128,724,60000,128
1100,20160112,11, 1,1,       1801 ,,104729,104729,104729104000,1,,,,,,0,726,34000,128,724,60000,128
1100,20160112,11, 1,1,       1801 ,,104729,104729,104729111800,1,,,,,,0,726,30000,128,724,60000,128
1100,20160112,11, 1,1,       1801 ,,104729,104729,104729117000,1,,,,,,0,726,31000,128,724,60000,128
1100,20160112,11, 1,1,       1801 ,,104729,104729,104729119100,1,,,,,,0,726,31000,128,724,42000,128
1100,20160112,11, 1,1,       1801 ,104732,104732,104732,104732788100,1,724,16,0,35000,0,0,726,31000,128,724,7000,128
1100,20160112,11, 1,1,       1801 ,,104732,104732,104732790300,1,,,,,,0,726,31000,128,724,6000,128
1100,20160112,11, 1,1,       1801 ,,104732,104732,104732791200,1,,,,,,0,726,39000,128,724,6000,128
1100,20160112,11, 1,1,       1801 ,,104732,104732,104732791900,1,,,,,,0,725,2000,128,724,6000,128
1100,20160112,11, 1,1,       1801 ,104732,104732,104732,104732792700,1,724,16,0,6000,0,0,725,2000,128,723,59000,128
1100,20160112,11, 1,1,       1801 ,,104732,104732,104732793900,1,,,,,,0,725,4000,128,723,59000,128
1100,20160112,11, 1,1,       1801 ,,104732,104732,104732803400,1,,,,,,0,725,5000,128,723,59000,128
1100,20160112,11, 1,1,       1801 ,,104732,104732,104732804100,1,,,,,,0,725,6000,128,723,59000,128
1100,20160112,11, 1,1,       1801 ,,104732,104732,104732805400,1,,,,,,0,725,10000,128,723,59000,128
1100,20160112,11, 1,1,       1801 ,,104732,104732,104732806000,1,,,,,,0,725,14000,128,723,59000,128
1100,20160112,11, 1,1,       1801 ,,104732,104732,104732807300,1,,,,,,0,725,14000,128,724,2000,128
1100,20160112,11, 1,1,       1801 ,,104732,104732,104732809200,1,,,,,,0,725,14000,128,724,6000,128
1100,20160112,11, 1,1,       1801 ,,104732,104732,104732811100,1,,,,,,0,725,14000,128,724,7000,128
1100,20160112,11, 1,1,       1801 ,,104732,104732,104732811700,1,,,,,,0,725,14000,128,724,6000,128
1100,20160112,11, 1,1,       1801 ,,104732,104732,104732813100,1,,,,,,0,725,15000,128,724,6000,128
1100,20160112,11, 1,1,       1801 ,,104732,104732,104732814600,1,,,,,,0,725,16000,128,724,6000,128
1100,20160112,11, 1,1,       1801 ,,104732,104732,104732817000,1,,,,,,0,725,16000,128,724,7000,128
1100,20160112,11, 1,1,       1801 ,,104732,104732,104732817700,1,,,,,,0,725,17000,128,724,7000,128
1100,20160112,11, 1,1,       1801 ,,104732,104732,104732869400,1,,,,,,0,725,17000,128,724,5000,128
1100,20160112,11, 1,1,       1801 ,,104732,104732,104732901300,1,,,,,,0,725,17000,128,724,6000,128
1100,20160112,11, 1,1,       1801 ,,104733,104733,104733061000,1,,,,,,0,725,21000,128,724,6000,128
1100,20160112,11, 1,1,       1801 ,104733,104733,104733,104733225300,1,724,16,0,2000,0,0,725,21000,128,724,4000,128
1100,20160112,11, 1,1,       1801 ,,104733,104733,104733802100,1,,,,,,0,725,21000,128,724,4000,128
1100,20160112,11, 1,1,       1801 ,,104734,104734,104734813900,1,,,,,,0,725,22000,128,724,4000,128
1100,20160112,11, 1,1,       1801 ,,104734,104734,104734814600,1,,,,,,0,725,23000,128,724,4000,128
1100,20160112,11, 1,1,       1801 ,,104734,104734,104734816100,1,,,,,,0,725,24000,128,724,4000,128
1100,20160112,11, 1,1,       1801 ,,104734,104734,104734816900,1,,,,,,0,725,25000,128,724,4000,128
1100,20160112,11, 1,1,       1801 ,,104734,104734,104734820300,1,,,,,,0,725,26000,128,724,4000,128
1100,20160112,11, 1,1,       1801 ,,104734,104734,104734821800,1,,,,,,0,725,26000,128,724,3000,128
1100,20160112,11, 1,1,       1801 ,,104736,104736,104736664600,1,,,,,,0,725,26000,128,724,4000,128
1100,20160112,11, 1,1,       1801 ,,104737,104737,104737255700,1,,,,,,0,725,29000,128,724,4000,128
1100,20160112,11, 1,1,       1801 ,,104737,104737,104737257900,1,,,,,,0,725,30000,128,724,4000,128
1100,20160112,11, 1,1,       1801 ,,104738,104738,104738521800,1,,,,,,0,725,30000,128,724,3000,128
1100,20160112,11, 1,1,       1801 ,,104738,104738,104738523200,1,,,,,,0,725,29000,128,724,3000,128
1100,20160112,11, 1,1,       1801 ,,104738,104738,104738523900,1,,,,,,0,725,28000,128,724,3000,128
1100,20160112,11, 1,1,       1801 ,104738,104738,104738,104738525400,1,724,16,0,2000,0,0,725,28000,128,724,1000,128
1100,20160112,11, 1,1,       1801 ,,104739,104739,104739152100,1,,,,,,0,725,28000,128,724,2000,128
1100,20160112,11, 1,1,       1801 ,104740,104740,104740,104740693200,1,724,16,0,1000,0,0,725,28000,128,724,1000,128
1100,20160112,11, 1,1,       1801 ,,104740,104740,104740809300,1,,,,,,0,725,28000,128,724,2000,128
1100,20160112,11, 1,1,       1801 ,,104741,104741,104741016400,1,,,,,,0,725,28000,128,724,1000,128
1100,20160112,11, 1,1,       1801 ,,104741,104741,104741662600,1,,,,,,0,725,29000,128,724,1000,128
1100,20160112,11, 1,1,       1801 ,,104743,104743,104743560900,1,,,,,,0,725,29000,128,723,63000,128
1100,20160112,11, 1,1,       1801 ,,104743,104743,104743562300,1,,,,,,0,725,29000,128,723,61000,128
1100,20160112,11, 1,1,       1801 ,,104743,104743,104743565400,1,,,,,,0,725,29000,128,723,60000,128
1100,20160112,11, 1,1,       1801 ,,104743,104743,104743566800,1,,,,,,0,724,2000,128,723,60000,128
1100,20160112,11, 1,1,       1801 ,,104743,104743,104743567600,1,,,,,,0,724,2000,128,723,61000,128
1100,20160112,11, 1,1,       1801 ,,104743,104743,104743570400,1,,,,,,0,724,2000,128,723,57000,128
1100,20160112,11, 1,1,       1801 ,,104743,104743,104743571100,1,,,,,,0,724,3000,128,723,57000,128
1100,20160112,11, 1,1,       1801 ,,104743,104743,104743572000,1,,,,,,0,724,3000,128,723,51000,128
1100,20160112,11, 1,1,       1801 ,,104743,104743,104743687100,1,,,,,,0,724,3000,128,723,47000,128
1100,20160112,11, 1,1,       1801 ,,104743,104743,104743688500,1,,,,,,0,724,3000,128,723,46000,128
1100,20160112,11, 1,1,       1801 ,104744,104744,104744,104744947500,1,724,48,0,3000,0,0,725,36000,128,723,46000,128
1100,20160112,11, 1,1,       1801 ,,104744,104744,104744949000,1,,,,,,0,725,36000,128,723,46000,128
1100,20160112,11, 1,1,       1801 ,,104744,104744,104744951700,1,,,,,,0,725,37000,128,723,46000,128
1100,20160112,11, 1,1,       1801 ,,104744,104744,104744952400,1,,,,,,0,725,35000,128,723,46000,128
1100,20160112,11, 1,1,       1801 ,,104744,104744,104744953200,1,,,,,,0,725,35000,128,724,2000,128
1100,20160112,11, 1,1,       1801 ,,104744,104744,104744955300,1,,,,,,0,725,34000,128,724,2000,128
1100,20160112,11, 1,1,       1801 ,,104745,104745,104745220500,1,,,,,,0,725,35000,128,724,2000,128
1100,20160112,11, 1,1,       1801 ,,104746,104746,104746982700,1,,,,,,0,725,36000,128,724,2000,128
1100,20160112,11, 1,1,       1801 ,,104746,104746,104746983400,1,,,,,,0,725,37000,128,724,2000,128
1100,20160112,11, 1,1,       1801 ,,104747,104747,104747595300,1,,,,,,0,725,38000,128,724,2000,128
1100,20160112,11, 1,1,       1801 ,,104747,104747,104747596600,1,,,,,,0,725,38000,128,723,45000,128
1100,20160112,11, 1,1,       1801 ,,104747,104747,104747598500,1,,,,,,0,725,39000,128,723,45000,128
1100,20160112,11, 1,1,       1801 ,,104748,104748,104748078600,1,,,,,,0,725,35000,128,723,45000,128
1100,20160112,11, 1,1,       1801 ,,104748,104748,104748080000,1,,,,,,0,725,34000,128,723,45000,128
1100,20160112,11, 1,1,       1801 ,,104748,104748,104748752200,1,,,,,,0,725,34000,128,723,46000,128
1100,20160112,11, 1,1,       1801 ,,104748,104748,104748821800,1,,,,,,0,725,34000,128,723,47000,128
1100,20160112,11, 1,1,       1801 ,104749,104749,104749,104749841600,1,723,16,0,1000,0,0,725,34000,128,723,46000,128
1100,20160112,11, 1,1,       1801 ,,104749,104749,104749843300,1,,,,,,0,725,35000,128,723,46000,128
1100,20160112,11, 1,1,       1801 ,,104749,104749,104749948500,1,,,,,,0,725,34000,128,723,46000,128
1100,20160112,11, 1,1,       1801 ,,104750,104750,104750230400,1,,,,,,0,725,34000,128,723,48000,128
1100,20160112,11, 1,1,       1801 ,,104753,104753,104753919300,1,,,,,,0,725,34000,128,723,46000,128
1100,20160112,11, 1,1,       1801 ,,104756,104756,104756470500,1,,,,,,0,725,34000,128,723,52000,128
1100,20160112,11, 1,1,       1801 ,,104756,104756,104756472100,1,,,,,,0,725,34000,128,723,58000,128
1100,20160112,11, 1,1,       1801 ,,104757,104757,104757121800,1,,,,,,0,725,34000,128,724,1000,128
1100,20160112,11, 1,1,       1801 ,,104758,104758,104758949800,1,,,,,,0,725,34000,128,724,2000,128
1100,20160112,11, 1,1,       1801 ,,104758,104758,104758974500,1,,,,,,0,725,33000,128,724,2000,128
1100,20160112,11, 1,1,       1801 ,,104800,104800,104800370900,1,,,,,,0,725,29000,128,724,2000,128
1100,20160112,11, 1,1,       1801 ,,104801,104801,104801111900,1,,,,,,0,725,29000,128,724,3000,128
1100,20160112,11, 1,1,       1801 ,,104801,104801,104801113200,1,,,,,,0,725,29000,128,724,5000,128
1100,20160112,11, 1,1,       1801 ,,104801,104801,104801117700,1,,,,,,0,725,29000,128,724,6000,128
1100,20160112,11, 1,1,       1801 ,,104801,104801,104801118400,1,,,,,,0,725,29000,128,724,9000,128
1100,20160112,11, 1,1,       1801 ,,104801,104801,104801121200,1,,,,,,0,725,25000,128,724,9000,128
1100,20160112,11, 1,1,       1801 ,104801,104801,104801,104801694700,1,725,48,0,25000,0,0,726,50000,128,724,9000,128
1100,20160112,11, 1,1,       1801 ,,104801,104801,104801696100,1,,,,,,0,726,50000,128,724,10000,128
1100,20160112,11, 1,1,       1801 ,,104801,104801,104801697200,1,,,,,,0,726,49000,128,724,10000,128
1100,20160112,11, 1,1,       1801 ,,104801,104801,104801699800,1,,,,,,0,726,48000,128,724,10000,128
1100,20160112,11, 1,1,       1801 ,,104801,104801,104801700600,1,,,,,,0,726,46000,128,724,10000,128
1100,20160112,11, 1,1,       1801 ,,104801,104801,104801701700,1,,,,,,0,726,46000,128,724,13000,128
1100,20160112,11, 1,1,       1801 ,,104801,104801,104801702500,1,,,,,,0,726,46000,128,724,21000,128
1100,20160112,11, 1,1,       1801 ,104801,104801,104801,104801703200,1,724,16,0,1000,0,0,726,46000,128,724,20000,128
1100,20160112,11, 1,1,       1801 ,,104801,104801,104801704100,1,,,,,,0,726,46000,128,724,22000,128
1100,20160112,11, 1,1,       1801 ,,104801,104801,104801704800,1,,,,,,0,726,46000,128,725,1000,128
1100,20160112,11, 1,1,       1801 ,,104801,104801,104801707900,1,,,,,,0,726,48000,128,725,1000,128
1100,20160112,11, 1,1,       1801 ,,104801,104801,104801709600,1,,,,,,0,726,46000,128,725,1000,128
1100,20160112,11, 1,1,       1801 ,,104801,104801,104801710300,1,,,,,,0,726,46000,128,725,2000,128
1100,20160112,11, 1,1,       1801 ,,104801,104801,104801711000,1,,,,,,0,726,45000,128,725,2000,128
1100,20160112,11, 1,1,       1801 ,,104801,104801,104801712600,1,,,,,,0,726,44000,128,725,2000,128
1100,20160112,11, 1,1,       1801 ,,104801,104801,104801745800,1,,,,,,0,726,45000,128,725,2000,128
1100,20160112,11, 1,1,       1801 ,,104801,104801,104801938100,1,,,,,,0,726,41000,128,725,2000,128
1100,20160112,11, 1,1,       1801 ,,104802,104802,104802547200,1,,,,,,0,726,41000,128,725,3000,128
1100,20160112,11, 1,1,       1801 ,,104807,104807,104807103700,1,,,,,,0,726,43000,128,725,3000,128
1100,20160112,11, 1,1,       1801 ,,104807,104807,104807549500,1,,,,,,0,726,43000,128,725,2000,128
1100,20160112,11, 1,1,       1801 ,104808,104808,104808,104808391400,1,725,16,0,1000,0,0,726,43000,128,725,1000,128
1100,20160112,11, 1,1,       1801 ,,104808,104808,104808782700,1,,,,,,0,726,43000,128,725,2000,128
1100,20160112,11, 1,1,       1801 ,,104808,104808,104808783900,1,,,,,,0,726,42000,128,725,2000,128
1100,20160112,11, 1,1,       1801 ,,104810,104810,104810516200,1,,,,,,0,726,42000,128,725,3000,128
1100,20160112,11, 1,1,       1801 ,,104810,104810,104810517700,1,,,,,,0,726,42000,128,725,4000,128
1100,20160112,11, 1,1,       1801 ,,104810,104810,104810672900,1,,,,,,0,726,43000,128,725,4000,128
1100,20160112,11, 1,1,       1801 ,,104810,104810,104810802400,1,,,,,,0,726,42000,128,725,4000,128
1100,20160112,11, 1,1,       1801 ,,104810,104810,104810910900,1,,,,,,0,726,43000,128,725,4000,128
1100,20160112,11, 1,1,       1801 ,,104810,104810,104810939900,1,,,,,,0,726,39000,128,725,4000,128
1100,20160112,11, 1,1,       1801 ,,104810,104810,104810951900,1,,,,,,0,726,38000,128,725,4000,128
1100,20160112,11, 1,1,       1801 ,,104810,104810,104810990600,1,,,,,,0,726,39000,128,725,4000,128
1100,20160112,11, 1,1,       1801 ,,104811,104811,104811047200,1,,,,,,0,726,38000,128,725,4000,128
1100,20160112,11, 1,1,       1801 ,,104811,104811,104811055100,1,,,,,,0,726,39000,128,725,4000,128
1100,20160112,11, 1,1,       1801 ,,104811,104811,104811593900,1,,,,,,0,726,39000,128,725,3000,128
1100,20160112,11, 1,1,       1801 ,,104811,104811,104811595400,1,,,,,,0,726,39000,128,725,2000,128
1100,20160112,11, 1,1,       1801 ,104813,104813,104813,104813807000,1,725,16,0,2000,0,0,726,39000,128,724,37000,128
1100,20160112,11, 1,1,       1801 ,,104813,104813,104813808400,1,,,,,,0,726,39000,128,724,37000,128
1100,20160112,11, 1,1,       1801 ,,104813,104813,104813809100,1,,,,,,0,726,40000,128,724,37000,128
1100,20160112,11, 1,1,       1801 ,,104813,104813,104813809800,1,,,,,,0,726,40000,128,724,38000,128
1100,20160112,11, 1,1,       1801 ,,104813,104813,104813812000,1,,,,,,0,726,40000,128,724,34000,128
1100,20160112,11, 1,1,       1801 ,,104814,104814,104814013800,1,,,,,,0,726,40000,128,724,35000,128
1100,20160112,11, 1,1,       1801 ,,104815,104815,104815808400,1,,,,,,0,726,40000,128,724,34000,128
1100,20160112,11, 1,1,       1801 ,,104818,104818,104818127600,1,,,,,,0,726,38000,128,724,34000,128
1100,20160112,11, 1,1,       1801 ,,104818,104818,104818129000,1,,,,,,0,726,37000,128,724,34000,128
1100,20160112,11, 1,1,       1801 ,,104821,104821,104821521700,1,,,,,,0,726,38000,128,724,34000,128
1100,20160112,11, 1,1,       1801 ,,104823,104823,104823220700,1,,,,,,0,726,37000,128,724,34000,128
1100,20160112,11, 1,1,       1801 ,,104833,104833,104833892500,1,,,,,,0,726,37000,128,725,1000,128
1100,20160112,11, 1,1,       1801 ,,104833,104833,104833893800,1,,,,,,0,726,37000,128,725,2000,128
1100,20160112,11, 1,1,       1801 ,,104833,104833,104833895200,1,,,,,,0,726,29000,128,725,2000,128
1100,20160112,11, 1,1,       1801 ,,104833,104833,104833896000,1,,,,,,0,726,28000,128,725,2000,128
1100,20160112,11, 1,1,       1801 ,,104833,104833,104833896700,1,,,,,,0,726,28000,128,725,3000,128
1100,20160112,11, 1,1,       1801 ,,104833,104833,104833899400,1,,,,,,0,726,28000,128,725,4000,128
1100,20160112,11, 1,1,       1801 ,,104833,104833,104833901600,1,,,,,,0,726,28000,128,725,5000,128
1100,20160112,11, 1,1,       1801 ,,104833,104833,104833903000,1,,,,,,0,726,28000,128,725,11000,128
1100,20160112,11, 1,1,       1801 ,,104833,104833,104833904200,1,,,,,,0,726,24000,128,725,11000,128
1100,20160112,11, 1,1,       1801 ,,104833,104833,104833904900,1,,,,,,0,726,20000,128,725,11000,128
1100,20160112,11, 1,1,       1801 ,,104833,104833,104833905700,1,,,,,,0,726,20000,128,725,14000,128
1100,20160112,11, 1,1,       1801 ,,104833,104833,104833907800,1,,,,,,0,726,20000,128,725,15000,128
1100,20160112,11, 1,1,       1801 ,,104833,104833,104833908300,1,,,,,,0,726,16000,128,725,15000,128
1100,20160112,11, 1,1,       1801 ,,104833,104833,104833909000,1,,,,,,0,726,14000,128,725,15000,128
1100,20160112,11, 1,1,       1801 ,,104833,104833,104833910000,1,,,,,,0,726,12000,128,725,15000,128
1100,20160112,11, 1,1,       1801 ,,104833,104833,104833910800,1,,,,,,0,726,8000,128,725,15000,128
1100,20160112,11, 1,1,       1801 ,,104833,104833,104833979400,1,,,,,,0,726,9000,128,725,15000,128
1100,20160112,11, 1,1,       1801 ,,104834,104834,104834488600,1,,,,,,0,726,8000,128,725,15000,128
1100,20160112,11, 1,1,       1801 ,,104834,104834,104834708800,1,,,,,,0,726,8000,128,725,19000,128
1100,20160112,11, 1,1,       1801 ,,104834,104834,104834808600,1,,,,,,0,726,8000,128,725,18000,128
1100,20160112,11, 1,1,       1801 ,,104834,104834,104834821100,1,,,,,,0,726,9000,128,725,18000,128
1100,20160112,11, 1,1,       1801 ,,104834,104834,104834822000,1,,,,,,0,726,10000,128,725,18000,128
1100,20160112,11, 1,1,       1801 ,,104835,104835,104835789100,1,,,,,,0,726,10000,128,725,12000,128
1100,20160112,11, 1,1,       1801 ,,104835,104835,104835829800,1,,,,,,0,726,12000,128,725,12000,128
1100,20160112,11, 1,1,       1801 ,,104837,104837,104837928700,1,,,,,,0,726,11000,128,725,12000,128
1100,20160112,11, 1,1,       1801 ,,104839,104839,104839229800,1,,,,,,0,726,9000,128,725,12000,128
1100,20160112,11, 1,1,       1801 ,,104839,104839,104839231000,1,,,,,,0,726,8000,128,725,12000,128
1100,20160112,11, 1,1,       1801 ,,104839,104839,104839239300,1,,,,,,0,726,8000,128,725,14000,128
1100,20160112,11, 1,1,       1801 ,,104839,104839,104839254700,1,,,,,,0,726,8000,128,725,15000,128
1100,20160112,11, 1,1,       1801 ,104839,104839,104839,104839669900,1,726,48,0,8000,0,0,727,53000,128,725,15000,128
1100,20160112,11, 1,1,       1801 ,,104839,104839,104839671400,1,,,,,,0,727,53000,128,725,15000,128
1100,20160112,11, 1,1,       1801 ,,104839,104839,104839673300,1,,,,,,0,727,55000,128,725,15000,128
1100,20160112,11, 1,1,       1801 ,,104839,104839,104839677900,1,,,,,,0,727,55000,128,725,23000,128
1100,20160112,11, 1,1,       1801 ,,104840,104840,104840416200,1,,,,,,0,727,56000,128,725,23000,128
1100,20160112,11, 1,1,       1801 ,,104840,104840,104840417600,1,,,,,,0,727,57000,128,725,23000,128
1100,20160112,11, 1,1,       1801 ,,104840,104840,104840487700,1,,,,,,0,727,53000,128,725,23000,128
1100,20160112,11, 1,1,       1801 ,,104840,104840,104840617300,1,,,,,,0,727,53000,128,725,24000,128
1100,20160112,11, 1,1,       1801 ,,104843,104843,104843949900,1,,,,,,0,727,53000,128,725,22000,128
1100,20160112,11, 1,1,       1801 ,,104843,104843,104843957100,1,,,,,,0,726,2000,128,725,22000,128
1100,20160112,11, 1,1,       1801 ,,104843,104843,104843960000,1,,,,,,0,726,3000,128,725,22000,128
1100,20160112,11, 1,1,       1801 ,,104843,104843,104843960700,1,,,,,,0,726,4000,128,725,22000,128
1100,20160112,11, 1,1,       1801 ,104843,104843,104843,104843961600,1,726,48,0,1000,0,0,726,3000,128,725,22000,128
1100,20160112,11, 1,1,       1801 ,,104843,104843,104843962600,1,,,,,,0,726,3000,128,725,21000,128
1100,20160112,11, 1,1,       1801 ,,104843,104843,104843968800,1,,,,,,0,726,3000,128,725,13000,128
1100,20160112,11, 1,1,       1801 ,104844,104844,104844,104844729800,1,726,48,0,3000,0,0,727,53000,128,725,13000,128
1100,20160112,11, 1,1,       1801 ,,104844,104844,104844731300,1,,,,,,0,727,53000,128,725,13000,128
1100,20160112,11, 1,1,       1801 ,,104844,104844,104844732000,1,,,,,,0,727,53000,128,725,19000,128
1100,20160112,11, 1,1,       1801 ,,104844,104844,104844733400,1,,,,,,0,727,53000,128,725,21000,128
1100,20160112,11, 1,1,       1801 ,,104845,104845,104845009900,1,,,,,,0,727,53000,128,726,2000,128
1100,20160112,11, 1,1,       1801 ,,104845,104845,104845012600,1,,,,,,0,727,51000,128,726,2000,128
1100,20160112,11, 1,1,       1801 ,,104845,104845,104845021600,1,,,,,,0,727,51000,128,726,3000,128
1100,20160112,11, 1,1,       1801 ,,104845,104845,104845028100,1,,,,,,0,727,49000,128,726,3000,128
1100,20160112,11, 1,1,       1801 ,,104845,104845,104845033800,1,,,,,,0,727,48000,128,726,3000,128
1100,20160112,11, 1,1,       1801 ,,104845,104845,104845046200,1,,,,,,0,727,39000,128,726,3000,128
1100,20160112,11, 1,1,       1801 ,,104845,104845,104845051900,1,,,,,,0,727,38000,128,726,3000,128
1100,20160112,11, 1,1,       1801 ,,104845,104845,104845063100,1,,,,,,0,727,37000,128,726,3000,128
1100,20160112,11, 1,1,       1801 ,,104845,104845,104845091700,1,,,,,,0,727,33000,128,726,3000,128
1100,20160112,11, 1,1,       1801 ,,104845,104845,104845145200,1,,,,,,0,727,32000,128,726,3000,128
1100,20160112,11, 1,1,       1801 ,,104845,104845,104845180300,1,,,,,,0,727,32000,128,726,1000,128
1100,20160112,11, 1,1,       1801 ,,104845,104845,104845194300,1,,,,,,0,727,32000,128,726,3000,128
1100,20160112,11, 1,1,       1801 ,104845,104845,104845,104845197800,1,727,48,0,29000,0,0,727,3000,128,726,3000,128
1100,20160112,11, 1,1,       1801 ,104845,104845,104845,104845205500,1,727,48,0,3000,0,0,728,58000,128,726,3000,128
1100,20160112,11, 1,1,       1801 ,,104845,104845,104845213400,1,,,,,,0,728,58000,128,727,2000,128
1100,20160112,11, 1,1,       1801 ,,104845,104845,104845232200,1,,,,,,0,728,55000,128,727,2000,128
1100,20160112,11, 1,1,       1801 ,,104845,104845,104845236300,1,,,,,,0,728,55000,128,727,3000,128
1100,20160112,11, 1,1,       1801 ,,104845,104845,104845243300,1,,,,,,0,728,55000,128,727,4000,128
1100,20160112,11, 1,1,       1801 ,104845,104845,104845,104845246900,1,727,16,0,2000,0,0,728,55000,128,727,2000,128
1100,20160112,11, 1,1,       1801 ,,104845,104845,104845249200,1,,,,,,0,728,57000,128,727,2000,128
1100,20160112,11, 1,1,       1801 ,,104845,104845,104845251000,1,,,,,,0,728,55000,128,727,2000,128
1100,20160112,11, 1,1,       1801 ,104845,104845,104845,104845253900,1,727,16,0,2000,0,0,728,55000,128,726,7000,128
1100,20160112,11, 1,1,       1801 ,,104845,104845,104845255700,1,,,,,,0,728,55000,128,726,7000,128
1100,20160112,11, 1,1,       1801 ,,104845,104845,104845258100,1,,,,,,0,727,2000,128,726,7000,128
1100,20160112,11, 1,1,       1801 ,,104845,104845,104845271500,1,,,,,,0,727,2000,128,726,11000,128
1100,20160112,11, 1,1,       1801 ,,104845,104845,104845272500,1,,,,,,0,727,4000,128,726,11000,128
1100,20160112,11, 1,1,       1801 ,,104845,104845,104845278100,1,,,,,,0,727,4000,128,726,10000,128
1100,20160112,11, 1,1,       1801 ,,104845,104845,104845285500,1,,,,,,0,727,4000,128,726,11000,128
1100,20160112,11, 1,1,       1801 ,,104845,104845,104845287100,1,,,,,,0,727,5000,128,726,11000,128
1100,20160112,11, 1,1,       1801 ,104845,104845,104845,104845300900,1,727,48,0,4000,0,0,727,1000,128,726,11000,128
1100,20160112,11, 1,1,       1801 ,,104845,104845,104845308100,1,,,,,,0,727,3000,128,726,11000,128
1100,20160112,11, 1,1,       1801 ,,104845,104845,104845318400,1,,,,,,0,727,2000,128,726,11000,128
1100,20160112,11, 1,1,       1801 ,104845,104845,104845,104845322800,1,727,48,0,1000,0,0,727,1000,128,726,11000,128
1100,20160112,11, 1,1,       1801 ,,104845,104845,104845328800,1,,,,,,0,727,2000,128,726,11000,128
1100,20160112,11, 1,1,       1801 ,,104845,104845,104845419900,1,,,,,,0,727,1000,128,726,11000,128
1100,20160112,11, 1,1,       1801 ,,104845,104845,104845421600,1,,,,,,0,728,43000,128,726,11000,128
1100,20160112,11, 1,1,       1801 ,,104845,104845,104845423600,1,,,,,,0,728,45000,128,726,11000,128
1100,20160112,11, 1,1,       1801 ,,104845,104845,104845426000,1,,,,,,0,728,46000,128,726,11000,128
1100,20160112,11, 1,1,       1801 ,,104845,104845,104845541300,1,,,,,,0,728,45000,128,726,11000,128
1100,20160112,11, 1,1,       1801 ,,104845,104845,104845571300,1,,,,,,0,728,46000,128,726,11000,128
1100,20160112,11, 1,1,       1801 ,,104845,104845,104845572300,1,,,,,,0,728,45000,128,726,11000,128
1100,20160112,11, 1,1,       1801 ,,104845,104845,104845641100,1,,,,,,0,728,46000,128,726,11000,128
1100,20160112,11, 1,1,       1801 ,,104845,104845,104845672100,1,,,,,,0,728,45000,128,726,11000,128
1100,20160112,11, 1,1,       1801 ,,104845,104845,104845735800,1,,,,,,0,728,45000,128,726,12000,128
1100,20160112,11, 1,1,       1801 ,,104845,104845,104845961700,1,,,,,,0,728,39000,128,726,12000,128
1100,20160112,11, 1,1,       1801 ,,104846,104846,104846659300,1,,,,,,0,727,2000,128,726,12000,128
1100,20160112,11, 1,1,       1801 ,,104846,104846,104846662200,1,,,,,,0,727,3000,128,726,12000,128
1100,20160112,11, 1,1,       1801 ,,104846,104846,104846664200,1,,,,,,0,727,7000,128,726,12000,128
1100,20160112,11, 1,1,       1801 ,,104846,104846,104846667200,1,,,,,,0,727,11000,128,726,12000,128
1100,20160112,11, 1,1,       1801 ,,104846,104846,104846670900,1,,,,,,0,727,11000,128,726,10000,128
1100,20160112,11, 1,1,       1801 ,,104846,104846,104846675400,1,,,,,,0,727,11000,128,726,6000,128
1100,20160112,11, 1,1,       1801 ,,104846,104846,104846676900,1,,,,,,0,727,11000,128,726,3000,128
1100,20160112,11, 1,1,       1801 ,,104846,104846,104846701000,1,,,,,,0,727,11000,128,726,2000,128
1100,20160112,11, 1,1,       1801 ,,104846,104846,104846716700,1,,,,,,0,727,13000,128,726,2000,128
1100,20160112,11, 1,1,       1801 ,104846,104846,104846,104846810400,1,726,16,0,2000,0,0,727,13000,128,725,35000,128
1100,20160112,11, 1,1,       1801 ,,104846,104846,104846813200,1,,,,,,0,727,14000,128,725,35000,128
1100,20160112,11, 1,1,       1801 ,,104846,104846,104846818000,1,,,,,,0,727,14000,128,725,34000,128
1100,20160112,11, 1,1,       1801 ,,104846,104846,104846828600,1,,,,,,0,727,14000,128,725,32000,128
1100,20160112,11, 1,1,       1801 ,,104846,104846,104846832100,1,,,,,,0,726,2000,128,725,32000,128
1100,20160112,11, 1,1,       1801 ,,104846,104846,104846837700,1,,,,,,0,726,4000,128,725,32000,128
1100,20160112,11, 1,1,       1801 ,,104846,104846,104846840000,1,,,,,,0,726,4000,128,725,31000,128
1100,20160112,11, 1,1,       1801 ,,104846,104846,104846843600,1,,,,,,0,726,4000,128,725,29000,128
1100,20160112,11, 1,1,       1801 ,,104846,104846,104846848500,1,,,,,,0,726,4000,128,725,31000,128
1100,20160112,11, 1,1,       1801 ,,104846,104846,104846850900,1,,,,,,0,726,5000,128,725,31000,128
1100,20160112,11, 1,1,       1801 ,,104846,104846,104846862000,1,,,,,,0,726,5000,128,725,25000,128
1100,20160112,11, 1,1,       1801 ,,104846,104846,104846864700,1,,,,,,0,726,3000,128,725,25000,128
1100,20160112,11, 1,1,       1801 ,,104846,104846,104846875500,1,,,,,,0,726,3000,128,725,23000,128
1100,20160112,11, 1,1,       1801 ,,104846,104846,104846889600,1,,,,,,0,726,3000,128,725,25000,128
1100,20160112,11, 1,1,       1801 ,,104846,104846,104846900800,1,,,,,,0,726,2000,128,725,25000,128
1100,20160112,11, 1,1,       1801 ,,104847,104847,104847056200,1,,,,,,0,726,2000,128,725,26000,128
1100,20160112,11, 1,1,       1801 ,,104847,104847,104847162100,1,,,,,,0,726,3000,128,725,26000,128
1100,20160112,11, 1,1,       1801 ,,104847,104847,104847270600,1,,,,,,0,726,3000,128,725,24000,128
1100,20160112,11, 1,1,       1801 ,,104847,104847,104847619100,1,,,,,,0,726,3000,128,725,23000,128
1100,20160112,11, 1,1,       1801 ,,104847,104847,104847633200,1,,,,,,0,726,3000,128,725,22000,128
1100,20160112,11, 1,1,       1801 ,,104847,104847,104847664300,1,,,,,,0,726,12000,128,725,22000,128
1100,20160112,11, 1,1,       1801 ,104847,104847,104847,104847962300,1,726,48,0,1000,0,0,726,11000,128,725,22000,128
1100,20160112,11, 1,1,       1801 ,,104847,104847,104847971700,1,,,,,,0,726,11000,128,725,22000,128
1100,20160112,11, 1,1,       1801 ,,104848,104848,104848604000,1,,,,,,0,726,12000,128,725,22000,128
1100,20160112,11, 1,1,       1801 ,,104848,104848,104848606300,1,,,,,,0,726,12000,128,725,23000,128
1100,20160112,11, 1,1,       1801 ,,104848,104848,104848887500,1,,,,,,0,726,12000,128,725,19000,128
1100,20160112,11, 1,1,       1801 ,,104849,104849,104849711600,1,,,,,,0,726,11000,128,725,19000,128
1100,20160112,11, 1,1,       1801 ,104851,104851,104851,104851211400,1,726,48,0,2000,0,0,726,9000,128,725,19000,128
1100,20160112,11, 1,1,       1801 ,,104851,104851,104851874400,1,,,,,,0,726,9000,128,725,20000,128
1100,20160112,11, 1,1,       1801 ,,104851,104851,104851980300,1,,,,,,0,726,9000,128,725,19000,128
1100,20160112,11, 1,1,       1801 ,,104852,104852,104852049600,1,,,,,,0,727,27000,128,725,19000,128
1100,20160112,11, 1,1,       1801 ,,104852,104852,104852051700,1,,,,,,0,727,26000,128,725,19000,128
1100,20160112,11, 1,1,       1801 ,,104852,104852,104852052500,1,,,,,,0,727,26000,128,725,21000,128
1100,20160112,11, 1,1,       1801 ,,104852,104852,104852053800,1,,,,,,0,727,25000,128,725,21000,128
1100,20160112,11, 1,1,       1801 ,,104852,104852,104852054600,1,,,,,,0,727,23000,128,725,21000,128
1100,20160112,11, 1,1,       1801 ,,104852,104852,104852318200,1,,,,,,0,727,23000,128,725,22000,128
1100,20160112,11, 1,1,       1801 ,,104853,104853,104853065600,1,,,,,,0,726,10000,128,725,22000,128
1100,20160112,11, 1,1,       1801 ,,104853,104853,104853483100,1,,,,,,0,726,10000,128,725,23000,128
1100,20160112,11, 1,1,       1801 ,104854,104854,104854,104854063200,1,725,16,0,23000,0,0,726,10000,128,724,60000,128
1100,20160112,11, 1,1,       1801 ,,104854,104854,104854064800,1,,,,,,0,726,10000,128,725,1000,128
1100,20160112,11, 1,1,       1801 ,,104854,104854,104854066200,1,,,,,,0,726,12000,128,725,1000,128
1100,20160112,11, 1,1,       1801 ,104854,104854,104854,104854067400,1,725,16,0,1000,0,0,726,12000,128,724,60000,128
1100,20160112,11, 1,1,       1801 ,,104854,104854,104854068200,1,,,,,,0,726,24000,128,724,60000,128
1100,20160112,11, 1,1,       1801 ,,104854,104854,104854069300,1,,,,,,0,726,24000,128,724,61000,128
1100,20160112,11, 1,1,       1801 ,,104854,104854,104854071500,1,,,,,,0,726,24000,128,724,60000,128
1100,20160112,11, 1,1,       1801 ,,104854,104854,104854072200,1,,,,,,0,726,24000,128,725,1000,128
1100,20160112,11, 1,1,       1801 ,104854,104854,104854,104854073500,1,725,16,0,1000,0,0,726,24000,128,724,60000,128
1100,20160112,11, 1,1,       1801 ,,104854,104854,104854074700,1,,,,,,0,726,26000,128,724,60000,128
1100,20160112,11, 1,1,       1801 ,,104854,104854,104854076100,1,,,,,,0,726,26000,128,724,61000,128
1100,20160112,11, 1,1,       1801 ,,104854,104854,104854077200,1,,,,,,0,725,1000,128,724,61000,128
1100,20160112,11, 1,1,       1801 ,,104854,104854,104854078800,1,,,,,,0,725,1000,128,724,60000,128
1100,20160112,11, 1,1,       1801 ,,104854,104854,104854079500,1,,,,,,0,725,1000,128,724,61000,128
1100,20160112,11, 1,1,       1801 ,,104854,104854,104854080100,1,,,,,,0,725,1000,128,724,59000,128
1100,20160112,11, 1,1,       1801 ,104854,104854,104854,104854082500,1,725,48,0,1000,0,0,726,27000,128,724,59000,128
1100,20160112,11, 1,1,       1801 ,,104854,104854,104854083200,1,,,,,,0,726,27000,128,724,59000,128
1100,20160112,11, 1,1,       1801 ,,104854,104854,104854084000,1,,,,,,0,726,27000,128,724,53000,128
1100,20160112,11, 1,1,       1801 ,,104854,104854,104854085600,1,,,,,,0,726,31000,128,724,53000,128
1100,20160112,11, 1,1,       1801 ,,104854,104854,104854086300,1,,,,,,0,726,31000,128,725,1000,128
1100,20160112,11, 1,1,       1801 ,,104854,104854,104854088800,1,,,,,,0,726,31000,128,725,5000,128
1100,20160112,11, 1,1,       1801 ,,104854,104854,104854181800,1,,,,,,0,726,31000,128,725,6000,128
1100,20160112,11, 1,1,       1801 ,104854,104854,104854,104854685300,1,725,16,0,2000,0,0,726,31000,128,725,4000,128
1100,20160112,11, 1,1,       1801 ,,104854,104854,104854687100,1,,,,,,0,726,31000,128,725,4000,128
1100,20160112,11, 1,1,       1801 ,,104854,104854,104854792200,1,,,,,,0,726,31000,128,725,3000,128
1100,20160112,11, 1,1,       1801 ,,104858,104858,104858321700,1,,,,,,0,726,32000,128,725,3000,128
1100,20160112,11, 1,1,       1801 ,,104858,104858,104858661800,1,,,,,,0,726,34000,128,725,3000,128
1100,20160112,11, 1,1,       1801 ,,104858,104858,104858821300,1,,,,,,0,726,33000,128,725,3000,128
1100,20160112,11, 1,1,       1801 ,,104859,104859,104859019800,1,,,,,,0,726,33000,128,725,4000,128
1100,20160112,11, 1,1,       1801 ,,104900,104900,104900285100,1,,,,,,0,726,33000,128,725,5000,128
1100,20160112,11, 1,1,       1801 ,,104902,104902,104902778000,1,,,,,,0,726,33000,128,725,6000,128
1100,20160112,11, 1,1,       1801 ,,104905,104905,104905701000,1,,,,,,0,726,33000,128,725,7000,128
1100,20160112,11, 1,1,       1801 ,,104905,104905,104905713200,1,,,,,,0,726,33000,128,725,6000,128
1100,20160112,11, 1,1,       1801 ,,104907,104907,104907659400,1,,,,,,0,726,34000,128,725,6000,128
1100,20160112,11, 1,1,       1801 ,,104907,104907,104907716800,1,,,,,,0,726,35000,128,725,6000,128
1100,20160112,11, 1,1,       1801 ,,104909,104909,104909140700,1,,,,,,0,726,35000,128,725,8000,128
1100,20160112,11, 1,1,       1801 ,,104910,104910,104910371400,1,,,,,,0,726,34000,128,725,8000,128
1100,20160112,11, 1,1,       1801 ,,104912,104912,104912331100,1,,,,,,0,726,34000,128,725,9000,128
1100,20160112,11, 1,1,       1801 ,,104912,104912,104912882600,1,,,,,,0,726,35000,128,725,9000,128
1100,20160112,11, 1,1,       1801 ,,104912,104912,104912930600,1,,,,,,0,726,34000,128,725,9000,128
1100,20160112,11, 1,1,       1801 ,,104915,104915,104915957500,1,,,,,,0,726,35000,128,725,9000,128
1100,20160112,11, 1,1,       1801 ,,104917,104917,104917281000,1,,,,,,0,726,34000,128,725,9000,128
1100,20160112,11, 1,1,       1801 ,,104917,104917,104917745500,1,,,,,,0,726,34000,128,725,8000,128
1100,20160112,11, 1,1,       1801 ,104919,104919,104919,104919080600,1,725,16,0,1000,0,0,726,34000,128,725,7000,128
1100,20160112,11, 1,1,       1801 ,104919,104919,104919,104919082200,1,725,16,0,7000,0,0,726,34000,128,724,60000,128
1100,20160112,11, 1,1,       1801 ,,104919,104919,104919085800,1,,,,,,0,726,35000,128,724,60000,128
1100,20160112,11, 1,1,       1801 ,,104919,104919,104919088200,1,,,,,,0,725,2000,128,724,60000,128
1100,20160112,11, 1,1,       1801 ,,104919,104919,104919091000,1,,,,,,0,725,2000,128,724,59000,128
1100,20160112,11, 1,1,       1801 ,,104919,104919,104919091800,1,,,,,,0,725,2000,128,724,53000,128
1100,20160112,11, 1,1,       1801 ,,104919,104919,104919093200,1,,,,,,0,725,2000,128,724,52000,128
1100,20160112,11, 1,1,       1801 ,,104919,104919,104919094000,1,,,,,,0,725,3000,128,724,52000,128
1100,20160112,11, 1,1,       1801 ,,104919,104919,104919095600,1,,,,,,0,725,4000,128,724,52000,128
1100,20160112,11, 1,1,       1801 ,,104919,104919,104919111700,1,,,,,,0,725,4000,128,724,48000,128
1100,20160112,11, 1,1,       1801 ,,104919,104919,104919114000,1,,,,,,0,725,4000,128,724,31000,128
1100,20160112,11, 1,1,       1801 ,104920,104920,104920,104920089100,1,725,48,0,4000,0,0,726,45000,128,724,31000,128
1100,20160112,11, 1,1,       1801 ,,104920,104920,104920090600,1,,,,,,0,726,45000,128,724,31000,128
1100,20160112,11, 1,1,       1801 ,,104920,104920,104920091300,1,,,,,,0,726,45000,128,725,2000,128
1100,20160112,11, 1,1,       1801 ,,104920,104920,104920095000,1,,,,,,0,726,43000,128,725,2000,128
1100,20160112,11, 1,1,       1801 ,,104920,104920,104920126800,1,,,,,,0,726,35000,128,725,2000,128
1100,20160112,11, 1,1,       1801 ,,104920,104920,104920127900,1,,,,,,0,726,34000,128,725,2000,128
1100,20160112,11, 1,1,       1801 ,,104921,104921,104921797300,1,,,,,,0,726,42000,128,725,2000,128
1100,20160112,11, 1,1,       1801 ,,104921,104921,104921798500,1,,,,,,0,726,43000,128,725,2000,128
1100,20160112,11, 1,1,       1801 ,,104923,104923,104923385400,1,,,,,,0,726,44000,128,725,2000,128
1100,20160112,11, 1,1,       1801 ,104924,104924,104924,104924039000,1,725,16,0,2000,0,0,726,44000,128,724,34000,128
1100,20160112,11, 1,1,       1801 ,,104924,104924,104924041800,1,,,,,,0,726,44000,128,724,34000,128
1100,20160112,11, 1,1,       1801 ,,104924,104924,104924043300,1,,,,,,0,725,1000,128,724,34000,128
1100,20160112,11, 1,1,       1801 ,,104924,104924,104924044500,1,,,,,,0,725,3000,128,724,34000,128
1100,20160112,11, 1,1,       1801 ,,104924,104924,104924046000,1,,,,,,0,725,5000,128,724,34000,128
1100,20160112,11, 1,1,       1801 ,,104924,104924,104924046800,1,,,,,,0,725,5000,128,724,32000,128
1100,20160112,11, 1,1,       1801 ,,104924,104924,104924048300,1,,,,,,0,725,5000,128,724,31000,128
1100,20160112,11, 1,1,       1801 ,,104924,104924,104924049900,1,,,,,,0,725,5000,128,724,30000,128
1100,20160112,11, 1,1,       1801 ,104924,104924,104924,104924592000,1,725,48,0,5000,0,0,726,55000,128,724,30000,128
1100,20160112,11, 1,1,       1801 ,,104924,104924,104924594400,1,,,,,,0,726,55000,128,725,1000,128
1100,20160112,11, 1,1,       1801 ,,104924,104924,104924595400,1,,,,,,0,726,54000,128,725,1000,128
1100,20160112,11, 1,1,       1801 ,,104924,104924,104924597600,1,,,,,,0,726,52000,128,725,1000,128
1100,20160112,11, 1,1,       1801 ,,104924,104924,104924598400,1,,,,,,0,726,43000,128,725,1000,128
1100,20160112,11, 1,1,       1801 ,,104924,104924,104924599700,1,,,,,,0,726,42000,128,725,1000,128
1100,20160112,11, 1,1,       1801 ,,104924,104924,104924631600,1,,,,,,0,726,43000,128,725,1000,128
1100,20160112,11, 1,1,       1801 ,104933,104933,104933,104933664700,1,725,16,0,1000,0,0,726,43000,128,724,32000,128
1100,20160112,11, 1,1,       1801 ,,104933,104933,104933666400,1,,,,,,0,726,43000,128,724,32000,128
1100,20160112,11, 1,1,       1801 ,,104933,104933,104933667700,1,,,,,,0,726,43000,128,724,31000,128
1100,20160112,11, 1,1,       1801 ,,104933,104933,104933718800,1,,,,,,0,726,41000,128,724,31000,128
1100,20160112,11, 1,1,       1801 ,,104933,104933,104933720300,1,,,,,,0,726,41000,128,724,37000,128
1100,20160112,11, 1,1,       1801 ,,104933,104933,104933721300,1,,,,,,0,726,40000,128,724,37000,128
1100,20160112,11, 1,1,       1801 ,,104937,104937,104937141200,1,,,,,,0,726,40000,128,724,38000,128
1100,20160112,11, 1,1,       1801 ,,104939,104939,104939654400,1,,,,,,0,726,40000,128,724,37000,128
1100,20160112,11, 1,1,       1801 ,,104940,104940,104940020200,1,,,,,,0,726,41000,128,724,37000,128
1100,20160112,11, 1,1,       1801 ,,104940,104940,104940300200,1,,,,,,0,726,41000,128,724,38000,128
1100,20160112,11, 1,1,       1801 ,,104942,104942,104942120200,1,,,,,,0,726,40000,128,724,38000,128
1100,20160112,11, 1,1,       1801 ,,104942,104942,104942121600,1,,,,,,0,726,40000,128,724,39000,128
1100,20160112,11, 1,1,       1801 ,,104945,104945,104945334900,1,,,,,,0,726,41000,128,724,39000,128
1100,20160112,11, 1,1,       1801 ,,104946,104946,104946743000,1,,,,,,0,726,41000,128,724,40000,128
1100,20160112,11, 1,1,       1801 ,,104948,104948,104948300500,1,,,,,,0,726,42000,128,724,40000,128
1100,20160112,11, 1,1,       1801 ,,104948,104948,104948341400,1,,,,,,0,726,42000,128,724,39000,128
1100,20160112,11, 1,1,       1801 ,,104948,104948,104948392600,1,,,,,,0,726,42000,128,724,40000,128
1100,20160112,11, 1,1,       1801 ,,104948,104948,104948422400,1,,,,,,0,726,42000,128,724,39000,128
1100,20160112,11, 1,1,       1801 ,,104948,104948,104948550700,1,,,,,,0,726,42000,128,724,40000,128
1100,20160112,11, 1,1,       1801 ,,104948,104948,104948571400,1,,,,,,0,726,42000,128,724,39000,128
1100,20160112,11, 1,1,       1801 ,,104949,104949,104949065000,1,,,,,,0,725,1000,128,724,39000,128
1100,20160112,11, 1,1,       1801 ,,104949,104949,104949067800,1,,,,,,0,725,1000,128,724,33000,128
1100,20160112,11, 1,1,       1801 ,,104949,104949,104949070700,1,,,,,,0,725,2000,128,724,33000,128
1100,20160112,11, 1,1,       1801 ,,104949,104949,104949071400,1,,,,,,0,725,2000,128,724,32000,128
1100,20160112,11, 1,1,       1801 ,104950,104950,104950,104950175400,1,725,48,0,2000,0,0,726,53000,128,724,32000,128
1100,20160112,11, 1,1,       1801 ,,104950,104950,104950177800,1,,,,,,0,726,53000,128,724,32000,128
1100,20160112,11, 1,1,       1801 ,,104953,104953,104953724400,1,,,,,,0,726,54000,128,724,32000,128
1100,20160112,11, 1,1,       1801 ,,104953,104953,104953725500,1,,,,,,0,726,54000,128,724,33000,128
1100,20160112,11, 1,1,       1801 ,,104953,104953,104953726100,1,,,,,,0,726,55000,128,724,33000,128
1100,20160112,11, 1,1,       1801 ,,104954,104954,104954050600,1,,,,,,0,726,55000,128,724,34000,128
1100,20160112,11, 1,1,       1801 ,,104954,104954,104954639700,1,,,,,,0,726,46000,128,724,34000,128
1100,20160112,11, 1,1,       1801 ,,104954,104954,104954641100,1,,,,,,0,726,45000,128,724,34000,128
1100,20160112,11, 1,1,       1801 ,,104955,104955,104955740200,1,,,,,,0,726,46000,128,724,34000,128
1100,20160112,11, 1,1,       1801 ,,104955,104955,104955741700,1,,,,,,0,726,46000,128,724,40000,128
1100,20160112,11, 1,1,       1801 ,,104955,104955,104955742900,1,,,,,,0,726,44000,128,724,40000,128
1100,20160112,11, 1,1,       1801 ,,104955,104955,104955743500,1,,,,,,0,726,43000,128,724,40000,128
1100,20160112,11, 1,1,       1801 ,,104955,104955,104955744300,1,,,,,,0,726,47000,128,724,40000,128
1100,20160112,11, 1,1,       1801 ,,105001,105001,105001801600,1,,,,,,0,726,47000,128,725,1000,128
1100,20160112,11, 1,1,       1801 ,,105001,105001,105001810200,1,,,,,,0,726,47000,128,725,5000,128
1100,20160112,11, 1,1,       1801 ,,105001,105001,105001811300,1,,,,,,0,726,47000,128,725,6000,128
1100,20160112,11, 1,1,       1801 ,,105003,105003,105003800400,1,,,,,,0,726,51000,128,725,6000,128
1100,20160112,11, 1,1,       1801 ,,105005,105005,105005730800,1,,,,,,0,726,50000,128,725,6000,128
1100,20160112,11, 1,1,       1801 ,,105006,105006,105006851600,1,,,,,,0,726,50000,128,725,5000,128
1100,20160112,11, 1,1,       1801 ,,105006,105006,105006871500,1,,,,,,0,726,51000,128,725,5000,128
1100,20160112,11, 1,1,       1801 ,,105007,105007,105007781200,1,,,,,,0,726,52000,128,725,5000,128
1100,20160112,11, 1,1,       1801 ,105007,105007,105007,105007782900,1,725,16,0,3000,0,0,726,52000,128,725,2000,128
1100,20160112,11, 1,1,       1801 ,105007,105007,105007,105007784400,1,725,16,0,2000,0,0,726,52000,128,724,49000,128
1100,20160112,11, 1,1,       1801 ,,105007,105007,105007786700,1,,,,,,0,725,2000,128,724,49000,128
1100,20160112,11, 1,1,       1801 ,,105007,105007,105007787500,1,,,,,,0,725,4000,128,724,49000,128
1100,20160112,11, 1,1,       1801 ,,105007,105007,105007789100,1,,,,,,0,725,4000,128,724,48000,128
1100,20160112,11, 1,1,       1801 ,,105007,105007,105007791800,1,,,,,,0,725,4000,128,724,47000,128
1100,20160112,11, 1,1,       1801 ,,105007,105007,105007794300,1,,,,,,0,725,4000,128,724,41000,128
1100,20160112,11, 1,1,       1801 ,,105007,105007,105007795200,1,,,,,,0,725,5000,128,724,41000,128
1100,20160112,11, 1,1,       1801 ,,105007,105007,105007987100,1,,,,,,0,725,5000,128,724,37000,128
1100,20160112,11, 1,1,       1801 ,,105007,105007,105007989000,1,,,,,,0,725,5000,128,724,36000,128
1100,20160112,11, 1,1,       1801 ,,105008,105008,105008791100,1,,,,,,0,725,3000,128,724,36000,128
1100,20160112,11, 1,1,       1801 ,,105008,105008,105008791800,1,,,,,,0,725,3000,128,724,37000,128
1100,20160112,11, 1,1,       1801 ,,105009,105009,105009239100,1,,,,,,0,725,3000,128,724,38000,128
1100,20160112,11, 1,1,       1801 ,,105009,105009,105009325500,1,,,,,,0,725,4000,128,724,38000,128
1100,20160112,11, 1,1,       1801 ,,105010,105010,105010547700,1,,,,,,0,725,4000,128,724,39000,128
1100,20160112,11, 1,1,       1801 ,,105010,105010,105010550700,1,,,,,,0,725,4000,128,724,38000,128
1100,20160112,11, 1,1,       1801 ,,105011,105011,105011881000,1,,,,,,0,725,3000,128,724,38000,128
1100,20160112,11, 1,1,       1801 ,,105011,105011,105011883000,1,,,,,,0,725,3000,128,724,39000,128
1100,20160112,11, 1,1,       1801 ,,105012,105012,105012362400,1,,,,,,0,725,3000,128,724,40000,128
1100,20160112,11, 1,1,       1801 ,105012,105012,105012,105012401300,1,725,48,0,2000,0,0,725,1000,128,724,40000,128
1100,20160112,11, 1,1,       1801 ,105012,105012,105012,105012799500,1,725,48,0,1000,0,0,726,56000,128,724,40000,128
1100,20160112,11, 1,1,       1801 ,,105012,105012,105012800300,1,,,,,,0,726,56000,128,725,1000,128
1100,20160112,11, 1,1,       1801 ,,105012,105012,105012801300,1,,,,,,0,726,56000,128,725,3000,128
1100,20160112,11, 1,1,       1801 ,,105012,105012,105012803800,1,,,,,,0,726,54000,128,725,3000,128
1100,20160112,11, 1,1,       1801 ,,105012,105012,105012805300,1,,,,,,0,726,45000,128,725,3000,128
1100,20160112,11, 1,1,       1801 ,,105012,105012,105012806200,1,,,,,,0,726,45000,128,725,4000,128
1100,20160112,11, 1,1,       1801 ,,105012,105012,105012807000,1,,,,,,0,726,44000,128,725,4000,128
1100,20160112,11, 1,1,       1801 ,,105012,105012,105012807700,1,,,,,,0,726,44000,128,725,5000,128
1100,20160112,11, 1,1,       1801 ,,105012,105012,105012904000,1,,,,,,0,726,44000,128,725,6000,128
1100,20160112,11, 1,1,       1801 ,,105014,105014,105014004400,1,,,,,,0,726,45000,128,725,6000,128
1100,20160112,11, 1,1,       1801 ,,105014,105014,105014557300,1,,,,,,0,726,44000,128,725,6000,128
1100,20160112,11, 1,1,       1801 ,,105015,105015,105015403400,1,,,,,,0,726,44000,128,725,5000,128
1100,20160112,11, 1,1,       1801 ,,105015,105015,105015980500,1,,,,,,0,726,44000,128,725,6000,128
1100,20160112,11, 1,1,       1801 ,,105019,105019,105019261500,1,,,,,,0,726,42000,128,725,6000,128
1100,20160112,11, 1,1,       1801 ,,105021,105021,105021975900,1,,,,,,0,726,42000,128,725,7000,128
1100,20160112,11, 1,1,       1801 ,,105022,105022,105022872500,1,,,,,,0,726,43000,128,725,7000,128
1100,20160112,11, 1,1,       1801 ,,105022,105022,105022875100,1,,,,,,0,726,43000,128,725,6000,128
1100,20160112,11, 1,1,       1801 ,,105022,105022,105022971300,1,,,,,,0,726,43000,128,725,5000,128
1100,20160112,11, 1,1,       1801 ,,105023,105023,105023817100,1,,,,,,0,726,46000,128,725,5000,128
1100,20160112,11, 1,1,       1801 ,,105027,105027,105027658100,1,,,,,,0,726,46000,128,725,6000,128
1100,20160112,11, 1,1,       1801 ,,105030,105030,105030879200,1,,,,,,0,726,46000,128,725,8000,128
1100,20160112,11, 1,1,       1801 ,,105031,105031,105031201200,1,,,,,,0,726,48000,128,725,8000,128
1100,20160112,11, 1,1,       1801 ,,105031,105031,105031230800,1,,,,,,0,726,48000,128,725,7000,128
1100,20160112,11, 1,1,       1801 ,,105031,105031,105031251100,1,,,,,,0,726,49000,128,725,7000,128
1100,20160112,11, 1,1,       1801 ,,105031,105031,105031271300,1,,,,,,0,726,50000,128,725,7000,128
1100,20160112,11, 1,1,       1801 ,,105031,105031,105031321300,1,,,,,,0,726,49000,128,725,7000,128
1100,20160112,11, 1,1,       1801 ,,105035,105035,105035736300,1,,,,,,0,726,49000,128,725,8000,128
1100,20160112,11, 1,1,       1801 ,,105037,105037,105037050200,1,,,,,,0,726,49000,128,725,9000,128
1100,20160112,11, 1,1,       1801 ,105038,105038,105038,105038005400,1,726,48,0,1000,0,0,726,48000,128,725,9000,128
1100,20160112,11, 1,1,       1801 ,,105038,105038,105038007300,1,,,,,,0,726,44000,128,725,9000,128
1100,20160112,11, 1,1,       1801 ,,105038,105038,105038018300,1,,,,,,0,726,46000,128,725,9000,128
1100,20160112,11, 1,1,       1801 ,,105038,105038,105038022100,1,,,,,,0,726,47000,128,725,9000,128
1100,20160112,11, 1,1,       1801 ,,105039,105039,105039609400,1,,,,,,0,726,45000,128,725,9000,128
1100,20160112,11, 1,1,       1801 ,,105039,105039,105039620500,1,,,,,,0,726,44000,128,725,9000,128
1100,20160112,11, 1,1,       1801 ,,105042,105042,105042280100,1,,,,,,0,726,44000,128,725,8000,128
1100,20160112,11, 1,1,       1801 ,,105042,105042,105042281500,1,,,,,,0,726,44000,128,725,9000,128
1100,20160112,11, 1,1,       1801 ,,105048,105048,105048630500,1,,,,,,0,726,45000,128,725,9000,128
1100,20160112,11, 1,1,       1801 ,,105050,105050,105050490500,1,,,,,,0,726,44000,128,725,9000,128
1100,20160112,11, 1,1,       1801 ,,105051,105051,105051648700,1,,,,,,0,726,44000,128,725,10000,128
1100,20160112,11, 1,1,       1801 ,105051,105051,105051,105051770100,1,726,48,0,30000,0,0,726,14000,128,725,10000,128
1100,20160112,11, 1,1,       1801 ,105051,105051,105051,105051772300,1,726,48,0,1000,0,0,726,13000,128,725,10000,128
1100,20160112,11, 1,1,       1801 ,,105051,105051,105051773200,1,,,,,,0,726,13000,128,725,12000,128
1100,20160112,11, 1,1,       1801 ,105051,105051,105051,105051774100,1,726,48,0,2000,0,0,726,11000,128,725,12000,128
1100,20160112,11, 1,1,       1801 ,,105051,105051,105051775500,1,,,,,,0,726,11000,128,725,18000,128
1100,20160112,11, 1,1,       1801 ,,105051,105051,105051776200,1,,,,,,0,726,9000,128,725,18000,128
1100,20160112,11, 1,1,       1801 ,,105051,105051,105051776900,1,,,,,,0,726,9000,128,725,19000,128
1100,20160112,11, 1,1,       1801 ,,105051,105051,105051787100,1,,,,,,0,726,9000,128,725,20000,128
1100,20160112,11, 1,1,       1801 ,,105051,105051,105051865400,1,,,,,,0,726,6000,128,725,20000,128
1100,20160112,11, 1,1,       1801 ,,105052,105052,105052626800,1,,,,,,0,726,6000,128,725,21000,128
1100,20160112,11, 1,1,       1801 ,105054,105054,105054,105054688000,1,726,48,0,2000,0,0,726,4000,128,725,21000,128
1100,20160112,11, 1,1,       1801 ,105054,105054,105054,105054689800,1,726,48,0,4000,0,0,727,51000,128,725,21000,128
1100,20160112,11, 1,1,       1801 ,,105054,105054,105054691500,1,,,,,,0,727,51000,128,726,1000,128
1100,20160112,11, 1,1,       1801 ,,105054,105054,105054699400,1,,,,,,0,727,52000,128,726,1000,128
1100,20160112,11, 1,1,       1801 ,,105054,105054,105054702600,1,,,,,,0,727,54000,128,726,1000,128
1100,20160112,11, 1,1,       1801 ,,105054,105054,105054705500,1,,,,,,0,727,53000,128,726,1000,128
1100,20160112,11, 1,1,       1801 ,,105054,105054,105054706200,1,,,,,,0,727,51000,128,726,1000,128
1100,20160112,11, 1,1,       1801 ,,105054,105054,105054708400,1,,,,,,0,727,52000,128,726,1000,128
1100,20160112,11, 1,1,       1801 ,,105054,105054,105054712500,1,,,,,,0,727,48000,128,726,1000,128
1100,20160112,11, 1,1,       1801 ,,105054,105054,105054732400,1,,,,,,0,727,48000,128,726,2000,128
1100,20160112,11, 1,1,       1801 ,,105055,105055,105055158200,1,,,,,,0,727,48000,128,726,3000,128
1100,20160112,11, 1,1,       1801 ,,105055,105055,105055596300,1,,,,,,0,727,49000,128,726,3000,128
1100,20160112,11, 1,1,       1801 ,,105056,105056,105056789400,1,,,,,,0,727,49000,128,726,4000,128
1100,20160112,11, 1,1,       1801 ,,105057,105057,105057307200,1,,,,,,0,727,48000,128,726,4000,128
1100,20160112,11, 1,1,       1801 ,,105058,105058,105058119700,1,,,,,,0,727,48000,128,726,5000,128
1100,20160112,11, 1,1,       1801 ,,105058,105058,105058122500,1,,,,,,0,727,47000,128,726,5000,128
1100,20160112,11, 1,1,       1801 ,,105058,105058,105058123300,1,,,,,,0,727,46000,128,726,5000,128
1100,20160112,11, 1,1,       1801 ,,105058,105058,105058179600,1,,,,,,0,727,37000,128,726,5000,128
1100,20160112,11, 1,1,       1801 ,,105058,105058,105058181000,1,,,,,,0,727,33000,128,726,5000,128
1100,20160112,11, 1,1,       1801 ,,105058,105058,105058181900,1,,,,,,0,727,25000,128,726,5000,128
1100,20160112,11, 1,1,       1801 ,,105058,105058,105058183400,1,,,,,,0,727,25000,128,726,7000,128
1100,20160112,11, 1,1,       1801 ,,105058,105058,105058186100,1,,,,,,0,727,21000,128,726,7000,128
1100,20160112,11, 1,1,       1801 ,,105058,105058,105058187800,1,,,,,,0,727,21000,128,726,8000,128
1100,20160112,11, 1,1,       1801 ,,105058,105058,105058269100,1,,,,,,0,727,19000,128,726,8000,128
1100,20160112,11, 1,1,       1801 ,,105058,105058,105058376800,1,,,,,,0,727,19000,128,726,9000,128
1100,20160112,11, 1,1,       1801 ,,105100,105100,105100261700,1,,,,,,0,727,19000,128,726,8000,128
1100,20160112,11, 1,1,       1801 ,,105103,105103,105103184200,1,,,,,,0,727,20000,128,726,8000,128
1100,20160112,11, 1,1,       1801 ,,105103,105103,105103251700,1,,,,,,0,727,19000,128,726,8000,128
1100,20160112,11, 1,1,       1801 ,,105103,105103,105103352100,1,,,,,,0,727,20000,128,726,8000,128
1100,20160112,11, 1,1,       1801 ,,105103,105103,105103374200,1,,,,,,0,727,19000,128,726,8000,128
1100,20160112,11, 1,1,       1801 ,,105103,105103,105103530800,1,,,,,,0,727,20000,128,726,8000,128
1100,20160112,11, 1,1,       1801 ,,105103,105103,105103790900,1,,,,,,0,727,20000,128,726,9000,128
1100,20160112,11, 1,1,       1801 ,,105105,105105,105105616200,1,,,,,,0,727,18000,128,726,9000,128
1100,20160112,11, 1,1,       1801 ,,105105,105105,105105619100,1,,,,,,0,727,18000,128,726,79000,128
1100,20160112,11, 1,1,       1801 ,,105105,105105,105105619800,1,,,,,,0,727,19000,128,726,79000,128
1100,20160112,11, 1,1,       1801 ,,105105,105105,105105620500,1,,,,,,0,727,19000,128,726,80000,128
1100,20160112,11, 1,1,       1801 ,,105105,105105,105105621800,1,,,,,,0,727,18000,128,726,80000,128
1100,20160112,11, 1,1,       1801 ,,105105,105105,105105622600,1,,,,,,0,727,17000,128,726,80000,128
1100,20160112,11, 1,1,       1801 ,,105105,105105,105105623900,1,,,,,,0,727,17000,128,726,79000,128
1100,20160112,11, 1,1,       1801 ,,105111,105111,105111409100,1,,,,,,0,727,18000,128,726,79000,128
1100,20160112,11, 1,1,       1801 ,,105111,105111,105111955800,1,,,,,,0,727,18000,128,726,78000,128
1100,20160112,11, 1,1,       1801 ,,105112,105112,105112391200,1,,,,,,0,727,20000,128,726,78000,128
1100,20160112,11, 1,1,       1801 ,,105112,105112,105112393600,1,,,,,,0,727,20000,128,726,76000,128
1100,20160112,11, 1,1,       1801 ,,105112,105112,105112414100,1,,,,,,0,727,18000,128,726,76000,128
1100,20160112,11, 1,1,       1801 ,,105113,105113,105113967100,1,,,,,,0,727,17000,128,726,76000,128
1100,20160112,11, 1,1,       1801 ,,105115,105115,105115301000,1,,,,,,0,727,17000,128,726,78000,128
1100,20160112,11, 1,1,       1801 ,,105115,105115,105115303700,1,,,,,,0,727,13000,128,726,78000,128
1100,20160112,11, 1,1,       1801 ,,105115,105115,105115479400,1,,,,,,0,727,14000,128,726,78000,128
1100,20160112,11, 1,1,       1801 ,,105116,105116,105116719200,1,,,,,,0,727,15000,128,726,78000,128
1100,20160112,11, 1,1,       1801 ,,105117,105117,105117250900,1,,,,,,0,727,15000,128,726,76000,128
1100,20160112,11, 1,1,       1801 ,,105117,105117,105117951500,1,,,,,,0,727,14000,128,726,76000,128
1100,20160112,11, 1,1,       1801 ,,105117,105117,105117975000,1,,,,,,0,727,15000,128,726,76000,128
1100,20160112,11, 1,1,       1801 ,,105118,105118,105118156100,1,,,,,,0,727,14000,128,726,76000,128
1100,20160112,11, 1,1,       1801 ,,105118,105118,105118169300,1,,,,,,0,727,15000,128,726,76000,128
1100,20160112,11, 1,1,       1801 ,,105118,105118,105118251500,1,,,,,,0,727,14000,128,726,76000,128
1100,20160112,11, 1,1,       1801 ,,105118,105118,105118590600,1,,,,,,0,727,14000,128,726,78000,128
1100,20160112,11, 1,1,       1801 ,,105120,105120,105120510100,1,,,,,,0,727,14000,128,726,76000,128
1100,20160112,11, 1,1,       1801 ,,105122,105122,105122483000,1,,,,,,0,727,15000,128,726,76000,128
1100,20160112,11, 1,1,       1801 ,,105122,105122,105122484600,1,,,,,,0,727,15000,128,726,80000,128
1100,20160112,11, 1,1,       1801 ,,105122,105122,105122604200,1,,,,,,0,727,14000,128,726,80000,128
1100,20160112,11, 1,1,       1801 ,,105122,105122,105122945900,1,,,,,,0,727,14000,128,726,81000,128
1100,20160112,11, 1,1,       1801 ,,105123,105123,105123575700,1,,,,,,0,727,14000,128,726,85000,128
1100,20160112,11, 1,1,       1801 ,,105125,105125,105125640700,1,,,,,,0,727,14000,128,726,87000,128
1100,20160112,11, 1,1,       1801 ,,105125,105125,105125680400,1,,,,,,0,727,14000,128,726,85000,128
1100,20160112,11, 1,1,       1801 ,,105129,105129,105129574500,1,,,,,,0,727,13000,128,726,85000,128
1100,20160112,11, 1,1,       1801 ,,105135,105135,105135730500,1,,,,,,0,727,13000,128,726,86000,128
1100,20160112,11, 1,1,       1801 ,,105138,105138,105138303100,1,,,,,,0,727,14000,128,726,86000,128
1100,20160112,11, 1,1,       1801 ,,105138,105138,105138807900,1,,,,,,0,727,15000,128,726,86000,128
1100,20160112,11, 1,1,       1801 ,,105138,105138,105138884600,1,,,,,,0,727,15000,128,726,85000,128
1100,20160112,11, 1,1,       1801 ,,105143,105143,105143093800,1,,,,,,0,727,14000,128,726,85000,128
1100,20160112,11, 1,1,       1801 ,,105151,105151,105151104100,1,,,,,,0,727,14000,128,726,88000,128
1100,20160112,11, 1,1,       1801 ,,105151,105151,105151105600,1,,,,,,0,727,14000,128,726,91000,128
1100,20160112,11, 1,1,       1801 ,,105151,105151,105151106800,1,,,,,,0,727,14000,128,726,92000,128
1100,20160112,11, 1,1,       1801 ,,105151,105151,105151108100,1,,,,,,0,727,10000,128,726,92000,128
1100,20160112,11, 1,1,       1801 ,105151,105151,105151,105151109600,1,727,48,0,10000,0,0,728,78000,128,726,92000,128
1100,20160112,11, 1,1,       1801 ,,105151,105151,105151111300,1,,,,,,0,728,78000,128,726,92000,128
1100,20160112,11, 1,1,       1801 ,,105151,105151,105151112100,1,,,,,,0,728,76000,128,726,92000,128
1100,20160112,11, 1,1,       1801 ,,105151,105151,105151112900,1,,,,,,0,728,73000,128,726,92000,128
1100,20160112,11, 1,1,       1801 ,,105151,105151,105151114500,1,,,,,,0,728,73000,128,726,94000,128
1100,20160112,11, 1,1,       1801 ,,105151,105151,105151117700,1,,,,,,0,728,70000,128,726,94000,128
1100,20160112,11, 1,1,       1801 ,,105151,105151,105151118500,1,,,,,,0,728,66000,128,726,94000,128
1100,20160112,11, 1,1,       1801 ,,105151,105151,105151120300,1,,,,,,0,728,66000,128,726,95000,128
1100,20160112,11, 1,1,       1801 ,,105151,105151,105151122000,1,,,,,,0,728,67000,128,726,95000,128
1100,20160112,11, 1,1,       1801 ,,105151,105151,105151125300,1,,,,,,0,728,67000,128,726,96000,128
1100,20160112,11, 1,1,       1801 ,,105151,105151,105151126000,1,,,,,,0,728,68000,128,726,96000,128
1100,20160112,11, 1,1,       1801 ,,105151,105151,105151127500,1,,,,,,0,728,68000,128,726,95000,128
1100,20160112,11, 1,1,       1801 ,,105151,105151,105151136700,1,,,,,,0,728,64000,128,726,95000,128
1100,20160112,11, 1,1,       1801 ,,105151,105151,105151162100,1,,,,,,0,728,46000,128,726,95000,128
1100,20160112,11, 1,1,       1801 ,,105151,105151,105151163300,1,,,,,,0,728,46000,128,726,96000,128
1100,20160112,11, 1,1,       1801 ,,105151,105151,105151164000,1,,,,,,0,728,46000,128,726,94000,128
1100,20160112,11, 1,1,       1801 ,,105151,105151,105151170800,1,,,,,,0,728,46000,128,726,99000,128
1100,20160112,11, 1,1,       1801 ,,105152,105152,105152006600,1,,,,,,0,728,47000,128,726,99000,128
1100,20160112,11, 1,1,       1801 ,,105152,105152,105152810800,1,,,,,,0,728,47000,128,726,101000,128
1100,20160112,11, 1,1,       1801 ,,105153,105153,105153208400,1,,,,,,0,728,47000,128,727,10000,128
1100,20160112,11, 1,1,       1801 ,,105153,105153,105153211200,1,,,,,,0,728,38000,128,727,10000,128
1100,20160112,11, 1,1,       1801 ,,105153,105153,105153212600,1,,,,,,0,728,34000,128,727,10000,128
1100,20160112,11, 1,1,       1801 ,,105153,105153,105153213400,1,,,,,,0,728,34000,128,727,11000,128
1100,20160112,11, 1,1,       1801 ,,105153,105153,105153215700,1,,,,,,0,728,34000,128,727,12000,128
1100,20160112,11, 1,1,       1801 ,,105153,105153,105153216500,1,,,,,,0,728,33000,128,727,12000,128
1100,20160112,11, 1,1,       1801 ,,105153,105153,105153217200,1,,,,,,0,728,31000,128,727,12000,128
1100,20160112,11, 1,1,       1801 ,,105153,105153,105153217900,1,,,,,,0,728,31000,128,727,14000,128
1100,20160112,11, 1,1,       1801 ,,105153,105153,105153220000,1,,,,,,0,728,30000,128,727,14000,128
1100,20160112,11, 1,1,       1801 ,,105153,105153,105153220800,1,,,,,,0,728,29000,128,727,14000,128
1100,20160112,11, 1,1,       1801 ,,105153,105153,105153245000,1,,,,,,0,728,29000,128,727,15000,128
1100,20160112,11, 1,1,       1801 ,,105153,105153,105153246500,1,,,,,,0,728,29000,128,727,19000,128
1100,20160112,11, 1,1,       1801 ,105153,105153,105153,105153739500,1,727,16,0,5000,0,0,728,29000,128,727,14000,128
1100,20160112,11, 1,1,       1801 ,,105153,105153,105153923900,1,,,,,,0,728,29000,128,727,14000,128
1100,20160112,11, 1,1,       1801 ,,105154,105154,105154413900,1,,,,,,0,728,29000,128,727,15000,128
1100,20160112,11, 1,1,       1801 ,,105154,105154,105154417600,1,,,,,,0,728,25000,128,727,15000,128
1100,20160112,11, 1,1,       1801 ,,105154,105154,105154428300,1,,,,,,0,728,25000,128,727,16000,128
1100,20160112,11, 1,1,       1801 ,,105154,105154,105154583300,1,,,,,,0,728,24000,128,727,16000,128
1100,20160112,11, 1,1,       1801 ,,105155,105155,105155542200,1,,,,,,0,728,24000,128,727,17000,128
1100,20160112,11, 1,1,       1801 ,105157,105157,105157,105157953400,1,728,48,0,1000,0,0,728,23000,128,727,16000,128
1100,20160112,11, 1,1,       1801 ,,105157,105157,105157955900,1,,,,,,0,728,22000,128,727,16000,128
1100,20160112,11, 1,1,       1801 ,,105158,105158,105158027100,1,,,,,,0,728,22000,128,727,14000,128
1100,20160112,11, 1,1,       1801 ,,105158,105158,105158028800,1,,,,,,0,728,23000,128,727,14000,128
1100,20160112,11, 1,1,       1801 ,,105158,105158,105158030100,1,,,,,,0,728,23000,128,727,13000,128
1100,20160112,11, 1,1,       1801 ,105158,105158,105158,105158107800,1,728,48,0,23000,0,0,729,63000,131,727,13000,128
1100,20160112,11, 1,1,       1801 ,105158,105158,105158,105158107800,2,729,48,0,1000,0,0,729,62000,128,727,13000,128
1100,20160112,11, 1,1,       1801 ,,105158,105158,105158109600,1,,,,,,0,729,62000,128,727,13000,128
1100,20160112,11, 1,1,       1801 ,,105158,105158,105158110500,1,,,,,,0,729,62000,128,727,15000,128
1100,20160112,11, 1,1,       1801 ,,105158,105158,105158111200,1,,,,,,0,729,62000,128,727,17000,128
1100,20160112,11, 1,1,       1801 ,105158,105158,105158,105158112700,1,727,16,0,1000,0,0,729,62000,128,727,16000,128
1100,20160112,11, 1,1,       1801 ,,105158,105158,105158113600,1,,,,,,0,729,62000,128,727,16000,128
1100,20160112,11, 1,1,       1801 ,,105158,105158,105158115900,1,,,,,,0,729,56000,128,727,16000,128
1100,20160112,11, 1,1,       1801 ,,105158,105158,105158116900,1,,,,,,0,729,57000,128,727,16000,128
1100,20160112,11, 1,1,       1801 ,,105158,105158,105158117600,1,,,,,,0,729,58000,128,727,16000,128
1100,20160112,11, 1,1,       1801 ,,105158,105158,105158130200,1,,,,,,0,729,58000,128,728,1000,128
1100,20160112,11, 1,1,       1801 ,,105158,105158,105158132000,1,,,,,,0,729,56000,128,728,1000,128
1100,20160112,11, 1,1,       1801 ,,105158,105158,105158135000,1,,,,,,0,729,52000,128,728,1000,128
1100,20160112,11, 1,1,       1801 ,,105158,105158,105158136600,1,,,,,,0,729,51000,128,728,1000,128
1100,20160112,11, 1,1,       1801 ,,105158,105158,105158141700,1,,,,,,0,729,50000,128,728,1000,128
1100,20160112,11, 1,1,       1801 ,,105158,105158,105158143100,1,,,,,,0,729,44000,128,728,1000,128
1100,20160112,11, 1,1,       1801 ,,105158,105158,105158145200,1,,,,,,0,729,44000,128,728,2000,128
1100,20160112,11, 1,1,       1801 ,,105159,105159,105159001900,1,,,,,,0,729,44000,128,728,1000,128
1100,20160112,11, 1,1,       1801 ,,105159,105159,105159041700,1,,,,,,0,729,45000,128,728,1000,128
1100,20160112,11, 1,1,       1801 ,,105159,105159,105159290300,1,,,,,,0,729,46000,128,728,1000,128
1100,20160112,11, 1,1,       1801 ,,105159,105159,105159431500,1,,,,,,0,729,46000,128,728,2000,128
1100,20160112,11, 1,1,       1801 ,,105159,105159,105159433900,1,,,,,,0,729,45000,128,728,2000,128
1100,20160112,11, 1,1,       1801 ,,105200,105200,105200131400,1,,,,,,0,729,46000,128,728,2000,128
1100,20160112,11, 1,1,       1801 ,,105200,105200,105200223000,1,,,,,,0,729,46000,128,728,3000,128
1100,20160112,11, 1,1,       1801 ,105201,105201,105201,105201004300,1,728,16,0,3000,0,0,729,46000,128,727,29000,128
1100,20160112,11, 1,1,       1801 ,,105201,105201,105201005800,1,,,,,,0,729,47000,128,727,29000,128
1100,20160112,11, 1,1,       1801 ,,105201,105201,105201006500,1,,,,,,0,729,47000,128,727,27000,128
1100,20160112,11, 1,1,       1801 ,,105201,105201,105201007200,1,,,,,,0,728,1000,128,727,27000,128
1100,20160112,11, 1,1,       1801 ,,105201,105201,105201008800,1,,,,,,0,728,7000,128,727,27000,128
1100,20160112,11, 1,1,       1801 ,,105201,105201,105201009900,1,,,,,,0,728,7000,128,727,29000,128
1100,20160112,11, 1,1,       1801 ,,105201,105201,105201010500,1,,,,,,0,728,7000,128,727,30000,128
1100,20160112,11, 1,1,       1801 ,,105201,105201,105201015800,1,,,,,,0,728,9000,128,727,30000,128
1100,20160112,11, 1,1,       1801 ,,105201,105201,105201017200,1,,,,,,0,728,10000,128,727,30000,128
1100,20160112,11, 1,1,       1801 ,,105201,105201,105201017900,1,,,,,,0,728,10000,128,727,26000,128
1100,20160112,11, 1,1,       1801 ,,105202,105202,105202954900,1,,,,,,0,728,10000,128,727,27000,128
1100,20160112,11, 1,1,       1801 ,105202,105202,105202,105202957100,1,728,48,0,1000,0,0,728,9000,128,727,27000,128
1100,20160112,11, 1,1,       1801 ,,105202,105202,105202958700,1,,,,,,0,728,9000,128,727,27000,128
1100,20160112,11, 1,1,       1801 ,,105203,105203,105203787400,1,,,,,,0,728,9000,128,727,26000,128
1100,20160112,11, 1,1,       1801 ,,105204,105204,105204488500,1,,,,,,0,728,10000,128,727,26000,128
1100,20160112,11, 1,1,       1801 ,,105208,105208,105208721900,1,,,,,,0,728,10000,128,727,27000,128
1100,20160112,11, 1,1,       1801 ,,105208,105208,105208744500,1,,,,,,0,728,11000,128,727,27000,128
1100,20160112,11, 1,1,       1801 ,,105209,105209,105209095800,1,,,,,,0,728,11000,128,727,73000,128
1100,20160112,11, 1,1,       1801 ,,105209,105209,105209097900,1,,,,,,0,728,5000,128,727,73000,128
1100,20160112,11, 1,1,       1801 ,,105209,105209,105209098700,1,,,,,,0,728,3000,128,727,73000,128
1100,20160112,11, 1,1,       1801 ,,105209,105209,105209099400,1,,,,,,0,728,3000,128,727,76000,128
1100,20160112,11, 1,1,       1801 ,,105209,105209,105209101000,1,,,,,,0,728,3000,128,727,77000,128
1100,20160112,11, 1,1,       1801 ,105209,105209,105209,105209752300,1,728,48,0,3000,0,0,729,54000,128,727,77000,128
1100,20160112,11, 1,1,       1801 ,,105209,105209,105209753800,1,,,,,,0,729,52000,128,727,77000,128
1100,20160112,11, 1,1,       1801 ,,105210,105210,105210030900,1,,,,,,0,729,52000,128,727,78000,128
1100,20160112,11, 1,1,       1801 ,,105210,105210,105210990800,1,,,,,,0,729,53000,128,727,78000,128
1100,20160112,11, 1,1,       1801 ,,105212,105212,105212066100,1,,,,,,0,729,53000,128,727,82000,128
1100,20160112,11, 1,1,       1801 ,,105212,105212,105212570100,1,,,,,,0,729,46000,128,727,82000,128
1100,20160112,11, 1,1,       1801 ,,105212,105212,105212572900,1,,,,,,0,729,45000,128,727,82000,128
1100,20160112,11, 1,1,       1801 ,,105213,105213,105213691600,1,,,,,,0,729,46000,128,727,82000,128
1100,20160112,11, 1,1,       1801 ,,105214,105214,105214400500,1,,,,,,0,729,46000,128,727,81000,128
1100,20160112,11, 1,1,       1801 ,105215,105215,105215,105215208400,1,727,16,0,1000,0,0,729,46000,128,727,80000,128
1100,20160112,11, 1,1,       1801 ,,105216,105216,105216712600,1,,,,,,0,729,46000,128,727,80000,128
1100,20160112,11, 1,1,       1801 ,,105219,105219,105219112000,1,,,,,,0,729,46000,128,727,86000,128
1100,20160112,11, 1,1,       1801 ,,105219,105219,105219113300,1,,,,,,0,729,46000,128,727,87000,128
1100,20160112,11, 1,1,       1801 ,,105219,105219,105219587300,1,,,,,,0,729,45000,128,727,87000,128
1100,20160112,11, 1,1,       1801 ,,105222,105222,105222310200,1,,,,,,0,729,45000,128,727,86000,128
1100,20160112,11, 1,1,       1801 ,,105227,105227,105227750600,1,,,,,,0,729,45000,128,727,87000,128
1100,20160112,11, 1,1,       1801 ,,105227,105227,105227871300,1,,,,,,0,729,45000,128,727,86000,128
1100,20160112,11, 1,1,       1801 ,,105227,105227,105227900500,1,,,,,,0,729,45000,128,727,87000,128
1100,20160112,11, 1,1,       1801 ,,105231,105231,105231866700,1,,,,,,0,729,45000,128,727,91000,128
1100,20160112,11, 1,1,       1801 ,,105233,105233,105233231700,1,,,,,,0,729,45000,128,727,92000,128
1100,20160112,11, 1,1,       1801 ,,105233,105233,105233290000,1,,,,,,0,729,45000,128,727,91000,128
1100,20160112,11, 1,1,       1801 ,,105237,105237,105237341400,1,,,,,,0,729,46000,128,727,91000,128
1100,20160112,11, 1,1,       1801 ,,105237,105237,105237354600,1,,,,,,0,729,47000,128,727,91000,128
1100,20160112,11, 1,1,       1801 ,,105244,105244,105244591200,1,,,,,,0,729,48000,128,727,91000,128
1100,20160112,11, 1,1,       1801 ,,105244,105244,105244592000,1,,,,,,0,729,49000,128,727,91000,128
1100,20160112,11, 1,1,       1801 ,,105255,105255,105255801300,1,,,,,,0,729,49000,128,727,92000,128
1100,20160112,11, 1,1,       1801 ,,105255,105255,105255880800,1,,,,,,0,729,49000,128,727,91000,128
1100,20160112,11, 1,1,       1801 ,,105309,105309,105309592600,1,,,,,,0,729,48000,128,727,91000,128
1100,20160112,11, 1,1,       1801 ,,105309,105309,105309594100,1,,,,,,0,729,55000,128,727,91000,128
1100,20160112,11, 1,1,       1801 ,,105323,105323,105323341100,1,,,,,,0,728,5000,128,727,91000,128
1100,20160112,11, 1,1,       1801 ,,105323,105323,105323344600,1,,,,,,0,728,14000,128,727,91000,128
1100,20160112,11, 1,1,       1801 ,,105323,105323,105323345300,1,,,,,,0,728,14000,128,727,90000,128
1100,20160112,11, 1,1,       1801 ,,105323,105323,105323346000,1,,,,,,0,728,15000,128,727,90000,128
1100,20160112,11, 1,1,       1801 ,,105323,105323,105323347600,1,,,,,,0,728,19000,128,727,90000,128
1100,20160112,11, 1,1,       1801 ,,105323,105323,105323348900,1,,,,,,0,728,19000,128,727,87000,128
1100,20160112,11, 1,1,       1801 ,,105323,105323,105323349600,1,,,,,,0,728,22000,128,727,87000,128
1100,20160112,11, 1,1,       1801 ,,105323,105323,105323350300,1,,,,,,0,728,22000,128,727,83000,128
1100,20160112,11, 1,1,       1801 ,105323,105323,105323,105323359600,1,728,48,0,1000,0,0,728,21000,128,727,83000,128
1100,20160112,11, 1,1,       1801 ,,105323,105323,105323361900,1,,,,,,0,728,21000,128,727,77000,128
1100,20160112,11, 1,1,       1801 ,,105323,105323,105323363900,1,,,,,,0,728,21000,128,727,75000,128
1100,20160112,11, 1,1,       1801 ,,105323,105323,105323399300,1,,,,,,0,728,22000,128,727,75000,128
1100,20160112,11, 1,1,       1801 ,,105323,105323,105323400100,1,,,,,,0,728,23000,128,727,75000,128
1100,20160112,11, 1,1,       1801 ,,105324,105324,105324723500,1,,,,,,0,728,23000,128,727,74000,128
1100,20160112,11, 1,1,       1801 ,,105324,105324,105324725600,1,,,,,,0,728,23000,128,727,75000,128
1100,20160112,11, 1,1,       1801 ,,105324,105324,105324813900,1,,,,,,0,728,24000,128,727,75000,128
1100,20160112,11, 1,1,       1801 ,105325,105325,105325,105325614800,1,728,48,0,2000,0,0,728,22000,128,727,75000,128
1100,20160112,11, 1,1,       1801 ,,105325,105325,105325616300,1,,,,,,0,728,22000,128,727,75000,128
1100,20160112,11, 1,1,       1801 ,105328,105328,105328,105328135700,1,728,48,0,20000,0,0,728,2000,128,727,75000,128
1100,20160112,11, 1,1,       1801 ,,105328,105328,105328138100,1,,,,,,0,728,2000,128,727,75000,128
1100,20160112,11, 1,1,       1801 ,105328,105328,105328,105328138900,1,728,48,0,2000,0,0,729,60000,128,727,75000,128
1100,20160112,11, 1,1,       1801 ,,105328,105328,105328139800,1,,,,,,0,729,60000,128,727,77000,128
1100,20160112,11, 1,1,       1801 ,,105328,105328,105328141300,1,,,,,,0,728,1000,128,727,77000,128
1100,20160112,11, 1,1,       1801 ,,105328,105328,105328144800,1,,,,,,0,728,1000,128,727,75000,128
1100,20160112,11, 1,1,       1801 ,105328,105328,105328,105328146300,1,728,48,0,1000,0,0,729,58000,128,727,75000,128
1100,20160112,11, 1,1,       1801 ,,105328,105328,105328147000,1,,,,,,0,729,60000,128,727,75000,128
1100,20160112,11, 1,1,       1801 ,,105328,105328,105328147700,1,,,,,,0,729,58000,128,727,75000,128
1100,20160112,11, 1,1,       1801 ,,105329,105329,105329245300,1,,,,,,0,729,59000,128,727,75000,128
1100,20160112,11, 1,1,       1801 ,105331,105331,105331,105331042200,1,729,48,0,1000,0,0,729,58000,128,727,75000,128
1100,20160112,11, 1,1,       1801 ,,105331,105331,105331044000,1,,,,,,0,729,58000,128,727,75000,128
1100,20160112,11, 1,1,       1801 ,,105331,105331,105331044700,1,,,,,,0,729,58000,128,727,79000,128
1100,20160112,11, 1,1,       1801 ,,105331,105331,105331430100,1,,,,,,0,729,58000,128,728,1000,128
1100,20160112,11, 1,1,       1801 ,,105331,105331,105331432100,1,,,,,,0,729,60000,128,728,1000,128
1100,20160112,11, 1,1,       1801 ,,105331,105331,105331432800,1,,,,,,0,729,51000,128,728,1000,128
1100,20160112,11, 1,1,       1801 ,,105331,105331,105331433600,1,,,,,,0,729,50000,128,728,1000,128
1100,20160112,11, 1,1,       1801 ,,105331,105331,105331436800,1,,,,,,0,729,46000,128,728,1000,128
1100,20160112,11, 1,1,       1801 ,,105331,105331,105331437900,1,,,,,,0,729,46000,128,728,2000,128
1100,20160112,11, 1,1,       1801 ,,105331,105331,105331463900,1,,,,,,0,729,46000,128,728,3000,128
1100,20160112,11, 1,1,       1801 ,,105331,105331,105331465300,1,,,,,,0,729,45000,128,728,3000,128
1100,20160112,11, 1,1,       1801 ,,105331,105331,105331681300,1,,,,,,0,729,47000,128,728,3000,128
1100,20160112,11, 1,1,       1801 ,105331,105331,105331,105331683100,1,728,16,0,3000,0,0,729,47000,128,727,79000,128
1100,20160112,11, 1,1,       1801 ,,105331,105331,105331684900,1,,,,,,0,728,6000,128,727,79000,128
1100,20160112,11, 1,1,       1801 ,,105331,105331,105331685600,1,,,,,,0,728,6000,128,727,78000,128
1100,20160112,11, 1,1,       1801 ,,105331,105331,105331687800,1,,,,,,0,728,7000,128,727,78000,128
1100,20160112,11, 1,1,       1801 ,,105331,105331,105331689800,1,,,,,,0,728,8000,128,727,78000,128
1100,20160112,11, 1,1,       1801 ,105331,105331,105331,105331766900,1,728,48,0,1000,0,0,728,7000,128,727,78000,128
1100,20160112,11, 1,1,       1801 ,,105331,105331,105331768300,1,,,,,,0,728,6000,128,727,78000,128
1100,20160112,11, 1,1,       1801 ,,105331,105331,105331776700,1,,,,,,0,728,7000,128,727,78000,128
1100,20160112,11, 1,1,       1801 ,,105331,105331,105331778000,1,,,,,,0,728,8000,128,727,78000,128
1100,20160112,11, 1,1,       1801 ,,105331,105331,105331779100,1,,,,,,0,728,9000,128,727,78000,128
1100,20160112,11, 1,1,       1801 ,,105334,105334,105334437400,1,,,,,,0,728,10000,128,727,78000,128
1100,20160112,11, 1,1,       1801 ,,105336,105336,105336779900,1,,,,,,0,728,11000,128,727,78000,128
1100,20160112,11, 1,1,       1801 ,,105336,105336,105336793800,1,,,,,,0,728,12000,128,727,78000,128
1100,20160112,11, 1,1,       1801 ,,105336,105336,105336797000,1,,,,,,0,728,13000,128,727,78000,128
1100,20160112,11, 1,1,       1801 ,,105336,105336,105336798900,1,,,,,,0,728,16000,128,727,78000,128
1100,20160112,11, 1,1,       1801 ,,105337,105337,105337898000,1,,,,,,0,728,16000,128,727,74000,128
1100,20160112,11, 1,1,       1801 ,105341,105341,105341,105341852300,1,728,48,0,1000,0,0,728,15000,128,727,74000,128
1100,20160112,11, 1,1,       1801 ,,105342,105342,105342346000,1,,,,,,0,728,15000,128,727,76000,128
1100,20160112,11, 1,1,       1801 ,,105342,105342,105342835800,1,,,,,,0,728,15000,128,727,77000,128
1100,20160112,11, 1,1,       1801 ,,105343,105343,105343574500,1,,,,,,0,728,15000,128,727,81000,128
1100,20160112,11, 1,1,       1801 ,,105343,105343,105343576400,1,,,,,,0,728,15000,128,727,84000,128
1100,20160112,11, 1,1,       1801 ,,105344,105344,105344200100,1,,,,,,0,728,12000,128,727,84000,128
1100,20160112,11, 1,1,       1801 ,,105344,105344,105344360400,1,,,,,,0,728,11000,128,727,84000,128
1100,20160112,11, 1,1,       1801 ,,105351,105351,105351080400,1,,,,,,0,728,12000,128,727,84000,128
1100,20160112,11, 1,1,       1801 ,,105351,105351,105351093900,1,,,,,,0,728,13000,128,727,84000,128
1100,20160112,11, 1,1,       1801 ,,105352,105352,105352352900,1,,,,,,0,728,12000,128,727,84000,128
1100,20160112,11, 1,1,       1801 ,,105353,105353,105353929900,1,,,,,,0,728,12000,128,727,82000,128
1100,20160112,11, 1,1,       1801 ,,105356,105356,105356020900,1,,,,,,0,728,12000,128,727,84000,128
1100,20160112,11, 1,1,       1801 ,,105359,105359,105359603700,1,,,,,,0,728,13000,128,727,84000,128
1100,20160112,11, 1,1,       1801 ,,105402,105402,105402731400,1,,,,,,0,728,13000,128,727,85000,128
1100,20160112,11, 1,1,       1801 ,,105405,105405,105405360100,1,,,,,,0,728,13000,128,727,89000,128
1100,20160112,11, 1,1,       1801 ,,105406,105406,105406112800,1,,,,,,0,728,14000,128,727,89000,128
1100,20160112,11, 1,1,       1801 ,,105407,105407,105407979700,1,,,,,,0,728,13000,128,727,89000,128
1100,20160112,11, 1,1,       1801 ,,105408,105408,105408238500,1,,,,,,0,728,15000,128,727,89000,128
1100,20160112,11, 1,1,       1801 ,,105408,105408,105408607600,1,,,,,,0,728,15000,128,727,90000,128
1100,20160112,11, 1,1,       1801 ,,105416,105416,105416581400,1,,,,,,0,728,16000,128,727,90000,128
1100,20160112,11, 1,1,       1801 ,,105417,105417,105417952300,1,,,,,,0,728,18000,128,727,90000,128
1100,20160112,11, 1,1,       1801 ,,105417,105417,105417967200,1,,,,,,0,728,21000,128,727,90000,128
1100,20160112,11, 1,1,       1801 ,,105417,105417,105417975400,1,,,,,,0,728,30000,128,727,90000,128
1100,20160112,11, 1,1,       1801 ,,105417,105417,105417976200,1,,,,,,0,728,30000,128,727,86000,128
1100,20160112,11, 1,1,       1801 ,,105417,105417,105417983200,1,,,,,,0,728,30000,128,727,83000,128
1100,20160112,11, 1,1,       1801 ,,105417,105417,105417985300,1,,,,,,0,728,37000,128,727,83000,128
1100,20160112,11, 1,1,       1801 ,,105417,105417,105417993900,1,,,,,,0,728,37000,128,727,82000,128
1100,20160112,11, 1,1,       1801 ,105417,105417,105417,105417995300,1,727,16,0,12000,0,0,728,37000,128,727,70000,128
1100,20160112,11, 1,1,       1801 ,,105417,105417,105417996600,1,,,,,,0,728,38000,128,727,70000,128
1100,20160112,11, 1,1,       1801 ,,105417,105417,105417998200,1,,,,,,0,728,38000,128,727,69000,128
1100,20160112,11, 1,1,       1801 ,105417,105417,105417,105417999000,1,727,16,0,5000,0,0,728,38000,128,727,64000,128
1100,20160112,11, 1,1,       1801 ,105418,105418,105418,105418000600,1,727,16,0,5000,0,0,728,38000,128,727,59000,128
1100,20160112,11, 1,1,       1801 ,105418,105418,105418,105418001600,1,727,16,0,5000,0,0,728,38000,128,727,54000,128
1100,20160112,11, 1,1,       1801 ,105418,105418,105418,105418002800,1,727,16,0,10000,0,0,728,38000,128,727,44000,128
1100,20160112,11, 1,1,       1801 ,105418,105418,105418,105418003700,1,727,16,0,14000,0,0,728,38000,128,727,30000,128
1100,20160112,11, 1,1,       1801 ,,105418,105418,105418004800,1,,,,,,0,728,38000,128,727,28000,128
1100,20160112,11, 1,1,       1801 ,105418,105418,105418,105418005700,1,727,16,0,2000,0,0,728,38000,128,727,26000,128
1100,20160112,11, 1,1,       1801 ,105418,105418,105418,105418006900,1,727,16,0,26000,0,0,728,38000,128,726,66000,128
1100,20160112,11, 1,1,       1801 ,,105418,105418,105418009800,1,,,,,,0,727,3000,128,726,66000,128
1100,20160112,11, 1,1,       1801 ,,105418,105418,105418013900,1,,,,,,0,727,10000,128,726,66000,128
1100,20160112,11, 1,1,       1801 ,,105418,105418,105418015100,1,,,,,,0,727,12000,128,726,66000,128
1100,20160112,11, 1,1,       1801 ,,105418,105418,105418015900,1,,,,,,0,727,13000,128,726,66000,128
1100,20160112,11, 1,1,       1801 ,,105418,105418,105418020800,1,,,,,,0,727,13000,128,726,64000,128
1100,20160112,11, 1,1,       1801 ,,105418,105418,105418021600,1,,,,,,0,727,14000,128,726,64000,128
1100,20160112,11, 1,1,       1801 ,,105418,105418,105418026900,1,,,,,,0,727,14000,128,726,66000,128
1100,20160112,11, 1,1,       1801 ,105418,105418,105418,105418027700,1,727,48,0,3000,0,0,727,11000,128,726,66000,128
1100,20160112,11, 1,1,       1801 ,,105418,105418,105418028800,1,,,,,,0,727,11000,128,726,63000,128
1100,20160112,11, 1,1,       1801 ,,105418,105418,105418031100,1,,,,,,0,727,11000,128,726,62000,128
1100,20160112,11, 1,1,       1801 ,105418,105418,105418,105418033000,1,727,48,0,1000,0,0,727,10000,128,726,62000,128
1100,20160112,11, 1,1,       1801 ,,105418,105418,105418034400,1,,,,,,0,727,11000,128,726,62000,128
1100,20160112,11, 1,1,       1801 ,,105418,105418,105418036000,1,,,,,,0,727,12000,128,726,62000,128
1100,20160112,11, 1,1,       1801 ,,105418,105418,105418036800,1,,,,,,0,727,12000,128,726,61000,128
1100,20160112,11, 1,1,       1801 ,,105418,105418,105418037700,1,,,,,,0,727,12000,128,726,55000,128
1100,20160112,11, 1,1,       1801 ,,105418,105418,105418040400,1,,,,,,0,727,13000,128,726,55000,128
1100,20160112,11, 1,1,       1801 ,,105418,105418,105418047600,1,,,,,,0,727,13000,128,726,51000,128
1100,20160112,11, 1,1,       1801 ,,105418,105418,105418049200,1,,,,,,0,727,11000,128,726,51000,128
1100,20160112,11, 1,1,       1801 ,,105418,105418,105418055000,1,,,,,,0,727,11000,128,726,34000,128
1100,20160112,11, 1,1,       1801 ,,105418,105418,105418059000,1,,,,,,0,727,11000,128,726,32000,128
1100,20160112,11, 1,1,       1801 ,,105418,105418,105418072200,1,,,,,,0,727,11000,128,726,33000,128
1100,20160112,11, 1,1,       1801 ,,105418,105418,105418119700,1,,,,,,0,727,11000,128,726,35000,128
1100,20160112,11, 1,1,       1801 ,,105418,105418,105418127100,1,,,,,,0,727,11000,128,726,34000,128
1100,20160112,11, 1,1,       1801 ,,105418,105418,105418146600,1,,,,,,0,727,11000,128,726,26000,128
1100,20160112,11, 1,1,       1801 ,,105418,105418,105418412100,1,,,,,,0,727,11000,128,726,22000,128
1100,20160112,11, 1,1,       1801 ,,105419,105419,105419434900,1,,,,,,0,727,11000,128,726,18000,128
1100,20160112,11, 1,1,       1801 ,,105419,105419,105419436900,1,,,,,,0,727,11000,128,726,17000,128
1100,20160112,11, 1,1,       1801 ,,105419,105419,105419437600,1,,,,,,0,727,12000,128,726,17000,128
1100,20160112,11, 1,1,       1801 ,,105420,105420,105420194300,1,,,,,,0,727,13000,128,726,17000,128
1100,20160112,11, 1,1,       1801 ,,105421,105421,105421893800,1,,,,,,0,727,12000,128,726,17000,128
1100,20160112,11, 1,1,       1801 ,,105423,105423,105423325400,1,,,,,,0,727,13000,128,726,17000,128
1100,20160112,11, 1,1,       1801 ,,105423,105423,105423326800,1,,,,,,0,727,16000,128,726,17000,128
1100,20160112,11, 1,1,       1801 ,,105423,105423,105423328100,1,,,,,,0,727,23000,128,726,17000,128
1100,20160112,11, 1,1,       1801 ,,105423,105423,105423329300,1,,,,,,0,727,23000,128,726,14000,128
1100,20160112,11, 1,1,       1801 ,,105423,105423,105423330000,1,,,,,,0,727,23000,128,726,10000,128
1100,20160112,11, 1,1,       1801 ,,105425,105425,105425123300,1,,,,,,0,727,24000,128,726,10000,128
1100,20160112,11, 1,1,       1801 ,,105425,105425,105425128000,1,,,,,,0,727,24000,128,726,9000,128
1100,20160112,11, 1,1,       1801 ,,105426,105426,105426288000,1,,,,,,0,727,24000,128,726,10000,128
1100,20160112,11, 1,1,       1801 ,,105426,105426,105426614500,1,,,,,,0,727,25000,128,726,10000,128
1100,20160112,11, 1,1,       1801 ,,105427,105427,105427329100,1,,,,,,0,727,32000,128,726,10000,128
1100,20160112,11, 1,1,       1801 ,,105427,105427,105427333800,1,,,,,,0,727,32000,128,726,9000,128
1100,20160112,11, 1,1,       1801 ,,105427,105427,105427354100,1,,,,,,0,727,32000,128,726,10000,128
1100,20160112,11, 1,1,       1801 ,,105428,105428,105428375300,1,,,,,,0,727,33000,128,726,10000,128
1100,20160112,11, 1,1,       1801 ,,105428,105428,105428380000,1,,,,,,0,727,34000,128,726,10000,128
1100,20160112,11, 1,1,       1801 ,,105428,105428,105428384900,1,,,,,,0,727,35000,128,726,10000,128
1100,20160112,11, 1,1,       1801 ,,105428,105428,105428385600,1,,,,,,0,727,36000,128,726,10000,128
1100,20160112,11, 1,1,       1801 ,,105428,105428,105428386400,1,,,,,,0,727,37000,128,726,10000,128
1100,20160112,11, 1,1,       1801 ,105429,105429,105429,105429108300,1,726,16,0,2000,0,0,727,37000,128,726,8000,128
1100,20160112,11, 1,1,       1801 ,105429,105429,105429,105429110200,1,726,16,0,8000,0,0,727,37000,128,725,63000,128
1100,20160112,11, 1,1,       1801 ,,105429,105429,105429114100,1,,,,,,0,727,37000,128,725,63000,128
1100,20160112,11, 1,1,       1801 ,,105429,105429,105429114800,1,,,,,,0,727,37000,128,725,61000,128
1100,20160112,11, 1,1,       1801 ,,105429,105429,105429116900,1,,,,,,0,726,1000,128,725,61000,128
1100,20160112,11, 1,1,       1801 ,,105429,105429,105429118500,1,,,,,,0,726,1000,128,725,62000,128
1100,20160112,11, 1,1,       1801 ,,105429,105429,105429119200,1,,,,,,0,726,1000,128,725,63000,128
1100,20160112,11, 1,1,       1801 ,105429,105429,105429,105429125500,1,726,48,0,1000,0,0,727,39000,128,725,63000,128
1100,20160112,11, 1,1,       1801 ,,105429,105429,105429127400,1,,,,,,0,727,38000,128,725,63000,128
1100,20160112,11, 1,1,       1801 ,,105429,105429,105429128200,1,,,,,,0,727,42000,128,725,63000,128
1100,20160112,11, 1,1,       1801 ,,105429,105429,105429129600,1,,,,,,0,727,42000,128,726,1000,128
1100,20160112,11, 1,1,       1801 ,105429,105429,105429,105429130300,1,726,16,0,1000,0,0,727,42000,128,725,63000,128
1100,20160112,11, 1,1,       1801 ,,105429,105429,105429131200,1,,,,,,0,727,40000,128,725,63000,128
1100,20160112,11, 1,1,       1801 ,,105429,105429,105429132700,1,,,,,,0,727,40000,128,726,5000,128
1100,20160112,11, 1,1,       1801 ,,105429,105429,105429133400,1,,,,,,0,727,40000,128,726,11000,128
1100,20160112,11, 1,1,       1801 ,105429,105429,105429,105429134400,1,726,16,0,1000,0,0,727,40000,128,726,10000,128
1100,20160112,11, 1,1,       1801 ,,105429,105429,105429135300,1,,,,,,0,727,42000,128,726,10000,128
1100,20160112,11, 1,1,       1801 ,,105429,105429,105429137700,1,,,,,,0,727,41000,128,726,10000,128
1100,20160112,11, 1,1,       1801 ,,105429,105429,105429138500,1,,,,,,0,727,42000,128,726,10000,128
1100,20160112,11, 1,1,       1801 ,,105429,105429,105429139300,1,,,,,,0,727,41000,128,726,10000,128
1100,20160112,11, 1,1,       1801 ,,105429,105429,105429140000,1,,,,,,0,727,49000,128,726,10000,128
1100,20160112,11, 1,1,       1801 ,,105429,105429,105429141500,1,,,,,,0,727,45000,128,726,10000,128
1100,20160112,11, 1,1,       1801 ,105429,105429,105429,105429143100,1,726,16,0,2000,0,0,727,45000,128,726,8000,128
1100,20160112,11, 1,1,       1801 ,,105429,105429,105429144000,1,,,,,,0,727,45000,128,726,8000,128
1100,20160112,11, 1,1,       1801 ,,105429,105429,105429145000,1,,,,,,0,727,44000,128,726,8000,128
1100,20160112,11, 1,1,       1801 ,,105429,105429,105429145800,1,,,,,,0,727,44000,128,726,2000,128
1100,20160112,11, 1,1,       1801 ,105429,105429,105429,105429149100,1,726,16,0,1000,0,0,727,44000,128,726,1000,128
1100,20160112,11, 1,1,       1801 ,105429,105429,105429,105429150400,1,726,16,0,1000,0,0,727,44000,128,725,59000,128
1100,20160112,11, 1,1,       1801 ,,105429,105429,105429151900,1,,,,,,0,727,44000,128,725,57000,128
1100,20160112,11, 1,1,       1801 ,,105429,105429,105429153400,1,,,,,,0,727,45000,128,725,57000,128
1100,20160112,11, 1,1,       1801 ,,105429,105429,105429154800,1,,,,,,0,727,46000,128,725,57000,128
1100,20160112,11, 1,1,       1801 ,,105430,105430,105430295500,1,,,,,,0,727,46000,128,725,56000,128
1100,20160112,11, 1,1,       1801 ,,105431,105431,105431113100,1,,,,,,0,727,47000,128,725,56000,128
1100,20160112,11, 1,1,       1801 ,,105431,105431,105431222500,1,,,,,,0,727,54000,128,725,56000,128
1100,20160112,11, 1,1,       1801 ,,105431,105431,105431224500,1,,,,,,0,727,63000,128,725,56000,128
1100,20160112,11, 1,1,       1801 ,,105431,105431,105431237200,1,,,,,,0,727,69000,128,725,56000,128
1100,20160112,11, 1,1,       1801 ,,105431,105431,105431238500,1,,,,,,0,727,69000,128,725,52000,128
1100,20160112,11, 1,1,       1801 ,,105432,105432,105432244100,1,,,,,,0,727,69000,128,725,51000,128
1100,20160112,11, 1,1,       1801 ,,105432,105432,105432338000,1,,,,,,0,727,62000,128,725,51000,128
1100,20160112,11, 1,1,       1801 ,,105438,105438,105438160200,1,,,,,,0,727,62000,128,725,50000,128
1100,20160112,11, 1,1,       1801 ,,105439,105439,105439311600,1,,,,,,0,727,62000,128,725,51000,128
1100,20160112,11, 1,1,       1801 ,,105439,105439,105439313400,1,,,,,,0,727,62000,128,725,57000,128
1100,20160112,11, 1,1,       1801 ,,105442,105442,105442365400,1,,,,,,0,727,61000,128,725,57000,128
1100,20160112,11, 1,1,       1801 ,,105442,105442,105442366200,1,,,,,,0,727,60000,128,725,57000,128
1100,20160112,11, 1,1,       1801 ,,105444,105444,105444983500,1,,,,,,0,727,60000,128,725,58000,128
1100,20160112,11, 1,1,       1801 ,,105445,105445,105445921400,1,,,,,,0,727,64000,128,725,58000,128
1100,20160112,11, 1,1,       1801 ,,105445,105445,105445933000,1,,,,,,0,727,64000,128,725,57000,128
1100,20160112,11, 1,1,       1801 ,,105449,105449,105449526800,1,,,,,,0,727,64000,128,725,56000,128
1100,20160112,11, 1,1,       1801 ,,105449,105449,105449606000,1,,,,,,0,727,63000,128,725,56000,128
1100,20160112,11, 1,1,       1801 ,,105449,105449,105449606800,1,,,,,,0,727,62000,128,725,56000,128
1100,20160112,11, 1,1,       1801 ,,105450,105450,105450844100,1,,,,,,0,727,62000,128,725,61000,128
1100,20160112,11, 1,1,       1801 ,,105453,105453,105453078100,1,,,,,,0,727,62000,128,725,60000,128
1100,20160112,11, 1,1,       1801 ,,105454,105454,105454090800,1,,,,,,0,727,62000,128,725,61000,128
1100,20160112,11, 1,1,       1801 ,,105455,105455,105455180500,1,,,,,,0,727,62000,128,725,60000,128
1100,20160112,11, 1,1,       1801 ,,105455,105455,105455792000,1,,,,,,0,727,62000,128,725,61000,128
1100,20160112,11, 1,1,       1801 ,,105500,105500,105500351200,1,,,,,,0,727,62000,128,726,3000,128
1100,20160112,11, 1,1,       1801 ,,105500,105500,105500353100,1,,,,,,0,727,61000,128,726,3000,128
1100,20160112,11, 1,1,       1801 ,,105500,105500,105500361600,1,,,,,,0,727,55000,128,726,3000,128
1100,20160112,11, 1,1,       1801 ,,105500,105500,105500367100,1,,,,,,0,727,56000,128,726,3000,128
1100,20160112,11, 1,1,       1801 ,,105500,105500,105500367800,1,,,,,,0,727,57000,128,726,3000,128
1100,20160112,11, 1,1,       1801 ,105500,105500,105500,105500895900,1,726,16,0,1000,0,0,727,57000,128,726,2000,128
1100,20160112,11, 1,1,       1801 ,105500,105500,105500,105500897300,1,726,16,0,2000,0,0,727,57000,128,725,60000,128
1100,20160112,11, 1,1,       1801 ,,105500,105500,105500900800,1,,,,,,0,727,57000,128,725,60000,128
1100,20160112,11, 1,1,       1801 ,105500,105500,105500,105500908400,1,725,16,0,1000,0,0,727,57000,128,725,59000,128
1100,20160112,11, 1,1,       1801 ,,105500,105500,105500911800,1,,,,,,0,727,57000,128,725,55000,128
1100,20160112,11, 1,1,       1801 ,,105501,105501,105501533400,1,,,,,,0,727,57000,128,725,54000,128
1100,20160112,11, 1,1,       1801 ,,105504,105504,105504412100,1,,,,,,0,727,57000,128,725,55000,128
1100,20160112,11, 1,1,       1801 ,,105507,105507,105507371900,1,,,,,,0,727,56000,128,725,55000,128
1100,20160112,11, 1,1,       1801 ,,105507,105507,105507372800,1,,,,,,0,727,55000,128,725,55000,128
1100,20160112,11, 1,1,       1801 ,,105508,105508,105508282000,1,,,,,,0,727,55000,128,725,54000,128
1100,20160112,11, 1,1,       1801 ,,105508,105508,105508697400,1,,,,,,0,727,55000,128,726,1000,128
1100,20160112,11, 1,1,       1801 ,,105509,105509,105509402700,1,,,,,,0,727,56000,128,726,1000,128
1100,20160112,11, 1,1,       1801 ,,105509,105509,105509403400,1,,,,,,0,727,57000,128,726,1000,128
1100,20160112,11, 1,1,       1801 ,,105512,105512,105512402900,1,,,,,,0,727,58000,128,726,1000,128
1100,20160112,11, 1,1,       1801 ,,105514,105514,105514611700,1,,,,,,0,727,59000,128,726,1000,128
1100,20160112,11, 1,1,       1801 ,,105514,105514,105514612500,1,,,,,,0,727,60000,128,726,1000,128
1100,20160112,11, 1,1,       1801 ,105516,105516,105516,105516218500,1,726,16,0,1000,0,0,726,9000,128,725,49000,128
1100,20160112,11, 1,1,       1801 ,,105516,105516,105516220100,1,,,,,,0,726,9000,128,725,49000,128
1100,20160112,11, 1,1,       1801 ,,105516,105516,105516220800,1,,,,,,0,726,10000,128,725,49000,128
1100,20160112,11, 1,1,       1801 ,,105516,105516,105516224400,1,,,,,,0,726,10000,128,725,43000,128
1100,20160112,11, 1,1,       1801 ,,105516,105516,105516227000,1,,,,,,0,726,10000,128,725,42000,128
1100,20160112,11, 1,1,       1801 ,,105516,105516,105516243200,1,,,,,,0,726,12000,128,725,42000,128
1100,20160112,11, 1,1,       1801 ,,105516,105516,105516243800,1,,,,,,0,726,13000,128,725,42000,128
1100,20160112,11, 1,1,       1801 ,,105516,105516,105516346100,1,,,,,,0,726,14000,128,725,42000,128
1100,20160112,11, 1,1,       1801 ,,105519,105519,105519539600,1,,,,,,0,726,14000,128,725,46000,128
1100,20160112,11, 1,1,       1801 ,,105521,105521,105521535800,1,,,,,,0,726,16000,128,725,46000,128
1100,20160112,11, 1,1,       1801 ,,105522,105522,105522462200,1,,,,,,0,726,16000,128,725,42000,128
1100,20160112,11, 1,1,       1801 ,,105522,105522,105522463700,1,,,,,,0,726,16000,128,725,41000,128
1100,20160112,11, 1,1,       1801 ,,105527,105527,105527122600,1,,,,,,0,726,19000,128,725,41000,128
1100,20160112,11, 1,1,       1801 ,,105527,105527,105527787600,1,,,,,,0,726,20000,128,725,41000,128
1100,20160112,11, 1,1,       1801 ,,105531,105531,105531074200,1,,,,,,0,726,21000,128,725,41000,128
1100,20160112,11, 1,1,       1801 ,,105531,105531,105531538600,1,,,,,,0,726,21000,128,725,37000,128
1100,20160112,11, 1,1,       1801 ,,105531,105531,105531540900,1,,,,,,0,726,22000,128,725,37000,128
1100,20160112,11, 1,1,       1801 ,,105531,105531,105531542500,1,,,,,,0,726,25000,128,725,37000,128
1100,20160112,11, 1,1,       1801 ,,105531,105531,105531543800,1,,,,,,0,726,29000,128,725,37000,128
1100,20160112,11, 1,1,       1801 ,,105531,105531,105531544900,1,,,,,,0,726,29000,128,725,33000,128
1100,20160112,11, 1,1,       1801 ,,105531,105531,105531545600,1,,,,,,0,726,29000,128,725,25000,128
1100,20160112,11, 1,1,       1801 ,,105531,105531,105531546400,1,,,,,,0,726,29000,128,725,21000,128
1100,20160112,11, 1,1,       1801 ,,105531,105531,105531547100,1,,,,,,0,726,29000,128,725,18000,128
1100,20160112,11, 1,1,       1801 ,105531,105531,105531,105531548400,1,725,16,0,3000,0,0,726,29000,128,725,15000,128
1100,20160112,11, 1,1,       1801 ,,105531,105531,105531549500,1,,,,,,0,726,28000,128,725,15000,128
1100,20160112,11, 1,1,       1801 ,,105531,105531,105531550200,1,,,,,,0,726,26000,128,725,15000,128
1100,20160112,11, 1,1,       1801 ,,105531,105531,105531551000,1,,,,,,0,726,26000,128,725,13000,128
1100,20160112,11, 1,1,       1801 ,,105531,105531,105531551800,1,,,,,,0,726,26000,128,725,12000,128
1100,20160112,11, 1,1,       1801 ,105531,105531,105531,105531552500,1,725,16,0,3000,0,0,726,26000,128,725,9000,128
1100,20160112,11, 1,1,       1801 ,,105531,105531,105531553800,1,,,,,,0,726,28000,128,725,9000,128
1100,20160112,11, 1,1,       1801 ,,105531,105531,105531558100,1,,,,,,0,726,29000,128,725,9000,128
1100,20160112,11, 1,1,       1801 ,,105532,105532,105532379800,1,,,,,,0,726,30000,128,725,9000,128
1100,20160112,11, 1,1,       1801 ,,105532,105532,105532380600,1,,,,,,0,726,31000,128,725,9000,128
1100,20160112,11, 1,1,       1801 ,,105532,105532,105532382200,1,,,,,,0,726,32000,128,725,9000,128
1100,20160112,11, 1,1,       1801 ,,105533,105533,105533157600,1,,,,,,0,726,33000,128,725,9000,128
1100,20160112,11, 1,1,       1801 ,,105533,105533,105533158400,1,,,,,,0,726,34000,128,725,9000,128
1100,20160112,11, 1,1,       1801 ,,105533,105533,105533159200,1,,,,,,0,726,35000,128,725,9000,128
1100,20160112,11, 1,1,       1801 ,,105537,105537,105537455400,1,,,,,,0,726,41000,128,725,9000,128
1100,20160112,11, 1,1,       1801 ,,105540,105540,105540292200,1,,,,,,0,726,42000,128,725,9000,128
1100,20160112,11, 1,1,       1801 ,,105540,105540,105540300100,1,,,,,,0,726,42000,128,725,8000,128
1100,20160112,11, 1,1,       1801 ,,105540,105540,105540949300,1,,,,,,0,726,42000,128,725,9000,128
1100,20160112,11, 1,1,       1801 ,,105540,105540,105540971400,1,,,,,,0,726,41000,128,725,9000,128
1100,20160112,11, 1,1,       1801 ,,105541,105541,105541090700,1,,,,,,0,726,42000,128,725,9000,128
1100,20160112,11, 1,1,       1801 ,,105541,105541,105541460400,1,,,,,,0,726,41000,128,725,9000,128
1100,20160112,11, 1,1,       1801 ,,105542,105542,105542524600,1,,,,,,0,726,38000,128,725,9000,128
1100,20160112,11, 1,1,       1801 ,,105543,105543,105543451600,1,,,,,,0,726,38000,128,725,8000,128
1100,20160112,11, 1,1,       1801 ,,105543,105543,105543494800,1,,,,,,0,726,39000,128,725,8000,128
1100,20160112,11, 1,1,       1801 ,,105547,105547,105547230200,1,,,,,,0,726,38000,128,725,8000,128
1100,20160112,11, 1,1,       1801 ,,105547,105547,105547231900,1,,,,,,0,726,38000,128,725,9000,128
1100,20160112,11, 1,1,       1801 ,,105547,105547,105547820700,1,,,,,,0,726,39000,128,725,9000,128
1100,20160112,11, 1,1,       1801 ,,105548,105548,105548872100,1,,,,,,0,726,38000,128,725,9000,128
1100,20160112,11, 1,1,       1801 ,,105550,105550,105550615600,1,,,,,,0,726,38000,128,725,10000,128
1100,20160112,11, 1,1,       1801 ,,105551,105551,105551315200,1,,,,,,0,726,38000,128,725,9000,128
1100,20160112,11, 1,1,       1801 ,,105551,105551,105551320300,1,,,,,,0,726,39000,128,725,9000,128
1100,20160112,11, 1,1,       1801 ,,105551,105551,105551995500,1,,,,,,0,726,47000,128,725,9000,128
1100,20160112,11, 1,1,       1801 ,105551,105551,105551,105551996800,1,725,16,0,9000,0,0,726,47000,128,724,82000,128
1100,20160112,11, 1,1,       1801 ,,105551,105551,105551997600,1,,,,,,0,726,47000,128,724,82000,128
1100,20160112,11, 1,1,       1801 ,,105551,105551,105551998500,1,,,,,,0,726,47000,128,724,80000,128
1100,20160112,11, 1,1,       1801 ,,105551,105551,105551999200,1,,,,,,0,725,2000,128,724,80000,128
1100,20160112,11, 1,1,       1801 ,,105552,105552,105552008900,1,,,,,,0,725,2000,128,724,74000,128
1100,20160112,11, 1,1,       1801 ,,105552,105552,105552011200,1,,,,,,0,725,2000,128,724,71000,128
1100,20160112,11, 1,1,       1801 ,,105552,105552,105552012700,1,,,,,,0,725,2000,128,724,70000,128
1100,20160112,11, 1,1,       1801 ,,105552,105552,105552013500,1,,,,,,0,725,3000,128,724,70000,128
1100,20160112,11, 1,1,       1801 ,,105552,105552,105552016500,1,,,,,,0,725,3000,128,724,69000,128
1100,20160112,11, 1,1,       1801 ,,105552,105552,105552061100,1,,,,,,0,725,1000,128,724,69000,128
1100,20160112,11, 1,1,       1801 ,,105552,105552,105552062900,1,,,,,,0,725,2000,128,724,69000,128
1100,20160112,11, 1,1,       1801 ,,105552,105552,105552074800,1,,,,,,0,725,2000,128,724,53000,128
1100,20160112,11, 1,1,       1801 ,,105552,105552,105552076100,1,,,,,,0,725,3000,128,724,53000,128
1100,20160112,11, 1,1,       1801 ,,105552,105552,105552086700,1,,,,,,0,725,3000,128,724,47000,128
1100,20160112,11, 1,1,       1801 ,,105552,105552,105552087500,1,,,,,,0,725,4000,128,724,47000,128
1100,20160112,11, 1,1,       1801 ,,105552,105552,105552113300,1,,,,,,0,725,5000,128,724,47000,128
1100,20160112,11, 1,1,       1801 ,,105553,105553,105553781600,1,,,,,,0,725,6000,128,724,47000,128
1100,20160112,11, 1,1,       1801 ,,105553,105553,105553782500,1,,,,,,0,725,7000,128,724,47000,128
1100,20160112,11, 1,1,       1801 ,,105554,105554,105554420000,1,,,,,,0,725,8000,128,724,47000,128
1100,20160112,11, 1,1,       1801 ,,105554,105554,105554572300,1,,,,,,0,725,7000,128,724,47000,128
1100,20160112,11, 1,1,       1801 ,,105556,105556,105556109300,1,,,,,,0,725,6000,128,724,47000,128
1100,20160112,11, 1,1,       1801 ,,105556,105556,105556146400,1,,,,,,0,725,5000,128,724,47000,128
1100,20160112,11, 1,1,       1801 ,,105556,105556,105556161500,1,,,,,,0,725,4000,128,724,47000,128
1100,20160112,11, 1,1,       1801 ,,105600,105600,105600034500,1,,,,,,0,725,5000,128,724,47000,128
1100,20160112,11, 1,1,       1801 ,105600,105600,105600,105600342700,1,725,48,0,5000,0,0,726,46000,128,724,47000,128
1100,20160112,11, 1,1,       1801 ,,105600,105600,105600344100,1,,,,,,0,726,46000,128,725,1000,128
1100,20160112,11, 1,1,       1801 ,,105600,105600,105600349000,1,,,,,,0,726,44000,128,725,1000,128
1100,20160112,11, 1,1,       1801 ,,105600,105600,105600352000,1,,,,,,0,726,43000,128,725,1000,128
1100,20160112,11, 1,1,       1801 ,105600,105600,105600,105600356100,1,725,16,0,1000,0,0,726,43000,128,724,48000,128
1100,20160112,11, 1,1,       1801 ,,105600,105600,105600357400,1,,,,,,0,726,43000,128,724,48000,128
1100,20160112,11, 1,1,       1801 ,,105600,105600,105600358500,1,,,,,,0,726,44000,128,724,48000,128
1100,20160112,11, 1,1,       1801 ,,105600,105600,105600361800,1,,,,,,0,726,40000,128,724,48000,128
1100,20160112,11, 1,1,       1801 ,,105600,105600,105600363300,1,,,,,,0,726,49000,128,724,48000,128
1100,20160112,11, 1,1,       1801 ,,105600,105600,105600371100,1,,,,,,0,726,50000,128,724,48000,128
1100,20160112,11, 1,1,       1801 ,,105600,105600,105600371900,1,,,,,,0,726,51000,128,724,48000,128
1100,20160112,11, 1,1,       1801 ,,105600,105600,105600372700,1,,,,,,0,726,52000,128,724,48000,128
1100,20160112,11, 1,1,       1801 ,,105600,105600,105600691000,1,,,,,,0,725,1000,128,724,48000,128
1100,20160112,11, 1,1,       1801 ,,105600,105600,105600693200,1,,,,,,0,725,1000,128,724,47000,128
1100,20160112,11, 1,1,       1801 ,,105600,105600,105600714600,1,,,,,,0,725,2000,128,724,47000,128
1100,20160112,11, 1,1,       1801 ,,105600,105600,105600715800,1,,,,,,0,725,3000,128,724,47000,128
1100,20160112,11, 1,1,       1801 ,,105601,105601,105601581200,1,,,,,,0,725,4000,128,724,47000,128
1100,20160112,11, 1,1,       1801 ,,105601,105601,105601629900,1,,,,,,0,725,4000,128,724,43000,128
1100,20160112,11, 1,1,       1801 ,,105608,105608,105608678300,1,,,,,,0,725,4000,128,724,44000,128
1100,20160112,11, 1,1,       1801 ,,105609,105609,105609691500,1,,,,,,0,725,4000,128,724,45000,128
1100,20160112,11, 1,1,       1801 ,,105609,105609,105609693100,1,,,,,,0,725,3000,128,724,45000,128
1100,20160112,11, 1,1,       1801 ,,105609,105609,105609800500,1,,,,,,0,725,4000,128,724,45000,128
1100,20160112,11, 1,1,       1801 ,,105610,105610,105610034300,1,,,,,,0,725,4000,128,724,44000,128
1100,20160112,11, 1,1,       1801 ,105610,105610,105610,105610098700,1,725,48,0,1000,0,0,725,3000,128,724,44000,128
1100,20160112,11, 1,1,       1801 ,,105611,105611,105611112200,1,,,,,,0,725,3000,128,724,48000,128
1100,20160112,11, 1,1,       1801 ,,105612,105612,105612021600,1,,,,,,0,725,3000,128,724,49000,128
1100,20160112,11, 1,1,       1801 ,,105612,105612,105612503700,1,,,,,,0,725,3000,128,724,48000,128
1100,20160112,11, 1,1,       1801 ,,105616,105616,105616813400,1,,,,,,0,725,3000,128,724,49000,128
1100,20160112,11, 1,1,       1801 ,,105616,105616,105616814900,1,,,,,,0,725,2000,128,724,49000,128
1100,20160112,11, 1,1,       1801 ,105616,105616,105616,105616827600,1,725,48,0,1000,0,0,725,1000,128,724,49000,128
1100,20160112,11, 1,1,       1801 ,105616,105616,105616,105616829100,1,725,48,0,1000,0,0,726,51000,128,724,49000,128
1100,20160112,11, 1,1,       1801 ,,105616,105616,105616830400,1,,,,,,0,726,51000,128,724,49000,128
1100,20160112,11, 1,1,       1801 ,,105616,105616,105616832200,1,,,,,,0,726,51000,128,724,55000,128
1100,20160112,11, 1,1,       1801 ,,105616,105616,105616833600,1,,,,,,0,726,51000,128,724,56000,128
1100,20160112,11, 1,1,       1801 ,,105616,105616,105616834800,1,,,,,,0,726,50000,128,724,56000,128
1100,20160112,11, 1,1,       1801 ,,105617,105617,105617448800,1,,,,,,0,726,50000,128,724,55000,128
1100,20160112,11, 1,1,       1801 ,,105617,105617,105617943000,1,,,,,,0,726,51000,128,724,55000,128
1100,20160112,11, 1,1,       1801 ,,105622,105622,105622394900,1,,,,,,0,726,50000,128,724,55000,128
1100,20160112,11, 1,1,       1801 ,,105622,105622,105622395700,1,,,,,,0,726,49000,128,724,55000,128
1100,20160112,11, 1,1,       1801 ,,105622,105622,105622396500,1,,,,,,0,726,48000,128,724,55000,128
1100,20160112,11, 1,1,       1801 ,,105622,105622,105622944300,1,,,,,,0,726,48000,128,724,59000,128
1100,20160112,11, 1,1,       1801 ,,105622,105622,105622945700,1,,,,,,0,726,39000,128,724,59000,128
1100,20160112,11, 1,1,       1801 ,,105622,105622,105622946900,1,,,,,,0,726,37000,128,724,59000,128
1100,20160112,11, 1,1,       1801 ,,105622,105622,105622947600,1,,,,,,0,726,37000,128,724,60000,128
1100,20160112,11, 1,1,       1801 ,,105623,105623,105623930300,1,,,,,,0,726,37000,128,724,59000,128
1100,20160112,11, 1,1,       1801 ,,105625,105625,105625078000,1,,,,,,0,726,37000,128,725,2000,128
1100,20160112,11, 1,1,       1801 ,,105625,105625,105625127700,1,,,,,,0,726,37000,128,725,3000,128
1100,20160112,11, 1,1,       1801 ,,105625,105625,105625129900,1,,,,,,0,726,36000,128,725,3000,128
1100,20160112,11, 1,1,       1801 ,,105625,105625,105625283700,1,,,,,,0,726,35000,128,725,3000,128
1100,20160112,11, 1,1,       1801 ,105625,105625,105625,105625316600,1,725,16,0,1000,0,0,726,35000,128,725,2000,128
1100,20160112,11, 1,1,       1801 ,,105625,105625,105625319000,1,,,,,,0,726,36000,128,725,2000,128
1100,20160112,11, 1,1,       1801 ,,105625,105625,105625558700,1,,,,,,0,726,36000,128,725,3000,128
1100,20160112,11, 1,1,       1801 ,,105625,105625,105625559900,1,,,,,,0,726,36000,128,725,4000,128
1100,20160112,11, 1,1,       1801 ,,105626,105626,105626513500,1,,,,,,0,726,37000,128,725,4000,128
1100,20160112,11, 1,1,       1801 ,,105626,105626,105626514400,1,,,,,,0,726,38000,128,725,4000,128
1100,20160112,11, 1,1,       1801 ,,105626,105626,105626515100,1,,,,,,0,726,39000,128,725,4000,128
1100,20160112,11, 1,1,       1801 ,,105626,105626,105626515900,1,,,,,,0,726,40000,128,725,4000,128
1100,20160112,11, 1,1,       1801 ,,105626,105626,105626516700,1,,,,,,0,726,41000,128,725,4000,128
1100,20160112,11, 1,1,       1801 ,,105626,105626,105626517400,1,,,,,,0,726,42000,128,725,4000,128
1100,20160112,11, 1,1,       1801 ,,105626,105626,105626519400,1,,,,,,0,726,42000,128,725,3000,128
1100,20160112,11, 1,1,       1801 ,,105626,105626,105626562100,1,,,,,,0,726,46000,128,725,3000,128
1100,20160112,11, 1,1,       1801 ,,105627,105627,105627541600,1,,,,,,0,726,48000,128,725,3000,128
1100,20160112,11, 1,1,       1801 ,,105630,105630,105630192900,1,,,,,,0,726,49000,128,725,3000,128
1100,20160112,11, 1,1,       1801 ,,105632,105632,105632584300,1,,,,,,0,726,48000,128,725,3000,128
1100,20160112,11, 1,1,       1801 ,,105632,105632,105632585800,1,,,,,,0,726,48000,128,725,4000,128
1100,20160112,11, 1,1,       1801 ,,105633,105633,105633647900,1,,,,,,0,726,48000,128,725,5000,128
1100,20160112,11, 1,1,       1801 ,,105635,105635,105635916000,1,,,,,,0,726,48000,128,725,7000,128
1100,20160112,11, 1,1,       1801 ,,105635,105635,105635917700,1,,,,,,0,726,44000,128,725,7000,128
1100,20160112,11, 1,1,       1801 ,,105638,105638,105638022200,1,,,,,,0,726,42000,128,725,7000,128
1100,20160112,11, 1,1,       1801 ,,105639,105639,105639171200,1,,,,,,0,726,42000,128,725,6000,128
1100,20160112,11, 1,1,       1801 ,,105641,105641,105641044700,1,,,,,,0,726,42000,128,725,4000,128
1100,20160112,11, 1,1,       1801 ,,105641,105641,105641357900,1,,,,,,0,726,42000,128,725,5000,128
1100,20160112,11, 1,1,       1801 ,,105646,105646,105646160500,1,,,,,,0,726,42000,128,725,7000,128
1100,20160112,11, 1,1,       1801 ,,105646,105646,105646162300,1,,,,,,0,726,42000,128,725,11000,128
1100,20160112,11, 1,1,       1801 ,,105646,105646,105646163900,1,,,,,,0,726,42000,128,725,14000,128
1100,20160112,11, 1,1,       1801 ,,105646,105646,105646165000,1,,,,,,0,726,42000,128,725,20000,128
1100,20160112,11, 1,1,       1801 ,,105646,105646,105646166800,1,,,,,,0,726,38000,128,725,20000,128
1100,20160112,11, 1,1,       1801 ,,105646,105646,105646171900,1,,,,,,0,726,37000,128,725,20000,128
1100,20160112,11, 1,1,       1801 ,,105646,105646,105646180300,1,,,,,,0,726,29000,128,725,20000,128
1100,20160112,11, 1,1,       1801 ,,105646,105646,105646186700,1,,,,,,0,726,25000,128,725,20000,128
1100,20160112,11, 1,1,       1801 ,,105646,105646,105646188600,1,,,,,,0,726,24000,128,725,20000,128
1100,20160112,11, 1,1,       1801 ,,105646,105646,105646198700,1,,,,,,0,726,21000,128,725,20000,128
1100,20160112,11, 1,1,       1801 ,,105647,105647,105647402100,1,,,,,,0,726,20000,128,725,20000,128
1100,20160112,11, 1,1,       1801 ,,105647,105647,105647402900,1,,,,,,0,726,19000,128,725,20000,128
1100,20160112,11, 1,1,       1801 ,,105647,105647,105647403700,1,,,,,,0,726,18000,128,725,20000,128
1100,20160112,11, 1,1,       1801 ,,105654,105654,105654636800,1,,,,,,0,726,17000,128,725,20000,128
1100,20160112,11, 1,1,       1801 ,,105654,105654,105654637700,1,,,,,,0,726,16000,128,725,20000,128
1100,20160112,11, 1,1,       1801 ,,105654,105654,105654641700,1,,,,,,0,726,15000,128,725,20000,128
1100,20160112,11, 1,1,       1801 ,,105658,105658,105658623300,1,,,,,,0,726,15000,128,725,19000,128
1100,20160112,11, 1,1,       1801 ,,105659,105659,105659141400,1,,,,,,0,726,16000,128,725,19000,128
1100,20160112,11, 1,1,       1801 ,,105659,105659,105659143200,1,,,,,,0,726,19000,128,725,19000,128
1100,20160112,11, 1,1,       1801 ,,105659,105659,105659144500,1,,,,,,0,726,23000,128,725,19000,128
1100,20160112,11, 1,1,       1801 ,,105659,105659,105659145700,1,,,,,,0,726,23000,128,725,13000,128
1100,20160112,11, 1,1,       1801 ,,105659,105659,105659147600,1,,,,,,0,726,24000,128,725,13000,128
1100,20160112,11, 1,1,       1801 ,,105659,105659,105659148800,1,,,,,,0,726,24000,128,725,10000,128
1100,20160112,11, 1,1,       1801 ,,105659,105659,105659649500,1,,,,,,0,726,24000,128,725,9000,128
1100,20160112,11, 1,1,       1801 ,,105659,105659,105659670000,1,,,,,,0,726,24000,128,725,5000,128
1100,20160112,11, 1,1,       1801 ,,105701,105701,105701263600,1,,,,,,0,726,25000,128,725,5000,128
1100,20160112,11, 1,1,       1801 ,,105701,105701,105701264500,1,,,,,,0,726,26000,128,725,5000,128
1100,20160112,11, 1,1,       1801 ,,105701,105701,105701265300,1,,,,,,0,726,27000,128,725,5000,128
1100,20160112,11, 1,1,       1801 ,,105701,105701,105701266100,1,,,,,,0,726,28000,128,725,5000,128
1100,20160112,11, 1,1,       1801 ,,105701,105701,105701266900,1,,,,,,0,726,29000,128,725,5000,128
1100,20160112,11, 1,1,       1801 ,,105701,105701,105701267600,1,,,,,,0,726,30000,128,725,5000,128
1100,20160112,11, 1,1,       1801 ,,105701,105701,105701268300,1,,,,,,0,726,31000,128,725,5000,128
1100,20160112,11, 1,1,       1801 ,,105704,105704,105704696200,1,,,,,,0,726,31000,128,725,6000,128
1100,20160112,11, 1,1,       1801 ,,105704,105704,105704699600,1,,,,,,0,726,31000,128,725,7000,128
1100,20160112,11, 1,1,       1801 ,105709,105709,105709,105709412800,1,725,16,0,1000,0,0,726,31000,128,725,6000,128
1100,20160112,11, 1,1,       1801 ,,105709,105709,105709414500,1,,,,,,0,726,31000,128,725,5000,128
1100,20160112,11, 1,1,       1801 ,,105709,105709,105709415200,1,,,,,,0,726,33000,128,725,5000,128
1100,20160112,11, 1,1,       1801 ,,105709,105709,105709416000,1,,,,,,0,726,33000,128,725,3000,128
1100,20160112,11, 1,1,       1801 ,,105709,105709,105709417300,1,,,,,,0,726,39000,128,725,3000,128
1100,20160112,11, 1,1,       1801 ,,105709,105709,105709698200,1,,,,,,0,726,39000,128,725,2000,128
1100,20160112,11, 1,1,       1801 ,,105716,105716,105716244400,1,,,,,,0,726,38000,128,725,2000,128
1100,20160112,11, 1,1,       1801 ,,105717,105717,105717119500,1,,,,,,0,726,38000,128,725,3000,128
1100,20160112,11, 1,1,       1801 ,,105717,105717,105717123400,1,,,,,,0,726,32000,128,725,3000,128
1100,20160112,11, 1,1,       1801 ,,105717,105717,105717126000,1,,,,,,0,726,32000,128,725,4000,128
1100,20160112,11, 1,1,       1801 ,,105720,105720,105720201000,1,,,,,,0,726,32000,128,725,3000,128
1100,20160112,11, 1,1,       1801 ,,105721,105721,105721123400,1,,,,,,0,726,32000,128,725,4000,128
1100,20160112,11, 1,1,       1801 ,,105721,105721,105721412500,1,,,,,,0,726,30000,128,725,4000,128
1100,20160112,11, 1,1,       1801 ,,105721,105721,105721413700,1,,,,,,0,726,30000,128,725,6000,128
1100,20160112,11, 1,1,       1801 ,,105721,105721,105721437400,1,,,,,,0,726,30000,128,725,12000,128
1100,20160112,11, 1,1,       1801 ,,105721,105721,105721440000,1,,,,,,0,726,30000,128,725,16000,128
1100,20160112,11, 1,1,       1801 ,,105721,105721,105721442100,1,,,,,,0,726,30000,128,725,19000,128
1100,20160112,11, 1,1,       1801 ,,105721,105721,105721443100,1,,,,,,0,726,29000,128,725,19000,128
1100,20160112,11, 1,1,       1801 ,,105723,105723,105723351800,1,,,,,,0,726,29000,128,725,22000,128
1100,20160112,11, 1,1,       1801 ,,105725,105725,105725311100,1,,,,,,0,726,25000,128,725,22000,128
1100,20160112,11, 1,1,       1801 ,,105728,105728,105728397000,1,,,,,,0,726,28000,128,725,22000,128
1100,20160112,11, 1,1,       1801 ,,105729,105729,105729129900,1,,,,,,0,726,28000,128,725,16000,128
1100,20160112,11, 1,1,       1801 ,,105729,105729,105729132900,1,,,,,,0,726,29000,128,725,16000,128
1100,20160112,11, 1,1,       1801 ,105732,105732,105732,105732694300,1,725,16,0,3000,0,0,726,29000,128,725,13000,128
1100,20160112,11, 1,1,       1801 ,,105732,105732,105732696500,1,,,,,,0,726,29000,128,725,9000,128
1100,20160112,11, 1,1,       1801 ,,105732,105732,105732697300,1,,,,,,0,726,33000,128,725,9000,128
1100,20160112,11, 1,1,       1801 ,,105732,105732,105732698000,1,,,,,,0,726,33000,128,725,6000,128
1100,20160112,11, 1,1,       1801 ,105732,105732,105732,105732710000,1,725,16,0,1000,0,0,726,33000,128,725,5000,128
1100,20160112,11, 1,1,       1801 ,,105732,105732,105732820900,1,,,,,,0,726,33000,128,725,6000,128
1100,20160112,11, 1,1,       1801 ,,105736,105736,105736584000,1,,,,,,0,726,33000,128,725,7000,128
1100,20160112,11, 1,1,       1801 ,,105737,105737,105737193000,1,,,,,,0,726,33000,128,725,6000,128
1100,20160112,11, 1,1,       1801 ,,105737,105737,105737406200,1,,,,,,0,726,32000,128,725,6000,128
1100,20160112,11, 1,1,       1801 ,,105740,105740,105740907400,1,,,,,,0,726,34000,128,725,6000,128
1100,20160112,11, 1,1,       1801 ,,105740,105740,105740909000,1,,,,,,0,726,34000,128,725,4000,128
1100,20160112,11, 1,1,       1801 ,,105741,105741,105741792300,1,,,,,,0,726,35000,128,725,4000,128
1100,20160112,11, 1,1,       1801 ,,105741,105741,105741794900,1,,,,,,0,726,41000,128,725,4000,128
1100,20160112,11, 1,1,       1801 ,,105741,105741,105741796200,1,,,,,,0,726,41000,128,725,3000,128
1100,20160112,11, 1,1,       1801 ,,105741,105741,105741811900,1,,,,,,0,726,45000,128,725,3000,128
1100,20160112,11, 1,1,       1801 ,,105750,105750,105750026600,1,,,,,,0,726,45000,128,725,4000,128
1100,20160112,11, 1,1,       1801 ,,105800,105800,105800855500,1,,,,,,0,726,42000,128,725,4000,128
1100,20160112,11, 1,1,       1801 ,105806,105806,105806,105806479800,1,725,16,0,2000,0,0,726,42000,128,725,2000,128
1100,20160112,11, 1,1,       1801 ,105806,105806,105806,105806480800,1,725,16,0,2000,0,0,726,42000,128,724,60000,128
1100,20160112,11, 1,1,       1801 ,,105806,105806,105806482600,1,,,,,,0,726,42000,128,724,58000,128
1100,20160112,11, 1,1,       1801 ,,105806,105806,105806483400,1,,,,,,0,725,2000,128,724,58000,128
1100,20160112,11, 1,1,       1801 ,,105806,105806,105806484200,1,,,,,,0,725,6000,128,724,58000,128
1100,20160112,11, 1,1,       1801 ,,105806,105806,105806485600,1,,,,,,0,725,6000,128,724,59000,128
1100,20160112,11, 1,1,       1801 ,,105806,105806,105806486200,1,,,,,,0,725,6000,128,724,58000,128
1100,20160112,11, 1,1,       1801 ,105806,105806,105806,105806488400,1,725,48,0,2000,0,0,725,4000,128,724,58000,128
1100,20160112,11, 1,1,       1801 ,105806,105806,105806,105806489300,1,725,48,0,4000,0,0,726,43000,128,724,58000,128
1100,20160112,11, 1,1,       1801 ,,105806,105806,105806491300,1,,,,,,0,726,45000,128,724,58000,128
1100,20160112,11, 1,1,       1801 ,,105806,105806,105806491900,1,,,,,,0,726,53000,128,724,58000,128
1100,20160112,11, 1,1,       1801 ,,105806,105806,105806492600,1,,,,,,0,725,1000,128,724,58000,128
1100,20160112,11, 1,1,       1801 ,,105806,105806,105806493400,1,,,,,,0,725,2000,128,724,58000,128
1100,20160112,11, 1,1,       1801 ,,105806,105806,105806494000,1,,,,,,0,725,2000,128,724,52000,128
1100,20160112,11, 1,1,       1801 ,105806,105806,105806,105806496200,1,725,48,0,2000,0,0,726,57000,128,725,4000,128
1100,20160112,11, 1,1,       1801 ,,105806,105806,105806497700,1,,,,,,0,726,57000,128,725,5000,128
1100,20160112,11, 1,1,       1801 ,105806,105806,105806,105806499700,1,725,16,0,1000,0,0,726,57000,128,725,4000,128
1100,20160112,11, 1,1,       1801 ,105806,105806,105806,105806500700,1,725,16,0,4000,0,0,726,57000,128,724,52000,128
1100,20160112,11, 1,1,       1801 ,,105806,105806,105806501500,1,,,,,,0,726,55000,128,724,52000,128
1100,20160112,11, 1,1,       1801 ,,105806,105806,105806502700,1,,,,,,0,726,51000,128,724,52000,128
1100,20160112,11, 1,1,       1801 ,,105806,105806,105806590000,1,,,,,,0,726,51000,128,724,48000,128
1100,20160112,11, 1,1,       1801 ,,105807,105807,105807770300,1,,,,,,0,726,49000,128,724,48000,128
1100,20160112,11, 1,1,       1801 ,,105807,105807,105807780000,1,,,,,,0,726,49000,128,725,3000,128
1100,20160112,11, 1,1,       1801 ,,105807,105807,105807781800,1,,,,,,0,726,49000,128,725,9000,128
1100,20160112,11, 1,1,       1801 ,,105807,105807,105807782500,1,,,,,,0,726,41000,128,725,9000,128
1100,20160112,11, 1,1,       1801 ,,105807,105807,105807787000,1,,,,,,0,726,37000,128,725,9000,128
1100,20160112,11, 1,1,       1801 ,,105808,105808,105808129100,1,,,,,,0,726,31000,128,725,9000,128
1100,20160112,11, 1,1,       1801 ,,105808,105808,105808130900,1,,,,,,0,726,31000,128,725,13000,128
1100,20160112,11, 1,1,       1801 ,,105808,105808,105808783700,1,,,,,,0,726,31000,128,725,14000,128
1100,20160112,11, 1,1,       1801 ,,105809,105809,105809662600,1,,,,,,0,726,30000,128,725,14000,128
1100,20160112,11, 1,1,       1801 ,,105809,105809,105809663600,1,,,,,,0,726,29000,128,725,14000,128
1100,20160112,11, 1,1,       1801 ,,105809,105809,105809664500,1,,,,,,0,726,28000,128,725,14000,128
1100,20160112,11, 1,1,       1801 ,,105809,105809,105809665300,1,,,,,,0,726,27000,128,725,14000,128
1100,20160112,11, 1,1,       1801 ,105812,105812,105812,105812725700,1,726,48,0,10000,0,0,726,17000,128,725,14000,128
1100,20160112,11, 1,1,       1801 ,,105812,105812,105812727500,1,,,,,,0,726,17000,128,725,16000,128
1100,20160112,11, 1,1,       1801 ,,105812,105812,105812728300,1,,,,,,0,726,13000,128,725,16000,128
1100,20160112,11, 1,1,       1801 ,,105812,105812,105812729000,1,,,,,,0,726,14000,128,725,16000,128
1100,20160112,11, 1,1,       1801 ,,105812,105812,105812729700,1,,,,,,0,726,14000,128,725,18000,128
1100,20160112,11, 1,1,       1801 ,,105812,105812,105812730400,1,,,,,,0,726,12000,128,725,18000,128
1100,20160112,11, 1,1,       1801 ,,105812,105812,105812731800,1,,,,,,0,726,12000,128,725,21000,128
1100,20160112,11, 1,1,       1801 ,,105812,105812,105812732500,1,,,,,,0,726,12000,128,725,22000,128
1100,20160112,11, 1,1,       1801 ,,105812,105812,105812733900,1,,,,,,0,726,11000,128,725,22000,128
1100,20160112,11, 1,1,       1801 ,,105812,105812,105812734600,1,,,,,,0,726,12000,128,725,22000,128
1100,20160112,11, 1,1,       1801 ,,105812,105812,105812735200,1,,,,,,0,726,11000,128,725,22000,128
1100,20160112,11, 1,1,       1801 ,,105812,105812,105812735900,1,,,,,,0,726,10000,128,725,22000,128
1100,20160112,11, 1,1,       1801 ,,105812,105812,105812736600,1,,,,,,0,726,7000,128,725,22000,128
1100,20160112,11, 1,1,       1801 ,,105813,105813,105813000700,1,,,,,,0,726,8000,128,725,22000,128
1100,20160112,11, 1,1,       1801 ,,105814,105814,105814130700,1,,,,,,0,726,7000,128,725,22000,128
1100,20160112,11, 1,1,       1801 ,,105814,105814,105814131600,1,,,,,,0,726,6000,128,725,22000,128
1100,20160112,11, 1,1,       1801 ,,105815,105815,105815217600,1,,,,,,0,726,6000,128,725,24000,128
1100,20160112,11, 1,1,       1801 ,105815,105815,105815,105815218900,1,726,48,0,6000,0,0,727,82000,128,725,24000,128
1100,20160112,11, 1,1,       1801 ,,105815,105815,105815219700,1,,,,,,0,727,82000,128,725,25000,128
1100,20160112,11, 1,1,       1801 ,,105815,105815,105815221200,1,,,,,,0,727,82000,128,726,1000,128
1100,20160112,11, 1,1,       1801 ,,105815,105815,105815222900,1,,,,,,0,727,83000,128,726,1000,128
1100,20160112,11, 1,1,       1801 ,,105815,105815,105815225100,1,,,,,,0,727,81000,128,726,1000,128
1100,20160112,11, 1,1,       1801 ,,105815,105815,105815226500,1,,,,,,0,727,72000,128,726,1000,128
1100,20160112,11, 1,1,       1801 ,,105815,105815,105815237100,1,,,,,,0,727,68000,128,726,1000,128
1100,20160112,11, 1,1,       1801 ,,105815,105815,105815255300,1,,,,,,0,727,68000,128,726,2000,128
1100,20160112,11, 1,1,       1801 ,,105815,105815,105815630700,1,,,,,,0,727,67000,128,726,2000,128
1100,20160112,11, 1,1,       1801 ,,105815,105815,105815636100,1,,,,,,0,727,49000,128,726,2000,128
1100,20160112,11, 1,1,       1801 ,,105815,105815,105815637400,1,,,,,,0,727,49000,128,726,3000,128
1100,20160112,11, 1,1,       1801 ,,105815,105815,105815660700,1,,,,,,0,727,49000,128,726,6000,128
1100,20160112,11, 1,1,       1801 ,,105815,105815,105815664200,1,,,,,,0,727,45000,128,726,6000,128
1100,20160112,11, 1,1,       1801 ,,105818,105818,105818494700,1,,,,,,0,727,41000,128,726,6000,128
1100,20160112,11, 1,1,       1801 ,,105818,105818,105818496200,1,,,,,,0,727,39000,128,726,6000,128
1100,20160112,11, 1,1,       1801 ,,105818,105818,105818841100,1,,,,,,0,727,38000,128,726,6000,128
1100,20160112,11, 1,1,       1801 ,,105818,105818,105818843200,1,,,,,,0,727,38000,128,726,10000,128
1100,20160112,11, 1,1,       1801 ,,105818,105818,105818844500,1,,,,,,0,727,31000,128,726,10000,128
1100,20160112,11, 1,1,       1801 ,,105818,105818,105818845200,1,,,,,,0,727,31000,128,726,12000,128
1100,20160112,11, 1,1,       1801 ,,105818,105818,105818846000,1,,,,,,0,727,31000,128,726,13000,128
1100,20160112,11, 1,1,       1801 ,,105822,105822,105822281100,1,,,,,,0,727,32000,128,726,13000,128
1100,20160112,11, 1,1,       1801 ,,105827,105827,105827803600,1,,,,,,0,727,41000,128,726,13000,128
1100,20160112,11, 1,1,       1801 ,,105827,105827,105827805000,1,,,,,,0,727,41000,128,726,9000,128
1100,20160112,11, 1,1,       1801 ,,105827,105827,105827805700,1,,,,,,0,727,45000,128,726,9000,128
1100,20160112,11, 1,1,       1801 ,,105827,105827,105827806700,1,,,,,,0,727,45000,128,726,8000,128
1100,20160112,11, 1,1,       1801 ,,105827,105827,105827807400,1,,,,,,0,727,51000,128,726,8000,128
1100,20160112,11, 1,1,       1801 ,,105827,105827,105827809400,1,,,,,,0,727,51000,128,726,7000,128
1100,20160112,11, 1,1,       1801 ,,105827,105827,105827810200,1,,,,,,0,727,51000,128,726,5000,128
1100,20160112,11, 1,1,       1801 ,105831,105831,105831,105831864700,1,726,16,0,2000,0,0,727,51000,128,726,3000,128
1100,20160112,11, 1,1,       1801 ,,105832,105832,105832180000,1,,,,,,0,727,51000,128,726,4000,128
1100,20160112,11, 1,1,       1801 ,,105832,105832,105832181200,1,,,,,,0,727,52000,128,726,4000,128
1100,20160112,11, 1,1,       1801 ,,105832,105832,105832523800,1,,,,,,0,727,51000,128,726,4000,128
1100,20160112,11, 1,1,       1801 ,,105833,105833,105833812200,1,,,,,,0,727,55000,128,726,4000,128
1100,20160112,11, 1,1,       1801 ,,105834,105834,105834240500,1,,,,,,0,727,57000,128,726,4000,128
1100,20160112,11, 1,1,       1801 ,,105836,105836,105836263100,1,,,,,,0,727,58000,128,726,4000,128
1100,20160112,11, 1,1,       1801 ,,105836,105836,105836682000,1,,,,,,0,727,57000,128,726,4000,128
1100,20160112,11, 1,1,       1801 ,,105838,105838,105838860100,1,,,,,,0,727,58000,128,726,4000,128
1100,20160112,11, 1,1,       1801 ,,105839,105839,105839201800,1,,,,,,0,727,57000,128,726,4000,128
1100,20160112,11, 1,1,       1801 ,,105842,105842,105842530000,1,,,,,,0,727,55000,128,726,4000,128
1100,20160112,11, 1,1,       1801 ,105846,105846,105846,105846581400,1,726,16,0,1000,0,0,727,55000,128,726,3000,128
1100,20160112,11, 1,1,       1801 ,,105847,105847,105847889900,1,,,,,,0,727,57000,128,726,3000,128
1100,20160112,11, 1,1,       1801 ,,105847,105847,105847913600,1,,,,,,0,727,58000,128,726,3000,128
1100,20160112,11, 1,1,       1801 ,,105847,105847,105847920800,1,,,,,,0,727,58000,128,726,2000,128
1100,20160112,11, 1,1,       1801 ,105848,105848,105848,105848605100,1,726,16,0,2000,0,0,727,58000,128,725,52000,128
1100,20160112,11, 1,1,       1801 ,,105848,105848,105848606500,1,,,,,,0,727,58000,128,725,50000,128
1100,20160112,11, 1,1,       1801 ,,105848,105848,105848608000,1,,,,,,0,727,56000,128,725,50000,128
1100,20160112,11, 1,1,       1801 ,,105848,105848,105848608700,1,,,,,,0,727,56000,128,725,51000,128
1100,20160112,11, 1,1,       1801 ,,105848,105848,105848609600,1,,,,,,0,727,56000,128,725,47000,128
1100,20160112,11, 1,1,       1801 ,,105849,105849,105849311600,1,,,,,,0,727,58000,128,725,47000,128
1100,20160112,11, 1,1,       1801 ,,105857,105857,105857349800,1,,,,,,0,727,60000,128,725,47000,128
1100,20160112,11, 1,1,       1801 ,,105857,105857,105857351200,1,,,,,,0,727,60000,128,725,46000,128
1100,20160112,11, 1,1,       1801 ,,105857,105857,105857351900,1,,,,,,0,727,60000,128,725,40000,128
1100,20160112,11, 1,1,       1801 ,,105857,105857,105857875100,1,,,,,,0,727,60000,128,725,38000,128
1100,20160112,11, 1,1,       1801 ,,105900,105900,105900181000,1,,,,,,0,727,58000,128,725,38000,128
1100,20160112,11, 1,1,       1801 ,,105912,105912,105912670100,1,,,,,,0,727,60000,128,725,38000,128
1100,20160112,11, 1,1,       1801 ,105914,105914,105914,105914958100,1,725,16,0,1000,0,0,727,60000,128,725,37000,128
1100,20160112,11, 1,1,       1801 ,,105914,105914,105914959700,1,,,,,,0,727,61000,128,725,37000,128
1100,20160112,11, 1,1,       1801 ,,105915,105915,105915140000,1,,,,,,0,727,60000,128,725,37000,128
1100,20160112,11, 1,1,       1801 ,,105920,105920,105920880200,1,,,,,,0,727,58000,128,725,37000,128
1100,20160112,11, 1,1,       1801 ,,105921,105921,105921041200,1,,,,,,0,727,60000,128,725,37000,128
1100,20160112,11, 1,1,       1801 ,,105922,105922,105922977300,1,,,,,,0,727,61000,128,725,37000,128
1100,20160112,11, 1,1,       1801 ,,105923,105923,105923209800,1,,,,,,0,726,1000,128,725,37000,128
1100,20160112,11, 1,1,       1801 ,,105923,105923,105923211800,1,,,,,,0,726,2000,128,725,37000,128
1100,20160112,11, 1,1,       1801 ,,105923,105923,105923213900,1,,,,,,0,726,4000,128,725,37000,128
1100,20160112,11, 1,1,       1801 ,,105923,105923,105923214600,1,,,,,,0,726,6000,128,725,37000,128
1100,20160112,11, 1,1,       1801 ,,105923,105923,105923216000,1,,,,,,0,726,6000,128,725,36000,128
1100,20160112,11, 1,1,       1801 ,,105923,105923,105923216700,1,,,,,,0,726,7000,128,725,36000,128
1100,20160112,11, 1,1,       1801 ,,105923,105923,105923217300,1,,,,,,0,726,11000,128,725,36000,128
1100,20160112,11, 1,1,       1801 ,,105923,105923,105923218600,1,,,,,,0,726,11000,128,725,33000,128
1100,20160112,11, 1,1,       1801 ,,105923,105923,105923225500,1,,,,,,0,726,12000,128,725,33000,128
1100,20160112,11, 1,1,       1801 ,,105923,105923,105923226200,1,,,,,,0,726,13000,128,725,33000,128
1100,20160112,11, 1,1,       1801 ,,105923,105923,105923227100,1,,,,,,0,726,14000,128,725,33000,128
1100,20160112,11, 1,1,       1801 ,,105923,105923,105923227700,1,,,,,,0,726,15000,128,725,33000,128
1100,20160112,11, 1,1,       1801 ,,105923,105923,105923228400,1,,,,,,0,726,16000,128,725,33000,128
1100,20160112,11, 1,1,       1801 ,,105923,105923,105923229100,1,,,,,,0,726,16000,128,725,29000,128
1100,20160112,11, 1,1,       1801 ,,105923,105923,105923232000,1,,,,,,0,726,16000,128,725,21000,128
1100,20160112,11, 1,1,       1801 ,,105923,105923,105923232700,1,,,,,,0,726,16000,128,725,20000,128
1100,20160112,11, 1,1,       1801 ,,105923,105923,105923233500,1,,,,,,0,726,17000,128,725,20000,128
1100,20160112,11, 1,1,       1801 ,,105923,105923,105923235000,1,,,,,,0,726,17000,128,725,18000,128
1100,20160112,11, 1,1,       1801 ,,105923,105923,105923236400,1,,,,,,0,726,17000,128,725,17000,128
1100,20160112,11, 1,1,       1801 ,105923,105923,105923,105923245600,1,725,16,0,2000,0,0,726,17000,128,725,15000,128
1100,20160112,11, 1,1,       1801 ,,105923,105923,105923247200,1,,,,,,0,726,17000,128,725,15000,128
1100,20160112,11, 1,1,       1801 ,105925,105925,105925,105925044100,1,726,48,0,1000,0,0,726,16000,128,725,15000,128
1100,20160112,11, 1,1,       1801 ,,105925,105925,105925045800,1,,,,,,0,726,16000,128,725,15000,128
1100,20160112,11, 1,1,       1801 ,,105925,105925,105925581800,1,,,,,,0,726,16000,128,725,16000,128
1100,20160112,11, 1,1,       1801 ,,105926,105926,105926349700,1,,,,,,0,726,16000,128,725,15000,128
1100,20160112,11, 1,1,       1801 ,,105926,105926,105926479300,1,,,,,,0,726,16000,128,725,16000,128
1100,20160112,11, 1,1,       1801 ,,105927,105927,105927611600,1,,,,,,0,726,16000,128,725,11000,128
1100,20160112,11, 1,1,       1801 ,,105927,105927,105927613000,1,,,,,,0,726,16000,128,725,8000,128
1100,20160112,11, 1,1,       1801 ,,105928,105928,105928720200,1,,,,,,0,726,15000,128,725,8000,128
1100,20160112,11, 1,1,       1801 ,,105928,105928,105928723300,1,,,,,,0,726,15000,128,725,9000,128
1100,20160112,11, 1,1,       1801 ,,105928,105928,105928774200,1,,,,,,0,726,13000,128,725,9000,128
1100,20160112,11, 1,1,       1801 ,,105929,105929,105929965000,1,,,,,,0,726,13000,128,725,10000,128
1100,20160112,11, 1,1,       1801 ,,105929,105929,105929977200,1,,,,,,0,726,13000,128,725,11000,128
1100,20160112,11, 1,1,       1801 ,,105933,105933,105933768000,1,,,,,,0,726,13000,128,725,7000,128
1100,20160112,11, 1,1,       1801 ,,105933,105933,105933770300,1,,,,,,0,726,13000,128,725,6000,128
1100,20160112,11, 1,1,       1801 ,105933,105933,105933,105933815000,1,725,16,0,1000,0,0,726,13000,128,725,5000,128
1100,20160112,11, 1,1,       1801 ,,105934,105934,105934151200,1,,,,,,0,726,13000,128,725,4000,128
1100,20160112,11, 1,1,       1801 ,,105934,105934,105934845100,1,,,,,,0,726,13000,128,725,5000,128
1100,20160112,11, 1,1,       1801 ,,105937,105937,105937682200,1,,,,,,0,726,13000,128,725,6000,128
1100,20160112,11, 1,1,       1801 ,,105941,105941,105941070500,1,,,,,,0,726,13000,128,725,5000,128
1100,20160112,11, 1,1,       1801 ,,105941,105941,105941243900,1,,,,,,0,726,14000,128,725,5000,128
1100,20160112,11, 1,1,       1801 ,,105942,105942,105942480700,1,,,,,,0,726,14000,128,725,6000,128
1100,20160112,11, 1,1,       1801 ,,105943,105943,105943846300,1,,,,,,0,726,13000,128,725,6000,128
1100,20160112,11, 1,1,       1801 ,,105943,105943,105943848100,1,,,,,,0,726,19000,128,725,6000,128
1100,20160112,11, 1,1,       1801 ,,105944,105944,105944211900,1,,,,,,0,726,19000,128,725,7000,128
1100,20160112,11, 1,1,       1801 ,,105944,105944,105944618800,1,,,,,,0,726,24000,128,725,7000,128
1100,20160112,11, 1,1,       1801 ,,105944,105944,105944713000,1,,,,,,0,726,24000,128,725,8000,128
1100,20160112,11, 1,1,       1801 ,,105948,105948,105948818700,1,,,,,,0,726,24000,128,725,7000,128
1100,20160112,11, 1,1,       1801 ,,105948,105948,105948843800,1,,,,,,0,726,25000,128,725,7000,128
1100,20160112,11, 1,1,       1801 ,,105948,105948,105948891100,1,,,,,,0,726,24000,128,725,7000,128
1100,20160112,11, 1,1,       1801 ,,105948,105948,105948899000,1,,,,,,0,726,25000,128,725,7000,128
1100,20160112,11, 1,1,       1801 ,,105949,105949,105949761500,1,,,,,,0,726,24000,128,725,7000,128
1100,20160112,11, 1,1,       1801 ,,105949,105949,105949950600,1,,,,,,0,726,24000,128,725,8000,128
1100,20160112,11, 1,1,       1801 ,,105956,105956,105956080500,1,,,,,,0,726,24000,128,725,7000,128
1100,20160112,11, 1,1,       1801 ,105957,105957,105957,105957077800,1,726,48,0,1000,0,0,726,23000,128,725,7000,128
1100,20160112,11, 1,1,       1801 ,,105957,105957,105957106600,1,,,,,,0,726,23000,128,725,8000,128
1100,20160112,11, 1,1,       1801 ,,105957,105957,105957910100,1,,,,,,0,726,23000,128,725,7000,128
1100,20160112,11, 1,1,       1801 ,,105958,105958,105958512700,1,,,,,,0,726,24000,128,725,7000,128
1100,20160112,11, 1,1,       1801 ,,105959,105959,105959714000,1,,,,,,0,726,23000,128,725,7000,128
1100,20160112,11, 1,1,       1801 ,,105959,105959,105959801900,1,,,,,,0,726,23000,128,725,8000,128
1100,20160112,11, 1,1,       1801 ,,110001,110001,110001654600,1,,,,,,0,726,23000,128,725,7000,128
1100,20160112,11, 1,1,       1801 ,,110002,110002,110002559900,1,,,,,,0,726,29000,128,725,7000,128
1100,20160112,11, 1,1,       1801 ,,110002,110002,110002561300,1,,,,,,0,726,29000,128,725,6000,128
1100,20160112,11, 1,1,       1801 ,,110003,110003,110003523500,1,,,,,,0,726,33000,128,725,6000,128
1100,20160112,11, 1,1,       1801 ,,110004,110004,110004898900,1,,,,,,0,726,34000,128,725,6000,128
1100,20160112,11, 1,1,       1801 ,,110005,110005,110005311600,1,,,,,,0,726,34000,128,725,7000,128
1100,20160112,11, 1,1,       1801 ,,110009,110009,110009020600,1,,,,,,0,726,33000,128,725,7000,128
1100,20160112,11, 1,1,       1801 ,,110009,110009,110009072200,1,,,,,,0,726,33000,128,725,8000,128
1100,20160112,11, 1,1,       1801 ,110009,110009,110009,110009926900,1,726,48,0,1000,0,0,726,32000,128,725,8000,128
1100,20160112,11, 1,1,       1801 ,,110011,110011,110011327100,1,,,,,,0,726,32000,128,725,7000,128
1100,20160112,11, 1,1,       1801 ,,110011,110011,110011670600,1,,,,,,0,726,32000,128,725,6000,128
1100,20160112,11, 1,1,       1801 ,,110013,110013,110013080700,1,,,,,,0,726,32000,128,725,7000,128
1100,20160112,11, 1,1,       1801 ,,110013,110013,110013537100,1,,,,,,0,726,33000,128,725,7000,128
1100,20160112,11, 1,1,       1801 ,,110014,110014,110014040800,1,,,,,,0,726,33000,128,725,6000,128
1100,20160112,11, 1,1,       1801 ,,110015,110015,110015631100,1,,,,,,0,726,34000,128,725,6000,128
1100,20160112,11, 1,1,       1801 ,,110018,110018,110018790600,1,,,,,,0,726,36000,128,725,6000,128
1100,20160112,11, 1,1,       1801 ,,110019,110019,110019209900,1,,,,,,0,726,36000,128,725,5000,128
1100,20160112,11, 1,1,       1801 ,,110029,110029,110029933800,1,,,,,,0,726,35000,128,725,5000,128
1100,20160112,11, 1,1,       1801 ,,110030,110030,110030689500,1,,,,,,0,726,35000,128,725,6000,128
1100,20160112,11, 1,1,       1801 ,,110031,110031,110031570100,1,,,,,,0,726,36000,128,725,6000,128
1100,20160112,11, 1,1,       1801 ,,110031,110031,110031980600,1,,,,,,0,726,35000,128,725,6000,128
1100,20160112,11, 1,1,       1801 ,,110032,110032,110032250800,1,,,,,,0,726,33000,128,725,6000,128
1100,20160112,11, 1,1,       1801 ,,110032,110032,110032252600,1,,,,,,0,726,33000,128,725,7000,128
1100,20160112,11, 1,1,       1801 ,,110032,110032,110032253400,1,,,,,,0,726,33000,128,725,9000,128
1100,20160112,11, 1,1,       1801 ,,110036,110036,110036263600,1,,,,,,0,726,34000,128,725,9000,128
1100,20160112,11, 1,1,       1801 ,,110040,110040,110040487300,1,,,,,,0,726,34000,128,725,8000,128
1100,20160112,11, 1,1,       1801 ,,110040,110040,110040503300,1,,,,,,0,726,35000,128,725,8000,128
1100,20160112,11, 1,1,       1801 ,,110041,110041,110041825500,1,,,,,,0,726,35000,128,725,9000,128
1100,20160112,11, 1,1,       1801 ,,110042,110042,110042773600,1,,,,,,0,726,35000,128,725,10000,128
1100,20160112,11, 1,1,       1801 ,,110043,110043,110043541200,1,,,,,,0,726,34000,128,725,10000,128
1100,20160112,11, 1,1,       1801 ,,110043,110043,110043661100,1,,,,,,0,726,35000,128,725,10000,128
1100,20160112,11, 1,1,       1801 ,,110043,110043,110043761600,1,,,,,,0,726,34000,128,725,10000,128
1100,20160112,11, 1,1,       1801 ,,110043,110043,110043956000,1,,,,,,0,726,34000,128,725,11000,128
1100,20160112,11, 1,1,       1801 ,,110043,110043,110043990100,1,,,,,,0,726,34000,128,725,10000,128
1100,20160112,11, 1,1,       1801 ,,110044,110044,110044192000,1,,,,,,0,726,34000,128,725,11000,128
1100,20160112,11, 1,1,       1801 ,,110044,110044,110044456400,1,,,,,,0,726,34000,128,725,10000,128
1100,20160112,11, 1,1,       1801 ,,110044,110044,110044679000,1,,,,,,0,726,28000,128,725,10000,128
1100,20160112,11, 1,1,       1801 ,,110044,110044,110044683000,1,,,,,,0,726,28000,128,725,14000,128
1100,20160112,11, 1,1,       1801 ,,110044,110044,110044688200,1,,,,,,0,726,28000,128,725,15000,128
1100,20160112,11, 1,1,       1801 ,,110044,110044,110044688900,1,,,,,,0,726,28000,128,725,18000,128
1100,20160112,11, 1,1,       1801 ,,110044,110044,110044693000,1,,,,,,0,726,24000,128,725,18000,128
1100,20160112,11, 1,1,       1801 ,,110044,110044,110044796100,1,,,,,,0,726,23000,128,725,18000,128
1100,20160112,11, 1,1,       1801 ,,110044,110044,110044816900,1,,,,,,0,726,23000,128,725,19000,128
1100,20160112,11, 1,1,       1801 ,,110044,110044,110044818900,1,,,,,,0,726,23000,128,725,25000,128
1100,20160112,11, 1,1,       1801 ,,110044,110044,110044820000,1,,,,,,0,726,23000,128,725,27000,128
1100,20160112,11, 1,1,       1801 ,110044,110044,110044,110044891300,1,726,48,0,7000,0,0,726,16000,128,725,27000,128
1100,20160112,11, 1,1,       1801 ,110044,110044,110044,110044893100,1,726,48,0,16000,0,0,727,46000,128,725,27000,128
1100,20160112,11, 1,1,       1801 ,,110044,110044,110044894000,1,,,,,,0,727,46000,128,726,1000,128
1100,20160112,11, 1,1,       1801 ,,110044,110044,110044899700,1,,,,,,0,727,46000,128,726,2000,128
1100,20160112,11, 1,1,       1801 ,,110044,110044,110044900500,1,,,,,,0,727,46000,128,726,3000,128
1100,20160112,11, 1,1,       1801 ,,110044,110044,110044903300,1,,,,,,0,727,46000,128,726,5000,128
1100,20160112,11, 1,1,       1801 ,,110044,110044,110044904200,1,,,,,,0,727,46000,128,726,7000,128
1100,20160112,11, 1,1,       1801 ,,110044,110044,110044904800,1,,,,,,0,727,46000,128,726,9000,128
1100,20160112,11, 1,1,       1801 ,,110044,110044,110044907000,1,,,,,,0,727,44000,128,726,9000,128
1100,20160112,11, 1,1,       1801 ,,110044,110044,110044907700,1,,,,,,0,727,46000,128,726,9000,128
1100,20160112,11, 1,1,       1801 ,,110044,110044,110044909200,1,,,,,,0,727,40000,128,726,9000,128
1100,20160112,11, 1,1,       1801 ,,110044,110044,110044910000,1,,,,,,0,727,41000,128,726,9000,128
1100,20160112,11, 1,1,       1801 ,,110044,110044,110044910900,1,,,,,,0,727,40000,128,726,9000,128
1100,20160112,11, 1,1,       1801 ,,110044,110044,110044913200,1,,,,,,0,727,36000,128,726,9000,128
1100,20160112,11, 1,1,       1801 ,,110044,110044,110044914800,1,,,,,,0,727,35000,128,726,9000,128
1100,20160112,11, 1,1,       1801 ,,110044,110044,110044921100,1,,,,,,0,727,35000,128,726,10000,128
1100,20160112,11, 1,1,       1801 ,,110044,110044,110044926500,1,,,,,,0,727,33000,128,726,10000,128
1100,20160112,11, 1,1,       1801 ,,110044,110044,110044936600,1,,,,,,0,727,33000,128,726,11000,128
1100,20160112,11, 1,1,       1801 ,,110045,110045,110045111900,1,,,,,,0,727,29000,128,726,11000,128
1100,20160112,11, 1,1,       1801 ,,110045,110045,110045113300,1,,,,,,0,727,31000,128,726,11000,128
1100,20160112,11, 1,1,       1801 ,,110045,110045,110045124800,1,,,,,,0,727,23000,128,726,11000,128
1100,20160112,11, 1,1,       1801 ,,110045,110045,110045270600,1,,,,,,0,727,26000,128,726,11000,128
1100,20160112,11, 1,1,       1801 ,,110045,110045,110045774400,1,,,,,,0,727,26000,128,726,12000,128
1100,20160112,11, 1,1,       1801 ,,110047,110047,110047054600,1,,,,,,0,727,26000,128,726,13000,128
1100,20160112,11, 1,1,       1801 ,,110047,110047,110047294900,1,,,,,,0,727,24000,128,726,13000,128
1100,20160112,11, 1,1,       1801 ,,110051,110051,110051181900,1,,,,,,0,727,24000,128,726,12000,128
1100,20160112,11, 1,1,       1801 ,,110051,110051,110051510000,1,,,,,,0,727,20000,128,726,12000,128
1100,20160112,11, 1,1,       1801 ,,110052,110052,110052135000,1,,,,,,0,727,20000,128,726,13000,128
1100,20160112,11, 1,1,       1801 ,,110052,110052,110052987300,1,,,,,,0,727,20000,128,726,14000,128
1100,20160112,11, 1,1,       1801 ,,110052,110052,110052988900,1,,,,,,0,727,20000,128,726,18000,128
1100,20160112,11, 1,1,       1801 ,,110052,110052,110052990100,1,,,,,,0,727,16000,128,726,18000,128
1100,20160112,11, 1,1,       1801 ,,110052,110052,110052990800,1,,,,,,0,727,16000,128,726,21000,128
1100,20160112,11, 1,1,       1801 ,,110052,110052,110052991500,1,,,,,,0,727,15000,128,726,21000,128
1100,20160112,11, 1,1,       1801 ,110052,110052,110052,110052992200,1,727,48,0,1000,0,0,727,14000,128,726,21000,128
1100,20160112,11, 1,1,       1801 ,,110052,110052,110052993100,1,,,,,,0,727,14000,128,726,20000,128
1100,20160112,11, 1,1,       1801 ,,110052,110052,110052993900,1,,,,,,0,727,11000,128,726,20000,128
1100,20160112,11, 1,1,       1801 ,,110101,110101,110101804500,1,,,,,,0,727,11000,128,726,19000,128
1100,20160112,11, 1,1,       1801 ,,110103,110103,110103032700,1,,,,,,0,727,11000,128,726,18000,128
1100,20160112,11, 1,1,       1801 ,,110113,110113,110113405600,1,,,,,,0,727,11000,128,726,19000,128
1100,20160112,11, 1,1,       1801 ,,110117,110117,110117105300,1,,,,,,0,727,10000,128,726,19000,128
1100,20160112,11, 1,1,       1801 ,,110117,110117,110117171600,1,,,,,,0,727,11000,128,726,19000,128
1100,20160112,11, 1,1,       1801 ,,110119,110119,110119653500,1,,,,,,0,727,11000,128,726,18000,128
1100,20160112,11, 1,1,       1801 ,,110124,110124,110124769900,1,,,,,,0,727,11000,128,726,19000,128
1100,20160112,11, 1,1,       1801 ,,110125,110125,110125914400,1,,,,,,0,727,11000,128,726,18000,128
1100,20160112,11, 1,1,       1801 ,,110126,110126,110126647800,1,,,,,,0,727,12000,128,726,18000,128
1100,20160112,11, 1,1,       1801 ,,110129,110129,110129820400,1,,,,,,0,727,14000,128,726,18000,128
1100,20160112,11, 1,1,       1801 ,,110129,110129,110129822500,1,,,,,,0,727,20000,128,726,18000,128
1100,20160112,11, 1,1,       1801 ,,110129,110129,110129824000,1,,,,,,0,727,23000,128,726,18000,128
1100,20160112,11, 1,1,       1801 ,,110129,110129,110129824600,1,,,,,,0,727,27000,128,726,18000,128
1100,20160112,11, 1,1,       1801 ,,110129,110129,110129825200,1,,,,,,0,727,28000,128,726,18000,128
1100,20160112,11, 1,1,       1801 ,,110129,110129,110129826500,1,,,,,,0,727,28000,128,726,14000,128
1100,20160112,11, 1,1,       1801 ,,110129,110129,110129827800,1,,,,,,0,727,28000,128,726,11000,128
1100,20160112,11, 1,1,       1801 ,,110129,110129,110129829000,1,,,,,,0,727,28000,128,726,9000,128
1100,20160112,11, 1,1,       1801 ,,110129,110129,110129843000,1,,,,,,0,727,29000,128,726,9000,128
1100,20160112,11, 1,1,       1801 ,,110129,110129,110129863900,1,,,,,,0,727,29000,128,726,8000,128
1100,20160112,11, 1,1,       1801 ,,110130,110130,110130693800,1,,,,,,0,727,34000,128,726,8000,128
1100,20160112,11, 1,1,       1801 ,,110133,110133,110133469800,1,,,,,,0,727,34000,128,726,6000,128
1100,20160112,11, 1,1,       1801 ,110133,110133,110133,110133471700,1,726,16,0,2000,0,0,727,34000,128,726,4000,128
1100,20160112,11, 1,1,       1801 ,110133,110133,110133,110133474500,1,726,16,0,4000,0,0,727,34000,128,725,51000,128
1100,20160112,11, 1,1,       1801 ,,110133,110133,110133475400,1,,,,,,0,727,38000,128,725,51000,128
1100,20160112,11, 1,1,       1801 ,,110133,110133,110133476600,1,,,,,,0,727,38000,128,725,49000,128
1100,20160112,11, 1,1,       1801 ,,110133,110133,110133478800,1,,,,,,0,726,2000,128,725,49000,128
1100,20160112,11, 1,1,       1801 ,,110133,110133,110133480200,1,,,,,,0,726,3000,128,725,49000,128
1100,20160112,11, 1,1,       1801 ,,110133,110133,110133481800,1,,,,,,0,726,4000,128,725,49000,128
1100,20160112,11, 1,1,       1801 ,,110133,110133,110133483600,1,,,,,,0,726,4000,128,725,47000,128
1100,20160112,11, 1,1,       1801 ,,110133,110133,110133485800,1,,,,,,0,726,4000,128,725,48000,128
1100,20160112,11, 1,1,       1801 ,,110133,110133,110133496900,1,,,,,,0,726,8000,128,725,48000,128
1100,20160112,11, 1,1,       1801 ,,110133,110133,110133498000,1,,,,,,0,726,8000,128,725,47000,128
1100,20160112,11, 1,1,       1801 ,,110133,110133,110133499500,1,,,,,,0,726,9000,128,725,47000,128
1100,20160112,11, 1,1,       1801 ,,110133,110133,110133501300,1,,,,,,0,726,7000,128,725,47000,128
1100,20160112,11, 1,1,       1801 ,,110133,110133,110133504200,1,,,,,,0,726,7000,128,725,46000,128
1100,20160112,11, 1,1,       1801 ,,110133,110133,110133506500,1,,,,,,0,726,7000,128,725,42000,128
1100,20160112,11, 1,1,       1801 ,,110133,110133,110133507700,1,,,,,,0,726,7000,128,725,36000,128
1100,20160112,11, 1,1,       1801 ,,110133,110133,110133508900,1,,,,,,0,726,11000,128,725,36000,128
1100,20160112,11, 1,1,       1801 ,,110133,110133,110133509900,1,,,,,,0,726,12000,128,725,36000,128
1100,20160112,11, 1,1,       1801 ,,110135,110135,110135864800,1,,,,,,0,726,13000,128,725,36000,128
1100,20160112,11, 1,1,       1801 ,,110135,110135,110135866600,1,,,,,,0,726,16000,128,725,36000,128
1100,20160112,11, 1,1,       1801 ,,110135,110135,110135903600,1,,,,,,0,726,17000,128,725,36000,128
1100,20160112,11, 1,1,       1801 ,,110135,110135,110135904800,1,,,,,,0,726,17000,128,725,27000,128
1100,20160112,11, 1,1,       1801 ,,110135,110135,110135906000,1,,,,,,0,726,17000,128,725,25000,128
1100,20160112,11, 1,1,       1801 ,,110135,110135,110135906700,1,,,,,,0,726,18000,128,725,25000,128
1100,20160112,11, 1,1,       1801 ,,110136,110136,110136485200,1,,,,,,0,726,18000,128,725,21000,128
1100,20160112,11, 1,1,       1801 ,,110136,110136,110136787200,1,,,,,,0,726,18000,128,725,20000,128
1100,20160112,11, 1,1,       1801 ,,110137,110137,110137871900,1,,,,,,0,726,19000,128,725,20000,128
1100,20160112,11, 1,1,       1801 ,110138,110138,110138,110138431400,1,726,48,0,1000,0,0,726,18000,128,725,20000,128
1100,20160112,11, 1,1,       1801 ,,110138,110138,110138513600,1,,,,,,0,726,18000,128,725,20000,128
1100,20160112,11, 1,1,       1801 ,,110139,110139,110139358200,1,,,,,,0,726,18000,128,725,21000,128
1100,20160112,11, 1,1,       1801 ,,110140,110140,110140077700,1,,,,,,0,726,18000,128,725,22000,128
1100,20160112,11, 1,1,       1801 ,,110140,110140,110140907300,1,,,,,,0,726,17000,128,725,22000,128
1100,20160112,11, 1,1,       1801 ,,110144,110144,110144016100,1,,,,,,0,726,16000,128,725,22000,128
1100,20160112,11, 1,1,       1801 ,,110144,110144,110144017400,1,,,,,,0,726,18000,128,725,22000,128
1100,20160112,11, 1,1,       1801 ,,110148,110148,110148254600,1,,,,,,0,726,18000,128,725,23000,128
1100,20160112,11, 1,1,       1801 ,,110150,110150,110150774700,1,,,,,,0,726,18000,128,725,19000,128
1100,20160112,11, 1,1,       1801 ,,110154,110154,110154715800,1,,,,,,0,726,21000,128,725,19000,128
1100,20160112,11, 1,1,       1801 ,110157,110157,110157,110157444000,1,726,48,0,1000,0,0,726,20000,128,725,19000,128
1100,20160112,11, 1,1,       1801 ,,110158,110158,110158579200,1,,,,,,0,726,20000,128,725,19000,128
1100,20160112,11, 1,1,       1801 ,,110158,110158,110158960600,1,,,,,,0,726,21000,128,725,19000,128
1100,20160112,11, 1,1,       1801 ,,110159,110159,110159633500,1,,,,,,0,726,22000,128,725,19000,128
1100,20160112,11, 1,1,       1801 ,,110159,110159,110159635400,1,,,,,,0,726,22000,128,725,18000,128
1100,20160112,11, 1,1,       1801 ,,110200,110200,110200633300,1,,,,,,0,726,22000,128,725,15000,128
1100,20160112,11, 1,1,       1801 ,,110200,110200,110200634800,1,,,,,,0,726,22000,128,725,17000,128
1100,20160112,11, 1,1,       1801 ,,110201,110201,110201136800,1,,,,,,0,726,21000,128,725,17000,128
1100,20160112,11, 1,1,       1801 ,,110203,110203,110203780100,1,,,,,,0,726,30000,128,725,17000,128
1100,20160112,11, 1,1,       1801 ,,110203,110203,110203781400,1,,,,,,0,726,30000,128,725,13000,128
1100,20160112,11, 1,1,       1801 ,,110204,110204,110204073300,1,,,,,,0,726,31000,128,725,13000,128
1100,20160112,11, 1,1,       1801 ,,110206,110206,110206430000,1,,,,,,0,726,30000,128,725,13000,128
1100,20160112,11, 1,1,       1801 ,,110208,110208,110208797600,1,,,,,,0,726,30000,128,725,14000,128
1100,20160112,11, 1,1,       1801 ,,110213,110213,110213412500,1,,,,,,0,726,31000,128,725,14000,128
1100,20160112,11, 1,1,       1801 ,,110216,110216,110216531300,1,,,,,,0,726,30000,128,725,14000,128
1100,20160112,11, 1,1,       1801 ,,110225,110225,110225891700,1,,,,,,0,726,30000,128,725,15000,128
1100,20160112,11, 1,1,       1801 ,,110228,110228,110228820100,1,,,,,,0,726,30000,128,725,14000,128
1100,20160112,11, 1,1,       1801 ,,110243,110243,110243476800,1,,,,,,0,726,35000,128,725,14000,128
1100,20160112,11, 1,1,       1801 ,,110253,110253,110253162300,1,,,,,,0,726,36000,128,725,14000,128
1100,20160112,11, 1,1,       1801 ,,110255,110255,110255509100,1,,,,,,0,726,35000,128,725,14000,128
1100,20160112,11, 1,1,       1801 ,,110257,110257,110257674500,1,,,,,,0,726,36000,128,725,14000,128
1100,20160112,11, 1,1,       1801 ,,110257,110257,110257832200,1,,,,,,0,726,35000,128,725,14000,128
1100,20160112,11, 1,1,       1801 ,,110258,110258,110258719800,1,,,,,,0,726,36000,128,725,14000,128
1100,20160112,11, 1,1,       1801 ,,110259,110259,110259514200,1,,,,,,0,726,35000,128,725,14000,128
1100,20160112,11, 1,1,       1801 ,,110303,110303,110303060100,1,,,,,,0,726,36000,128,725,14000,128
1100,20160112,11, 1,1,       1801 ,,110303,110303,110303063700,1,,,,,,0,726,36000,128,725,15000,128
1100,20160112,11, 1,1,       1801 ,,110303,110303,110303086600,1,,,,,,0,726,36000,128,725,16000,128
1100,20160112,11, 1,1,       1801 ,,110305,110305,110305610000,1,,,,,,0,726,35000,128,725,16000,128
1100,20160112,11, 1,1,       1801 ,110311,110311,110311,110311258400,1,725,16,0,1000,0,0,726,35000,128,725,15000,128
1100,20160112,11, 1,1,       1801 ,,110319,110319,110319332100,1,,,,,,0,726,35000,128,725,15000,128
1100,20160112,11, 1,1,       1801 ,,110321,110321,110321793800,1,,,,,,0,726,36000,128,725,15000,128
1100,20160112,11, 1,1,       1801 ,,110321,110321,110321802200,1,,,,,,0,726,36000,128,725,17000,128
1100,20160112,11, 1,1,       1801 ,,110322,110322,110322400800,1,,,,,,0,726,35000,128,725,17000,128
1100,20160112,11, 1,1,       1801 ,,110322,110322,110322457100,1,,,,,,0,726,36000,128,725,17000,128
1100,20160112,11, 1,1,       1801 ,,110324,110324,110324311800,1,,,,,,0,726,35000,128,725,17000,128
1100,20160112,11, 1,1,       1801 ,,110326,110326,110326852800,1,,,,,,0,726,35000,128,725,18000,128
1100,20160112,11, 1,1,       1801 ,,110328,110328,110328965000,1,,,,,,0,726,26000,128,725,18000,128
1100,20160112,11, 1,1,       1801 ,,110329,110329,110329016100,1,,,,,,0,726,26000,128,725,17000,128
1100,20160112,11, 1,1,       1801 ,,110332,110332,110332371300,1,,,,,,0,726,27000,128,725,17000,128
1100,20160112,11, 1,1,       1801 ,,110335,110335,110335781700,1,,,,,,0,726,26000,128,725,17000,128
1100,20160112,11, 1,1,       1801 ,,110337,110337,110337632800,1,,,,,,0,726,26000,128,725,18000,128
1100,20160112,11, 1,1,       1801 ,,110337,110337,110337634100,1,,,,,,0,726,26000,128,725,22000,128
1100,20160112,11, 1,1,       1801 ,,110337,110337,110337635500,1,,,,,,0,726,26000,128,725,25000,128
1100,20160112,11, 1,1,       1801 ,,110337,110337,110337636100,1,,,,,,0,726,25000,128,725,25000,128
1100,20160112,11, 1,1,       1801 ,110338,110338,110338,110338711400,1,726,48,0,1000,0,0,726,24000,128,725,25000,128
1100,20160112,11, 1,1,       1801 ,,110338,110338,110338712800,1,,,,,,0,726,23000,128,725,25000,128
1100,20160112,11, 1,1,       1801 ,,110338,110338,110338713600,1,,,,,,0,726,23000,128,725,27000,128
1100,20160112,11, 1,1,       1801 ,,110338,110338,110338741900,1,,,,,,0,726,23000,128,725,28000,128
1100,20160112,11, 1,1,       1801 ,,110340,110340,110340095300,1,,,,,,0,726,23000,128,725,27000,128
1100,20160112,11, 1,1,       1801 ,,110340,110340,110340097500,1,,,,,,0,726,23000,128,725,29000,128
1100,20160112,11, 1,1,       1801 ,110342,110342,110342,110342340600,1,726,48,0,1000,0,0,726,22000,128,725,29000,128
1100,20160112,11, 1,1,       1801 ,,110343,110343,110343192600,1,,,,,,0,726,22000,128,725,27000,128
1100,20160112,11, 1,1,       1801 ,,110343,110343,110343347600,1,,,,,,0,726,22000,128,725,28000,128
1100,20160112,11, 1,1,       1801 ,110344,110344,110344,110344506100,1,726,48,0,1000,0,0,726,21000,128,725,28000,128
1100,20160112,11, 1,1,       1801 ,,110344,110344,110344507700,1,,,,,,0,726,20000,128,725,28000,128
1100,20160112,11, 1,1,       1801 ,,110344,110344,110344508400,1,,,,,,0,726,20000,128,725,29000,128
1100,20160112,11, 1,1,       1801 ,,110345,110345,110345491600,1,,,,,,0,726,20000,128,725,30000,128
1100,20160112,11, 1,1,       1801 ,,110345,110345,110345493100,1,,,,,,0,726,17000,128,725,30000,128
1100,20160112,11, 1,1,       1801 ,,110345,110345,110345541500,1,,,,,,0,726,13000,128,725,30000,128
1100,20160112,11, 1,1,       1801 ,,110345,110345,110345543600,1,,,,,,0,726,11000,128,725,30000,128
1100,20160112,11, 1,1,       1801 ,110345,110345,110345,110345544800,1,726,48,0,3000,0,0,726,8000,128,725,30000,128
1100,20160112,11, 1,1,       1801 ,110345,110345,110345,110345546300,1,726,48,0,1000,0,0,726,7000,128,725,30000,128
1100,20160112,11, 1,1,       1801 ,110345,110345,110345,110345547700,1,726,48,0,7000,0,0,727,50000,128,725,30000,128
1100,20160112,11, 1,1,       1801 ,,110345,110345,110345549800,1,,,,,,0,727,50000,128,726,1000,128
1100,20160112,11, 1,1,       1801 ,,110345,110345,110345550500,1,,,,,,0,727,50000,128,726,3000,128
1100,20160112,11, 1,1,       1801 ,,110345,110345,110345551900,1,,,,,,0,727,50000,128,726,4000,128
1100,20160112,11, 1,1,       1801 ,110345,110345,110345,110345554800,1,726,16,0,1000,0,0,727,50000,128,726,3000,128
1100,20160112,11, 1,1,       1801 ,,110345,110345,110345555700,1,,,,,,0,727,50000,128,726,3000,128
1100,20160112,11, 1,1,       1801 ,,110345,110345,110345558100,1,,,,,,0,727,48000,128,726,3000,128
1100,20160112,11, 1,1,       1801 ,,110345,110345,110345558900,1,,,,,,0,727,49000,128,726,3000,128
1100,20160112,11, 1,1,       1801 ,,110345,110345,110345560100,1,,,,,,0,727,49000,128,726,5000,128
1100,20160112,11, 1,1,       1801 ,,110345,110345,110345560900,1,,,,,,0,727,49000,128,726,6000,128
1100,20160112,11, 1,1,       1801 ,,110345,110345,110345562000,1,,,,,,0,727,48000,128,726,6000,128
1100,20160112,11, 1,1,       1801 ,,110345,110345,110345562900,1,,,,,,0,727,44000,128,726,6000,128
1100,20160112,11, 1,1,       1801 ,,110345,110345,110345563700,1,,,,,,0,727,44000,128,726,8000,128
1100,20160112,11, 1,1,       1801 ,110345,110345,110345,110345564600,1,726,16,0,1000,0,0,727,44000,128,726,7000,128
1100,20160112,11, 1,1,       1801 ,,110345,110345,110345566100,1,,,,,,0,727,44000,128,726,7000,128
1100,20160112,11, 1,1,       1801 ,,110345,110345,110345566900,1,,,,,,0,727,44000,128,726,6000,128
1100,20160112,11, 1,1,       1801 ,,110345,110345,110345567700,1,,,,,,0,727,44000,128,726,8000,128
1100,20160112,11, 1,1,       1801 ,,110345,110345,110345568600,1,,,,,,0,727,38000,128,726,8000,128
1100,20160112,11, 1,1,       1801 ,,110345,110345,110345569300,1,,,,,,0,727,38000,128,726,9000,128
1100,20160112,11, 1,1,       1801 ,,110345,110345,110345586600,1,,,,,,0,727,34000,128,726,9000,128
1100,20160112,11, 1,1,       1801 ,,110345,110345,110345630700,1,,,,,,0,727,34000,128,726,10000,128
1100,20160112,11, 1,1,       1801 ,,110345,110345,110345634000,1,,,,,,0,727,37000,128,726,10000,128
1100,20160112,11, 1,1,       1801 ,,110345,110345,110345636500,1,,,,,,0,727,37000,128,726,11000,128
1100,20160112,11, 1,1,       1801 ,,110345,110345,110345643600,1,,,,,,0,727,37000,128,726,12000,128
1100,20160112,11, 1,1,       1801 ,,110346,110346,110346867400,1,,,,,,0,727,37000,128,726,13000,128
1100,20160112,11, 1,1,       1801 ,,110347,110347,110347310800,1,,,,,,0,727,35000,128,726,13000,128
1100,20160112,11, 1,1,       1801 ,,110347,110347,110347312400,1,,,,,,0,727,31000,128,726,13000,128
1100,20160112,11, 1,1,       1801 ,,110347,110347,110347313600,1,,,,,,0,727,30000,128,726,13000,128
1100,20160112,11, 1,1,       1801 ,,110347,110347,110347558300,1,,,,,,0,727,30000,128,726,12000,128
1100,20160112,11, 1,1,       1801 ,110347,110347,110347,110347578000,1,727,48,0,2000,0,0,727,28000,128,726,12000,128
1100,20160112,11, 1,1,       1801 ,,110347,110347,110347580100,1,,,,,,0,727,28000,128,726,15000,128
1100,20160112,11, 1,1,       1801 ,,110347,110347,110347581700,1,,,,,,0,727,28000,128,726,21000,128
1100,20160112,11, 1,1,       1801 ,,110347,110347,110347583000,1,,,,,,0,727,28000,128,726,22000,128
1100,20160112,11, 1,1,       1801 ,,110347,110347,110347583700,1,,,,,,0,727,24000,128,726,22000,128
1100,20160112,11, 1,1,       1801 ,,110347,110347,110347611000,1,,,,,,0,727,22000,128,726,22000,128
1100,20160112,11, 1,1,       1801 ,,110347,110347,110347614800,1,,,,,,0,727,19000,128,726,22000,128
1100,20160112,11, 1,1,       1801 ,,110347,110347,110347616700,1,,,,,,0,727,18000,128,726,22000,128
1100,20160112,11, 1,1,       1801 ,,110347,110347,110347623500,1,,,,,,0,727,10000,128,726,22000,128
1100,20160112,11, 1,1,       1801 ,,110347,110347,110347625600,1,,,,,,0,727,9000,128,726,22000,128
1100,20160112,11, 1,1,       1801 ,110347,110347,110347,110347903100,1,727,48,0,2000,0,0,727,7000,128,726,20000,128
1100,20160112,11, 1,1,       1801 ,,110347,110347,110347904700,1,,,,,,0,727,6000,128,726,20000,128
1100,20160112,11, 1,1,       1801 ,,110347,110347,110347994000,1,,,,,,0,727,5000,128,726,20000,128
1100,20160112,11, 1,1,       1801 ,,110348,110348,110348617200,1,,,,,,0,727,6000,128,726,20000,128
1100,20160112,11, 1,1,       1801 ,,110348,110348,110348618100,1,,,,,,0,727,6000,128,726,29000,128
1100,20160112,11, 1,1,       1801 ,,110349,110349,110349139700,1,,,,,,0,727,5000,128,726,29000,128
1100,20160112,11, 1,1,       1801 ,110349,110349,110349,110349141200,1,727,48,0,5000,0,0,728,82000,128,726,29000,128
1100,20160112,11, 1,1,       1801 ,,110349,110349,110349142800,1,,,,,,0,728,80000,128,726,29000,128
1100,20160112,11, 1,1,       1801 ,,110349,110349,110349144400,1,,,,,,0,728,76000,128,726,29000,128
1100,20160112,11, 1,1,       1801 ,,110349,110349,110349147200,1,,,,,,0,728,76000,128,727,1000,128
1100,20160112,11, 1,1,       1801 ,,110349,110349,110349148600,1,,,,,,0,728,74000,128,727,1000,128
1100,20160112,11, 1,1,       1801 ,,110349,110349,110349149400,1,,,,,,0,728,74000,128,727,3000,128
1100,20160112,11, 1,1,       1801 ,,110349,110349,110349150800,1,,,,,,0,728,75000,128,727,3000,128
1100,20160112,11, 1,1,       1801 ,,110349,110349,110349154600,1,,,,,,0,728,73000,128,727,3000,128
1100,20160112,11, 1,1,       1801 ,,110349,110349,110349156700,1,,,,,,0,728,73000,128,727,5000,128
1100,20160112,11, 1,1,       1801 ,110349,110349,110349,110349157600,1,727,16,0,1000,0,0,728,73000,128,727,4000,128
1100,20160112,11, 1,1,       1801 ,,110349,110349,110349158900,1,,,,,,0,728,70000,128,727,4000,128
1100,20160112,11, 1,1,       1801 ,,110349,110349,110349159900,1,,,,,,0,728,70000,128,727,5000,128
1100,20160112,11, 1,1,       1801 ,,110349,110349,110349161200,1,,,,,,0,728,61000,128,727,5000,128
1100,20160112,11, 1,1,       1801 ,,110349,110349,110349166100,1,,,,,,0,728,57000,128,727,5000,128
1100,20160112,11, 1,1,       1801 ,,110349,110349,110349168400,1,,,,,,0,728,57000,128,727,6000,128
1100,20160112,11, 1,1,       1801 ,,110349,110349,110349169200,1,,,,,,0,728,39000,128,727,6000,128
1100,20160112,11, 1,1,       1801 ,,110349,110349,110349171900,1,,,,,,0,728,38000,128,727,6000,128
1100,20160112,11, 1,1,       1801 ,,110349,110349,110349178500,1,,,,,,0,728,37000,128,727,6000,128
1100,20160112,11, 1,1,       1801 ,,110349,110349,110349180800,1,,,,,,0,728,30000,128,727,6000,128
1100,20160112,11, 1,1,       1801 ,,110349,110349,110349182400,1,,,,,,0,728,30000,128,727,7000,128
1100,20160112,11, 1,1,       1801 ,,110349,110349,110349184700,1,,,,,,0,728,22000,128,727,7000,128
1100,20160112,11, 1,1,       1801 ,,110349,110349,110349209300,1,,,,,,0,728,22000,128,727,8000,128
1100,20160112,11, 1,1,       1801 ,,110349,110349,110349230100,1,,,,,,0,728,22000,128,727,11000,128
1100,20160112,11, 1,1,       1801 ,,110349,110349,110349232600,1,,,,,,0,728,21000,128,727,11000,128
1100,20160112,11, 1,1,       1801 ,,110349,110349,110349506100,1,,,,,,0,728,21000,128,727,12000,128
1100,20160112,11, 1,1,       1801 ,,110349,110349,110349507900,1,,,,,,0,728,20000,128,727,12000,128
1100,20160112,11, 1,1,       1801 ,,110349,110349,110349883000,1,,,,,,0,728,20000,128,727,13000,128
1100,20160112,11, 1,1,       1801 ,,110352,110352,110352588700,1,,,,,,0,728,16000,128,727,13000,128
1100,20160112,11, 1,1,       1801 ,,110354,110354,110354120200,1,,,,,,0,728,15000,128,727,13000,128
1100,20160112,11, 1,1,       1801 ,,110354,110354,110354122000,1,,,,,,0,728,15000,128,727,19000,128
1100,20160112,11, 1,1,       1801 ,,110354,110354,110354526000,1,,,,,,0,728,15000,128,727,20000,128
1100,20160112,11, 1,1,       1801 ,,110354,110354,110354527400,1,,,,,,0,728,15000,128,727,29000,128
1100,20160112,11, 1,1,       1801 ,,110354,110354,110354528100,1,,,,,,0,728,15000,128,727,32000,128
1100,20160112,11, 1,1,       1801 ,,110354,110354,110354528700,1,,,,,,0,728,12000,128,727,32000,128
1100,20160112,11, 1,1,       1801 ,,110354,110354,110354529500,1,,,,,,0,728,8000,128,727,32000,128
1100,20160112,11, 1,1,       1801 ,,110356,110356,110356974500,1,,,,,,0,728,5000,128,727,32000,128
1100,20160112,11, 1,1,       1801 ,,110356,110356,110356975800,1,,,,,,0,728,3000,128,727,32000,128
1100,20160112,11, 1,1,       1801 ,,110356,110356,110356977800,1,,,,,,0,728,2000,128,727,32000,128
1100,20160112,11, 1,1,       1801 ,110356,110356,110356,110356979100,1,728,48,0,1000,0,0,728,1000,128,727,32000,128
1100,20160112,11, 1,1,       1801 ,110356,110356,110356,110356980900,1,728,48,0,1000,0,0,729,72000,128,727,32000,128
1100,20160112,11, 1,1,       1801 ,,110356,110356,110356982200,1,,,,,,0,729,68000,128,727,32000,128
1100,20160112,11, 1,1,       1801 ,,110356,110356,110356985100,1,,,,,,0,729,68000,128,727,33000,128
1100,20160112,11, 1,1,       1801 ,,110356,110356,110356985700,1,,,,,,0,729,69000,128,727,33000,128
1100,20160112,11, 1,1,       1801 ,,110357,110357,110357648900,1,,,,,,0,729,70000,128,727,33000,128
1100,20160112,11, 1,1,       1801 ,110358,110358,110358,110358011100,1,729,48,0,1000,0,0,729,69000,128,727,32000,128
1100,20160112,11, 1,1,       1801 ,,110358,110358,110358012700,1,,,,,,0,729,68000,128,727,32000,128
1100,20160112,11, 1,1,       1801 ,,110358,110358,110358013500,1,,,,,,0,729,68000,128,728,2000,128
1100,20160112,11, 1,1,       1801 ,,110358,110358,110358014900,1,,,,,,0,729,66000,128,728,2000,128
1100,20160112,11, 1,1,       1801 ,,110358,110358,110358018800,1,,,,,,0,729,60000,128,728,2000,128
1100,20160112,11, 1,1,       1801 ,,110358,110358,110358020300,1,,,,,,0,729,60000,128,728,3000,128
1100,20160112,11, 1,1,       1801 ,,110358,110358,110358021000,1,,,,,,0,729,59000,128,728,3000,128
1100,20160112,11, 1,1,       1801 ,,110358,110358,110358036800,1,,,,,,0,729,53000,128,728,3000,128
1100,20160112,11, 1,1,       1801 ,,110358,110358,110358140200,1,,,,,,0,729,53000,128,728,5000,128
1100,20160112,11, 1,1,       1801 ,,110358,110358,110358149800,1,,,,,,0,729,44000,128,728,5000,128
1100,20160112,11, 1,1,       1801 ,,110358,110358,110358201000,1,,,,,,0,729,43000,128,728,5000,128
1100,20160112,11, 1,1,       1801 ,,110358,110358,110358711500,1,,,,,,0,729,43000,128,728,4000,128
1100,20160112,11, 1,1,       1801 ,,110358,110358,110358713100,1,,,,,,0,729,43000,128,728,2000,128
1100,20160112,11, 1,1,       1801 ,,110359,110359,110359364400,1,,,,,,0,729,43000,128,728,3000,128
1100,20160112,11, 1,1,       1801 ,,110401,110401,110401271800,1,,,,,,0,729,44000,128,728,3000,128
1100,20160112,11, 1,1,       1801 ,,110402,110402,110402711200,1,,,,,,0,729,43000,128,728,3000,128
1100,20160112,11, 1,1,       1801 ,,110402,110402,110402712600,1,,,,,,0,729,41000,128,728,3000,128
1100,20160112,11, 1,1,       1801 ,,110402,110402,110402791500,1,,,,,,0,729,42000,128,728,3000,128
1100,20160112,11, 1,1,       1801 ,,110402,110402,110402910400,1,,,,,,0,729,43000,128,728,3000,128
1100,20160112,11, 1,1,       1801 ,110404,110404,110404,110404131000,1,728,16,0,3000,0,0,729,43000,128,727,40000,128
1100,20160112,11, 1,1,       1801 ,,110404,110404,110404132500,1,,,,,,0,729,43000,128,727,38000,128
1100,20160112,11, 1,1,       1801 ,,110404,110404,110404135100,1,,,,,,0,729,45000,128,727,38000,128
1100,20160112,11, 1,1,       1801 ,,110404,110404,110404136900,1,,,,,,0,729,45000,128,727,34000,128
1100,20160112,11, 1,1,       1801 ,,110404,110404,110404138300,1,,,,,,0,729,46000,128,727,34000,128
1100,20160112,11, 1,1,       1801 ,,110404,110404,110404948900,1,,,,,,0,729,45000,128,727,34000,128
1100,20160112,11, 1,1,       1801 ,,110406,110406,110406132500,1,,,,,,0,729,45000,128,727,33000,128
1100,20160112,11, 1,1,       1801 ,,110408,110408,110408119900,1,,,,,,0,729,46000,128,727,33000,128
1100,20160112,11, 1,1,       1801 ,,110408,110408,110408149700,1,,,,,,0,729,47000,128,727,33000,128
1100,20160112,11, 1,1,       1801 ,,110408,110408,110408633200,1,,,,,,0,728,10000,128,727,33000,128
1100,20160112,11, 1,1,       1801 ,,110408,110408,110408635600,1,,,,,,0,728,12000,128,727,33000,128
1100,20160112,11, 1,1,       1801 ,,110408,110408,110408637700,1,,,,,,0,728,12000,128,727,27000,128
1100,20160112,11, 1,1,       1801 ,,110408,110408,110408638500,1,,,,,,0,728,16000,128,727,27000,128
1100,20160112,11, 1,1,       1801 ,,110408,110408,110408639100,1,,,,,,0,728,16000,128,727,26000,128
1100,20160112,11, 1,1,       1801 ,,110408,110408,110408639800,1,,,,,,0,728,19000,128,727,26000,128
1100,20160112,11, 1,1,       1801 ,,110408,110408,110408640500,1,,,,,,0,728,20000,128,727,26000,128
1100,20160112,11, 1,1,       1801 ,,110408,110408,110408641300,1,,,,,,0,728,20000,128,727,25000,128
1100,20160112,11, 1,1,       1801 ,,110408,110408,110408642000,1,,,,,,0,728,20000,128,727,22000,128
1100,20160112,11, 1,1,       1801 ,,110408,110408,110408642800,1,,,,,,0,728,21000,128,727,22000,128
1100,20160112,11, 1,1,       1801 ,,110408,110408,110408723800,1,,,,,,0,728,22000,128,727,22000,128
1100,20160112,11, 1,1,       1801 ,,110408,110408,110408744300,1,,,,,,0,728,22000,128,727,23000,128
1100,20160112,11, 1,1,       1801 ,,110409,110409,110409129600,1,,,,,,0,728,22000,128,727,14000,128
1100,20160112,11, 1,1,       1801 ,,110409,110409,110409131000,1,,,,,,0,728,22000,128,727,13000,128
1100,20160112,11, 1,1,       1801 ,,110412,110412,110412015800,1,,,,,,0,728,22000,128,727,12000,128
1100,20160112,11, 1,1,       1801 ,,110412,110412,110412128700,1,,,,,,0,728,24000,128,727,12000,128
1100,20160112,11, 1,1,       1801 ,,110412,110412,110412181500,1,,,,,,0,728,24000,128,727,10000,128
1100,20160112,11, 1,1,       1801 ,,110412,110412,110412183200,1,,,,,,0,728,24000,128,727,8000,128
1100,20160112,11, 1,1,       1801 ,,110417,110417,110417959800,1,,,,,,0,728,24000,128,727,10000,128
1100,20160112,11, 1,1,       1801 ,,110418,110418,110418940200,1,,,,,,0,728,24000,128,727,6000,128
1100,20160112,11, 1,1,       1801 ,,110418,110418,110418941900,1,,,,,,0,728,30000,128,727,6000,128
1100,20160112,11, 1,1,       1801 ,,110418,110418,110418975200,1,,,,,,0,728,30000,128,727,4000,128
1100,20160112,11, 1,1,       1801 ,,110418,110418,110418977900,1,,,,,,0,728,34000,128,727,4000,128
1100,20160112,11, 1,1,       1801 ,,110424,110424,110424747400,1,,,,,,0,728,35000,128,727,4000,128
1100,20160112,11, 1,1,       1801 ,110437,110437,110437,110437640900,1,727,16,0,1000,0,0,728,35000,128,727,3000,128
1100,20160112,11, 1,1,       1801 ,110437,110437,110437,110437642200,1,727,16,0,3000,0,0,728,35000,128,726,66000,128
1100,20160112,11, 1,1,       1801 ,,110437,110437,110437644100,1,,,,,,0,727,2000,128,726,66000,128
1100,20160112,11, 1,1,       1801 ,,110437,110437,110437652300,1,,,,,,0,727,3000,128,726,66000,128
1100,20160112,11, 1,1,       1801 ,,110437,110437,110437656100,1,,,,,,0,727,3000,128,726,64000,128
1100,20160112,11, 1,1,       1801 ,,110437,110437,110437659800,1,,,,,,0,727,3000,128,726,58000,128
1100,20160112,11, 1,1,       1801 ,,110437,110437,110437660600,1,,,,,,0,727,3000,128,726,57000,128
1100,20160112,11, 1,1,       1801 ,,110437,110437,110437661400,1,,,,,,0,727,4000,128,726,57000,128
1100,20160112,11, 1,1,       1801 ,,110437,110437,110437666500,1,,,,,,0,727,4000,128,726,53000,128
1100,20160112,11, 1,1,       1801 ,,110437,110437,110437667500,1,,,,,,0,727,4000,128,726,52000,128
1100,20160112,11, 1,1,       1801 ,,110437,110437,110437672500,1,,,,,,0,727,4000,128,726,34000,128
1100,20160112,11, 1,1,       1801 ,,110437,110437,110437673900,1,,,,,,0,727,4000,128,726,33000,128
1100,20160112,11, 1,1,       1801 ,,110437,110437,110437674900,1,,,,,,0,727,8000,128,726,33000,128
1100,20160112,11, 1,1,       1801 ,,110437,110437,110437675600,1,,,,,,0,727,11000,128,726,33000,128
1100,20160112,11, 1,1,       1801 ,,110437,110437,110437677700,1,,,,,,0,727,11000,128,726,27000,128
1100,20160112,11, 1,1,       1801 ,110437,110437,110437,110437680400,1,727,48,0,1000,0,0,727,10000,128,726,27000,128
1100,20160112,11, 1,1,       1801 ,,110437,110437,110437681300,1,,,,,,0,727,10000,128,726,27000,128
1100,20160112,11, 1,1,       1801 ,,110437,110437,110437688700,1,,,,,,0,727,11000,128,726,27000,128
1100,20160112,11, 1,1,       1801 ,,110437,110437,110437691900,1,,,,,,0,727,10000,128,726,27000,128
1100,20160112,11, 1,1,       1801 ,,110438,110438,110438261400,1,,,,,,0,727,10000,128,726,28000,128
1100,20160112,11, 1,1,       1801 ,110438,110438,110438,110438441200,1,727,48,0,1000,0,0,727,9000,128,726,28000,128
1100,20160112,11, 1,1,       1801 ,110438,110438,110438,110438442700,1,727,48,0,2000,0,0,727,7000,128,726,28000,128
1100,20160112,11, 1,1,       1801 ,,110438,110438,110438443800,1,,,,,,0,727,7000,128,726,28000,128
1100,20160112,11, 1,1,       1801 ,,110438,110438,110438445600,1,,,,,,0,727,3000,128,726,28000,128
1100,20160112,11, 1,1,       1801 ,,110438,110438,110438446900,1,,,,,,0,728,52000,128,726,28000,128
1100,20160112,11, 1,1,       1801 ,,110438,110438,110438448900,1,,,,,,0,728,53000,128,726,28000,128
1100,20160112,11, 1,1,       1801 ,,110438,110438,110438450200,1,,,,,,0,728,53000,128,726,33000,128
1100,20160112,11, 1,1,       1801 ,,110438,110438,110438450800,1,,,,,,0,728,54000,128,726,33000,128
1100,20160112,11, 1,1,       1801 ,,110438,110438,110438451500,1,,,,,,0,728,53000,128,726,33000,128
1100,20160112,11, 1,1,       1801 ,,110438,110438,110438548900,1,,,,,,0,728,54000,128,726,33000,128
1100,20160112,11, 1,1,       1801 ,,110438,110438,110438969200,1,,,,,,0,728,54000,128,726,32000,128
1100,20160112,11, 1,1,       1801 ,,110438,110438,110438970500,1,,,,,,0,728,54000,128,726,33000,128
1100,20160112,11, 1,1,       1801 ,,110438,110438,110438971200,1,,,,,,0,728,55000,128,726,33000,128
1100,20160112,11, 1,1,       1801 ,,110438,110438,110438978800,1,,,,,,0,728,49000,128,726,33000,128
1100,20160112,11, 1,1,       1801 ,,110439,110439,110439069100,1,,,,,,0,728,49000,128,727,1000,128
1100,20160112,11, 1,1,       1801 ,,110439,110439,110439071400,1,,,,,,0,728,47000,128,727,1000,128
1100,20160112,11, 1,1,       1801 ,110439,110439,110439,110439072100,1,727,16,0,1000,0,0,728,47000,128,726,33000,128
1100,20160112,11, 1,1,       1801 ,,110439,110439,110439072900,1,,,,,,0,728,47000,128,726,33000,128
1100,20160112,11, 1,1,       1801 ,,110439,110439,110439074500,1,,,,,,0,728,47000,128,727,4000,128
1100,20160112,11, 1,1,       1801 ,,110439,110439,110439075300,1,,,,,,0,728,46000,128,727,4000,128
1100,20160112,11, 1,1,       1801 ,110439,110439,110439,110439076800,1,727,16,0,1000,0,0,728,46000,128,727,3000,128
1100,20160112,11, 1,1,       1801 ,,110439,110439,110439078100,1,,,,,,0,728,46000,128,727,3000,128
1100,20160112,11, 1,1,       1801 ,110439,110439,110439,110439079500,1,727,16,0,1000,0,0,728,46000,128,727,2000,128
1100,20160112,11, 1,1,       1801 ,110439,110439,110439,110439080300,1,727,16,0,2000,0,0,728,46000,128,726,33000,128
1100,20160112,11, 1,1,       1801 ,,110439,110439,110439169600,1,,,,,,0,728,46000,128,726,32000,128
1100,20160112,11, 1,1,       1801 ,,110439,110439,110439644700,1,,,,,,0,728,46000,128,726,31000,128
1100,20160112,11, 1,1,       1801 ,,110439,110439,110439645900,1,,,,,,0,728,47000,128,726,31000,128
1100,20160112,11, 1,1,       1801 ,,110444,110444,110444551200,1,,,,,,0,728,47000,128,726,32000,128
1100,20160112,11, 1,1,       1801 ,,110444,110444,110444552600,1,,,,,,0,728,46000,128,726,32000,128
1100,20160112,11, 1,1,       1801 ,,110444,110444,110444553300,1,,,,,,0,728,46000,128,726,38000,128
1100,20160112,11, 1,1,       1801 ,,110444,110444,110444554900,1,,,,,,0,728,46000,128,726,44000,128
1100,20160112,11, 1,1,       1801 ,,110447,110447,110447731100,1,,,,,,0,728,52000,128,726,44000,128
1100,20160112,11, 1,1,       1801 ,,110450,110450,110450704100,1,,,,,,0,728,53000,128,726,44000,128
1100,20160112,11, 1,1,       1801 ,,110501,110501,110501148100,1,,,,,,0,728,53000,128,727,1000,128
1100,20160112,11, 1,1,       1801 ,110501,110501,110501,110501162700,1,727,16,0,1000,0,0,728,53000,128,726,48000,128
1100,20160112,11, 1,1,       1801 ,,110501,110501,110501164100,1,,,,,,0,727,6000,128,726,48000,128
1100,20160112,11, 1,1,       1801 ,,110501,110501,110501166100,1,,,,,,0,727,8000,128,726,48000,128
1100,20160112,11, 1,1,       1801 ,,110501,110501,110501166700,1,,,,,,0,727,9000,128,726,48000,128
1100,20160112,11, 1,1,       1801 ,,110501,110501,110501169600,1,,,,,,0,727,9000,128,726,47000,128
1100,20160112,11, 1,1,       1801 ,,110501,110501,110501170400,1,,,,,,0,727,9000,128,726,41000,128
1100,20160112,11, 1,1,       1801 ,,110501,110501,110501171100,1,,,,,,0,727,15000,128,726,41000,128
1100,20160112,11, 1,1,       1801 ,,110501,110501,110501171700,1,,,,,,0,727,15000,128,726,40000,128
1100,20160112,11, 1,1,       1801 ,110501,110501,110501,110501172500,1,727,48,0,6000,0,0,727,9000,128,726,40000,128
1100,20160112,11, 1,1,       1801 ,,110501,110501,110501173500,1,,,,,,0,727,13000,128,726,40000,128
1100,20160112,11, 1,1,       1801 ,110501,110501,110501,110501175700,1,727,48,0,3000,0,0,727,10000,128,726,40000,128
1100,20160112,11, 1,1,       1801 ,,110501,110501,110501176800,1,,,,,,0,727,10000,128,726,41000,128
1100,20160112,11, 1,1,       1801 ,,110501,110501,110501178200,1,,,,,,0,727,13000,128,726,41000,128
1100,20160112,11, 1,1,       1801 ,,110501,110501,110501186800,1,,,,,,0,727,13000,128,726,37000,128
1100,20160112,11, 1,1,       1801 ,,110501,110501,110501194600,1,,,,,,0,727,14000,128,726,37000,128
1100,20160112,11, 1,1,       1801 ,,110501,110501,110501302200,1,,,,,,0,727,16000,128,726,37000,128
1100,20160112,11, 1,1,       1801 ,,110502,110502,110502380800,1,,,,,,0,727,12000,128,726,37000,128
1100,20160112,11, 1,1,       1801 ,,110502,110502,110502481700,1,,,,,,0,727,12000,128,726,38000,128
1100,20160112,11, 1,1,       1801 ,,110503,110503,110503366700,1,,,,,,0,727,12000,128,726,37000,128
1100,20160112,11, 1,1,       1801 ,,110503,110503,110503591800,1,,,,,,0,727,13000,128,726,37000,128
1100,20160112,11, 1,1,       1801 ,,110504,110504,110504598100,1,,,,,,0,727,13000,128,726,38000,128
1100,20160112,11, 1,1,       1801 ,,110504,110504,110504754700,1,,,,,,0,727,13000,128,726,39000,128
1100,20160112,11, 1,1,       1801 ,,110505,110505,110505349500,1,,,,,,0,727,7000,128,726,39000,128
1100,20160112,11, 1,1,       1801 ,,110505,110505,110505351600,1,,,,,,0,727,5000,128,726,39000,128
1100,20160112,11, 1,1,       1801 ,,110505,110505,110505353600,1,,,,,,0,727,2000,128,726,39000,128
1100,20160112,11, 1,1,       1801 ,110505,110505,110505,110505356300,1,727,48,0,1000,0,0,727,1000,128,726,39000,128
1100,20160112,11, 1,1,       1801 ,110505,110505,110505,110505358000,1,727,48,0,1000,0,0,728,65000,128,726,39000,128
1100,20160112,11, 1,1,       1801 ,,110505,110505,110505362500,1,,,,,,0,728,65000,128,727,1000,128
1100,20160112,11, 1,1,       1801 ,,110505,110505,110505366400,1,,,,,,0,728,63000,128,727,1000,128
1100,20160112,11, 1,1,       1801 ,,110505,110505,110505367900,1,,,,,,0,728,57000,128,727,1000,128
1100,20160112,11, 1,1,       1801 ,,110505,110505,110505368700,1,,,,,,0,728,51000,128,727,1000,128
1100,20160112,11, 1,1,       1801 ,,110505,110505,110505379300,1,,,,,,0,728,50000,128,727,1000,128
1100,20160112,11, 1,1,       1801 ,,110505,110505,110505405900,1,,,,,,0,728,51000,128,727,1000,128
1100,20160112,11, 1,1,       1801 ,,110505,110505,110505412000,1,,,,,,0,728,47000,128,727,1000,128
1100,20160112,11, 1,1,       1801 ,,110505,110505,110505414300,1,,,,,,0,728,46000,128,727,1000,128
1100,20160112,11, 1,1,       1801 ,,110506,110506,110506377900,1,,,,,,0,728,46000,128,726,37000,128
1100,20160112,11, 1,1,       1801 ,,110506,110506,110506380600,1,,,,,,0,728,46000,128,727,6000,128
1100,20160112,11, 1,1,       1801 ,,110506,110506,110506381200,1,,,,,,0,728,47000,128,727,6000,128
1100,20160112,11, 1,1,       1801 ,,110506,110506,110506382000,1,,,,,,0,728,47000,128,727,8000,128
1100,20160112,11, 1,1,       1801 ,,110506,110506,110506384700,1,,,,,,0,728,46000,128,727,8000,128
1100,20160112,11, 1,1,       1801 ,,110506,110506,110506385500,1,,,,,,0,728,45000,128,727,8000,128
1100,20160112,11, 1,1,       1801 ,,110506,110506,110506387100,1,,,,,,0,728,45000,128,727,9000,128
1100,20160112,11, 1,1,       1801 ,,110506,110506,110506394300,1,,,,,,0,728,45000,128,727,12000,128
1100,20160112,11, 1,1,       1801 ,,110509,110509,110509864500,1,,,,,,0,728,45000,128,727,13000,128
1100,20160112,11, 1,1,       1801 ,,110516,110516,110516034000,1,,,,,,0,728,46000,128,727,13000,128
1100,20160112,11, 1,1,       1801 ,,110520,110520,110520022200,1,,,,,,0,728,47000,128,727,13000,128
1100,20160112,11, 1,1,       1801 ,,110520,110520,110520023800,1,,,,,,0,728,47000,128,727,12000,128
1100,20160112,11, 1,1,       1801 ,,110520,110520,110520552800,1,,,,,,0,728,47000,128,727,10000,128
1100,20160112,11, 1,1,       1801 ,,110520,110520,110520558600,1,,,,,,0,728,53000,128,727,10000,128
1100,20160112,11, 1,1,       1801 ,110520,110520,110520,110520664300,1,727,16,0,2000,0,0,728,53000,128,727,8000,128
1100,20160112,11, 1,1,       1801 ,110520,110520,110520,110520665900,1,727,16,0,6000,0,0,728,53000,128,727,2000,128
1100,20160112,11, 1,1,       1801 ,110520,110520,110520,110520666900,1,727,16,0,2000,0,0,728,53000,128,726,49000,128
1100,20160112,11, 1,1,       1801 ,,110520,110520,110520667800,1,,,,,,0,727,1000,128,726,49000,128
1100,20160112,11, 1,1,       1801 ,,110520,110520,110520672600,1,,,,,,0,727,2000,128,726,49000,128
1100,20160112,11, 1,1,       1801 ,,110520,110520,110520673300,1,,,,,,0,727,3000,128,726,49000,128
1100,20160112,11, 1,1,       1801 ,,110520,110520,110520677900,1,,,,,,0,727,3000,128,726,47000,128
1100,20160112,11, 1,1,       1801 ,,110520,110520,110520680100,1,,,,,,0,727,3000,128,726,41000,128
1100,20160112,11, 1,1,       1801 ,,110520,110520,110520680900,1,,,,,,0,727,5000,128,726,41000,128
1100,20160112,11, 1,1,       1801 ,,110520,110520,110520683200,1,,,,,,0,727,6000,128,726,41000,128
1100,20160112,11, 1,1,       1801 ,,110520,110520,110520684000,1,,,,,,0,727,6000,128,726,40000,128
1100,20160112,11, 1,1,       1801 ,,110520,110520,110520686500,1,,,,,,0,727,6000,128,726,36000,128
1100,20160112,11, 1,1,       1801 ,110522,110522,110522,110522396700,1,727,48,0,1000,0,0,727,5000,128,726,36000,128
1100,20160112,11, 1,1,       1801 ,,110522,110522,110522398900,1,,,,,,0,727,5000,128,726,36000,128
1100,20160112,11, 1,1,       1801 ,,110524,110524,110524429700,1,,,,,,0,727,7000,128,726,36000,128
1100,20160112,11, 1,1,       1801 ,,110524,110524,110524431600,1,,,,,,0,727,10000,128,726,36000,128
1100,20160112,11, 1,1,       1801 ,,110524,110524,110524432900,1,,,,,,0,727,14000,128,726,36000,128
1100,20160112,11, 1,1,       1801 ,,110524,110524,110524434200,1,,,,,,0,727,14000,128,726,27000,128
1100,20160112,11, 1,1,       1801 ,,110524,110524,110524434900,1,,,,,,0,727,15000,128,726,27000,128
1100,20160112,11, 1,1,       1801 ,,110524,110524,110524436400,1,,,,,,0,727,15000,128,726,26000,128
1100,20160112,11, 1,1,       1801 ,,110524,110524,110524437100,1,,,,,,0,727,15000,128,726,21000,128
1100,20160112,11, 1,1,       1801 ,,110524,110524,110524437800,1,,,,,,0,727,15000,128,726,17000,128
1100,20160112,11, 1,1,       1801 ,,110524,110524,110524438500,1,,,,,,0,727,15000,128,726,15000,128
1100,20160112,11, 1,1,       1801 ,,110524,110524,110524439300,1,,,,,,0,727,15000,128,726,14000,128
1100,20160112,11, 1,1,       1801 ,,110524,110524,110524440000,1,,,,,,0,727,15000,128,726,11000,128
1100,20160112,11, 1,1,       1801 ,,110524,110524,110524444700,1,,,,,,0,727,15000,128,726,5000,128
1100,20160112,11, 1,1,       1801 ,,110526,110526,110526591400,1,,,,,,0,727,15000,128,726,6000,128
1100,20160112,11, 1,1,       1801 ,,110526,110526,110526593000,1,,,,,,0,727,21000,128,726,6000,128
1100,20160112,11, 1,1,       1801 ,,110532,110532,110532500200,1,,,,,,0,727,22000,128,726,6000,128
1100,20160112,11, 1,1,       1801 ,,110533,110533,110533080500,1,,,,,,0,727,22000,128,726,8000,128
1100,20160112,11, 1,1,       1801 ,,110533,110533,110533124700,1,,,,,,0,727,22000,128,726,9000,128
1100,20160112,11, 1,1,       1801 ,,110533,110533,110533125500,1,,,,,,0,727,21000,128,726,9000,128
1100,20160112,11, 1,1,       1801 ,,110533,110533,110533126300,1,,,,,,0,727,19000,128,726,9000,128
1100,20160112,11, 1,1,       1801 ,,110534,110534,110534241300,1,,,,,,0,727,19000,128,726,8000,128
1100,20160112,11, 1,1,       1801 ,,110536,110536,110536025500,1,,,,,,0,727,19000,128,726,9000,128
1100,20160112,11, 1,1,       1801 ,,110536,110536,110536798100,1,,,,,,0,727,20000,128,726,9000,128
1100,20160112,11, 1,1,       1801 ,,110539,110539,110539370200,1,,,,,,0,727,19000,128,726,9000,128
1100,20160112,11, 1,1,       1801 ,,110544,110544,110544062200,1,,,,,,0,727,19000,128,726,10000,128
1100,20160112,11, 1,1,       1801 ,,110544,110544,110544210400,1,,,,,,0,727,13000,128,726,10000,128
1100,20160112,11, 1,1,       1801 ,,110544,110544,110544212200,1,,,,,,0,727,13000,128,726,16000,128
1100,20160112,11, 1,1,       1801 ,,110544,110544,110544213900,1,,,,,,0,727,11000,128,726,16000,128
1100,20160112,11, 1,1,       1801 ,,110544,110544,110544214800,1,,,,,,0,727,11000,128,726,19000,128
1100,20160112,11, 1,1,       1801 ,,110544,110544,110544215600,1,,,,,,0,727,11000,128,726,25000,128
1100,20160112,11, 1,1,       1801 ,,110544,110544,110544216400,1,,,,,,0,727,7000,128,726,25000,128
1100,20160112,11, 1,1,       1801 ,,110544,110544,110544217300,1,,,,,,0,727,6000,128,726,25000,128
1100,20160112,11, 1,1,       1801 ,,110544,110544,110544218200,1,,,,,,0,727,3000,128,726,25000,128
1100,20160112,11, 1,1,       1801 ,110544,110544,110544,110544679700,1,727,48,0,1000,0,0,727,2000,128,726,25000,128
1100,20160112,11, 1,1,       1801 ,110544,110544,110544,110544680700,1,727,48,0,1000,0,0,727,1000,128,726,25000,128
1100,20160112,11, 1,1,       1801 ,110544,110544,110544,110544681700,1,727,48,0,1000,0,0,728,52000,128,726,25000,128
1100,20160112,11, 1,1,       1801 ,,110544,110544,110544682900,1,,,,,,0,728,52000,128,727,2000,128
1100,20160112,11, 1,1,       1801 ,,110544,110544,110544691300,1,,,,,,0,728,52000,128,727,3000,128
1100,20160112,11, 1,1,       1801 ,,110544,110544,110544692500,1,,,,,,0,728,52000,128,727,4000,128
1100,20160112,11, 1,1,       1801 ,,110544,110544,110544695200,1,,,,,,0,728,53000,128,727,4000,128
1100,20160112,11, 1,1,       1801 ,,110544,110544,110544696400,1,,,,,,0,728,51000,128,727,4000,128
1100,20160112,11, 1,1,       1801 ,,110544,110544,110544698000,1,,,,,,0,728,45000,128,727,4000,128
1100,20160112,11, 1,1,       1801 ,,110544,110544,110544698800,1,,,,,,0,728,44000,128,727,4000,128
1100,20160112,11, 1,1,       1801 ,,110544,110544,110544699500,1,,,,,,0,728,40000,128,727,4000,128
1100,20160112,11, 1,1,       1801 ,,110544,110544,110544700200,1,,,,,,0,728,39000,128,727,4000,128
1100,20160112,11, 1,1,       1801 ,,110544,110544,110544701600,1,,,,,,0,728,39000,128,727,5000,128
1100,20160112,11, 1,1,       1801 ,,110544,110544,110544891400,1,,,,,,0,728,39000,128,727,6000,128
1100,20160112,11, 1,1,       1801 ,,110545,110545,110545232500,1,,,,,,0,728,39000,128,727,7000,128
1100,20160112,11, 1,1,       1801 ,,110547,110547,110547261400,1,,,,,,0,728,39000,128,727,6000,128
1100,20160112,11, 1,1,       1801 ,,110547,110547,110547272700,1,,,,,,0,728,39000,128,727,7000,128
1100,20160112,11, 1,1,       1801 ,,110548,110548,110548301500,1,,,,,,0,728,39000,128,727,6000,128
1100,20160112,11, 1,1,       1801 ,,110548,110548,110548588100,1,,,,,,0,728,40000,128,727,6000,128
1100,20160112,11, 1,1,       1801 ,,110552,110552,110552561400,1,,,,,,0,728,41000,128,727,6000,128
1100,20160112,11, 1,1,       1801 ,,110552,110552,110552563000,1,,,,,,0,728,41000,128,727,4000,128
1100,20160112,11, 1,1,       1801 ,,110552,110552,110552564700,1,,,,,,0,728,41000,128,727,3000,128
1100,20160112,11, 1,1,       1801 ,,110552,110552,110552610400,1,,,,,,0,728,42000,128,727,3000,128
1100,20160112,11, 1,1,       1801 ,110555,110555,110555,110555850600,1,727,16,0,2000,0,0,728,42000,128,727,1000,128
1100,20160112,11, 1,1,       1801 ,110555,110555,110555,110555852700,1,727,16,0,1000,0,0,728,42000,128,726,49000,128
1100,20160112,11, 1,1,       1801 ,,110555,110555,110555854800,1,,,,,,0,727,2000,128,726,49000,128
1100,20160112,11, 1,1,       1801 ,,110555,110555,110555859000,1,,,,,,0,727,8000,128,726,49000,128
1100,20160112,11, 1,1,       1801 ,,110555,110555,110555859700,1,,,,,,0,727,8000,128,726,47000,128
1100,20160112,11, 1,1,       1801 ,,110555,110555,110555860500,1,,,,,,0,727,10000,128,726,47000,128
1100,20160112,11, 1,1,       1801 ,,110555,110555,110555868200,1,,,,,,0,727,10000,128,726,41000,128
1100,20160112,11, 1,1,       1801 ,,110555,110555,110555869500,1,,,,,,0,727,10000,128,726,40000,128
1100,20160112,11, 1,1,       1801 ,,110555,110555,110555870400,1,,,,,,0,727,13000,128,726,40000,128
1100,20160112,11, 1,1,       1801 ,,110555,110555,110555872300,1,,,,,,0,727,13000,128,726,36000,128
1100,20160112,11, 1,1,       1801 ,,110555,110555,110555874100,1,,,,,,0,727,13000,128,726,35000,128
1100,20160112,11, 1,1,       1801 ,,110555,110555,110555875400,1,,,,,,0,727,17000,128,726,35000,128
1100,20160112,11, 1,1,       1801 ,,110555,110555,110555887100,1,,,,,,0,727,18000,128,726,35000,128
1100,20160112,11, 1,1,       1801 ,,110555,110555,110555892400,1,,,,,,0,727,19000,128,726,35000,128
1100,20160112,11, 1,1,       1801 ,,110555,110555,110555894100,1,,,,,,0,727,19000,128,726,29000,128
1100,20160112,11, 1,1,       1801 ,,110555,110555,110555895000,1,,,,,,0,727,19000,128,726,26000,128
1100,20160112,11, 1,1,       1801 ,,110555,110555,110555895800,1,,,,,,0,727,19000,128,726,20000,128
1100,20160112,11, 1,1,       1801 ,,110555,110555,110555897700,1,,,,,,0,727,19000,128,726,17000,128
1100,20160112,11, 1,1,       1801 ,,110555,110555,110555946600,1,,,,,,0,727,20000,128,726,17000,128
1100,20160112,11, 1,1,       1801 ,,110600,110600,110600473300,1,,,,,,0,727,20000,128,726,8000,128
1100,20160112,11, 1,1,       1801 ,,110600,110600,110600476300,1,,,,,,0,727,20000,128,726,6000,128
1100,20160112,11, 1,1,       1801 ,,110600,110600,110600477000,1,,,,,,0,727,20000,128,726,4000,128
1100,20160112,11, 1,1,       1801 ,,110600,110600,110600478900,1,,,,,,0,727,22000,128,726,4000,128
1100,20160112,11, 1,1,       1801 ,,110600,110600,110600857000,1,,,,,,0,727,23000,128,726,4000,128
1100,20160112,11, 1,1,       1801 ,,110601,110601,110601138600,1,,,,,,0,727,23000,128,726,3000,128
1100,20160112,11, 1,1,       1801 ,,110601,110601,110601139400,1,,,,,,0,727,32000,128,726,3000,128
1100,20160112,11, 1,1,       1801 ,110601,110601,110601,110601141400,1,726,16,0,3000,0,0,727,32000,128,725,75000,128
1100,20160112,11, 1,1,       1801 ,,110601,110601,110601143800,1,,,,,,0,727,32000,128,725,75000,128
1100,20160112,11, 1,1,       1801 ,,110601,110601,110601144500,1,,,,,,0,726,2000,128,725,75000,128
1100,20160112,11, 1,1,       1801 ,,110601,110601,110601145200,1,,,,,,0,726,2000,128,725,73000,128
1100,20160112,11, 1,1,       1801 ,,110601,110601,110601148000,1,,,,,,0,726,2000,128,725,69000,128
1100,20160112,11, 1,1,       1801 ,,110601,110601,110601149800,1,,,,,,0,726,2000,128,725,67000,128
1100,20160112,11, 1,1,       1801 ,110601,110601,110601,110601153500,1,726,48,0,2000,0,0,727,35000,128,725,67000,128
1100,20160112,11, 1,1,       1801 ,,110601,110601,110601154500,1,,,,,,0,727,35000,128,725,67000,128
1100,20160112,11, 1,1,       1801 ,,110601,110601,110601155300,1,,,,,,0,727,35000,128,725,61000,128
1100,20160112,11, 1,1,       1801 ,,110601,110601,110601156100,1,,,,,,0,727,39000,128,725,61000,128
1100,20160112,11, 1,1,       1801 ,,110601,110601,110601156800,1,,,,,,0,726,2000,128,725,61000,128
1100,20160112,11, 1,1,       1801 ,,110601,110601,110601157500,1,,,,,,0,726,3000,128,725,61000,128
1100,20160112,11, 1,1,       1801 ,,110601,110601,110601158300,1,,,,,,0,726,3000,128,725,60000,128
1100,20160112,11, 1,1,       1801 ,,110601,110601,110601171000,1,,,,,,0,726,3000,128,725,44000,128
1100,20160112,11, 1,1,       1801 ,,110601,110601,110601186900,1,,,,,,0,726,3000,128,725,40000,128
1100,20160112,11, 1,1,       1801 ,,110601,110601,110601776700,1,,,,,,0,726,3000,128,725,38000,128
1100,20160112,11, 1,1,       1801 ,,110601,110601,110601782000,1,,,,,,0,726,3000,128,725,37000,128
1100,20160112,11, 1,1,       1801 ,,110603,110603,110603038800,1,,,,,,0,726,3000,128,725,39000,128
1100,20160112,11, 1,1,       1801 ,,110605,110605,110605396600,1,,,,,,0,726,3000,128,725,41000,128
1100,20160112,11, 1,1,       1801 ,,110605,110605,110605949500,1,,,,,,0,726,3000,128,725,46000,128
1100,20160112,11, 1,1,       1801 ,,110608,110608,110608023100,1,,,,,,0,726,2000,128,725,46000,128
1100,20160112,11, 1,1,       1801 ,,110608,110608,110608753600,1,,,,,,0,726,2000,128,725,47000,128
1100,20160112,11, 1,1,       1801 ,110610,110610,110610,110610005000,1,726,48,0,2000,0,0,727,51000,128,725,47000,128
1100,20160112,11, 1,1,       1801 ,,110610,110610,110610006600,1,,,,,,0,727,51000,128,725,47000,128
1100,20160112,11, 1,1,       1801 ,,110610,110610,110610007800,1,,,,,,0,727,49000,128,725,47000,128
1100,20160112,11, 1,1,       1801 ,,110610,110610,110610009800,1,,,,,,0,727,49000,128,725,48000,128
1100,20160112,11, 1,1,       1801 ,,110610,110610,110610014300,1,,,,,,0,727,50000,128,725,48000,128
1100,20160112,11, 1,1,       1801 ,,110610,110610,110610037300,1,,,,,,0,727,46000,128,725,48000,128
1100,20160112,11, 1,1,       1801 ,,110610,110610,110610227400,1,,,,,,0,727,47000,128,725,48000,128
1100,20160112,11, 1,1,       1801 ,,110610,110610,110610228800,1,,,,,,0,727,47000,128,725,54000,128
1100,20160112,11, 1,1,       1801 ,,110610,110610,110610490400,1,,,,,,0,727,47000,128,725,55000,128
1100,20160112,11, 1,1,       1801 ,,110612,110612,110612653000,1,,,,,,0,727,47000,128,725,63000,128
1100,20160112,11, 1,1,       1801 ,,110616,110616,110616049900,1,,,,,,0,727,47000,128,725,62000,128
1100,20160112,11, 1,1,       1801 ,,110617,110617,110617759900,1,,,,,,0,727,47000,128,725,63000,128
1100,20160112,11, 1,1,       1801 ,,110619,110619,110619862000,1,,,,,,0,727,47000,128,725,69000,128
1100,20160112,11, 1,1,       1801 ,,110620,110620,110620491300,1,,,,,,0,727,48000,128,725,69000,128
1100,20160112,11, 1,1,       1801 ,,110620,110620,110620759400,1,,,,,,0,727,48000,128,725,70000,128
1100,20160112,11, 1,1,       1801 ,,110620,110620,110620818000,1,,,,,,0,727,49000,128,725,70000,128
1100,20160112,11, 1,1,       1801 ,,110633,110633,110633504700,1,,,,,,0,727,49000,128,725,74000,128
1100,20160112,11, 1,1,       1801 ,,110640,110640,110640026200,1,,,,,,0,727,49000,128,725,73000,128
1100,20160112,11, 1,1,       1801 ,,110640,110640,110640069400,1,,,,,,0,727,49000,128,725,72000,128
1100,20160112,11, 1,1,       1801 ,,110642,110642,110642135700,1,,,,,,0,727,49000,128,725,68000,128
1100,20160112,11, 1,1,       1801 ,,110642,110642,110642148400,1,,,,,,0,727,50000,128,725,68000,128
1100,20160112,11, 1,1,       1801 ,,110643,110643,110643159400,1,,,,,,0,727,55000,128,725,68000,128
1100,20160112,11, 1,1,       1801 ,,110648,110648,110648242800,1,,,,,,0,726,3000,128,725,68000,128
1100,20160112,11, 1,1,       1801 ,,110648,110648,110648247100,1,,,,,,0,726,3000,128,725,67000,128
1100,20160112,11, 1,1,       1801 ,,110648,110648,110648261500,1,,,,,,0,726,3000,128,725,61000,128
1100,20160112,11, 1,1,       1801 ,,110648,110648,110648267100,1,,,,,,0,726,4000,128,725,61000,128
1100,20160112,11, 1,1,       1801 ,,110648,110648,110648555900,1,,,,,,0,726,5000,128,725,61000,128
1100,20160112,11, 1,1,       1801 ,,110649,110649,110649427800,1,,,,,,0,726,5000,128,725,57000,128
1100,20160112,11, 1,1,       1801 ,,110649,110649,110649831700,1,,,,,,0,726,6000,128,725,57000,128
1100,20160112,11, 1,1,       1801 ,,110653,110653,110653050700,1,,,,,,0,726,7000,128,725,57000,128
1100,20160112,11, 1,1,       1801 ,,110653,110653,110653827200,1,,,,,,0,726,8000,128,725,57000,128
1100,20160112,11, 1,1,       1801 ,,110656,110656,110656861500,1,,,,,,0,726,8000,128,725,58000,128
1100,20160112,11, 1,1,       1801 ,,110659,110659,110659973300,1,,,,,,0,726,8000,128,725,59000,128
1100,20160112,11, 1,1,       1801 ,,110705,110705,110705094600,1,,,,,,0,726,9000,128,725,59000,128
1100,20160112,11, 1,1,       1801 ,,110705,110705,110705922000,1,,,,,,0,726,9000,128,725,58000,128
1100,20160112,11, 1,1,       1801 ,,110707,110707,110707480100,1,,,,,,0,726,9000,128,725,52000,128
1100,20160112,11, 1,1,       1801 ,110709,110709,110709,110709844300,1,726,48,0,1000,0,0,726,8000,128,725,52000,128
1100,20160112,11, 1,1,       1801 ,,110723,110723,110723584000,1,,,,,,0,726,8000,128,725,52000,128
1100,20160112,11, 1,1,       1801 ,,110723,110723,110723585400,1,,,,,,0,726,8000,128,725,48000,128
1100,20160112,11, 1,1,       1801 ,,110724,110724,110724504500,1,,,,,,0,726,8000,128,725,49000,128
1100,20160112,11, 1,1,       1801 ,,110724,110724,110724506500,1,,,,,,0,726,8000,128,725,44000,128
1100,20160112,11, 1,1,       1801 ,,110724,110724,110724516300,1,,,,,,0,726,8000,128,725,50000,128
1100,20160112,11, 1,1,       1801 ,,110724,110724,110724870600,1,,,,,,0,726,8000,128,725,49000,128
1100,20160112,11, 1,1,       1801 ,,110727,110727,110727940400,1,,,,,,0,726,8000,128,725,50000,128
1100,20160112,11, 1,1,       1801 ,,110728,110728,110728723600,1,,,,,,0,726,8000,128,725,49000,128
1100,20160112,11, 1,1,       1801 ,,110731,110731,110731409800,1,,,,,,0,726,8000,128,725,50000,128
1100,20160112,11, 1,1,       1801 ,,110731,110731,110731537700,1,,,,,,0,726,8000,128,725,54000,128
1100,20160112,11, 1,1,       1801 ,110734,110734,110734,110734505500,1,726,48,0,1000,0,0,726,7000,128,725,54000,128
1100,20160112,11, 1,1,       1801 ,110734,110734,110734,110734678200,1,726,48,0,2000,0,0,726,5000,128,725,54000,128
1100,20160112,11, 1,1,       1801 ,110734,110734,110734,110734679800,1,726,48,0,5000,0,0,727,60000,128,725,54000,128
1100,20160112,11, 1,1,       1801 ,,110734,110734,110734681600,1,,,,,,0,727,60000,128,725,55000,128
1100,20160112,11, 1,1,       1801 ,,110734,110734,110734683000,1,,,,,,0,727,58000,128,725,55000,128
1100,20160112,11, 1,1,       1801 ,,110734,110734,110734683800,1,,,,,,0,727,58000,128,726,1000,128
1100,20160112,11, 1,1,       1801 ,,110734,110734,110734684800,1,,,,,,0,727,58000,128,726,3000,128
1100,20160112,11, 1,1,       1801 ,,110734,110734,110734688800,1,,,,,,0,727,56000,128,726,3000,128
1100,20160112,11, 1,1,       1801 ,,110734,110734,110734690300,1,,,,,,0,727,50000,128,726,3000,128
1100,20160112,11, 1,1,       1801 ,,110734,110734,110734691100,1,,,,,,0,727,44000,128,726,3000,128
1100,20160112,11, 1,1,       1801 ,,110734,110734,110734692500,1,,,,,,0,727,44000,128,726,4000,128
1100,20160112,11, 1,1,       1801 ,,110734,110734,110734693300,1,,,,,,0,727,43000,128,726,4000,128
1100,20160112,11, 1,1,       1801 ,,110734,110734,110734694100,1,,,,,,0,727,39000,128,726,4000,128
1100,20160112,11, 1,1,       1801 ,,110734,110734,110734695600,1,,,,,,0,727,39000,128,726,6000,128
1100,20160112,11, 1,1,       1801 ,,110734,110734,110734696300,1,,,,,,0,727,39000,128,726,12000,128
1100,20160112,11, 1,1,       1801 ,,110734,110734,110734696900,1,,,,,,0,727,39000,128,726,13000,128
1100,20160112,11, 1,1,       1801 ,,110734,110734,110734697600,1,,,,,,0,727,38000,128,726,13000,128
1100,20160112,11, 1,1,       1801 ,,110734,110734,110734698400,1,,,,,,0,727,34000,128,726,13000,128
1100,20160112,11, 1,1,       1801 ,,110734,110734,110734699100,1,,,,,,0,727,34000,128,726,16000,128
1100,20160112,11, 1,1,       1801 ,,110734,110734,110734700300,1,,,,,,0,727,34000,128,726,22000,128
1100,20160112,11, 1,1,       1801 ,,110734,110734,110734719500,1,,,,,,0,727,34000,128,726,23000,128
1100,20160112,11, 1,1,       1801 ,,110734,110734,110734732900,1,,,,,,0,727,34000,128,726,24000,128
1100,20160112,11, 1,1,       1801 ,,110734,110734,110734734100,1,,,,,,0,727,31000,128,726,24000,128
1100,20160112,11, 1,1,       1801 ,,110735,110735,110735868200,1,,,,,,0,727,31000,128,726,25000,128
1100,20160112,11, 1,1,       1801 ,,110737,110737,110737247900,1,,,,,,0,727,29000,128,726,25000,128
1100,20160112,11, 1,1,       1801 ,,110737,110737,110737525300,1,,,,,,0,727,28000,128,726,25000,128
1100,20160112,11, 1,1,       1801 ,,110737,110737,110737527000,1,,,,,,0,727,24000,128,726,25000,128
1100,20160112,11, 1,1,       1801 ,,110740,110740,110740059700,1,,,,,,0,727,24000,128,726,27000,128
1100,20160112,11, 1,1,       1801 ,,110740,110740,110740063400,1,,,,,,0,727,23000,128,726,27000,128
1100,20160112,11, 1,1,       1801 ,,110740,110740,110740131400,1,,,,,,0,727,14000,128,726,27000,128
1100,20160112,11, 1,1,       1801 ,,110740,110740,110740133300,1,,,,,,0,727,8000,128,726,27000,128
1100,20160112,11, 1,1,       1801 ,,110740,110740,110740500700,1,,,,,,0,727,8000,128,726,25000,128
1100,20160112,11, 1,1,       1801 ,,110740,110740,110740589600,1,,,,,,0,727,8000,128,726,27000,128
1100,20160112,11, 1,1,       1801 ,,110744,110744,110744173100,1,,,,,,0,727,9000,128,726,27000,128
1100,20160112,11, 1,1,       1801 ,,110744,110744,110744808500,1,,,,,,0,727,8000,128,726,27000,128
1100,20160112,11, 1,1,       1801 ,,110745,110745,110745879700,1,,,,,,0,727,8000,128,726,25000,128
1100,20160112,11, 1,1,       1801 ,,110745,110745,110745995100,1,,,,,,0,727,8000,128,726,24000,128
1100,20160112,11, 1,1,       1801 ,,110746,110746,110746010200,1,,,,,,0,727,10000,128,726,24000,128
1100,20160112,11, 1,1,       1801 ,,110746,110746,110746020600,1,,,,,,0,727,11000,128,726,24000,128
1100,20160112,11, 1,1,       1801 ,,110746,110746,110746463300,1,,,,,,0,727,10000,128,726,24000,128
1100,20160112,11, 1,1,       1801 ,,110747,110747,110747764500,1,,,,,,0,727,9000,128,726,24000,128
1100,20160112,11, 1,1,       1801 ,,110747,110747,110747838400,1,,,,,,0,727,8000,128,726,24000,128
1100,20160112,11, 1,1,       1801 ,,110753,110753,110753611500,1,,,,,,0,727,9000,128,726,24000,128
1100,20160112,11, 1,1,       1801 ,,110757,110757,110757388100,1,,,,,,0,727,18000,128,726,24000,128
1100,20160112,11, 1,1,       1801 ,,110757,110757,110757389600,1,,,,,,0,727,22000,128,726,24000,128
1100,20160112,11, 1,1,       1801 ,,110757,110757,110757390300,1,,,,,,0,727,25000,128,726,24000,128
1100,20160112,11, 1,1,       1801 ,,110757,110757,110757391000,1,,,,,,0,727,26000,128,726,24000,128
1100,20160112,11, 1,1,       1801 ,,110757,110757,110757391700,1,,,,,,0,727,26000,128,726,18000,128
1100,20160112,11, 1,1,       1801 ,,110757,110757,110757392500,1,,,,,,0,727,32000,128,726,18000,128
1100,20160112,11, 1,1,       1801 ,,110757,110757,110757393200,1,,,,,,0,727,32000,128,726,16000,128
1100,20160112,11, 1,1,       1801 ,,110757,110757,110757394000,1,,,,,,0,727,32000,128,726,15000,128
1100,20160112,11, 1,1,       1801 ,,110757,110757,110757394700,1,,,,,,0,727,32000,128,726,9000,128
1100,20160112,11, 1,1,       1801 ,,110757,110757,110757395400,1,,,,,,0,727,32000,128,726,6000,128
1100,20160112,11, 1,1,       1801 ,110757,110757,110757,110757396200,1,726,16,0,1000,0,0,727,32000,128,726,5000,128
1100,20160112,11, 1,1,       1801 ,,110757,110757,110757397100,1,,,,,,0,727,32000,128,726,5000,128
1100,20160112,11, 1,1,       1801 ,110757,110757,110757,110757397900,1,726,16,0,5000,0,0,727,32000,128,725,59000,128
1100,20160112,11, 1,1,       1801 ,,110757,110757,110757398700,1,,,,,,0,727,32000,128,725,57000,128
1100,20160112,11, 1,1,       1801 ,,110757,110757,110757401600,1,,,,,,0,726,1000,128,725,57000,128
1100,20160112,11, 1,1,       1801 ,,110757,110757,110757403700,1,,,,,,0,726,1000,128,725,58000,128
1100,20160112,11, 1,1,       1801 ,,110757,110757,110757408000,1,,,,,,0,726,1000,128,725,56000,128
1100,20160112,11, 1,1,       1801 ,,110757,110757,110757408700,1,,,,,,0,726,1000,128,725,50000,128
1100,20160112,11, 1,1,       1801 ,110757,110757,110757,110757409400,1,726,48,0,1000,0,0,727,36000,128,725,50000,128
1100,20160112,11, 1,1,       1801 ,,110757,110757,110757410400,1,,,,,,0,727,40000,128,725,50000,128
1100,20160112,11, 1,1,       1801 ,,110757,110757,110757411100,1,,,,,,0,727,40000,128,725,49000,128
1100,20160112,11, 1,1,       1801 ,,110757,110757,110757412000,1,,,,,,0,727,40000,128,725,48000,128
1100,20160112,11, 1,1,       1801 ,,110757,110757,110757412700,1,,,,,,0,727,40000,128,725,47000,128
1100,20160112,11, 1,1,       1801 ,,110757,110757,110757415000,1,,,,,,0,727,40000,128,725,48000,128
1100,20160112,11, 1,1,       1801 ,,110757,110757,110757415800,1,,,,,,0,727,40000,128,725,44000,128
1100,20160112,11, 1,1,       1801 ,,110757,110757,110757416400,1,,,,,,0,727,44000,128,725,44000,128
1100,20160112,11, 1,1,       1801 ,,110757,110757,110757417800,1,,,,,,0,727,48000,128,725,44000,128
1100,20160112,11, 1,1,       1801 ,,110757,110757,110757425900,1,,,,,,0,727,49000,128,725,44000,128
1100,20160112,11, 1,1,       1801 ,,110757,110757,110757428800,1,,,,,,0,727,47000,128,725,44000,128
1100,20160112,11, 1,1,       1801 ,,110759,110759,110759481200,1,,,,,,0,727,47000,128,725,43000,128
1100,20160112,11, 1,1,       1801 ,,110759,110759,110759522500,1,,,,,,0,727,47000,128,725,44000,128
1100,20160112,11, 1,1,       1801 ,,110759,110759,110759756800,1,,,,,,0,727,47000,128,725,45000,128
1100,20160112,11, 1,1,       1801 ,,110759,110759,110759784600,1,,,,,,0,727,48000,128,725,45000,128
1100,20160112,11, 1,1,       1801 ,,110806,110806,110806223100,1,,,,,,0,727,48000,128,725,44000,128
1100,20160112,11, 1,1,       1801 ,,110807,110807,110807181300,1,,,,,,0,727,48000,128,725,43000,128
1100,20160112,11, 1,1,       1801 ,,110807,110807,110807209400,1,,,,,,0,727,48000,128,725,44000,128
1100,20160112,11, 1,1,       1801 ,,110808,110808,110808625700,1,,,,,,0,727,48000,128,725,45000,128
1100,20160112,11, 1,1,       1801 ,,110809,110809,110809809300,1,,,,,,0,727,50000,128,725,45000,128
1100,20160112,11, 1,1,       1801 ,,110813,110813,110813501000,1,,,,,,0,727,50000,128,725,44000,128
1100,20160112,11, 1,1,       1801 ,,110813,110813,110813510200,1,,,,,,0,726,2000,128,725,44000,128
1100,20160112,11, 1,1,       1801 ,,110813,110813,110813519800,1,,,,,,0,726,3000,128,725,44000,128
1100,20160112,11, 1,1,       1801 ,,110813,110813,110813521000,1,,,,,,0,726,7000,128,725,44000,128
1100,20160112,11, 1,1,       1801 ,,110813,110813,110813522500,1,,,,,,0,726,10000,128,725,44000,128
1100,20160112,11, 1,1,       1801 ,,110813,110813,110813583300,1,,,,,,0,726,10000,128,725,43000,128
1100,20160112,11, 1,1,       1801 ,,110815,110815,110815294900,1,,,,,,0,726,11000,128,725,43000,128
1100,20160112,11, 1,1,       1801 ,,110817,110817,110817331600,1,,,,,,0,726,10000,128,725,43000,128
1100,20160112,11, 1,1,       1801 ,,110817,110817,110817333800,1,,,,,,0,726,16000,128,725,43000,128
1100,20160112,11, 1,1,       1801 ,,110817,110817,110817334400,1,,,,,,0,726,14000,128,725,43000,128
1100,20160112,11, 1,1,       1801 ,,110817,110817,110817335500,1,,,,,,0,726,15000,128,725,43000,128
1100,20160112,11, 1,1,       1801 ,,110817,110817,110817336900,1,,,,,,0,726,14000,128,725,43000,128
1100,20160112,11, 1,1,       1801 ,,110817,110817,110817545000,1,,,,,,0,726,13000,128,725,43000,128
1100,20160112,11, 1,1,       1801 ,,110818,110818,110818146100,1,,,,,,0,726,14000,128,725,43000,128
1100,20160112,11, 1,1,       1801 ,,110821,110821,110821155700,1,,,,,,0,726,15000,128,725,43000,128
1100,20160112,11, 1,1,       1801 ,,110821,110821,110821157800,1,,,,,,0,726,16000,128,725,43000,128
1100,20160112,11, 1,1,       1801 ,,110830,110830,110830093500,1,,,,,,0,726,16000,128,725,42000,128
1100,20160112,11, 1,1,       1801 ,110830,110830,110830,110830983100,1,725,16,0,1000,0,0,726,16000,128,725,41000,128
1100,20160112,11, 1,1,       1801 ,,110830,110830,110830984900,1,,,,,,0,726,16000,128,725,41000,128
1100,20160112,11, 1,1,       1801 ,,110830,110830,110830985600,1,,,,,,0,726,15000,128,725,41000,128
1100,20160112,11, 1,1,       1801 ,,110834,110834,110834871100,1,,,,,,0,726,16000,128,725,41000,128
1100,20160112,11, 1,1,       1801 ,,110834,110834,110834874000,1,,,,,,0,726,17000,128,725,41000,128
1100,20160112,11, 1,1,       1801 ,,110834,110834,110834875700,1,,,,,,0,726,17000,128,725,37000,128
1100,20160112,11, 1,1,       1801 ,,110834,110834,110834877000,1,,,,,,0,726,17000,128,725,34000,128
1100,20160112,11, 1,1,       1801 ,,110834,110834,110834912300,1,,,,,,0,726,18000,128,725,34000,128
1100,20160112,11, 1,1,       1801 ,,110835,110835,110835780900,1,,,,,,0,726,18000,128,725,25000,128
1100,20160112,11, 1,1,       1801 ,,110839,110839,110839389600,1,,,,,,0,726,17000,128,725,25000,128
1100,20160112,11, 1,1,       1801 ,,110839,110839,110839881100,1,,,,,,0,726,23000,128,725,25000,128
1100,20160112,11, 1,1,       1801 ,110845,110845,110845,110845247000,1,726,48,0,1000,0,0,726,22000,128,725,25000,128
1100,20160112,11, 1,1,       1801 ,,110846,110846,110846142800,1,,,,,,0,726,23000,128,725,25000,128
1100,20160112,11, 1,1,       1801 ,,110858,110858,110858600700,1,,,,,,0,726,22000,128,725,25000,128
1100,20160112,11, 1,1,       1801 ,,110858,110858,110858801400,1,,,,,,0,726,23000,128,725,25000,128
1100,20160112,11, 1,1,       1801 ,,110900,110900,110900572000,1,,,,,,0,726,24000,128,725,25000,128
1100,20160112,11, 1,1,       1801 ,,110901,110901,110901794200,1,,,,,,0,726,24000,128,725,26000,128
1100,20160112,11, 1,1,       1801 ,,110902,110902,110902539600,1,,,,,,0,726,26000,128,725,26000,128
1100,20160112,11, 1,1,       1801 ,,110903,110903,110903643300,1,,,,,,0,726,26000,128,725,27000,128
1100,20160112,11, 1,1,       1801 ,,110903,110903,110903645300,1,,,,,,0,726,26000,128,725,25000,128
1100,20160112,11, 1,1,       1801 ,,110903,110903,110903646600,1,,,,,,0,726,26000,128,725,22000,128
1100,20160112,11, 1,1,       1801 ,,110911,110911,110911326500,1,,,,,,0,726,25000,128,725,22000,128
1100,20160112,11, 1,1,       1801 ,,110914,110914,110914246200,1,,,,,,0,726,26000,128,725,22000,128
1100,20160112,11, 1,1,       1801 ,,110914,110914,110914992600,1,,,,,,0,726,25000,128,725,22000,128
1100,20160112,11, 1,1,       1801 ,,110916,110916,110916101200,1,,,,,,0,726,26000,128,725,22000,128
1100,20160112,11, 1,1,       1801 ,,110917,110917,110917072200,1,,,,,,0,726,25000,128,725,22000,128
1100,20160112,11, 1,1,       1801 ,,110917,110917,110917218200,1,,,,,,0,726,25000,128,725,23000,128
1100,20160112,11, 1,1,       1801 ,,110917,110917,110917659300,1,,,,,,0,726,25000,128,725,22000,128
1100,20160112,11, 1,1,       1801 ,,110920,110920,110920630500,1,,,,,,0,726,25000,128,725,23000,128
1100,20160112,11, 1,1,       1801 ,,110922,110922,110922558500,1,,,,,,0,726,25000,128,725,22000,128
1100,20160112,11, 1,1,       1801 ,,110924,110924,110924154300,1,,,,,,0,726,25000,128,725,23000,128
1100,20160112,11, 1,1,       1801 ,,110924,110924,110924826100,1,,,,,,0,726,26000,128,725,23000,128
1100,20160112,11, 1,1,       1801 ,,110924,110924,110924826900,1,,,,,,0,726,28000,128,725,23000,128
1100,20160112,11, 1,1,       1801 ,,110924,110924,110924827600,1,,,,,,0,726,30000,128,725,23000,128
1100,20160112,11, 1,1,       1801 ,,110924,110924,110924828700,1,,,,,,0,726,31000,128,725,23000,128
1100,20160112,11, 1,1,       1801 ,,110925,110925,110925755500,1,,,,,,0,726,31000,128,725,22000,128
1100,20160112,11, 1,1,       1801 ,,110925,110925,110925941300,1,,,,,,0,726,31000,128,725,23000,128
1100,20160112,11, 1,1,       1801 ,,110926,110926,110926770900,1,,,,,,0,726,31000,128,725,22000,128
1100,20160112,11, 1,1,       1801 ,,110927,110927,110927174400,1,,,,,,0,726,32000,128,725,22000,128
1100,20160112,11, 1,1,       1801 ,110927,110927,110927,110927220500,1,725,16,0,17000,0,0,726,32000,128,725,5000,128
1100,20160112,11, 1,1,       1801 ,110927,110927,110927,110927224500,1,725,16,0,5000,0,0,726,32000,128,724,84000,128
1100,20160112,11, 1,1,       1801 ,,110927,110927,110927226800,1,,,,,,0,725,1000,128,724,84000,128
1100,20160112,11, 1,1,       1801 ,,110927,110927,110927227500,1,,,,,,0,725,2000,128,724,84000,128
1100,20160112,11, 1,1,       1801 ,,110927,110927,110927229300,1,,,,,,0,725,7000,128,724,84000,128
1100,20160112,11, 1,1,       1801 ,,110927,110927,110927230100,1,,,,,,0,725,12000,128,724,84000,128
1100,20160112,11, 1,1,       1801 ,,110927,110927,110927235400,1,,,,,,0,725,13000,128,724,84000,128
1100,20160112,11, 1,1,       1801 ,,110927,110927,110927236100,1,,,,,,0,725,13000,128,724,82000,128
1100,20160112,11, 1,1,       1801 ,,110927,110927,110927236900,1,,,,,,0,725,13000,128,724,80000,128
1100,20160112,11, 1,1,       1801 ,,110927,110927,110927239700,1,,,,,,0,725,13000,128,724,77000,128
1100,20160112,11, 1,1,       1801 ,,110927,110927,110927240400,1,,,,,,0,725,13000,128,724,76000,128
1100,20160112,11, 1,1,       1801 ,,110927,110927,110927244200,1,,,,,,0,725,13000,128,724,74000,128
1100,20160112,11, 1,1,       1801 ,110927,110927,110927,110927247900,1,725,48,0,3000,0,0,725,10000,128,724,74000,128
1100,20160112,11, 1,1,       1801 ,,110927,110927,110927249100,1,,,,,,0,725,10000,128,724,74000,128
1100,20160112,11, 1,1,       1801 ,,110927,110927,110927252200,1,,,,,,0,725,11000,128,724,74000,128
1100,20160112,11, 1,1,       1801 ,,110927,110927,110927253000,1,,,,,,0,725,11000,128,724,73000,128
1100,20160112,11, 1,1,       1801 ,,110927,110927,110927254300,1,,,,,,0,725,13000,128,724,73000,128
1100,20160112,11, 1,1,       1801 ,,110927,110927,110927256500,1,,,,,,0,725,13000,128,724,72000,128
1100,20160112,11, 1,1,       1801 ,,110927,110927,110927259400,1,,,,,,0,725,13000,128,724,70000,128
1100,20160112,11, 1,1,       1801 ,,110927,110927,110927261600,1,,,,,,0,725,13000,128,724,69000,128
1100,20160112,11, 1,1,       1801 ,,110927,110927,110927264000,1,,,,,,0,725,9000,128,724,69000,128
1100,20160112,11, 1,1,       1801 ,,110927,110927,110927265500,1,,,,,,0,725,9000,128,724,52000,128
1100,20160112,11, 1,1,       1801 ,,110927,110927,110927266900,1,,,,,,0,725,9000,128,724,53000,128
1100,20160112,11, 1,1,       1801 ,,110927,110927,110927267500,1,,,,,,0,725,9000,128,724,54000,128
1100,20160112,11, 1,1,       1801 ,,110927,110927,110927282800,1,,,,,,0,725,9000,128,724,58000,128
1100,20160112,11, 1,1,       1801 ,,110927,110927,110927292200,1,,,,,,0,725,9000,128,724,52000,128
1100,20160112,11, 1,1,       1801 ,,110927,110927,110927386900,1,,,,,,0,725,9000,128,724,48000,128
1100,20160112,11, 1,1,       1801 ,110927,110927,110927,110927389700,1,725,48,0,1000,0,0,725,8000,128,724,48000,128
1100,20160112,11, 1,1,       1801 ,,110927,110927,110927391000,1,,,,,,0,725,9000,128,724,48000,128
1100,20160112,11, 1,1,       1801 ,,110927,110927,110927438900,1,,,,,,0,725,10000,128,724,48000,128
1100,20160112,11, 1,1,       1801 ,,110927,110927,110927610700,1,,,,,,0,725,11000,128,724,48000,128
1100,20160112,11, 1,1,       1801 ,,110928,110928,110928209600,1,,,,,,0,725,7000,128,724,48000,128
1100,20160112,11, 1,1,       1801 ,110928,110928,110928,110928211000,1,725,48,0,2000,0,0,725,5000,128,724,48000,128
1100,20160112,11, 1,1,       1801 ,,110928,110928,110928212100,1,,,,,,0,725,5000,128,724,47000,128
1100,20160112,11, 1,1,       1801 ,,110928,110928,110928212900,1,,,,,,0,725,5000,128,724,46000,128
1100,20160112,11, 1,1,       1801 ,,110928,110928,110928253200,1,,,,,,0,725,6000,128,724,46000,128
1100,20160112,11, 1,1,       1801 ,,110929,110929,110929264400,1,,,,,,0,725,7000,128,724,46000,128
1100,20160112,11, 1,1,       1801 ,110941,110941,110941,110941434100,1,725,48,0,1000,0,0,725,6000,128,724,46000,128
1100,20160112,11, 1,1,       1801 ,110941,110941,110941,110941435700,1,725,48,0,6000,0,0,726,53000,128,724,46000,128
1100,20160112,11, 1,1,       1801 ,,110941,110941,110941436600,1,,,,,,0,726,53000,128,724,46000,128
1100,20160112,11, 1,1,       1801 ,,110941,110941,110941437300,1,,,,,,0,726,53000,128,725,1000,128
1100,20160112,11, 1,1,       1801 ,,110941,110941,110941438400,1,,,,,,0,726,51000,128,725,1000,128
1100,20160112,11, 1,1,       1801 ,,110941,110941,110941439900,1,,,,,,0,726,51000,128,725,2000,128
1100,20160112,11, 1,1,       1801 ,110941,110941,110941,110941441600,1,725,16,0,2000,0,0,725,4000,128,724,47000,128
1100,20160112,11, 1,1,       1801 ,,110941,110941,110941442900,1,,,,,,0,725,4000,128,724,48000,128
1100,20160112,11, 1,1,       1801 ,,110941,110941,110941445400,1,,,,,,0,725,4000,128,724,49000,128
1100,20160112,11, 1,1,       1801 ,,110941,110941,110941446100,1,,,,,,0,725,4000,128,724,51000,128
1100,20160112,11, 1,1,       1801 ,,110941,110941,110941449000,1,,,,,,0,725,4000,128,724,53000,128
1100,20160112,11, 1,1,       1801 ,110941,110941,110941,110941451900,1,725,48,0,2000,0,0,725,2000,128,724,53000,128
1100,20160112,11, 1,1,       1801 ,,110941,110941,110941452800,1,,,,,,0,725,2000,128,724,53000,128
1100,20160112,11, 1,1,       1801 ,,110941,110941,110941454200,1,,,,,,0,725,2000,128,724,52000,128
1100,20160112,11, 1,1,       1801 ,,110941,110941,110941455000,1,,,,,,0,725,3000,128,724,52000,128
1100,20160112,11, 1,1,       1801 ,,110941,110941,110941455600,1,,,,,,0,725,3000,128,724,50000,128
1100,20160112,11, 1,1,       1801 ,,110941,110941,110941457300,1,,,,,,0,725,3000,128,724,49000,128
1100,20160112,11, 1,1,       1801 ,,110941,110941,110941458800,1,,,,,,0,725,3000,128,724,48000,128
1100,20160112,11, 1,1,       1801 ,,110941,110941,110941460900,1,,,,,,0,725,1000,128,724,48000,128
1100,20160112,11, 1,1,       1801 ,110941,110941,110941,110941461700,1,725,48,0,1000,0,0,726,50000,128,724,48000,128
1100,20160112,11, 1,1,       1801 ,,110941,110941,110941462500,1,,,,,,0,726,50000,128,724,48000,128
1100,20160112,11, 1,1,       1801 ,,110941,110941,110941463100,1,,,,,,0,726,50000,128,725,1000,128
1100,20160112,11, 1,1,       1801 ,,110941,110941,110941465200,1,,,,,,0,726,51000,128,725,1000,128
1100,20160112,11, 1,1,       1801 ,,110941,110941,110941466600,1,,,,,,0,726,49000,128,725,1000,128
1100,20160112,11, 1,1,       1801 ,,110941,110941,110941468100,1,,,,,,0,726,49000,128,725,2000,128
1100,20160112,11, 1,1,       1801 ,,110941,110941,110941486800,1,,,,,,0,726,45000,128,725,2000,128
1100,20160112,11, 1,1,       1801 ,110941,110941,110941,110941789400,1,725,16,0,2000,0,0,726,45000,128,724,49000,128
1100,20160112,11, 1,1,       1801 ,,110941,110941,110941791400,1,,,,,,0,725,2000,128,724,49000,128
1100,20160112,11, 1,1,       1801 ,,110941,110941,110941793200,1,,,,,,0,725,4000,128,724,49000,128
1100,20160112,11, 1,1,       1801 ,,110941,110941,110941794700,1,,,,,,0,725,4000,128,724,47000,128
1100,20160112,11, 1,1,       1801 ,,110941,110941,110941796400,1,,,,,,0,725,4000,128,724,46000,128
1100,20160112,11, 1,1,       1801 ,,110942,110942,110942128400,1,,,,,,0,725,4000,128,724,49000,128
1100,20160112,11, 1,1,       1801 ,,110946,110946,110946071400,1,,,,,,0,725,5000,128,724,49000,128
1100,20160112,11, 1,1,       1801 ,,110946,110946,110946075300,1,,,,,,0,725,7000,128,724,49000,128
1100,20160112,11, 1,1,       1801 ,,110946,110946,110946076300,1,,,,,,0,725,11000,128,724,49000,128
1100,20160112,11, 1,1,       1801 ,,110946,110946,110946083800,1,,,,,,0,725,14000,128,724,49000,128
1100,20160112,11, 1,1,       1801 ,,110946,110946,110946111700,1,,,,,,0,725,14000,128,724,53000,128
1100,20160112,11, 1,1,       1801 ,,110946,110946,110946112900,1,,,,,,0,725,12000,128,724,53000,128
1100,20160112,11, 1,1,       1801 ,110946,110946,110946,110946668600,1,725,48,0,1000,0,0,725,11000,128,724,53000,128
1100,20160112,11, 1,1,       1801 ,,110946,110946,110946670100,1,,,,,,0,725,8000,128,724,53000,128
1100,20160112,11, 1,1,       1801 ,,110949,110949,110949912700,1,,,,,,0,725,7000,128,724,53000,128
1100,20160112,11, 1,1,       1801 ,,110949,110949,110949914200,1,,,,,,0,725,3000,128,724,53000,128
1100,20160112,11, 1,1,       1801 ,,110949,110949,110949915400,1,,,,,,0,725,3000,128,724,54000,128
1100,20160112,11, 1,1,       1801 ,,110949,110949,110949916100,1,,,,,,0,725,1000,128,724,54000,128
1100,20160112,11, 1,1,       1801 ,110950,110950,110950,110950364600,1,725,48,0,1000,0,0,726,48000,128,724,54000,128
1100,20160112,11, 1,1,       1801 ,,110950,110950,110950366000,1,,,,,,0,726,48000,128,724,54000,128
1100,20160112,11, 1,1,       1801 ,,110950,110950,110950368900,1,,,,,,0,726,48000,128,724,60000,128
1100,20160112,11, 1,1,       1801 ,,110952,110952,110952470500,1,,,,,,0,726,48000,128,724,59000,128
1100,20160112,11, 1,1,       1801 ,,110952,110952,110952602300,1,,,,,,0,726,48000,128,724,60000,128
1100,20160112,11, 1,1,       1801 ,,110955,110955,110955980500,1,,,,,,0,726,48000,128,724,59000,128
1100,20160112,11, 1,1,       1801 ,,110956,110956,110956451000,1,,,,,,0,726,48000,128,724,60000,128
1100,20160112,11, 1,1,       1801 ,,110957,110957,110957310400,1,,,,,,0,726,48000,128,724,61000,128
1100,20160112,11, 1,1,       1801 ,,110957,110957,110957630500,1,,,,,,0,726,48000,128,724,62000,128
1100,20160112,11, 1,1,       1801 ,,111000,111000,111000830700,1,,,,,,0,726,48000,128,724,61000,128
1100,20160112,11, 1,1,       1801 ,,111001,111001,111001916800,1,,,,,,0,726,49000,128,724,61000,128
1100,20160112,11, 1,1,       1801 ,,111001,111001,111001919000,1,,,,,,0,726,50000,128,724,61000,128
1100,20160112,11, 1,1,       1801 ,,111001,111001,111001919700,1,,,,,,0,726,50000,128,724,62000,128
1100,20160112,11, 1,1,       1801 ,,111002,111002,111002644100,1,,,,,,0,726,50000,128,724,61000,128
1100,20160112,11, 1,1,       1801 ,,111008,111008,111008201100,1,,,,,,0,726,50000,128,724,62000,128
1100,20160112,11, 1,1,       1801 ,,111008,111008,111008610900,1,,,,,,0,726,50000,128,724,61000,128
1100,20160112,11, 1,1,       1801 ,,111008,111008,111008730000,1,,,,,,0,726,50000,128,724,62000,128
1100,20160112,11, 1,1,       1801 ,,111009,111009,111009729200,1,,,,,,0,726,50000,128,724,70000,128
1100,20160112,11, 1,1,       1801 ,,111010,111010,111010528900,1,,,,,,0,726,50000,128,725,1000,128
1100,20160112,11, 1,1,       1801 ,,111010,111010,111010531700,1,,,,,,0,726,48000,128,725,1000,128
1100,20160112,11, 1,1,       1801 ,,111010,111010,111010562600,1,,,,,,0,726,48000,128,725,2000,128
1100,20160112,11, 1,1,       1801 ,111011,111011,111011,111011389200,1,725,16,0,2000,0,0,726,48000,128,724,71000,128
1100,20160112,11, 1,1,       1801 ,,111011,111011,111011390800,1,,,,,,0,726,48000,128,724,71000,128
1100,20160112,11, 1,1,       1801 ,,111011,111011,111011392100,1,,,,,,0,726,48000,128,724,70000,128
1100,20160112,11, 1,1,       1801 ,,111012,111012,111012286500,1,,,,,,0,726,48000,128,724,71000,128
1100,20160112,11, 1,1,       1801 ,,111014,111014,111014760300,1,,,,,,0,726,48000,128,724,72000,128
1100,20160112,11, 1,1,       1801 ,111015,111015,111015,111015083700,1,724,16,0,1000,0,0,726,48000,128,724,71000,128
1100,20160112,11, 1,1,       1801 ,,111015,111015,111015085300,1,,,,,,0,726,48000,128,724,70000,128
1100,20160112,11, 1,1,       1801 ,,111015,111015,111015243800,1,,,,,,0,726,48000,128,724,67000,128
1100,20160112,11, 1,1,       1801 ,,111018,111018,111018000200,1,,,,,,0,726,48000,128,724,68000,128
1100,20160112,11, 1,1,       1801 ,,111025,111025,111025565800,1,,,,,,0,726,49000,128,724,68000,128
1100,20160112,11, 1,1,       1801 ,,111025,111025,111025567200,1,,,,,,0,726,49000,128,724,67000,128
1100,20160112,11, 1,1,       1801 ,,111027,111027,111027550200,1,,,,,,0,726,49000,128,724,66000,128
1100,20160112,11, 1,1,       1801 ,,111029,111029,111029653100,1,,,,,,0,726,49000,128,724,65000,128
1100,20160112,11, 1,1,       1801 ,,111031,111031,111031197100,1,,,,,,0,726,49000,128,724,58000,128
1100,20160112,11, 1,1,       1801 ,,111032,111032,111032654300,1,,,,,,0,726,49000,128,725,1000,128
1100,20160112,11, 1,1,       1801 ,,111033,111033,111033567000,1,,,,,,0,726,53000,128,725,1000,128
1100,20160112,11, 1,1,       1801 ,,111037,111037,111037131000,1,,,,,,0,726,59000,128,725,1000,128
1100,20160112,11, 1,1,       1801 ,111039,111039,111039,111039006600,1,725,16,0,1000,0,0,726,59000,128,724,54000,128
1100,20160112,11, 1,1,       1801 ,,111039,111039,111039008100,1,,,,,,0,726,59000,128,724,54000,128
1100,20160112,11, 1,1,       1801 ,,111039,111039,111039009400,1,,,,,,0,726,59000,128,724,52000,128
1100,20160112,11, 1,1,       1801 ,,111044,111044,111044281100,1,,,,,,0,726,59000,128,724,51000,128
1100,20160112,11, 1,1,       1801 ,,111045,111045,111045244800,1,,,,,,0,726,59000,128,724,52000,128
1100,20160112,11, 1,1,       1801 ,,111045,111045,111045394200,1,,,,,,0,725,1000,128,724,52000,128
1100,20160112,11, 1,1,       1801 ,,111045,111045,111045398200,1,,,,,,0,725,1000,128,724,51000,128
1100,20160112,11, 1,1,       1801 ,,111045,111045,111045399800,1,,,,,,0,725,2000,128,724,51000,128
1100,20160112,11, 1,1,       1801 ,,111045,111045,111045413100,1,,,,,,0,725,4000,128,724,51000,128
1100,20160112,11, 1,1,       1801 ,,111045,111045,111045413800,1,,,,,,0,725,5000,128,724,51000,128
1100,20160112,11, 1,1,       1801 ,,111045,111045,111045414900,1,,,,,,0,725,6000,128,724,51000,128
1100,20160112,11, 1,1,       1801 ,,111045,111045,111045415500,1,,,,,,0,725,6000,128,724,45000,128
1100,20160112,11, 1,1,       1801 ,,111045,111045,111045416200,1,,,,,,0,725,8000,128,724,45000,128
1100,20160112,11, 1,1,       1801 ,,111045,111045,111045416800,1,,,,,,0,725,10000,128,724,45000,128
1100,20160112,11, 1,1,       1801 ,,111045,111045,111045417400,1,,,,,,0,725,10000,128,724,42000,128
1100,20160112,11, 1,1,       1801 ,,111047,111047,111047647500,1,,,,,,0,725,9000,128,724,42000,128
1100,20160112,11, 1,1,       1801 ,,111047,111047,111047675400,1,,,,,,0,725,7000,128,724,42000,128
1100,20160112,11, 1,1,       1801 ,,111051,111051,111051950000,1,,,,,,0,725,9000,128,724,42000,128
1100,20160112,11, 1,1,       1801 ,111052,111052,111052,111052335200,1,725,48,0,2000,0,0,725,7000,128,724,42000,128
1100,20160112,11, 1,1,       1801 ,,111052,111052,111052336900,1,,,,,,0,725,5000,128,724,42000,128
1100,20160112,11, 1,1,       1801 ,,111054,111054,111054024500,1,,,,,,0,725,6000,128,724,42000,128
1100,20160112,11, 1,1,       1801 ,,111054,111054,111054025300,1,,,,,,0,725,7000,128,724,42000,128
1100,20160112,11, 1,1,       1801 ,,111054,111054,111054025900,1,,,,,,0,725,9000,128,724,42000,128
1100,20160112,11, 1,1,       1801 ,,111054,111054,111054027200,1,,,,,,0,725,10000,128,724,42000,128
1100,20160112,11, 1,1,       1801 ,,111057,111057,111057994000,1,,,,,,0,725,11000,128,724,42000,128
1100,20160112,11, 1,1,       1801 ,,111057,111057,111057995600,1,,,,,,0,725,15000,128,724,42000,128
1100,20160112,11, 1,1,       1801 ,,111057,111057,111057996200,1,,,,,,0,725,21000,128,724,42000,128
1100,20160112,11, 1,1,       1801 ,,111057,111057,111057997600,1,,,,,,0,725,22000,128,724,42000,128
1100,20160112,11, 1,1,       1801 ,,111057,111057,111057998200,1,,,,,,0,725,22000,128,724,38000,128
1100,20160112,11, 1,1,       1801 ,,111058,111058,111058000300,1,,,,,,0,725,25000,128,724,38000,128
1100,20160112,11, 1,1,       1801 ,111058,111058,111058,111058380800,1,725,48,0,1000,0,0,725,24000,128,724,38000,128
1100,20160112,11, 1,1,       1801 ,,111101,111101,111101311800,1,,,,,,0,725,25000,128,724,38000,128
1100,20160112,11, 1,1,       1801 ,,111101,111101,111101332200,1,,,,,,0,725,24000,128,724,38000,128
1100,20160112,11, 1,1,       1801 ,,111101,111101,111101620700,1,,,,,,0,725,25000,128,724,38000,128
1100,20160112,11, 1,1,       1801 ,,111101,111101,111101651000,1,,,,,,0,725,24000,128,724,38000,128
1100,20160112,11, 1,1,       1801 ,,111103,111103,111103805300,1,,,,,,0,725,18000,128,724,38000,128
1100,20160112,11, 1,1,       1801 ,,111104,111104,111104009900,1,,,,,,0,725,19000,128,724,38000,128
1100,20160112,11, 1,1,       1801 ,,111104,111104,111104858200,1,,,,,,0,725,17000,128,724,38000,128
1100,20160112,11, 1,1,       1801 ,,111104,111104,111104859000,1,,,,,,0,725,16000,128,724,38000,128
1100,20160112,11, 1,1,       1801 ,,111104,111104,111104859700,1,,,,,,0,725,15000,128,724,38000,128
1100,20160112,11, 1,1,       1801 ,,111104,111104,111104860500,1,,,,,,0,725,14000,128,724,38000,128
1100,20160112,11, 1,1,       1801 ,,111104,111104,111104861300,1,,,,,,0,725,13000,128,724,38000,128
1100,20160112,11, 1,1,       1801 ,,111104,111104,111104862100,1,,,,,,0,725,13000,128,724,39000,128
1100,20160112,11, 1,1,       1801 ,,111104,111104,111104863600,1,,,,,,0,725,13000,128,724,43000,128
1100,20160112,11, 1,1,       1801 ,,111106,111106,111106093500,1,,,,,,0,725,11000,128,724,43000,128
1100,20160112,11, 1,1,       1801 ,,111108,111108,111108450600,1,,,,,,0,725,13000,128,724,43000,128
1100,20160112,11, 1,1,       1801 ,,111108,111108,111108481100,1,,,,,,0,725,13000,128,724,42000,128
1100,20160112,11, 1,1,       1801 ,,111111,111111,111111063800,1,,,,,,0,725,14000,128,724,42000,128
1100,20160112,11, 1,1,       1801 ,,111119,111119,111119662200,1,,,,,,0,725,14000,128,724,43000,128
1100,20160112,11, 1,1,       1801 ,,111120,111120,111120118700,1,,,,,,0,725,14000,128,724,42000,128
1100,20160112,11, 1,1,       1801 ,,111121,111121,111121602100,1,,,,,,0,725,16000,128,724,42000,128
1100,20160112,11, 1,1,       1801 ,111125,111125,111125,111125119100,1,724,16,0,1000,0,0,725,16000,128,724,41000,128
1100,20160112,11, 1,1,       1801 ,,111126,111126,111126306500,1,,,,,,0,725,17000,128,724,41000,128
1100,20160112,11, 1,1,       1801 ,,111126,111126,111126308200,1,,,,,,0,725,23000,128,724,41000,128
1100,20160112,11, 1,1,       1801 ,,111126,111126,111126310000,1,,,,,,0,725,25000,128,724,41000,128
1100,20160112,11, 1,1,       1801 ,,111131,111131,111131972900,1,,,,,,0,725,27000,128,724,41000,128
1100,20160112,11, 1,1,       1801 ,,111131,111131,111131978700,1,,,,,,0,725,27000,128,724,40000,128
1100,20160112,11, 1,1,       1801 ,,111131,111131,111131982300,1,,,,,,0,725,27000,128,724,38000,128
1100,20160112,11, 1,1,       1801 ,111131,111131,111131,111131985100,1,724,16,0,2000,0,0,725,27000,128,724,36000,128
1100,20160112,11, 1,1,       1801 ,,111131,111131,111131988800,1,,,,,,0,725,28000,128,724,36000,128
1100,20160112,11, 1,1,       1801 ,,111131,111131,111131991400,1,,,,,,0,725,28000,128,724,35000,128
1100,20160112,11, 1,1,       1801 ,,111131,111131,111131993600,1,,,,,,0,725,28000,128,724,31000,128
1100,20160112,11, 1,1,       1801 ,,111132,111132,111132000900,1,,,,,,0,725,28000,128,724,28000,128
1100,20160112,11, 1,1,       1801 ,,111132,111132,111132007900,1,,,,,,0,725,28000,128,724,27000,128
1100,20160112,11, 1,1,       1801 ,,111132,111132,111132016700,1,,,,,,0,725,28000,128,724,23000,128
1100,20160112,11, 1,1,       1801 ,,111132,111132,111132019300,1,,,,,,0,725,28000,128,724,22000,128
1100,20160112,11, 1,1,       1801 ,,111132,111132,111132021700,1,,,,,,0,725,28000,128,724,14000,128
1100,20160112,11, 1,1,       1801 ,111132,111132,111132,111132027400,1,724,16,0,5000,0,0,725,28000,128,724,9000,128
1100,20160112,11, 1,1,       1801 ,111132,111132,111132,111132031600,1,724,16,0,5000,0,0,725,28000,128,724,4000,128
1100,20160112,11, 1,1,       1801 ,,111132,111132,111132036800,1,,,,,,0,725,28000,128,724,4000,128
1100,20160112,11, 1,1,       1801 ,111132,111132,111132,111132039300,1,724,16,0,1000,0,0,725,28000,128,724,3000,128
1100,20160112,11, 1,1,       1801 ,111132,111132,111132,111132043700,1,724,16,0,2000,0,0,725,28000,128,724,1000,128
1100,20160112,11, 1,1,       1801 ,111132,111132,111132,111132051000,1,724,16,0,1000,0,0,725,28000,128,723,96000,128
1100,20160112,11, 1,1,       1801 ,,111132,111132,111132056200,1,,,,,,0,725,28000,128,723,96000,128
1100,20160112,11, 1,1,       1801 ,,111132,111132,111132086100,1,,,,,,0,724,1000,128,723,96000,128
1100,20160112,11, 1,1,       1801 ,,111132,111132,111132107700,1,,,,,,0,724,2000,128,723,96000,128
1100,20160112,11, 1,1,       1801 ,,111132,111132,111132110400,1,,,,,,0,724,3000,128,723,96000,128
1100,20160112,11, 1,1,       1801 ,,111132,111132,111132125300,1,,,,,,0,724,7000,128,723,96000,128
1100,20160112,11, 1,1,       1801 ,,111132,111132,111132142300,1,,,,,,0,724,7000,128,723,93000,128
1100,20160112,11, 1,1,       1801 ,,111132,111132,111132148600,1,,,,,,0,724,9000,128,723,93000,128
1100,20160112,11, 1,1,       1801 ,,111132,111132,111132154600,1,,,,,,0,724,10000,128,723,93000,128
1100,20160112,11, 1,1,       1801 ,,111132,111132,111132160000,1,,,,,,0,724,10000,128,723,91000,128
1100,20160112,11, 1,1,       1801 ,111132,111132,111132,111132170200,1,724,48,0,3000,0,0,724,7000,128,723,91000,128
1100,20160112,11, 1,1,       1801 ,,111132,111132,111132175700,1,,,,,,0,724,7000,128,723,91000,128
1100,20160112,11, 1,1,       1801 ,,111132,111132,111132183100,1,,,,,,0,724,8000,128,723,91000,128
1100,20160112,11, 1,1,       1801 ,,111132,111132,111132186800,1,,,,,,0,724,8000,128,723,90000,128
1100,20160112,11, 1,1,       1801 ,,111132,111132,111132194200,1,,,,,,0,724,8000,128,723,89000,128
1100,20160112,11, 1,1,       1801 ,,111132,111132,111132215900,1,,,,,,0,724,8000,128,723,88000,128
1100,20160112,11, 1,1,       1801 ,,111132,111132,111132219200,1,,,,,,0,724,6000,128,723,88000,128
1100,20160112,11, 1,1,       1801 ,,111132,111132,111132222700,1,,,,,,0,724,6000,128,723,85000,128
1100,20160112,11, 1,1,       1801 ,111132,111132,111132,111132224700,1,724,48,0,1000,0,0,724,5000,128,723,85000,128
1100,20160112,11, 1,1,       1801 ,111132,111132,111132,111132227800,1,724,48,0,3000,0,0,724,2000,128,723,85000,128
1100,20160112,11, 1,1,       1801 ,,111132,111132,111132230900,1,,,,,,0,724,2000,128,723,69000,128
1100,20160112,11, 1,1,       1801 ,,111132,111132,111132235200,1,,,,,,0,724,2000,128,723,63000,128
1100,20160112,11, 1,1,       1801 ,,111132,111132,111132239500,1,,,,,,0,724,2000,128,723,65000,128
1100,20160112,11, 1,1,       1801 ,111132,111132,111132,111132247800,1,724,48,0,1000,0,0,724,1000,128,723,65000,128
1100,20160112,11, 1,1,       1801 ,,111132,111132,111132329600,1,,,,,,0,724,1000,128,723,63000,128
1100,20160112,11, 1,1,       1801 ,,111132,111132,111132383300,1,,,,,,0,724,1000,128,723,64000,128
1100,20160112,11, 1,1,       1801 ,,111132,111132,111132420400,1,,,,,,0,724,1000,128,723,66000,128
1100,20160112,11, 1,1,       1801 ,111132,111132,111132,111132470500,1,724,48,0,1000,0,0,725,40000,128,723,66000,128
1100,20160112,11, 1,1,       1801 ,,111132,111132,111132472800,1,,,,,,0,725,38000,128,723,66000,128
1100,20160112,11, 1,1,       1801 ,,111132,111132,111132497700,1,,,,,,0,725,38000,128,723,64000,128
1100,20160112,11, 1,1,       1801 ,,111132,111132,111132498700,1,,,,,,0,725,38000,128,723,63000,128
1100,20160112,11, 1,1,       1801 ,,111132,111132,111132649800,1,,,,,,0,725,38000,128,723,67000,128
1100,20160112,11, 1,1,       1801 ,,111132,111132,111132661900,1,,,,,,0,725,38000,128,723,63000,128
1100,20160112,11, 1,1,       1801 ,,111132,111132,111132662900,1,,,,,,0,725,42000,128,723,63000,128
1100,20160112,11, 1,1,       1801 ,,111132,111132,111132670000,1,,,,,,0,725,51000,128,723,63000,128
1100,20160112,11, 1,1,       1801 ,,111132,111132,111132756000,1,,,,,,0,724,2000,128,723,63000,128
1100,20160112,11, 1,1,       1801 ,,111132,111132,111132799600,1,,,,,,0,724,3000,128,723,63000,128
1100,20160112,11, 1,1,       1801 ,,111132,111132,111132860100,1,,,,,,0,724,4000,128,723,63000,128
1100,20160112,11, 1,1,       1801 ,,111132,111132,111132877500,1,,,,,,0,724,2000,128,723,63000,128
1100,20160112,11, 1,1,       1801 ,,111133,111133,111133819000,1,,,,,,0,724,7000,128,723,63000,128
1100,20160112,11, 1,1,       1801 ,,111133,111133,111133970700,1,,,,,,0,724,7000,128,723,65000,128
1100,20160112,11, 1,1,       1801 ,111134,111134,111134,111134378000,1,724,48,0,7000,0,0,725,55000,128,723,65000,128
1100,20160112,11, 1,1,       1801 ,,111134,111134,111134378900,1,,,,,,0,725,55000,128,724,2000,128
1100,20160112,11, 1,1,       1801 ,,111134,111134,111134379700,1,,,,,,0,725,55000,128,724,3000,128
1100,20160112,11, 1,1,       1801 ,,111134,111134,111134381000,1,,,,,,0,725,55000,128,724,5000,128
1100,20160112,11, 1,1,       1801 ,,111134,111134,111134382300,1,,,,,,0,725,55000,128,724,6000,128
1100,20160112,11, 1,1,       1801 ,,111134,111134,111134384100,1,,,,,,0,725,55000,128,724,7000,128
1100,20160112,11, 1,1,       1801 ,,111134,111134,111134386100,1,,,,,,0,725,53000,128,724,7000,128
1100,20160112,11, 1,1,       1801 ,,111134,111134,111134394900,1,,,,,,0,725,51000,128,724,7000,128
1100,20160112,11, 1,1,       1801 ,111134,111134,111134,111134397100,1,724,16,0,2000,0,0,725,51000,128,724,5000,128
1100,20160112,11, 1,1,       1801 ,,111134,111134,111134398200,1,,,,,,0,725,51000,128,724,5000,128
1100,20160112,11, 1,1,       1801 ,,111134,111134,111134399100,1,,,,,,0,725,45000,128,724,5000,128
1100,20160112,11, 1,1,       1801 ,,111134,111134,111134400000,1,,,,,,0,725,42000,128,724,5000,128
1100,20160112,11, 1,1,       1801 ,,111134,111134,111134400900,1,,,,,,0,725,42000,128,724,9000,128
1100,20160112,11, 1,1,       1801 ,,111134,111134,111134402000,1,,,,,,0,725,41000,128,724,9000,128
1100,20160112,11, 1,1,       1801 ,,111134,111134,111134403600,1,,,,,,0,725,39000,128,724,9000,128
1100,20160112,11, 1,1,       1801 ,,111134,111134,111134451500,1,,,,,,0,725,39000,128,724,11000,128
1100,20160112,11, 1,1,       1801 ,,111134,111134,111134466800,1,,,,,,0,725,39000,128,724,12000,128
1100,20160112,11, 1,1,       1801 ,,111134,111134,111134468500,1,,,,,,0,725,39000,128,724,14000,128
1100,20160112,11, 1,1,       1801 ,,111134,111134,111134470700,1,,,,,,0,725,35000,128,724,14000,128
1100,20160112,11, 1,1,       1801 ,,111134,111134,111134482700,1,,,,,,0,725,35000,128,724,16000,128
1100,20160112,11, 1,1,       1801 ,,111134,111134,111134499600,1,,,,,,0,725,35000,128,724,18000,128
1100,20160112,11, 1,1,       1801 ,,111134,111134,111134636800,1,,,,,,0,725,31000,128,724,18000,128
1100,20160112,11, 1,1,       1801 ,,111134,111134,111134639600,1,,,,,,0,725,31000,128,724,20000,128
1100,20160112,11, 1,1,       1801 ,,111134,111134,111134686800,1,,,,,,0,725,31000,128,724,19000,128
1100,20160112,11, 1,1,       1801 ,111134,111134,111134,111134790300,1,724,16,0,1000,0,0,725,30000,128,724,18000,128
1100,20160112,11, 1,1,       1801 ,111134,111134,111134,111134791500,1,724,16,0,1000,0,0,725,29000,128,724,17000,128
1100,20160112,11, 1,1,       1801 ,111134,111134,111134,111134792700,1,724,16,0,1000,0,0,725,28000,128,724,16000,128
1100,20160112,11, 1,1,       1801 ,,111134,111134,111134793900,1,,,,,,0,725,25000,128,724,16000,128
1100,20160112,11, 1,1,       1801 ,,111134,111134,111134795500,1,,,,,,0,725,27000,128,724,16000,128
1100,20160112,11, 1,1,       1801 ,,111134,111134,111134900800,1,,,,,,0,725,25000,128,724,16000,128
1100,20160112,11, 1,1,       1801 ,,111134,111134,111134902900,1,,,,,,0,725,16000,128,724,16000,128
1100,20160112,11, 1,1,       1801 ,,111134,111134,111134904300,1,,,,,,0,725,16000,128,724,22000,128
1100,20160112,11, 1,1,       1801 ,,111134,111134,111134905000,1,,,,,,0,725,18000,128,724,22000,128
1100,20160112,11, 1,1,       1801 ,,111134,111134,111134905600,1,,,,,,0,725,18000,128,724,24000,128
1100,20160112,11, 1,1,       1801 ,,111134,111134,111134906300,1,,,,,,0,725,16000,128,724,24000,128
1100,20160112,11, 1,1,       1801 ,,111134,111134,111134907500,1,,,,,,0,725,18000,128,724,24000,128
1100,20160112,11, 1,1,       1801 ,,111134,111134,111134909100,1,,,,,,0,725,16000,128,724,24000,128
1100,20160112,11, 1,1,       1801 ,,111134,111134,111134910900,1,,,,,,0,725,16000,128,724,26000,128
1100,20160112,11, 1,1,       1801 ,111136,111136,111136,111136051300,1,724,16,0,1000,0,0,725,16000,128,724,25000,128
1100,20160112,11, 1,1,       1801 ,,111136,111136,111136064500,1,,,,,,0,725,16000,128,724,25000,128
1100,20160112,11, 1,1,       1801 ,,111136,111136,111136345600,1,,,,,,0,725,16000,128,724,26000,128
1100,20160112,11, 1,1,       1801 ,111136,111136,111136,111136851000,1,724,16,0,1000,0,0,725,16000,128,724,25000,128
1100,20160112,11, 1,1,       1801 ,,111136,111136,111136853500,1,,,,,,0,725,16000,128,724,25000,128
1100,20160112,11, 1,1,       1801 ,,111136,111136,111136951300,1,,,,,,0,725,16000,128,724,24000,128
1100,20160112,11, 1,1,       1801 ,,111136,111136,111136953800,1,,,,,,0,725,18000,128,724,24000,128
1100,20160112,11, 1,1,       1801 ,,111137,111137,111137240000,1,,,,,,0,725,18000,128,724,22000,128
1100,20160112,11, 1,1,       1801 ,,111137,111137,111137283100,1,,,,,,0,725,19000,128,724,22000,128
1100,20160112,11, 1,1,       1801 ,,111137,111137,111137378700,1,,,,,,0,725,19000,128,724,20000,128
1100,20160112,11, 1,1,       1801 ,,111137,111137,111137379500,1,,,,,,0,725,19000,128,724,18000,128
1100,20160112,11, 1,1,       1801 ,,111137,111137,111137419800,1,,,,,,0,725,19000,128,724,20000,128
1100,20160112,11, 1,1,       1801 ,,111139,111139,111139404800,1,,,,,,0,725,19000,128,724,18000,128
1100,20160112,11, 1,1,       1801 ,,111139,111139,111139542100,1,,,,,,0,725,19000,128,724,16000,128
1100,20160112,11, 1,1,       1801 ,,111139,111139,111139563800,1,,,,,,0,725,21000,128,724,16000,128
1100,20160112,11, 1,1,       1801 ,,111139,111139,111139565300,1,,,,,,0,725,21000,128,724,14000,128
1100,20160112,11, 1,1,       1801 ,,111140,111140,111140401200,1,,,,,,0,725,20000,128,724,14000,128
1100,20160112,11, 1,1,       1801 ,,111140,111140,111140460700,1,,,,,,0,725,21000,128,724,14000,128
1100,20160112,11, 1,1,       1801 ,,111140,111140,111140710500,1,,,,,,0,725,20000,128,724,14000,128
1100,20160112,11, 1,1,       1801 ,,111140,111140,111140793300,1,,,,,,0,725,20000,128,724,16000,128
1100,20160112,11, 1,1,       1801 ,,111141,111141,111141021700,1,,,,,,0,725,20000,128,724,17000,128
1100,20160112,11, 1,1,       1801 ,,111141,111141,111141279500,1,,,,,,0,725,20000,128,724,19000,128
1100,20160112,11, 1,1,       1801 ,,111141,111141,111141280300,1,,,,,,0,725,18000,128,724,19000,128
1100,20160112,11, 1,1,       1801 ,111141,111141,111141,111141462400,1,724,16,0,1000,0,0,725,18000,128,724,18000,128
1100,20160112,11, 1,1,       1801 ,,111142,111142,111142278000,1,,,,,,0,725,19000,128,724,18000,128
1100,20160112,11, 1,1,       1801 ,,111142,111142,111142841200,1,,,,,,0,725,18000,128,724,18000,128
1100,20160112,11, 1,1,       1801 ,111144,111144,111144,111144759200,1,724,16,0,3000,0,0,725,18000,128,724,15000,128
1100,20160112,11, 1,1,       1801 ,,111144,111144,111144761700,1,,,,,,0,725,18000,128,724,18000,128
1100,20160112,11, 1,1,       1801 ,,111147,111147,111147287000,1,,,,,,0,725,18000,128,724,19000,128
1100,20160112,11, 1,1,       1801 ,,111147,111147,111147358300,1,,,,,,0,725,17000,128,724,19000,128
1100,20160112,11, 1,1,       1801 ,,111148,111148,111148548400,1,,,,,,0,725,19000,128,724,19000,128
1100,20160112,11, 1,1,       1801 ,,111148,111148,111148550100,1,,,,,,0,725,19000,128,724,25000,128
1100,20160112,11, 1,1,       1801 ,,111149,111149,111149541200,1,,,,,,0,725,19000,128,724,23000,128
1100,20160112,11, 1,1,       1801 ,,111149,111149,111149553900,1,,,,,,0,725,20000,128,724,23000,128
1100,20160112,11, 1,1,       1801 ,,111149,111149,111149592800,1,,,,,,0,725,20000,128,724,17000,128
1100,20160112,11, 1,1,       1801 ,,111151,111151,111151365600,1,,,,,,0,725,20000,128,724,18000,128
1100,20160112,11, 1,1,       1801 ,,111151,111151,111151386600,1,,,,,,0,725,29000,128,724,18000,128
1100,20160112,11, 1,1,       1801 ,,111151,111151,111151387800,1,,,,,,0,725,29000,128,724,15000,128
1100,20160112,11, 1,1,       1801 ,,111151,111151,111151388600,1,,,,,,0,725,35000,128,724,15000,128
1100,20160112,11, 1,1,       1801 ,,111151,111151,111151389200,1,,,,,,0,725,35000,128,724,9000,128
1100,20160112,11, 1,1,       1801 ,,111156,111156,111156034000,1,,,,,,0,725,35000,128,724,11000,128
1100,20160112,11, 1,1,       1801 ,,111156,111156,111156035200,1,,,,,,0,725,34000,128,724,11000,128
1100,20160112,11, 1,1,       1801 ,,111156,111156,111156060200,1,,,,,,0,725,28000,128,724,11000,128
1100,20160112,11, 1,1,       1801 ,,111156,111156,111156061600,1,,,,,,0,725,26000,128,724,11000,128
1100,20160112,11, 1,1,       1801 ,,111156,111156,111156138800,1,,,,,,0,725,17000,128,724,11000,128
1100,20160112,11, 1,1,       1801 ,111157,111157,111157,111157025600,1,724,16,0,2000,0,0,725,15000,128,724,9000,128
1100,20160112,11, 1,1,       1801 ,,111157,111157,111157135400,1,,,,,,0,725,15000,128,724,11000,128
1100,20160112,11, 1,1,       1801 ,,111158,111158,111158782400,1,,,,,,0,725,15000,128,724,12000,128
1100,20160112,11, 1,1,       1801 ,,111200,111200,111200807200,1,,,,,,0,725,15000,128,724,10000,128
1100,20160112,11, 1,1,       1801 ,,111202,111202,111202449900,1,,,,,,0,725,15000,128,724,11000,128
1100,20160112,11, 1,1,       1801 ,,111202,111202,111202452000,1,,,,,,0,725,15000,128,724,17000,128
1100,20160112,11, 1,1,       1801 ,,111202,111202,111202453800,1,,,,,,0,725,13000,128,724,17000,128
1100,20160112,11, 1,1,       1801 ,,111202,111202,111202454500,1,,,,,,0,725,13000,128,724,20000,128
1100,20160112,11, 1,1,       1801 ,,111202,111202,111202455700,1,,,,,,0,725,11000,128,724,20000,128
1100,20160112,11, 1,1,       1801 ,,111202,111202,111202456900,1,,,,,,0,725,11000,128,724,26000,128
1100,20160112,11, 1,1,       1801 ,,111203,111203,111203970700,1,,,,,,0,725,11000,128,724,25000,128
1100,20160112,11, 1,1,       1801 ,,111204,111204,111204040400,1,,,,,,0,725,13000,128,724,25000,128
1100,20160112,11, 1,1,       1801 ,,111205,111205,111205283700,1,,,,,,0,725,13000,128,724,27000,128
1100,20160112,11, 1,1,       1801 ,,111206,111206,111206324200,1,,,,,,0,725,13000,128,724,28000,128
1100,20160112,11, 1,1,       1801 ,111207,111207,111207,111207059800,1,725,48,0,1000,0,0,725,12000,128,724,27000,128
1100,20160112,11, 1,1,       1801 ,,111207,111207,111207061700,1,,,,,,0,725,10000,128,724,27000,128
1100,20160112,11, 1,1,       1801 ,111207,111207,111207,111207062500,1,725,48,0,1000,0,0,725,9000,128,724,27000,128
1100,20160112,11, 1,1,       1801 ,,111207,111207,111207065100,1,,,,,,0,725,9000,128,724,28000,128
1100,20160112,11, 1,1,       1801 ,,111207,111207,111207066400,1,,,,,,0,725,6000,128,724,28000,128
1100,20160112,11, 1,1,       1801 ,,111208,111208,111208688400,1,,,,,,0,725,6000,128,724,29000,128
1100,20160112,11, 1,1,       1801 ,,111209,111209,111209819600,1,,,,,,0,725,8000,128,724,29000,128
1100,20160112,11, 1,1,       1801 ,,111209,111209,111209821000,1,,,,,,0,725,9000,128,724,29000,128
1100,20160112,11, 1,1,       1801 ,,111210,111210,111210046000,1,,,,,,0,725,9000,128,724,28000,128
1100,20160112,11, 1,1,       1801 ,,111210,111210,111210401400,1,,,,,,0,725,11000,128,724,28000,128
1100,20160112,11, 1,1,       1801 ,,111210,111210,111210403000,1,,,,,,0,725,11000,128,724,22000,128
1100,20160112,11, 1,1,       1801 ,,111210,111210,111210412000,1,,,,,,0,725,12000,128,724,22000,128
1100,20160112,11, 1,1,       1801 ,,111211,111211,111211291700,1,,,,,,0,725,11000,128,724,22000,128
1100,20160112,11, 1,1,       1801 ,,111211,111211,111211316000,1,,,,,,0,725,11000,128,724,23000,128
1100,20160112,11, 1,1,       1801 ,,111211,111211,111211851900,1,,,,,,0,725,12000,128,724,23000,128
1100,20160112,11, 1,1,       1801 ,,111212,111212,111212791500,1,,,,,,0,725,12000,128,724,22000,128
1100,20160112,11, 1,1,       1801 ,,111212,111212,111212793800,1,,,,,,0,725,14000,128,724,22000,128
1100,20160112,11, 1,1,       1801 ,,111214,111214,111214113200,1,,,,,,0,725,14000,128,724,23000,128
1100,20160112,11, 1,1,       1801 ,,111214,111214,111214115500,1,,,,,,0,725,12000,128,724,23000,128
1100,20160112,11, 1,1,       1801 ,,111214,111214,111214251100,1,,,,,,0,725,12000,128,724,22000,128
1100,20160112,11, 1,1,       1801 ,,111214,111214,111214253300,1,,,,,,0,725,14000,128,724,22000,128
1100,20160112,11, 1,1,       1801 ,,111214,111214,111214254100,1,,,,,,0,725,15000,128,724,22000,128
1100,20160112,11, 1,1,       1801 ,,111214,111214,111214277900,1,,,,,,0,725,15000,128,724,20000,128
1100,20160112,11, 1,1,       1801 ,,111216,111216,111216550900,1,,,,,,0,725,14000,128,724,20000,128
1100,20160112,11, 1,1,       1801 ,,111216,111216,111216552900,1,,,,,,0,725,14000,128,724,26000,128
1100,20160112,11, 1,1,       1801 ,,111216,111216,111216554600,1,,,,,,0,725,12000,128,724,26000,128
1100,20160112,11, 1,1,       1801 ,,111217,111217,111217622500,1,,,,,,0,725,13000,128,724,26000,128
1100,20160112,11, 1,1,       1801 ,,111218,111218,111218009400,1,,,,,,0,725,13000,128,724,28000,128
1100,20160112,11, 1,1,       1801 ,,111218,111218,111218020100,1,,,,,,0,725,12000,128,724,28000,128
1100,20160112,11, 1,1,       1801 ,,111218,111218,111218058600,1,,,,,,0,725,12000,128,724,29000,128
1100,20160112,11, 1,1,       1801 ,,111219,111219,111219247100,1,,,,,,0,725,12000,128,724,30000,128
1100,20160112,11, 1,1,       1801 ,,111221,111221,111221108100,1,,,,,,0,725,12000,128,724,29000,128
1100,20160112,11, 1,1,       1801 ,,111221,111221,111221759300,1,,,,,,0,725,12000,128,724,27000,128
1100,20160112,11, 1,1,       1801 ,,111221,111221,111221771000,1,,,,,,0,725,13000,128,724,27000,128
1100,20160112,11, 1,1,       1801 ,,111223,111223,111223389300,1,,,,,,0,725,13000,128,724,21000,128
1100,20160112,11, 1,1,       1801 ,,111223,111223,111223391400,1,,,,,,0,725,15000,128,724,21000,128
1100,20160112,11, 1,1,       1801 ,,111230,111230,111230469500,1,,,,,,0,725,14000,128,724,21000,128
1100,20160112,11, 1,1,       1801 ,,111230,111230,111230515000,1,,,,,,0,725,14000,128,724,22000,128
1100,20160112,11, 1,1,       1801 ,,111232,111232,111232769200,1,,,,,,0,725,14000,128,724,24000,128
1100,20160112,11, 1,1,       1801 ,,111232,111232,111232771600,1,,,,,,0,725,12000,128,724,24000,128
1100,20160112,11, 1,1,       1801 ,,111232,111232,111232773000,1,,,,,,0,725,12000,128,724,30000,128
1100,20160112,11, 1,1,       1801 ,,111232,111232,111232803300,1,,,,,,0,725,11000,128,724,30000,128
1100,20160112,11, 1,1,       1801 ,,111233,111233,111233310200,1,,,,,,0,725,9000,128,724,30000,128
1100,20160112,11, 1,1,       1801 ,,111233,111233,111233311100,1,,,,,,0,725,7000,128,724,30000,128
1100,20160112,11, 1,1,       1801 ,,111233,111233,111233312500,1,,,,,,0,725,4000,128,724,30000,128
1100,20160112,11, 1,1,       1801 ,111233,111233,111233,111233470800,1,725,48,0,1000,0,0,725,3000,128,724,30000,128
1100,20160112,11, 1,1,       1801 ,111233,111233,111233,111233472400,1,725,48,0,3000,0,0,726,76000,128,724,30000,128
1100,20160112,11, 1,1,       1801 ,,111233,111233,111233476000,1,,,,,,0,726,76000,128,724,30000,128
1100,20160112,11, 1,1,       1801 ,,111233,111233,111233477300,1,,,,,,0,726,72000,128,724,30000,128
1100,20160112,11, 1,1,       1801 ,,111233,111233,111233478100,1,,,,,,0,726,72000,128,725,1000,128
1100,20160112,11, 1,1,       1801 ,,111233,111233,111233478800,1,,,,,,0,726,74000,128,725,1000,128
1100,20160112,11, 1,1,       1801 ,,111233,111233,111233481700,1,,,,,,0,726,72000,128,725,1000,128
1100,20160112,11, 1,1,       1801 ,,111233,111233,111233484000,1,,,,,,0,726,66000,128,725,1000,128
1100,20160112,11, 1,1,       1801 ,,111233,111233,111233484900,1,,,,,,0,726,66000,128,725,3000,128
1100,20160112,11, 1,1,       1801 ,,111233,111233,111233485800,1,,,,,,0,726,60000,128,725,3000,128
1100,20160112,11, 1,1,       1801 ,,111233,111233,111233486900,1,,,,,,0,726,60000,128,725,4000,128
1100,20160112,11, 1,1,       1801 ,,111233,111233,111233487800,1,,,,,,0,726,59000,128,725,4000,128
1100,20160112,11, 1,1,       1801 ,,111233,111233,111233490600,1,,,,,,0,726,55000,128,725,4000,128
1100,20160112,11, 1,1,       1801 ,,111233,111233,111233493700,1,,,,,,0,726,55000,128,725,5000,128
1100,20160112,11, 1,1,       1801 ,,111233,111233,111233499300,1,,,,,,0,726,54000,128,725,5000,128
1100,20160112,11, 1,1,       1801 ,,111233,111233,111233500200,1,,,,,,0,726,50000,128,725,5000,128
1100,20160112,11, 1,1,       1801 ,,111233,111233,111233501200,1,,,,,,0,726,50000,128,725,7000,128
1100,20160112,11, 1,1,       1801 ,,111233,111233,111233504400,1,,,,,,0,726,33000,128,725,7000,128
1100,20160112,11, 1,1,       1801 ,,111233,111233,111233505700,1,,,,,,0,726,34000,128,725,7000,128
1100,20160112,11, 1,1,       1801 ,,111233,111233,111233507000,1,,,,,,0,726,34000,128,725,13000,128
1100,20160112,11, 1,1,       1801 ,,111233,111233,111233508500,1,,,,,,0,726,33000,128,725,13000,128
1100,20160112,11, 1,1,       1801 ,,111233,111233,111233514100,1,,,,,,0,726,33000,128,725,16000,128
1100,20160112,11, 1,1,       1801 ,,111233,111233,111233516300,1,,,,,,0,726,30000,128,725,16000,128
1100,20160112,11, 1,1,       1801 ,,111233,111233,111233524100,1,,,,,,0,726,30000,128,725,17000,128
1100,20160112,11, 1,1,       1801 ,,111233,111233,111233530400,1,,,,,,0,726,30000,128,725,19000,128
1100,20160112,11, 1,1,       1801 ,,111233,111233,111233827500,1,,,,,,0,726,30000,128,725,17000,128
1100,20160112,11, 1,1,       1801 ,,111234,111234,111234146100,1,,,,,,0,726,30000,128,725,18000,128
1100,20160112,11, 1,1,       1801 ,,111236,111236,111236652900,1,,,,,,0,726,30000,128,725,17000,128
1100,20160112,11, 1,1,       1801 ,,111236,111236,111236657500,1,,,,,,0,726,26000,128,725,17000,128
1100,20160112,11, 1,1,       1801 ,,111236,111236,111236963700,1,,,,,,0,726,26000,128,725,15000,128
1100,20160112,11, 1,1,       1801 ,,111238,111238,111238108900,1,,,,,,0,726,27000,128,725,15000,128
1100,20160112,11, 1,1,       1801 ,,111238,111238,111238208300,1,,,,,,0,726,26000,128,725,15000,128
1100,20160112,11, 1,1,       1801 ,,111240,111240,111240720600,1,,,,,,0,726,27000,128,725,15000,128
1100,20160112,11, 1,1,       1801 ,,111240,111240,111240829900,1,,,,,,0,726,26000,128,725,15000,128
1100,20160112,11, 1,1,       1801 ,,111240,111240,111240880000,1,,,,,,0,726,27000,128,725,15000,128
1100,20160112,11, 1,1,       1801 ,,111243,111243,111243050900,1,,,,,,0,726,26000,128,725,15000,128
1100,20160112,11, 1,1,       1801 ,,111244,111244,111244544600,1,,,,,,0,726,26000,128,725,16000,128
1100,20160112,11, 1,1,       1801 ,,111254,111254,111254071500,1,,,,,,0,726,26000,128,725,17000,128
1100,20160112,11, 1,1,       1801 ,,111259,111259,111259579100,1,,,,,,0,726,27000,128,725,17000,128
1100,20160112,11, 1,1,       1801 ,,111259,111259,111259580900,1,,,,,,0,726,27000,128,725,11000,128
1100,20160112,11, 1,1,       1801 ,,111301,111301,111301965000,1,,,,,,0,726,27000,128,725,10000,128
1100,20160112,11, 1,1,       1801 ,,111301,111301,111301967000,1,,,,,,0,726,27000,128,725,9000,128
1100,20160112,11, 1,1,       1801 ,,111302,111302,111302360900,1,,,,,,0,726,27000,128,725,7000,128
1100,20160112,11, 1,1,       1801 ,,111302,111302,111302592100,1,,,,,,0,726,28000,128,725,7000,128
1100,20160112,11, 1,1,       1801 ,,111309,111309,111309439800,1,,,,,,0,726,28000,128,725,9000,128
1100,20160112,11, 1,1,       1801 ,,111309,111309,111309731200,1,,,,,,0,726,27000,128,725,9000,128
1100,20160112,11, 1,1,       1801 ,,111310,111310,111310845800,1,,,,,,0,726,27000,128,725,10000,128
1100,20160112,11, 1,1,       1801 ,,111310,111310,111310847600,1,,,,,,0,726,27000,128,725,11000,128
1100,20160112,11, 1,1,       1801 ,,111311,111311,111311563100,1,,,,,,0,726,28000,128,725,11000,128
1100,20160112,11, 1,1,       1801 ,,111311,111311,111311565500,1,,,,,,0,726,28000,128,725,10000,128
1100,20160112,11, 1,1,       1801 ,,111311,111311,111311661000,1,,,,,,0,726,27000,128,725,10000,128
1100,20160112,11, 1,1,       1801 ,,111311,111311,111311663800,1,,,,,,0,726,27000,128,725,11000,128
1100,20160112,11, 1,1,       1801 ,,111317,111317,111317581400,1,,,,,,0,726,28000,128,725,11000,128
1100,20160112,11, 1,1,       1801 ,,111317,111317,111317583800,1,,,,,,0,726,28000,128,725,10000,128
1100,20160112,11, 1,1,       1801 ,,111323,111323,111323139900,1,,,,,,0,726,29000,128,725,10000,128
1100,20160112,11, 1,1,       1801 ,,111329,111329,111329177500,1,,,,,,0,726,30000,128,725,10000,128
1100,20160112,11, 1,1,       1801 ,,111330,111330,111330210700,1,,,,,,0,726,30000,128,725,8000,128
1100,20160112,11, 1,1,       1801 ,,111330,111330,111330214600,1,,,,,,0,726,36000,128,725,8000,128
1100,20160112,11, 1,1,       1801 ,,111330,111330,111330218100,1,,,,,,0,726,36000,128,725,5000,128
1100,20160112,11, 1,1,       1801 ,,111336,111336,111336053000,1,,,,,,0,726,35000,128,725,5000,128
1100,20160112,11, 1,1,       1801 ,,111338,111338,111338475000,1,,,,,,0,726,36000,128,725,5000,128
1100,20160112,11, 1,1,       1801 ,,111342,111342,111342760500,1,,,,,,0,726,35000,128,725,5000,128
1100,20160112,11, 1,1,       1801 ,,111344,111344,111344510100,1,,,,,,0,726,36000,128,725,5000,128
1100,20160112,11, 1,1,       1801 ,111344,111344,111344,111344511700,1,725,16,0,5000,0,0,726,36000,128,724,51000,128
1100,20160112,11, 1,1,       1801 ,,111344,111344,111344513200,1,,,,,,0,726,36000,128,724,51000,128
1100,20160112,11, 1,1,       1801 ,,111344,111344,111344514000,1,,,,,,0,725,1000,128,724,51000,128
1100,20160112,11, 1,1,       1801 ,,111344,111344,111344514700,1,,,,,,0,725,1000,128,724,49000,128
1100,20160112,11, 1,1,       1801 ,,111344,111344,111344516200,1,,,,,,0,725,1000,128,724,46000,128
1100,20160112,11, 1,1,       1801 ,111344,111344,111344,111344516900,1,725,48,0,1000,0,0,726,36000,128,725,3000,128
1100,20160112,11, 1,1,       1801 ,,111344,111344,111344517800,1,,,,,,0,726,36000,128,725,3000,128
1100,20160112,11, 1,1,       1801 ,,111344,111344,111344521400,1,,,,,,0,726,38000,128,725,3000,128
1100,20160112,11, 1,1,       1801 ,111344,111344,111344,111344522700,1,725,16,0,1000,0,0,726,38000,128,725,2000,128
1100,20160112,11, 1,1,       1801 ,,111344,111344,111344523800,1,,,,,,0,726,44000,128,725,2000,128
1100,20160112,11, 1,1,       1801 ,,111344,111344,111344526000,1,,,,,,0,726,48000,128,725,2000,128
1100,20160112,11, 1,1,       1801 ,,111344,111344,111344526700,1,,,,,,0,726,46000,128,725,2000,128
1100,20160112,11, 1,1,       1801 ,,111344,111344,111344527400,1,,,,,,0,726,46000,128,725,4000,128
1100,20160112,11, 1,1,       1801 ,,111344,111344,111344532100,1,,,,,,0,726,46000,128,725,2000,128
1100,20160112,11, 1,1,       1801 ,,111344,111344,111344532900,1,,,,,,0,726,42000,128,725,2000,128
1100,20160112,11, 1,1,       1801 ,,111344,111344,111344545500,1,,,,,,0,726,42000,128,725,3000,128
1100,20160112,11, 1,1,       1801 ,,111344,111344,111344563000,1,,,,,,0,726,46000,128,725,3000,128
1100,20160112,11, 1,1,       1801 ,,111344,111344,111344564300,1,,,,,,0,726,40000,128,725,3000,128
1100,20160112,11, 1,1,       1801 ,111344,111344,111344,111344621100,1,725,16,0,1000,0,0,726,40000,128,725,2000,128
1100,20160112,11, 1,1,       1801 ,,111345,111345,111345518700,1,,,,,,0,726,40000,128,725,2000,128
1100,20160112,11, 1,1,       1801 ,,111346,111346,111346571100,1,,,,,,0,726,41000,128,725,2000,128
1100,20160112,11, 1,1,       1801 ,,111346,111346,111346572800,1,,,,,,0,726,42000,128,725,2000,128
1100,20160112,11, 1,1,       1801 ,,111352,111352,111352226500,1,,,,,,0,726,41000,128,725,2000,128
1100,20160112,11, 1,1,       1801 ,,111352,111352,111352300200,1,,,,,,0,726,41000,128,725,3000,128
1100,20160112,11, 1,1,       1801 ,,111356,111356,111356934000,1,,,,,,0,726,41000,128,725,4000,128
1100,20160112,11, 1,1,       1801 ,,111357,111357,111357952000,1,,,,,,0,726,41000,128,725,6000,128
1100,20160112,11, 1,1,       1801 ,,111359,111359,111359590300,1,,,,,,0,726,35000,128,725,6000,128
1100,20160112,11, 1,1,       1801 ,,111359,111359,111359593200,1,,,,,,0,726,35000,128,725,7000,128
1100,20160112,11, 1,1,       1801 ,,111359,111359,111359596200,1,,,,,,0,726,33000,128,725,7000,128
1100,20160112,11, 1,1,       1801 ,,111359,111359,111359600500,1,,,,,,0,726,31000,128,725,7000,128
1100,20160112,11, 1,1,       1801 ,111359,111359,111359,111359601900,1,726,48,0,10000,0,0,726,21000,128,725,7000,128
1100,20160112,11, 1,1,       1801 ,111359,111359,111359,111359605200,1,726,48,0,10000,0,0,726,11000,128,725,7000,128
1100,20160112,11, 1,1,       1801 ,111359,111359,111359,111359609800,1,726,48,0,9000,0,0,726,2000,128,725,7000,128
1100,20160112,11, 1,1,       1801 ,,111359,111359,111359614400,1,,,,,,0,726,1000,128,725,7000,128
1100,20160112,11, 1,1,       1801 ,111359,111359,111359,111359615600,1,726,48,0,1000,0,0,727,59000,128,726,1000,128
1100,20160112,11, 1,1,       1801 ,,111359,111359,111359617400,1,,,,,,0,727,59000,128,726,1000,128
1100,20160112,11, 1,1,       1801 ,,111359,111359,111359618800,1,,,,,,0,727,59000,128,726,2000,128
1100,20160112,11, 1,1,       1801 ,,111359,111359,111359624000,1,,,,,,0,727,59000,128,726,3000,128
1100,20160112,11, 1,1,       1801 ,,111359,111359,111359627600,1,,,,,,0,727,59000,128,726,4000,128
1100,20160112,11, 1,1,       1801 ,,111359,111359,111359629200,1,,,,,,0,727,59000,128,726,10000,128
1100,20160112,11, 1,1,       1801 ,,111359,111359,111359632900,1,,,,,,0,727,58000,128,726,10000,128
1100,20160112,11, 1,1,       1801 ,111359,111359,111359,111359648500,1,726,16,0,1000,0,0,727,58000,128,726,9000,128
1100,20160112,11, 1,1,       1801 ,,111359,111359,111359650400,1,,,,,,0,727,58000,128,726,9000,128
1100,20160112,11, 1,1,       1801 ,,111359,111359,111359654600,1,,,,,,0,727,55000,128,726,9000,128
1100,20160112,11, 1,1,       1801 ,,111359,111359,111359661500,1,,,,,,0,727,55000,128,726,11000,128
1100,20160112,11, 1,1,       1801 ,,111359,111359,111359662400,1,,,,,,0,727,49000,128,726,11000,128
1100,20160112,11, 1,1,       1801 ,,111359,111359,111359663400,1,,,,,,0,727,46000,128,726,11000,128
1100,20160112,11, 1,1,       1801 ,,111359,111359,111359664600,1,,,,,,0,727,44000,128,726,11000,128
1100,20160112,11, 1,1,       1801 ,,111359,111359,111359667500,1,,,,,,0,727,44000,128,726,12000,128
1100,20160112,11, 1,1,       1801 ,111359,111359,111359,111359668800,1,726,16,0,1000,0,0,727,44000,128,726,11000,128
1100,20160112,11, 1,1,       1801 ,,111359,111359,111359670100,1,,,,,,0,727,43000,128,726,11000,128
1100,20160112,11, 1,1,       1801 ,,111359,111359,111359673400,1,,,,,,0,727,45000,128,726,11000,128
1100,20160112,11, 1,1,       1801 ,,111359,111359,111359674400,1,,,,,,0,727,45000,128,726,12000,128
1100,20160112,11, 1,1,       1801 ,111359,111359,111359,111359675300,1,726,16,0,1000,0,0,727,45000,128,726,11000,128
1100,20160112,11, 1,1,       1801 ,,111359,111359,111359676500,1,,,,,,0,727,45000,128,726,11000,128
1100,20160112,11, 1,1,       1801 ,,111359,111359,111359678800,1,,,,,,0,727,41000,128,726,11000,128
1100,20160112,11, 1,1,       1801 ,,111359,111359,111359684400,1,,,,,,0,727,35000,128,726,11000,128
1100,20160112,11, 1,1,       1801 ,,111359,111359,111359723600,1,,,,,,0,727,26000,128,726,11000,128
1100,20160112,11, 1,1,       1801 ,,111359,111359,111359724800,1,,,,,,0,727,26000,128,726,17000,128
1100,20160112,11, 1,1,       1801 ,,111359,111359,111359726800,1,,,,,,0,727,25000,128,726,17000,128
1100,20160112,11, 1,1,       1801 ,,111359,111359,111359737400,1,,,,,,0,727,25000,128,726,18000,128
1100,20160112,11, 1,1,       1801 ,,111359,111359,111359986600,1,,,,,,0,727,21000,128,726,18000,128
1100,20160112,11, 1,1,       1801 ,,111359,111359,111359988700,1,,,,,,0,727,19000,128,726,18000,128
1100,20160112,11, 1,1,       1801 ,,111401,111401,111401713500,1,,,,,,0,727,19000,128,726,19000,128
1100,20160112,11, 1,1,       1801 ,,111401,111401,111401782900,1,,,,,,0,727,20000,128,726,19000,128
1100,20160112,11, 1,1,       1801 ,,111402,111402,111402009000,1,,,,,,0,727,20000,128,726,18000,128
1100,20160112,11, 1,1,       1801 ,,111402,111402,111402098200,1,,,,,,0,727,21000,128,726,18000,128
1100,20160112,11, 1,1,       1801 ,,111407,111407,111407177500,1,,,,,,0,727,17000,128,726,18000,128
1100,20160112,11, 1,1,       1801 ,,111407,111407,111407179600,1,,,,,,0,727,23000,128,726,18000,128
1100,20160112,11, 1,1,       1801 ,,111407,111407,111407180900,1,,,,,,0,727,27000,128,726,18000,128
1100,20160112,11, 1,1,       1801 ,,111407,111407,111407181500,1,,,,,,0,727,29000,128,726,18000,128
1100,20160112,11, 1,1,       1801 ,,111410,111410,111410041900,1,,,,,,0,727,29000,128,726,19000,128
1100,20160112,11, 1,1,       1801 ,,111410,111410,111410690800,1,,,,,,0,727,29000,128,726,18000,128
1100,20160112,11, 1,1,       1801 ,,111413,111413,111413392800,1,,,,,,0,727,29000,128,726,12000,128
1100,20160112,11, 1,1,       1801 ,,111425,111425,111425012100,1,,,,,,0,727,29000,128,726,13000,128
1100,20160112,11, 1,1,       1801 ,,111425,111425,111425436600,1,,,,,,0,727,28000,128,726,13000,128
1100,20160112,11, 1,1,       1801 ,,111427,111427,111427889300,1,,,,,,0,727,22000,128,726,13000,128
1100,20160112,11, 1,1,       1801 ,,111427,111427,111427911500,1,,,,,,0,727,23000,128,726,13000,128
1100,20160112,11, 1,1,       1801 ,,111427,111427,111427916600,1,,,,,,0,727,23000,128,726,12000,128
1100,20160112,11, 1,1,       1801 ,111433,111433,111433,111433561500,1,726,16,0,6000,0,0,727,23000,128,726,6000,128
1100,20160112,11, 1,1,       1801 ,,111433,111433,111433563300,1,,,,,,0,727,23000,128,726,4000,128
1100,20160112,11, 1,1,       1801 ,,111433,111433,111433564100,1,,,,,,0,727,23000,128,726,3000,128
1100,20160112,11, 1,1,       1801 ,,111433,111433,111433565500,1,,,,,,0,727,24000,128,726,3000,128
1100,20160112,11, 1,1,       1801 ,,111433,111433,111433566200,1,,,,,,0,727,24000,128,726,2000,128
1100,20160112,11, 1,1,       1801 ,,111433,111433,111433577000,1,,,,,,0,727,24000,128,726,4000,128
1100,20160112,11, 1,1,       1801 ,,111433,111433,111433578000,1,,,,,,0,727,25000,128,726,4000,128
1100,20160112,11, 1,1,       1801 ,111433,111433,111433,111433586000,1,726,16,0,4000,0,0,727,25000,128,725,53000,128
1100,20160112,11, 1,1,       1801 ,,111433,111433,111433587300,1,,,,,,0,727,25000,128,725,52000,128
1100,20160112,11, 1,1,       1801 ,,111433,111433,111433588100,1,,,,,,0,726,1000,128,725,52000,128
1100,20160112,11, 1,1,       1801 ,,111433,111433,111433589600,1,,,,,,0,726,2000,128,725,52000,128
1100,20160112,11, 1,1,       1801 ,,111433,111433,111433591500,1,,,,,,0,726,2000,128,725,53000,128
1100,20160112,11, 1,1,       1801 ,,111433,111433,111433592200,1,,,,,,0,726,2000,128,725,54000,128
1100,20160112,11, 1,1,       1801 ,,111433,111433,111433595700,1,,,,,,0,726,2000,128,725,52000,128
1100,20160112,11, 1,1,       1801 ,,111433,111433,111433597800,1,,,,,,0,726,2000,128,725,46000,128
1100,20160112,11, 1,1,       1801 ,,111433,111433,111433600600,1,,,,,,0,726,3000,128,725,46000,128
1100,20160112,11, 1,1,       1801 ,,111433,111433,111433602300,1,,,,,,0,726,5000,128,725,46000,128
1100,20160112,11, 1,1,       1801 ,,111433,111433,111433603400,1,,,,,,0,726,5000,128,725,45000,128
1100,20160112,11, 1,1,       1801 ,,111433,111433,111433612200,1,,,,,,0,726,5000,128,725,41000,128
1100,20160112,11, 1,1,       1801 ,,111433,111433,111433613800,1,,,,,,0,726,6000,128,725,41000,128
1100,20160112,11, 1,1,       1801 ,,111435,111435,111435071500,1,,,,,,0,726,6000,128,725,37000,128
1100,20160112,11, 1,1,       1801 ,,111436,111436,111436212700,1,,,,,,0,726,5000,128,725,37000,128
1100,20160112,11, 1,1,       1801 ,,111436,111436,111436299400,1,,,,,,0,726,4000,128,725,37000,128
1100,20160112,11, 1,1,       1801 ,111436,111436,111436,111436391300,1,726,48,0,1000,0,0,726,3000,128,725,37000,128
1100,20160112,11, 1,1,       1801 ,,111436,111436,111436393400,1,,,,,,0,726,1000,128,725,37000,128
1100,20160112,11, 1,1,       1801 ,111436,111436,111436,111436399000,1,726,48,0,1000,0,0,727,60000,128,725,37000,128
1100,20160112,11, 1,1,       1801 ,,111436,111436,111436400800,1,,,,,,0,727,60000,128,725,37000,128
1100,20160112,11, 1,1,       1801 ,,111436,111436,111436401500,1,,,,,,0,727,60000,128,726,2000,128
1100,20160112,11, 1,1,       1801 ,,111436,111436,111436403000,1,,,,,,0,727,60000,128,726,4000,128
1100,20160112,11, 1,1,       1801 ,,111436,111436,111436404700,1,,,,,,0,727,58000,128,726,4000,128
1100,20160112,11, 1,1,       1801 ,,111436,111436,111436405500,1,,,,,,0,727,58000,128,726,6000,128
1100,20160112,11, 1,1,       1801 ,,111436,111436,111436406900,1,,,,,,0,727,52000,128,726,6000,128
1100,20160112,11, 1,1,       1801 ,,111436,111436,111436409300,1,,,,,,0,727,52000,128,726,7000,128
1100,20160112,11, 1,1,       1801 ,,111436,111436,111436412200,1,,,,,,0,727,48000,128,726,7000,128
1100,20160112,11, 1,1,       1801 ,,111436,111436,111436415400,1,,,,,,0,727,48000,128,726,12000,128
1100,20160112,11, 1,1,       1801 ,,111436,111436,111436419100,1,,,,,,0,727,44000,128,726,12000,128
1100,20160112,11, 1,1,       1801 ,,111436,111436,111436419900,1,,,,,,0,727,38000,128,726,12000,128
1100,20160112,11, 1,1,       1801 ,,111436,111436,111436423800,1,,,,,,0,727,29000,128,726,12000,128
1100,20160112,11, 1,1,       1801 ,,111436,111436,111436424600,1,,,,,,0,727,28000,128,726,12000,128
1100,20160112,11, 1,1,       1801 ,,111436,111436,111436426900,1,,,,,,0,727,28000,128,726,13000,128
1100,20160112,11, 1,1,       1801 ,,111436,111436,111436428300,1,,,,,,0,727,27000,128,726,13000,128
1100,20160112,11, 1,1,       1801 ,,111436,111436,111436550800,1,,,,,,0,727,28000,128,726,13000,128
1100,20160112,11, 1,1,       1801 ,,111440,111440,111440570900,1,,,,,,0,727,27000,128,726,13000,128
1100,20160112,11, 1,1,       1801 ,,111440,111440,111440574500,1,,,,,,0,727,23000,128,726,13000,128
1100,20160112,11, 1,1,       1801 ,,111441,111441,111441230700,1,,,,,,0,727,28000,128,726,13000,128
1100,20160112,11, 1,1,       1801 ,,111445,111445,111445555700,1,,,,,,0,727,29000,128,726,13000,128
1100,20160112,11, 1,1,       1801 ,,111446,111446,111446441800,1,,,,,,0,727,28000,128,726,13000,128
1100,20160112,11, 1,1,       1801 ,,111453,111453,111453163900,1,,,,,,0,727,29000,128,726,13000,128
1100,20160112,11, 1,1,       1801 ,,111453,111453,111453165400,1,,,,,,0,727,33000,128,726,13000,128
1100,20160112,11, 1,1,       1801 ,,111453,111453,111453166900,1,,,,,,0,727,33000,128,726,12000,128
1100,20160112,11, 1,1,       1801 ,,111453,111453,111453192000,1,,,,,,0,727,33000,128,726,7000,128
1100,20160112,11, 1,1,       1801 ,,111453,111453,111453193300,1,,,,,,0,727,33000,128,726,5000,128
1100,20160112,11, 1,1,       1801 ,,111453,111453,111453194000,1,,,,,,0,727,33000,128,726,4000,128
1100,20160112,11, 1,1,       1801 ,,111453,111453,111453194700,1,,,,,,0,727,39000,128,726,4000,128
1100,20160112,11, 1,1,       1801 ,111453,111453,111453,111453700800,1,726,16,0,2000,0,0,727,39000,128,726,2000,128
1100,20160112,11, 1,1,       1801 ,111453,111453,111453,111453702300,1,726,16,0,2000,0,0,727,39000,128,725,50000,128
1100,20160112,11, 1,1,       1801 ,,111453,111453,111453705000,1,,,,,,0,727,39000,128,725,50000,128
1100,20160112,11, 1,1,       1801 ,,111453,111453,111453706300,1,,,,,,0,726,1000,128,725,50000,128
1100,20160112,11, 1,1,       1801 ,,111453,111453,111453707000,1,,,,,,0,726,1000,128,725,44000,128
1100,20160112,11, 1,1,       1801 ,,111453,111453,111453707600,1,,,,,,0,726,1000,128,725,42000,128
1100,20160112,11, 1,1,       1801 ,,111453,111453,111453709100,1,,,,,,0,726,1000,128,725,43000,128
1100,20160112,11, 1,1,       1801 ,,111453,111453,111453711300,1,,,,,,0,726,3000,128,725,43000,128
1100,20160112,11, 1,1,       1801 ,111453,111453,111453,111453711900,1,726,48,0,1000,0,0,726,2000,128,725,43000,128
1100,20160112,11, 1,1,       1801 ,,111453,111453,111453712800,1,,,,,,0,726,2000,128,725,43000,128
1100,20160112,11, 1,1,       1801 ,,111453,111453,111453714100,1,,,,,,0,726,4000,128,725,43000,128
1100,20160112,11, 1,1,       1801 ,,111453,111453,111453714700,1,,,,,,0,726,4000,128,725,39000,128
1100,20160112,11, 1,1,       1801 ,,111453,111453,111453716100,1,,,,,,0,726,5000,128,725,39000,128
1100,20160112,11, 1,1,       1801 ,,111453,111453,111453844500,1,,,,,,0,726,5000,128,725,38000,128
1100,20160112,11, 1,1,       1801 ,,111453,111453,111453845200,1,,,,,,0,726,6000,128,725,38000,128
1100,20160112,11, 1,1,       1801 ,,111455,111455,111455711300,1,,,,,,0,726,5000,128,725,38000,128
1100,20160112,11, 1,1,       1801 ,,111456,111456,111456945100,1,,,,,,0,726,6000,128,725,38000,128
1100,20160112,11, 1,1,       1801 ,,111501,111501,111501099000,1,,,,,,0,726,8000,128,725,38000,128
1100,20160112,11, 1,1,       1801 ,,111501,111501,111501100900,1,,,,,,0,726,11000,128,725,38000,128
1100,20160112,11, 1,1,       1801 ,,111501,111501,111501103200,1,,,,,,0,726,15000,128,725,38000,128
1100,20160112,11, 1,1,       1801 ,,111501,111501,111501104500,1,,,,,,0,726,15000,128,725,34000,128
1100,20160112,11, 1,1,       1801 ,,111501,111501,111501105800,1,,,,,,0,726,15000,128,725,32000,128
1100,20160112,11, 1,1,       1801 ,,111501,111501,111501107600,1,,,,,,0,726,17000,128,725,32000,128
1100,20160112,11, 1,1,       1801 ,,111503,111503,111503502000,1,,,,,,0,726,17000,128,725,33000,128
1100,20160112,11, 1,1,       1801 ,,111505,111505,111505253400,1,,,,,,0,726,17000,128,725,32000,128
1100,20160112,11, 1,1,       1801 ,,111508,111508,111508841700,1,,,,,,0,726,18000,128,725,32000,128
1100,20160112,11, 1,1,       1801 ,,111509,111509,111509490800,1,,,,,,0,726,18000,128,725,30000,128
1100,20160112,11, 1,1,       1801 ,,111512,111512,111512078300,1,,,,,,0,726,18000,128,725,29000,128
1100,20160112,11, 1,1,       1801 ,,111513,111513,111513181400,1,,,,,,0,726,18000,128,725,25000,128
1100,20160112,11, 1,1,       1801 ,,111513,111513,111513343200,1,,,,,,0,726,18000,128,725,22000,128
1100,20160112,11, 1,1,       1801 ,,111513,111513,111513460100,1,,,,,,0,726,23000,128,725,22000,128
1100,20160112,11, 1,1,       1801 ,,111513,111513,111513461500,1,,,,,,0,726,23000,128,725,19000,128
1100,20160112,11, 1,1,       1801 ,,111513,111513,111513462200,1,,,,,,0,726,23000,128,725,14000,128
1100,20160112,11, 1,1,       1801 ,,111513,111513,111513462900,1,,,,,,0,726,23000,128,725,5000,128
1100,20160112,11, 1,1,       1801 ,,111513,111513,111513464000,1,,,,,,0,726,23000,128,725,4000,128
1100,20160112,11, 1,1,       1801 ,,111514,111514,111514916700,1,,,,,,0,726,24000,128,725,4000,128
1100,20160112,11, 1,1,       1801 ,,111516,111516,111516801800,1,,,,,,0,726,24000,128,725,2000,128
1100,20160112,11, 1,1,       1801 ,,111519,111519,111519310200,1,,,,,,0,726,24000,128,725,4000,128
1100,20160112,11, 1,1,       1801 ,,111519,111519,111519489900,1,,,,,,0,726,24000,128,725,5000,128
1100,20160112,11, 1,1,       1801 ,,111520,111520,111520183800,1,,,,,,0,726,23000,128,725,5000,128
1100,20160112,11, 1,1,       1801 ,,111521,111521,111521471500,1,,,,,,0,726,24000,128,725,5000,128
1100,20160112,11, 1,1,       1801 ,,111521,111521,111521721000,1,,,,,,0,726,23000,128,725,5000,128
1100,20160112,11, 1,1,       1801 ,,111522,111522,111522211100,1,,,,,,0,726,24000,128,725,5000,128
1100,20160112,11, 1,1,       1801 ,,111523,111523,111523054800,1,,,,,,0,726,23000,128,725,5000,128
1100,20160112,11, 1,1,       1801 ,,111523,111523,111523811800,1,,,,,,0,726,24000,128,725,5000,128
1100,20160112,11, 1,1,       1801 ,,111523,111523,111523828100,1,,,,,,0,726,23000,128,725,5000,128
1100,20160112,11, 1,1,       1801 ,,111523,111523,111523851500,1,,,,,,0,726,24000,128,725,5000,128
1100,20160112,11, 1,1,       1801 ,,111523,111523,111523960300,1,,,,,,0,726,24000,128,725,7000,128
1100,20160112,11, 1,1,       1801 ,,111523,111523,111523971900,1,,,,,,0,726,23000,128,725,7000,128
1100,20160112,11, 1,1,       1801 ,,111529,111529,111529218600,1,,,,,,0,726,24000,128,725,7000,128
1100,20160112,11, 1,1,       1801 ,,111529,111529,111529451600,1,,,,,,0,726,24000,128,725,5000,128
1100,20160112,11, 1,1,       1801 ,,111538,111538,111538111200,1,,,,,,0,726,23000,128,725,5000,128
1100,20160112,11, 1,1,       1801 ,,111539,111539,111539491900,1,,,,,,0,726,23000,128,725,6000,128
1100,20160112,11, 1,1,       1801 ,,111543,111543,111543491500,1,,,,,,0,726,23000,128,725,5000,128
1100,20160112,11, 1,1,       1801 ,,111543,111543,111543537400,1,,,,,,0,726,23000,128,725,6000,128
1100,20160112,11, 1,1,       1801 ,,111543,111543,111543780400,1,,,,,,0,726,23000,128,725,5000,128
1100,20160112,11, 1,1,       1801 ,,111544,111544,111544377200,1,,,,,,0,726,24000,128,725,5000,128
1100,20160112,11, 1,1,       1801 ,111550,111550,111550,111550152400,1,725,16,0,1000,0,0,726,24000,128,725,4000,128
1100,20160112,11, 1,1,       1801 ,,111550,111550,111550807900,1,,,,,,0,726,25000,128,725,4000,128
1100,20160112,11, 1,1,       1801 ,,111550,111550,111550822700,1,,,,,,0,726,26000,128,725,4000,128
1100,20160112,11, 1,1,       1801 ,,111605,111605,111605261800,1,,,,,,0,726,26000,128,725,5000,128
1100,20160112,11, 1,1,       1801 ,,111607,111607,111607788400,1,,,,,,0,726,26000,128,725,4000,128
1100,20160112,11, 1,1,       1801 ,,111607,111607,111607793900,1,,,,,,0,726,26000,128,725,2000,128
1100,20160112,11, 1,1,       1801 ,,111607,111607,111607795900,1,,,,,,0,726,30000,128,725,2000,128
1100,20160112,11, 1,1,       1801 ,111607,111607,111607,111607965500,1,725,16,0,2000,0,0,726,30000,128,724,78000,128
1100,20160112,11, 1,1,       1801 ,,111607,111607,111607967100,1,,,,,,0,726,30000,128,724,78000,128
1100,20160112,11, 1,1,       1801 ,,111607,111607,111607968600,1,,,,,,0,726,30000,128,724,75000,128
1100,20160112,11, 1,1,       1801 ,,111607,111607,111607969400,1,,,,,,0,726,30000,128,724,76000,128
1100,20160112,11, 1,1,       1801 ,,111607,111607,111607970200,1,,,,,,0,726,39000,128,724,76000,128
1100,20160112,11, 1,1,       1801 ,,111607,111607,111607972000,1,,,,,,0,726,40000,128,724,76000,128
1100,20160112,11, 1,1,       1801 ,,111608,111608,111608009900,1,,,,,,0,726,39000,128,724,76000,128
1100,20160112,11, 1,1,       1801 ,,111608,111608,111608017600,1,,,,,,0,726,39000,128,724,58000,128
1100,20160112,11, 1,1,       1801 ,,111608,111608,111608018900,1,,,,,,0,726,40000,128,724,58000,128
1100,20160112,11, 1,1,       1801 ,,111608,111608,111608019700,1,,,,,,0,726,40000,128,724,56000,128
1100,20160112,11, 1,1,       1801 ,,111608,111608,111608086700,1,,,,,,0,726,40000,128,724,52000,128
1100,20160112,11, 1,1,       1801 ,,111608,111608,111608577800,1,,,,,,0,726,45000,128,724,52000,128
1100,20160112,11, 1,1,       1801 ,,111608,111608,111608806600,1,,,,,,0,726,45000,128,724,53000,128
1100,20160112,11, 1,1,       1801 ,,111609,111609,111609936800,1,,,,,,0,726,45000,128,724,52000,128
1100,20160112,11, 1,1,       1801 ,,111610,111610,111610039300,1,,,,,,0,726,45000,128,725,1000,128
1100,20160112,11, 1,1,       1801 ,,111610,111610,111610048500,1,,,,,,0,726,44000,128,725,1000,128
1100,20160112,11, 1,1,       1801 ,,111610,111610,111610074200,1,,,,,,0,726,44000,128,725,2000,128
1100,20160112,11, 1,1,       1801 ,,111610,111610,111610136700,1,,,,,,0,726,44000,128,725,1000,128
1100,20160112,11, 1,1,       1801 ,,111610,111610,111610537100,1,,,,,,0,726,48000,128,725,1000,128
1100,20160112,11, 1,1,       1801 ,,111610,111610,111610538400,1,,,,,,0,726,49000,128,725,1000,128
1100,20160112,11, 1,1,       1801 ,,111610,111610,111610539000,1,,,,,,0,726,50000,128,725,1000,128
1100,20160112,11, 1,1,       1801 ,111610,111610,111610,111610540200,1,725,16,0,1000,0,0,726,50000,128,724,49000,128
1100,20160112,11, 1,1,       1801 ,,111610,111610,111610542500,1,,,,,,0,726,50000,128,724,49000,128
1100,20160112,11, 1,1,       1801 ,,111611,111611,111611867000,1,,,,,,0,726,51000,128,724,49000,128
1100,20160112,11, 1,1,       1801 ,,111613,111613,111613348500,1,,,,,,0,726,50000,128,724,49000,128
1100,20160112,11, 1,1,       1801 ,111615,111615,111615,111615451600,1,724,16,0,1000,0,0,726,50000,128,724,48000,128
1100,20160112,11, 1,1,       1801 ,,111615,111615,111615453300,1,,,,,,0,726,51000,128,724,48000,128
1100,20160112,11, 1,1,       1801 ,,111615,111615,111615454000,1,,,,,,0,725,2000,128,724,48000,128
1100,20160112,11, 1,1,       1801 ,,111615,111615,111615454800,1,,,,,,0,725,2000,128,724,47000,128
1100,20160112,11, 1,1,       1801 ,,111615,111615,111615455500,1,,,,,,0,725,4000,128,724,47000,128
1100,20160112,11, 1,1,       1801 ,,111615,111615,111615456200,1,,,,,,0,725,5000,128,724,47000,128
1100,20160112,11, 1,1,       1801 ,,111615,111615,111615460400,1,,,,,,0,725,5000,128,724,41000,128
1100,20160112,11, 1,1,       1801 ,,111615,111615,111615462600,1,,,,,,0,725,5000,128,724,40000,128
1100,20160112,11, 1,1,       1801 ,,111615,111615,111615463300,1,,,,,,0,725,6000,128,724,40000,128
1100,20160112,11, 1,1,       1801 ,,111615,111615,111615612700,1,,,,,,0,725,6000,128,724,37000,128
1100,20160112,11, 1,1,       1801 ,,111616,111616,111616602100,1,,,,,,0,725,7000,128,724,37000,128
1100,20160112,11, 1,1,       1801 ,,111617,111617,111617937300,1,,,,,,0,725,12000,128,724,37000,128
1100,20160112,11, 1,1,       1801 ,,111617,111617,111617938700,1,,,,,,0,725,12000,128,724,33000,128
1100,20160112,11, 1,1,       1801 ,,111617,111617,111617939400,1,,,,,,0,725,16000,128,724,33000,128
1100,20160112,11, 1,1,       1801 ,,111617,111617,111617940000,1,,,,,,0,725,19000,128,724,33000,128
1100,20160112,11, 1,1,       1801 ,,111617,111617,111617941200,1,,,,,,0,725,21000,128,724,33000,128
1100,20160112,11, 1,1,       1801 ,,111617,111617,111617942500,1,,,,,,0,725,21000,128,724,28000,128
1100,20160112,11, 1,1,       1801 ,,111617,111617,111617943200,1,,,,,,0,725,27000,128,724,28000,128
1100,20160112,11, 1,1,       1801 ,,111617,111617,111617943900,1,,,,,,0,725,27000,128,724,25000,128
1100,20160112,11, 1,1,       1801 ,,111618,111618,111618135200,1,,,,,,0,725,27000,128,724,23000,128
1100,20160112,11, 1,1,       1801 ,,111618,111618,111618136600,1,,,,,,0,725,27000,128,724,14000,128
1100,20160112,11, 1,1,       1801 ,,111618,111618,111618346300,1,,,,,,0,725,28000,128,724,14000,128
1100,20160112,11, 1,1,       1801 ,,111618,111618,111618347700,1,,,,,,0,725,28000,128,724,13000,128
1100,20160112,11, 1,1,       1801 ,,111618,111618,111618778300,1,,,,,,0,725,29000,128,724,13000,128
1100,20160112,11, 1,1,       1801 ,111621,111621,111621,111621725600,1,725,48,0,1000,0,0,725,28000,128,724,13000,128
1100,20160112,11, 1,1,       1801 ,,111621,111621,111621886400,1,,,,,,0,725,28000,128,724,13000,128
1100,20160112,11, 1,1,       1801 ,,111621,111621,111621920500,1,,,,,,0,725,28000,128,724,14000,128
1100,20160112,11, 1,1,       1801 ,,111630,111630,111630595600,1,,,,,,0,725,28000,128,724,10000,128
1100,20160112,11, 1,1,       1801 ,,111636,111636,111636109300,1,,,,,,0,725,30000,128,724,10000,128
1100,20160112,11, 1,1,       1801 ,,111642,111642,111642363900,1,,,,,,0,725,31000,128,724,10000,128
1100,20160112,11, 1,1,       1801 ,,111644,111644,111644732200,1,,,,,,0,725,30000,128,724,10000,128
1100,20160112,11, 1,1,       1801 ,,111644,111644,111644734900,1,,,,,,0,725,30000,128,724,12000,128
1100,20160112,11, 1,1,       1801 ,,111645,111645,111645145000,1,,,,,,0,725,30000,128,724,13000,128
1100,20160112,11, 1,1,       1801 ,,111648,111648,111648092700,1,,,,,,0,725,24000,128,724,13000,128
1100,20160112,11, 1,1,       1801 ,,111648,111648,111648101000,1,,,,,,0,725,23000,128,724,13000,128
1100,20160112,11, 1,1,       1801 ,,111648,111648,111648107400,1,,,,,,0,725,21000,128,724,13000,128
1100,20160112,11, 1,1,       1801 ,,111649,111649,111649099000,1,,,,,,0,725,21000,128,724,12000,128
1100,20160112,11, 1,1,       1801 ,,111649,111649,111649236900,1,,,,,,0,725,21000,128,724,13000,128
1100,20160112,11, 1,1,       1801 ,,111649,111649,111649290200,1,,,,,,0,725,21000,128,724,12000,128
1100,20160112,11, 1,1,       1801 ,,111650,111650,111650166900,1,,,,,,0,725,26000,128,724,12000,128
1100,20160112,11, 1,1,       1801 ,,111651,111651,111651896500,1,,,,,,0,725,26000,128,724,13000,128
1100,20160112,11, 1,1,       1801 ,,111652,111652,111652111000,1,,,,,,0,725,26000,128,724,12000,128
1100,20160112,11, 1,1,       1801 ,,111653,111653,111653252600,1,,,,,,0,725,27000,128,724,12000,128
1100,20160112,11, 1,1,       1801 ,,111656,111656,111656056800,1,,,,,,0,725,27000,128,724,10000,128
1100,20160112,11, 1,1,       1801 ,,111656,111656,111656058600,1,,,,,,0,725,33000,128,724,10000,128
1100,20160112,11, 1,1,       1801 ,,111657,111657,111657546800,1,,,,,,0,725,35000,128,724,10000,128
1100,20160112,11, 1,1,       1801 ,,111700,111700,111700446800,1,,,,,,0,725,35000,128,724,12000,128
1100,20160112,11, 1,1,       1801 ,,111700,111700,111700447500,1,,,,,,0,725,35000,128,724,14000,128
1100,20160112,11, 1,1,       1801 ,,111700,111700,111700448200,1,,,,,,0,725,35000,128,724,24000,128
1100,20160112,11, 1,1,       1801 ,,111700,111700,111700448800,1,,,,,,0,725,35000,128,724,26000,128
1100,20160112,11, 1,1,       1801 ,,111700,111700,111700449600,1,,,,,,0,725,35000,128,724,31000,128
1100,20160112,11, 1,1,       1801 ,,111700,111700,111700450400,1,,,,,,0,725,35000,128,724,34000,128
1100,20160112,11, 1,1,       1801 ,,111700,111700,111700451900,1,,,,,,0,725,29000,128,724,34000,128
1100,20160112,11, 1,1,       1801 ,,111700,111700,111700452700,1,,,,,,0,725,27000,128,724,34000,128
1100,20160112,11, 1,1,       1801 ,,111701,111701,111701080300,1,,,,,,0,725,23000,128,724,34000,128
1100,20160112,11, 1,1,       1801 ,,111701,111701,111701081600,1,,,,,,0,725,23000,128,724,40000,128
1100,20160112,11, 1,1,       1801 ,,111701,111701,111701082200,1,,,,,,0,725,23000,128,724,30000,128
1100,20160112,11, 1,1,       1801 ,111701,111701,111701,111701083000,1,725,48,0,12000,0,0,725,11000,128,724,30000,128
1100,20160112,11, 1,1,       1801 ,,111701,111701,111701084500,1,,,,,,0,725,11000,128,724,28000,128
1100,20160112,11, 1,1,       1801 ,111701,111701,111701,111701085900,1,725,48,0,4000,0,0,725,7000,128,724,28000,128
1100,20160112,11, 1,1,       1801 ,,111701,111701,111701087100,1,,,,,,0,725,7000,128,724,28000,128
1100,20160112,11, 1,1,       1801 ,111701,111701,111701,111701087900,1,725,48,0,1000,0,0,725,6000,128,724,28000,128
1100,20160112,11, 1,1,       1801 ,,111701,111701,111701089000,1,,,,,,0,725,6000,128,724,30000,128
1100,20160112,11, 1,1,       1801 ,111701,111701,111701,111701089800,1,725,48,0,1000,0,0,725,5000,128,724,30000,128
1100,20160112,11, 1,1,       1801 ,,111701,111701,111701090700,1,,,,,,0,725,5000,128,724,36000,128
1100,20160112,11, 1,1,       1801 ,,111701,111701,111701091400,1,,,,,,0,725,3000,128,724,36000,128
1100,20160112,11, 1,1,       1801 ,111701,111701,111701,111701092200,1,725,48,0,1000,0,0,725,2000,128,724,36000,128
1100,20160112,11, 1,1,       1801 ,111701,111701,111701,111701093100,1,725,48,0,1000,0,0,725,1000,128,724,36000,128
1100,20160112,11, 1,1,       1801 ,,111701,111701,111701094100,1,,,,,,0,725,1000,128,724,36000,128
1100,20160112,11, 1,1,       1801 ,111701,111701,111701,111701094900,1,725,48,0,1000,0,0,726,51000,128,724,36000,128
1100,20160112,11, 1,1,       1801 ,,111701,111701,111701095700,1,,,,,,0,726,51000,128,725,2000,128
1100,20160112,11, 1,1,       1801 ,,111701,111701,111701103300,1,,,,,,0,726,53000,128,725,2000,128
1100,20160112,11, 1,1,       1801 ,,111701,111701,111701106400,1,,,,,,0,726,51000,128,725,2000,128
1100,20160112,11, 1,1,       1801 ,,111701,111701,111701107200,1,,,,,,0,726,45000,128,725,2000,128
1100,20160112,11, 1,1,       1801 ,111701,111701,111701,111701108700,1,725,16,0,2000,0,0,726,45000,128,724,35000,128
1100,20160112,11, 1,1,       1801 ,,111701,111701,111701110100,1,,,,,,0,726,45000,128,724,35000,128
1100,20160112,11, 1,1,       1801 ,,111701,111701,111701111600,1,,,,,,0,725,6000,128,724,35000,128
1100,20160112,11, 1,1,       1801 ,,111701,111701,111701113800,1,,,,,,0,725,6000,128,724,39000,128
1100,20160112,11, 1,1,       1801 ,,111701,111701,111701114600,1,,,,,,0,725,7000,128,724,39000,128
1100,20160112,11, 1,1,       1801 ,,111701,111701,111701115300,1,,,,,,0,725,9000,128,724,39000,128
1100,20160112,11, 1,1,       1801 ,,111701,111701,111701117600,1,,,,,,0,725,9000,128,724,33000,128
1100,20160112,11, 1,1,       1801 ,,111701,111701,111701119200,1,,,,,,0,725,9000,128,724,32000,128
1100,20160112,11, 1,1,       1801 ,,111701,111701,111701136700,1,,,,,,0,725,9000,128,724,28000,128
1100,20160112,11, 1,1,       1801 ,,111701,111701,111701890500,1,,,,,,0,725,9000,128,724,29000,128
1100,20160112,11, 1,1,       1801 ,,111706,111706,111706575800,1,,,,,,0,725,9000,128,724,30000,128
1100,20160112,11, 1,1,       1801 ,,111706,111706,111706735100,1,,,,,,0,725,9000,128,724,34000,128
1100,20160112,11, 1,1,       1801 ,,111706,111706,111706798900,1,,,,,,0,725,9000,128,724,35000,128
1100,20160112,11, 1,1,       1801 ,,111707,111707,111707890900,1,,,,,,0,725,9000,128,724,36000,128
1100,20160112,11, 1,1,       1801 ,,111708,111708,111708848100,1,,,,,,0,725,9000,128,724,35000,128
1100,20160112,11, 1,1,       1801 ,,111712,111712,111712791400,1,,,,,,0,725,9000,128,724,36000,128
1100,20160112,11, 1,1,       1801 ,,111712,111712,111712794400,1,,,,,,0,725,9000,128,724,42000,128
1100,20160112,11, 1,1,       1801 ,,111712,111712,111712849200,1,,,,,,0,725,7000,128,724,42000,128
1100,20160112,11, 1,1,       1801 ,,111712,111712,111712852000,1,,,,,,0,725,1000,128,724,42000,128
1100,20160112,11, 1,1,       1801 ,111712,111712,111712,111712861300,1,725,48,0,1000,0,0,726,53000,128,724,42000,128
1100,20160112,11, 1,1,       1801 ,,111712,111712,111712862400,1,,,,,,0,726,53000,128,724,43000,128
1100,20160112,11, 1,1,       1801 ,,111713,111713,111713126900,1,,,,,,0,726,53000,128,724,52000,128
1100,20160112,11, 1,1,       1801 ,,111713,111713,111713128500,1,,,,,,0,726,53000,128,724,51000,128
1100,20160112,11, 1,1,       1801 ,,111716,111716,111716248700,1,,,,,,0,726,53000,128,724,50000,128
1100,20160112,11, 1,1,       1801 ,,111720,111720,111720591200,1,,,,,,0,726,53000,128,724,51000,128
1100,20160112,11, 1,1,       1801 ,,111720,111720,111720741200,1,,,,,,0,726,53000,128,724,52000,128
1100,20160112,11, 1,1,       1801 ,,111720,111720,111720809700,1,,,,,,0,726,53000,128,725,2000,128
1100,20160112,11, 1,1,       1801 ,,111720,111720,111720812200,1,,,,,,0,726,51000,128,725,2000,128
1100,20160112,11, 1,1,       1801 ,,111720,111720,111720813400,1,,,,,,0,726,51000,128,725,4000,128
1100,20160112,11, 1,1,       1801 ,,111720,111720,111720814200,1,,,,,,0,726,51000,128,725,8000,128
1100,20160112,11, 1,1,       1801 ,,111720,111720,111720815100,1,,,,,,0,726,47000,128,725,8000,128
1100,20160112,11, 1,1,       1801 ,,111720,111720,111720818100,1,,,,,,0,726,41000,128,725,8000,128
1100,20160112,11, 1,1,       1801 ,,111720,111720,111720819000,1,,,,,,0,726,40000,128,725,8000,128
1100,20160112,11, 1,1,       1801 ,,111720,111720,111720819800,1,,,,,,0,726,40000,128,725,9000,128
1100,20160112,11, 1,1,       1801 ,,111720,111720,111720820700,1,,,,,,0,726,40000,128,725,10000,128
1100,20160112,11, 1,1,       1801 ,,111720,111720,111720824500,1,,,,,,0,726,40000,128,725,13000,128
1100,20160112,11, 1,1,       1801 ,,111720,111720,111720825500,1,,,,,,0,726,36000,128,725,13000,128
1100,20160112,11, 1,1,       1801 ,,111720,111720,111720826700,1,,,,,,0,726,34000,128,725,13000,128
1100,20160112,11, 1,1,       1801 ,,111720,111720,111720827800,1,,,,,,0,726,33000,128,725,13000,128
1100,20160112,11, 1,1,       1801 ,,111720,111720,111720834600,1,,,,,,0,726,24000,128,725,13000,128
1100,20160112,11, 1,1,       1801 ,,111720,111720,111720835500,1,,,,,,0,726,21000,128,725,13000,128
1100,20160112,11, 1,1,       1801 ,,111720,111720,111720841900,1,,,,,,0,726,21000,128,725,19000,128
1100,20160112,11, 1,1,       1801 ,,111720,111720,111720842700,1,,,,,,0,726,21000,128,725,21000,128
1100,20160112,11, 1,1,       1801 ,,111720,111720,111720864900,1,,,,,,0,726,19000,128,725,21000,128
1100,20160112,11, 1,1,       1801 ,,111720,111720,111720936600,1,,,,,,0,726,15000,128,725,21000,128
1100,20160112,11, 1,1,       1801 ,,111721,111721,111721038800,1,,,,,,0,726,14000,128,725,21000,128
1100,20160112,11, 1,1,       1801 ,,111721,111721,111721678600,1,,,,,,0,726,15000,128,725,21000,128
1100,20160112,11, 1,1,       1801 ,,111722,111722,111722946800,1,,,,,,0,726,15000,128,725,22000,128
1100,20160112,11, 1,1,       1801 ,,111723,111723,111723650900,1,,,,,,0,726,15000,128,725,21000,128
1100,20160112,11, 1,1,       1801 ,,111724,111724,111724340500,1,,,,,,0,726,15000,128,725,22000,128
1100,20160112,11, 1,1,       1801 ,,111725,111725,111725705700,1,,,,,,0,726,15000,128,725,24000,128
1100,20160112,11, 1,1,       1801 ,,111725,111725,111725975300,1,,,,,,0,726,15000,128,725,23000,128
1100,20160112,11, 1,1,       1801 ,,111726,111726,111726250000,1,,,,,,0,726,15000,128,725,24000,128
1100,20160112,11, 1,1,       1801 ,,111726,111726,111726331700,1,,,,,,0,726,14000,128,725,24000,128
1100,20160112,11, 1,1,       1801 ,,111727,111727,111727331000,1,,,,,,0,726,14000,128,725,23000,128
1100,20160112,11, 1,1,       1801 ,,111727,111727,111727382200,1,,,,,,0,726,15000,128,725,23000,128
1100,20160112,11, 1,1,       1801 ,,111728,111728,111728704000,1,,,,,,0,726,16000,128,725,23000,128
1100,20160112,11, 1,1,       1801 ,,111732,111732,111732240800,1,,,,,,0,726,15000,128,725,23000,128
1100,20160112,11, 1,1,       1801 ,,111735,111735,111735051500,1,,,,,,0,726,16000,128,725,23000,128
1100,20160112,11, 1,1,       1801 ,,111736,111736,111736591500,1,,,,,,0,726,15000,128,725,23000,128
1100,20160112,11, 1,1,       1801 ,,111739,111739,111739181300,1,,,,,,0,726,16000,128,725,23000,128
1100,20160112,11, 1,1,       1801 ,,111740,111740,111740381500,1,,,,,,0,726,15000,128,725,23000,128
1100,20160112,11, 1,1,       1801 ,,111740,111740,111740482900,1,,,,,,0,726,20000,128,725,23000,128
1100,20160112,11, 1,1,       1801 ,,111750,111750,111750492000,1,,,,,,0,726,22000,128,725,23000,128
1100,20160112,11, 1,1,       1801 ,,111756,111756,111756239300,1,,,,,,0,726,22000,128,725,24000,128
1100,20160112,11, 1,1,       1801 ,,111756,111756,111756241400,1,,,,,,0,726,20000,128,725,24000,128
1100,20160112,11, 1,1,       1801 ,,111756,111756,111756340100,1,,,,,,0,726,19000,128,725,24000,128
1100,20160112,11, 1,1,       1801 ,,111756,111756,111756983400,1,,,,,,0,726,19000,128,725,23000,128
1100,20160112,11, 1,1,       1801 ,,111757,111757,111757091300,1,,,,,,0,726,17000,128,725,23000,128
1100,20160112,11, 1,1,       1801 ,,111757,111757,111757092000,1,,,,,,0,726,15000,128,725,23000,128
1100,20160112,11, 1,1,       1801 ,111759,111759,111759,111759902100,1,726,48,0,1000,0,0,726,14000,128,725,23000,128
1100,20160112,11, 1,1,       1801 ,,111759,111759,111759903900,1,,,,,,0,726,10000,128,725,23000,128
1100,20160112,11, 1,1,       1801 ,,111800,111800,111800728500,1,,,,,,0,726,10000,128,725,32000,128
1100,20160112,11, 1,1,       1801 ,,111800,111800,111800730100,1,,,,,,0,726,10000,128,725,38000,128
1100,20160112,11, 1,1,       1801 ,,111801,111801,111801030200,1,,,,,,0,726,10000,128,725,39000,128
1100,20160112,11, 1,1,       1801 ,,111802,111802,111802276000,1,,,,,,0,726,10000,128,725,40000,128
1100,20160112,11, 1,1,       1801 ,,111802,111802,111802651500,1,,,,,,0,726,9000,128,725,40000,128
1100,20160112,11, 1,1,       1801 ,,111803,111803,111803886200,1,,,,,,0,726,9000,128,725,42000,128
1100,20160112,11, 1,1,       1801 ,,111807,111807,111807851500,1,,,,,,0,726,9000,128,725,41000,128
1100,20160112,11, 1,1,       1801 ,,111808,111808,111808610600,1,,,,,,0,726,9000,128,725,42000,128
1100,20160112,11, 1,1,       1801 ,,111809,111809,111809968000,1,,,,,,0,726,7000,128,725,42000,128
1100,20160112,11, 1,1,       1801 ,,111814,111814,111814826800,1,,,,,,0,726,7000,128,725,43000,128
1100,20160112,11, 1,1,       1801 ,,111819,111819,111819364200,1,,,,,,0,726,9000,128,725,43000,128
1100,20160112,11, 1,1,       1801 ,,111819,111819,111819439400,1,,,,,,0,726,9000,128,725,42000,128
1100,20160112,11, 1,1,       1801 ,,111821,111821,111821201100,1,,,,,,0,726,9000,128,725,43000,128
1100,20160112,11, 1,1,       1801 ,111822,111822,111822,111822021000,1,726,48,0,1000,0,0,726,8000,128,725,43000,128
1100,20160112,11, 1,1,       1801 ,,111822,111822,111822022800,1,,,,,,0,726,6000,128,725,43000,128
1100,20160112,11, 1,1,       1801 ,,111824,111824,111824390600,1,,,,,,0,726,8000,128,725,43000,128
1100,20160112,11, 1,1,       1801 ,,111824,111824,111824392800,1,,,,,,0,726,8000,128,725,42000,128
1100,20160112,11, 1,1,       1801 ,,111824,111824,111824532000,1,,,,,,0,726,8000,128,725,43000,128
1100,20160112,11, 1,1,       1801 ,,111824,111824,111824991600,1,,,,,,0,726,8000,128,725,44000,128
1100,20160112,11, 1,1,       1801 ,,111826,111826,111826355800,1,,,,,,0,726,9000,128,725,44000,128
1100,20160112,11, 1,1,       1801 ,,111826,111826,111826585000,1,,,,,,0,726,9000,128,725,43000,128
1100,20160112,11, 1,1,       1801 ,,111829,111829,111829529200,1,,,,,,0,726,9000,128,725,44000,128
1100,20160112,11, 1,1,       1801 ,,111830,111830,111830321100,1,,,,,,0,726,11000,128,725,44000,128
1100,20160112,11, 1,1,       1801 ,,111833,111833,111833799600,1,,,,,,0,726,9000,128,725,44000,128
1100,20160112,11, 1,1,       1801 ,,111834,111834,111834266400,1,,,,,,0,726,9000,128,725,45000,128
1100,20160112,11, 1,1,       1801 ,,111834,111834,111834971700,1,,,,,,0,726,10000,128,725,45000,128
1100,20160112,11, 1,1,       1801 ,,111838,111838,111838616000,1,,,,,,0,726,12000,128,725,45000,128
1100,20160112,11, 1,1,       1801 ,,111838,111838,111838617600,1,,,,,,0,726,12000,128,725,39000,128
1100,20160112,11, 1,1,       1801 ,,111846,111846,111846304900,1,,,,,,0,726,12000,128,725,40000,128
1100,20160112,11, 1,1,       1801 ,,111852,111852,111852194000,1,,,,,,0,726,7000,128,725,40000,128
1100,20160112,11, 1,1,       1801 ,,111857,111857,111857929800,1,,,,,,0,726,5000,128,725,40000,128
1100,20160112,11, 1,1,       1801 ,,111857,111857,111857954700,1,,,,,,0,726,5000,128,725,41000,128
1100,20160112,11, 1,1,       1801 ,,111857,111857,111857955500,1,,,,,,0,726,3000,128,725,41000,128
1100,20160112,11, 1,1,       1801 ,,111857,111857,111857967200,1,,,,,,0,726,3000,128,725,47000,128
1100,20160112,11, 1,1,       1801 ,,111859,111859,111859972400,1,,,,,,0,726,2000,128,725,47000,128
1100,20160112,11, 1,1,       1801 ,,111910,111910,111910154200,1,,,,,,0,726,2000,128,725,46000,128
1100,20160112,11, 1,1,       1801 ,,111910,111910,111910861700,1,,,,,,0,726,4000,128,725,46000,128
1100,20160112,11, 1,1,       1801 ,,111915,111915,111915235800,1,,,,,,0,726,8000,128,725,46000,128
1100,20160112,11, 1,1,       1801 ,,111915,111915,111915241900,1,,,,,,0,726,9000,128,725,46000,128
1100,20160112,11, 1,1,       1801 ,,111915,111915,111915242700,1,,,,,,0,726,10000,128,725,46000,128
1100,20160112,11, 1,1,       1801 ,,111915,111915,111915243300,1,,,,,,0,726,11000,128,725,46000,128
1100,20160112,11, 1,1,       1801 ,,111915,111915,111915308000,1,,,,,,0,726,7000,128,725,46000,128
1100,20160112,11, 1,1,       1801 ,,111918,111918,111918572000,1,,,,,,0,726,7000,128,725,47000,128
1100,20160112,11, 1,1,       1801 ,,111922,111922,111922141100,1,,,,,,0,726,7000,128,725,46000,128
1100,20160112,11, 1,1,       1801 ,,111922,111922,111922720700,1,,,,,,0,726,9000,128,725,46000,128
1100,20160112,11, 1,1,       1801 ,,111923,111923,111923802100,1,,,,,,0,726,9000,128,725,40000,128
1100,20160112,11, 1,1,       1801 ,,111923,111923,111923815200,1,,,,,,0,726,15000,128,725,40000,128
1100,20160112,11, 1,1,       1801 ,,111923,111923,111923820200,1,,,,,,0,726,19000,128,725,40000,128
1100,20160112,11, 1,1,       1801 ,,111923,111923,111923828700,1,,,,,,0,726,21000,128,725,40000,128
1100,20160112,11, 1,1,       1801 ,,111923,111923,111923839800,1,,,,,,0,726,21000,128,725,38000,128
1100,20160112,11, 1,1,       1801 ,,111923,111923,111923840600,1,,,,,,0,726,21000,128,725,29000,128
1100,20160112,11, 1,1,       1801 ,,111923,111923,111923841400,1,,,,,,0,726,21000,128,725,28000,128
1100,20160112,11, 1,1,       1801 ,,111923,111923,111923842900,1,,,,,,0,726,21000,128,725,22000,128
1100,20160112,11, 1,1,       1801 ,,111923,111923,111923843600,1,,,,,,0,726,24000,128,725,22000,128
1100,20160112,11, 1,1,       1801 ,,111923,111923,111923844300,1,,,,,,0,726,24000,128,725,20000,128
1100,20160112,11, 1,1,       1801 ,111923,111923,111923,111923846300,1,725,16,0,1000,0,0,726,24000,128,725,19000,128
1100,20160112,11, 1,1,       1801 ,111923,111923,111923,111923848000,1,725,16,0,3000,0,0,726,24000,128,725,16000,128
1100,20160112,11, 1,1,       1801 ,111923,111923,111923,111923849900,1,725,16,0,16000,0,0,726,24000,128,724,62000,128
1100,20160112,11, 1,1,       1801 ,,111923,111923,111923850900,1,,,,,,0,725,2000,128,724,62000,128
1100,20160112,11, 1,1,       1801 ,,111923,111923,111923852200,1,,,,,,0,725,4000,128,724,62000,128
1100,20160112,11, 1,1,       1801 ,,111923,111923,111923855700,1,,,,,,0,725,4000,128,724,61000,128
1100,20160112,11, 1,1,       1801 ,,111923,111923,111923856600,1,,,,,,0,725,5000,128,724,61000,128
1100,20160112,11, 1,1,       1801 ,,111923,111923,111923864800,1,,,,,,0,725,5000,128,724,59000,128
1100,20160112,11, 1,1,       1801 ,111923,111923,111923,111923866300,1,725,48,0,1000,0,0,725,4000,128,724,59000,128
1100,20160112,11, 1,1,       1801 ,,111923,111923,111923867600,1,,,,,,0,725,4000,128,724,59000,128
1100,20160112,11, 1,1,       1801 ,,111923,111923,111923869000,1,,,,,,0,725,4000,128,724,55000,128
1100,20160112,11, 1,1,       1801 ,,111923,111923,111923870500,1,,,,,,0,725,4000,128,724,54000,128
1100,20160112,11, 1,1,       1801 ,,111923,111923,111923872500,1,,,,,,0,725,4000,128,724,53000,128
1100,20160112,11, 1,1,       1801 ,,111923,111923,111923874100,1,,,,,,0,725,4000,128,724,54000,128
1100,20160112,11, 1,1,       1801 ,,111923,111923,111923874900,1,,,,,,0,725,4000,128,724,48000,128
1100,20160112,11, 1,1,       1801 ,111923,111923,111923,111923883600,1,725,48,0,1000,0,0,725,3000,128,724,48000,128
1100,20160112,11, 1,1,       1801 ,,111923,111923,111923961700,1,,,,,,0,725,3000,128,724,44000,128
1100,20160112,11, 1,1,       1801 ,,111923,111923,111923989300,1,,,,,,0,725,5000,128,724,44000,128
1100,20160112,11, 1,1,       1801 ,,111925,111925,111925131000,1,,,,,,0,725,5000,128,724,45000,128
1100,20160112,11, 1,1,       1801 ,,111925,111925,111925229900,1,,,,,,0,725,3000,128,724,45000,128
1100,20160112,11, 1,1,       1801 ,,111925,111925,111925231200,1,,,,,,0,725,1000,128,724,45000,128
1100,20160112,11, 1,1,       1801 ,,111925,111925,111925232600,1,,,,,,0,725,1000,128,724,46000,128
1100,20160112,11, 1,1,       1801 ,111927,111927,111927,111927000300,1,725,48,0,1000,0,0,726,60000,128,724,46000,128
1100,20160112,11, 1,1,       1801 ,,111927,111927,111927001900,1,,,,,,0,726,58000,128,724,46000,128
1100,20160112,11, 1,1,       1801 ,,111927,111927,111927012700,1,,,,,,0,726,54000,128,724,46000,128
1100,20160112,11, 1,1,       1801 ,,111929,111929,111929234100,1,,,,,,0,726,55000,128,724,46000,128
1100,20160112,11, 1,1,       1801 ,,111929,111929,111929235400,1,,,,,,0,726,56000,128,724,46000,128
1100,20160112,11, 1,1,       1801 ,,111931,111931,111931141400,1,,,,,,0,726,56000,128,724,45000,128
1100,20160112,11, 1,1,       1801 ,,111931,111931,111931143000,1,,,,,,0,726,56000,128,724,51000,128
1100,20160112,11, 1,1,       1801 ,,111931,111931,111931144200,1,,,,,,0,726,56000,128,724,52000,128
1100,20160112,11, 1,1,       1801 ,,111933,111933,111933493700,1,,,,,,0,726,56000,128,724,58000,128
1100,20160112,11, 1,1,       1801 ,,111936,111936,111936000600,1,,,,,,0,726,56000,128,724,57000,128
1100,20160112,11, 1,1,       1801 ,,111936,111936,111936090800,1,,,,,,0,726,56000,128,724,58000,128
1100,20160112,11, 1,1,       1801 ,,111940,111940,111940168400,1,,,,,,0,725,2000,128,724,58000,128
1100,20160112,11, 1,1,       1801 ,,111940,111940,111940170000,1,,,,,,0,725,4000,128,724,58000,128
1100,20160112,11, 1,1,       1801 ,,111940,111940,111940172800,1,,,,,,0,725,4000,128,724,57000,128
1100,20160112,11, 1,1,       1801 ,,111940,111940,111940173500,1,,,,,,0,725,4000,128,724,56000,128
1100,20160112,11, 1,1,       1801 ,,111942,111942,111942912300,1,,,,,,0,725,4000,128,724,60000,128
1100,20160112,11, 1,1,       1801 ,,111944,111944,111944181500,1,,,,,,0,725,4000,128,724,58000,128
1100,20160112,11, 1,1,       1801 ,,111947,111947,111947950600,1,,,,,,0,725,4000,128,724,54000,128
1100,20160112,11, 1,1,       1801 ,,111948,111948,111948246400,1,,,,,,0,725,4000,128,724,56000,128
1100,20160112,11, 1,1,       1801 ,,111949,111949,111949912000,1,,,,,,0,725,4000,128,724,57000,128
1100,20160112,11, 1,1,       1801 ,,111953,111953,111953072700,1,,,,,,0,725,5000,128,724,57000,128
1100,20160112,11, 1,1,       1801 ,,111953,111953,111953909200,1,,,,,,0,725,5000,128,724,56000,128
1100,20160112,11, 1,1,       1801 ,,111955,111955,111955190500,1,,,,,,0,725,5000,128,724,57000,128
1100,20160112,11, 1,1,       1801 ,,111955,111955,111955258900,1,,,,,,0,725,5000,128,724,58000,128
1100,20160112,11, 1,1,       1801 ,,111955,111955,111955829700,1,,,,,,0,725,6000,128,724,58000,128
1100,20160112,11, 1,1,       1801 ,,111955,111955,111955830900,1,,,,,,0,725,6000,128,724,57000,128
1100,20160112,11, 1,1,       1801 ,,112000,112000,112000170800,1,,,,,,0,725,6000,128,724,56000,128
1100,20160112,11, 1,1,       1801 ,,112002,112002,112002061300,1,,,,,,0,725,6000,128,724,57000,128
1100,20160112,11, 1,1,       1801 ,,112002,112002,112002091300,1,,,,,,0,725,6000,128,724,56000,128
1100,20160112,11, 1,1,       1801 ,,112003,112003,112003061800,1,,,,,,0,725,7000,128,724,56000,128
1100,20160112,11, 1,1,       1801 ,,112005,112005,112005381500,1,,,,,,0,725,8000,128,724,56000,128
1100,20160112,11, 1,1,       1801 ,,112006,112006,112006538500,1,,,,,,0,725,8000,128,724,52000,128
1100,20160112,11, 1,1,       1801 ,,112007,112007,112007507600,1,,,,,,0,725,7000,128,724,52000,128
1100,20160112,11, 1,1,       1801 ,,112008,112008,112008715800,1,,,,,,0,725,7000,128,724,53000,128
1100,20160112,11, 1,1,       1801 ,,112010,112010,112010579500,1,,,,,,0,725,7000,128,724,54000,128
1100,20160112,11, 1,1,       1801 ,,112012,112012,112012483000,1,,,,,,0,725,8000,128,724,54000,128
1100,20160112,11, 1,1,       1801 ,,112014,112014,112014305900,1,,,,,,0,725,8000,128,724,45000,128
1100,20160112,11, 1,1,       1801 ,,112016,112016,112016891600,1,,,,,,0,725,8000,128,724,44000,128
1100,20160112,11, 1,1,       1801 ,,112016,112016,112016895100,1,,,,,,0,725,8000,128,724,42000,128
1100,20160112,11, 1,1,       1801 ,112016,112016,112016,112016896100,1,724,16,0,2000,0,0,725,8000,128,724,40000,128
1100,20160112,11, 1,1,       1801 ,112016,112016,112016,112016898200,1,724,16,0,2000,0,0,725,8000,128,724,38000,128
1100,20160112,11, 1,1,       1801 ,112016,112016,112016,112016899500,1,724,16,0,5000,0,0,725,8000,128,724,33000,128
1100,20160112,11, 1,1,       1801 ,112016,112016,112016,112016902100,1,724,16,0,5000,0,0,725,8000,128,724,28000,128
1100,20160112,11, 1,1,       1801 ,112016,112016,112016,112016904400,1,724,16,0,10000,0,0,725,8000,128,724,18000,128
1100,20160112,11, 1,1,       1801 ,112016,112016,112016,112016907600,1,724,16,0,1000,0,0,725,8000,128,724,17000,128
1100,20160112,11, 1,1,       1801 ,112016,112016,112016,112016909200,1,724,16,0,1000,0,0,725,8000,128,724,16000,128
1100,20160112,11, 1,1,       1801 ,112016,112016,112016,112016910900,1,724,16,0,2000,0,0,725,8000,128,724,14000,128
1100,20160112,11, 1,1,       1801 ,112016,112016,112016,112016912900,1,724,16,0,11000,0,0,725,8000,128,724,3000,128
1100,20160112,11, 1,1,       1801 ,,112016,112016,112016915700,1,,,,,,0,725,14000,128,724,3000,128
1100,20160112,11, 1,1,       1801 ,,112016,112016,112016917000,1,,,,,,0,725,15000,128,724,3000,128
1100,20160112,11, 1,1,       1801 ,112016,112016,112016,112016918700,1,724,16,0,3000,0,0,725,15000,128,723,94000,128
1100,20160112,11, 1,1,       1801 ,,112016,112016,112016920600,1,,,,,,0,724,1000,128,723,94000,128
1100,20160112,11, 1,1,       1801 ,,112016,112016,112016921600,1,,,,,,0,724,2000,128,723,94000,128
1100,20160112,11, 1,1,       1801 ,,112016,112016,112016941500,1,,,,,,0,724,5000,128,723,94000,128
1100,20160112,11, 1,1,       1801 ,,112016,112016,112016945300,1,,,,,,0,724,7000,128,723,94000,128
1100,20160112,11, 1,1,       1801 ,,112016,112016,112016950600,1,,,,,,0,724,9000,128,723,94000,128
1100,20160112,11, 1,1,       1801 ,,112016,112016,112016953700,1,,,,,,0,724,9000,128,723,92000,128
1100,20160112,11, 1,1,       1801 ,,112016,112016,112016958900,1,,,,,,0,724,11000,128,723,92000,128
1100,20160112,11, 1,1,       1801 ,112016,112016,112016,112016960100,1,724,48,0,1000,0,0,724,10000,128,723,92000,128
1100,20160112,11, 1,1,       1801 ,,112016,112016,112016961600,1,,,,,,0,724,10000,128,723,92000,128
1100,20160112,11, 1,1,       1801 ,,112016,112016,112016963800,1,,,,,,0,724,11000,128,723,92000,128
1100,20160112,11, 1,1,       1801 ,,112016,112016,112016964700,1,,,,,,0,724,11000,128,723,91000,128
1100,20160112,11, 1,1,       1801 ,,112016,112016,112016965500,1,,,,,,0,724,11000,128,723,90000,128
1100,20160112,11, 1,1,       1801 ,,112016,112016,112016970200,1,,,,,,0,724,11000,128,723,84000,128
1100,20160112,11, 1,1,       1801 ,,112016,112016,112016971900,1,,,,,,0,724,11000,128,723,79000,128
1100,20160112,11, 1,1,       1801 ,,112016,112016,112016975700,1,,,,,,0,724,11000,128,723,62000,128
1100,20160112,11, 1,1,       1801 ,,112017,112017,112017036600,1,,,,,,0,724,11000,128,723,58000,128
1100,20160112,11, 1,1,       1801 ,,112024,112024,112024041000,1,,,,,,0,724,10000,128,723,58000,128
1100,20160112,11, 1,1,       1801 ,,112024,112024,112024405800,1,,,,,,0,724,10000,128,723,54000,128
1100,20160112,11, 1,1,       1801 ,,112026,112026,112026211900,1,,,,,,0,724,11000,128,723,54000,128
1100,20160112,11, 1,1,       1801 ,,112026,112026,112026571000,1,,,,,,0,724,10000,128,723,54000,128
1100,20160112,11, 1,1,       1801 ,,112029,112029,112029313500,1,,,,,,0,724,11000,128,723,54000,128
1100,20160112,11, 1,1,       1801 ,,112033,112033,112033649300,1,,,,,,0,724,11000,128,723,55000,128
1100,20160112,11, 1,1,       1801 ,,112033,112033,112033791400,1,,,,,,0,724,11000,128,723,54000,128
1100,20160112,11, 1,1,       1801 ,,112035,112035,112035293600,1,,,,,,0,724,12000,128,723,54000,128
1100,20160112,11, 1,1,       1801 ,,112035,112035,112035295300,1,,,,,,0,724,12000,128,723,58000,128
1100,20160112,11, 1,1,       1801 ,,112039,112039,112039994700,1,,,,,,0,724,14000,128,723,58000,128
1100,20160112,11, 1,1,       1801 ,,112039,112039,112039995500,1,,,,,,0,724,15000,128,723,58000,128
1100,20160112,11, 1,1,       1801 ,,112039,112039,112039996300,1,,,,,,0,724,16000,128,723,58000,128
1100,20160112,11, 1,1,       1801 ,,112039,112039,112039997200,1,,,,,,0,724,17000,128,723,58000,128
1100,20160112,11, 1,1,       1801 ,,112040,112040,112040452600,1,,,,,,0,724,19000,128,723,58000,128
1100,20160112,11, 1,1,       1801 ,,112040,112040,112040454000,1,,,,,,0,724,19000,128,723,54000,128
1100,20160112,11, 1,1,       1801 ,,112041,112041,112041248000,1,,,,,,0,724,20000,128,723,54000,128
1100,20160112,11, 1,1,       1801 ,,112041,112041,112041505500,1,,,,,,0,724,21000,128,723,54000,128
1100,20160112,11, 1,1,       1801 ,,112044,112044,112044440600,1,,,,,,0,724,20000,128,723,54000,128
1100,20160112,11, 1,1,       1801 ,,112048,112048,112048087900,1,,,,,,0,724,18000,128,723,54000,128
1100,20160112,11, 1,1,       1801 ,,112048,112048,112048089300,1,,,,,,0,724,18000,128,723,58000,128
1100,20160112,11, 1,1,       1801 ,,112048,112048,112048095000,1,,,,,,0,724,19000,128,723,58000,128
1100,20160112,11, 1,1,       1801 ,,112048,112048,112048095700,1,,,,,,0,724,20000,128,723,58000,128
1100,20160112,11, 1,1,       1801 ,,112048,112048,112048096500,1,,,,,,0,724,21000,128,723,58000,128
1100,20160112,11, 1,1,       1801 ,,112048,112048,112048097500,1,,,,,,0,724,23000,128,723,58000,128
1100,20160112,11, 1,1,       1801 ,,112054,112054,112054535200,1,,,,,,0,724,23000,128,723,59000,128
1100,20160112,11, 1,1,       1801 ,,112055,112055,112055196700,1,,,,,,0,724,21000,128,723,59000,128
1100,20160112,11, 1,1,       1801 ,,112055,112055,112055198800,1,,,,,,0,724,19000,128,723,59000,128
1100,20160112,11, 1,1,       1801 ,,112056,112056,112056240500,1,,,,,,0,724,19000,128,723,61000,128
1100,20160112,11, 1,1,       1801 ,,112056,112056,112056263900,1,,,,,,0,724,19000,128,723,62000,128
1100,20160112,11, 1,1,       1801 ,,112056,112056,112056469700,1,,,,,,0,724,17000,128,723,62000,128
1100,20160112,11, 1,1,       1801 ,,112056,112056,112056472500,1,,,,,,0,724,17000,128,723,63000,128
1100,20160112,11, 1,1,       1801 ,,112056,112056,112056518900,1,,,,,,0,724,18000,128,723,63000,128
1100,20160112,11, 1,1,       1801 ,,112058,112058,112058901700,1,,,,,,0,724,18000,128,723,62000,128
1100,20160112,11, 1,1,       1801 ,,112058,112058,112058902500,1,,,,,,0,724,18000,128,723,60000,128
1100,20160112,11, 1,1,       1801 ,,112059,112059,112059801900,1,,,,,,0,724,18000,128,723,59000,128
1100,20160112,11, 1,1,       1801 ,,112102,112102,112102962100,1,,,,,,0,724,19000,128,723,59000,128
1100,20160112,11, 1,1,       1801 ,,112104,112104,112104193200,1,,,,,,0,724,19000,128,723,62000,128
1100,20160112,11, 1,1,       1801 ,,112104,112104,112104491200,1,,,,,,0,724,19000,128,723,63000,128
1100,20160112,11, 1,1,       1801 ,,112104,112104,112104997200,1,,,,,,0,724,17000,128,723,63000,128
1100,20160112,11, 1,1,       1801 ,,112104,112104,112104998000,1,,,,,,0,724,16000,128,723,63000,128
1100,20160112,11, 1,1,       1801 ,,112104,112104,112104998700,1,,,,,,0,724,15000,128,723,63000,128
1100,20160112,11, 1,1,       1801 ,,112104,112104,112104999500,1,,,,,,0,724,14000,128,723,63000,128
1100,20160112,11, 1,1,       1801 ,,112105,112105,112105000300,1,,,,,,0,724,16000,128,723,63000,128
1100,20160112,11, 1,1,       1801 ,,112109,112109,112109200300,1,,,,,,0,724,16000,128,723,62000,128
1100,20160112,11, 1,1,       1801 ,,112109,112109,112109201100,1,,,,,,0,724,15000,128,723,62000,128
1100,20160112,11, 1,1,       1801 ,,112117,112117,112117931400,1,,,,,,0,724,20000,128,723,62000,128
1100,20160112,11, 1,1,       1801 ,,112117,112117,112117974900,1,,,,,,0,724,21000,128,723,62000,128
1100,20160112,11, 1,1,       1801 ,,112117,112117,112117976700,1,,,,,,0,724,23000,128,723,62000,128
1100,20160112,11, 1,1,       1801 ,112120,112120,112120,112120294600,1,724,48,0,4000,0,0,724,19000,128,723,62000,128
1100,20160112,11, 1,1,       1801 ,,112120,112120,112120297200,1,,,,,,0,724,17000,128,723,62000,128
1100,20160112,11, 1,1,       1801 ,112122,112122,112122,112122330800,1,724,48,0,1000,0,0,724,16000,128,723,62000,128
1100,20160112,11, 1,1,       1801 ,,112122,112122,112122332400,1,,,,,,0,724,14000,128,723,62000,128
1100,20160112,11, 1,1,       1801 ,,112122,112122,112122413900,1,,,,,,0,724,14000,128,723,63000,128
1100,20160112,11, 1,1,       1801 ,,112122,112122,112122825800,1,,,,,,0,724,9000,128,723,63000,128
1100,20160112,11, 1,1,       1801 ,,112123,112123,112123050400,1,,,,,,0,724,9000,128,723,65000,128
1100,20160112,11, 1,1,       1801 ,,112123,112123,112123074400,1,,,,,,0,724,9000,128,723,66000,128
1100,20160112,11, 1,1,       1801 ,,112123,112123,112123568500,1,,,,,,0,724,9000,128,723,70000,128
1100,20160112,11, 1,1,       1801 ,,112123,112123,112123570000,1,,,,,,0,724,9000,128,723,76000,128
1100,20160112,11, 1,1,       1801 ,112124,112124,112124,112124059400,1,724,48,0,1000,0,0,724,8000,128,723,76000,128
1100,20160112,11, 1,1,       1801 ,112124,112124,112124,112124060500,1,724,48,0,1000,0,0,724,7000,128,723,76000,128
1100,20160112,11, 1,1,       1801 ,112124,112124,112124,112124061500,1,724,48,0,2000,0,0,724,5000,128,723,76000,128
1100,20160112,11, 1,1,       1801 ,112124,112124,112124,112124062700,1,724,48,0,5000,0,0,725,61000,128,723,76000,128
1100,20160112,11, 1,1,       1801 ,,112124,112124,112124063900,1,,,,,,0,725,61000,128,724,2000,128
1100,20160112,11, 1,1,       1801 ,,112124,112124,112124064600,1,,,,,,0,725,61000,128,724,4000,128
1100,20160112,11, 1,1,       1801 ,,112124,112124,112124070500,1,,,,,,0,725,61000,128,724,5000,128
1100,20160112,11, 1,1,       1801 ,,112124,112124,112124071200,1,,,,,,0,725,61000,128,724,8000,128
1100,20160112,11, 1,1,       1801 ,,112124,112124,112124072600,1,,,,,,0,725,62000,128,724,8000,128
1100,20160112,11, 1,1,       1801 ,,112124,112124,112124073900,1,,,,,,0,725,62000,128,724,9000,128
1100,20160112,11, 1,1,       1801 ,,112124,112124,112124074500,1,,,,,,0,725,62000,128,724,11000,128
1100,20160112,11, 1,1,       1801 ,,112124,112124,112124077900,1,,,,,,0,725,64000,128,724,11000,128
1100,20160112,11, 1,1,       1801 ,,112124,112124,112124080100,1,,,,,,0,725,62000,128,724,11000,128
1100,20160112,11, 1,1,       1801 ,,112124,112124,112124082200,1,,,,,,0,725,54000,128,724,11000,128
1100,20160112,11, 1,1,       1801 ,,112124,112124,112124083000,1,,,,,,0,725,54000,128,724,12000,128
1100,20160112,11, 1,1,       1801 ,,112124,112124,112124084500,1,,,,,,0,725,53000,128,724,12000,128
1100,20160112,11, 1,1,       1801 ,,112124,112124,112124085900,1,,,,,,0,725,49000,128,724,12000,128
1100,20160112,11, 1,1,       1801 ,,112124,112124,112124086700,1,,,,,,0,725,49000,128,724,10000,128
1100,20160112,11, 1,1,       1801 ,,112124,112124,112124087500,1,,,,,,0,725,45000,128,724,10000,128
1100,20160112,11, 1,1,       1801 ,,112124,112124,112124094200,1,,,,,,0,725,45000,128,724,11000,128
1100,20160112,11, 1,1,       1801 ,,112124,112124,112124101300,1,,,,,,0,725,46000,128,724,11000,128
1100,20160112,11, 1,1,       1801 ,,112124,112124,112124497600,1,,,,,,0,725,46000,128,724,12000,128
1100,20160112,11, 1,1,       1801 ,,112124,112124,112124505700,1,,,,,,0,725,46000,128,724,14000,128
1100,20160112,11, 1,1,       1801 ,,112126,112126,112126043000,1,,,,,,0,725,46000,128,724,13000,128
1100,20160112,11, 1,1,       1801 ,,112126,112126,112126356600,1,,,,,,0,725,46000,128,724,11000,128
1100,20160112,11, 1,1,       1801 ,,112127,112127,112127026400,1,,,,,,0,725,46000,128,724,12000,128
1100,20160112,11, 1,1,       1801 ,,112128,112128,112128710500,1,,,,,,0,725,46000,128,724,11000,128
1100,20160112,11, 1,1,       1801 ,,112129,112129,112129104700,1,,,,,,0,725,45000,128,724,11000,128
1100,20160112,11, 1,1,       1801 ,,112129,112129,112129184200,1,,,,,,0,725,41000,128,724,11000,128
1100,20160112,11, 1,1,       1801 ,,112134,112134,112134371900,1,,,,,,0,725,41000,128,724,12000,128
1100,20160112,11, 1,1,       1801 ,,112134,112134,112134373300,1,,,,,,0,725,40000,128,724,12000,128
1100,20160112,11, 1,1,       1801 ,,112134,112134,112134374300,1,,,,,,0,725,40000,128,724,15000,128
1100,20160112,11, 1,1,       1801 ,,112134,112134,112134374900,1,,,,,,0,725,40000,128,724,19000,128
1100,20160112,11, 1,1,       1801 ,,112134,112134,112134375500,1,,,,,,0,725,34000,128,724,19000,128
1100,20160112,11, 1,1,       1801 ,,112134,112134,112134376300,1,,,,,,0,725,32000,128,724,19000,128
1100,20160112,11, 1,1,       1801 ,,112134,112134,112134921600,1,,,,,,0,725,32000,128,724,18000,128
1100,20160112,11, 1,1,       1801 ,,112139,112139,112139210000,1,,,,,,0,725,23000,128,724,18000,128
1100,20160112,11, 1,1,       1801 ,,112139,112139,112139211400,1,,,,,,0,725,23000,128,724,24000,128
1100,20160112,11, 1,1,       1801 ,,112139,112139,112139212600,1,,,,,,0,725,20000,128,724,24000,128
1100,20160112,11, 1,1,       1801 ,,112140,112140,112140214800,1,,,,,,0,725,20000,128,724,25000,128
1100,20160112,11, 1,1,       1801 ,,112140,112140,112140216800,1,,,,,,0,725,20000,128,724,31000,128
1100,20160112,11, 1,1,       1801 ,,112140,112140,112140217500,1,,,,,,0,725,18000,128,724,31000,128
1100,20160112,11, 1,1,       1801 ,,112142,112142,112142920800,1,,,,,,0,725,18000,128,724,30000,128
1100,20160112,11, 1,1,       1801 ,,112144,112144,112144039200,1,,,,,,0,725,18000,128,724,24000,128
1100,20160112,11, 1,1,       1801 ,,112144,112144,112144051200,1,,,,,,0,725,19000,128,724,24000,128
1100,20160112,11, 1,1,       1801 ,,112146,112146,112146877500,1,,,,,,0,725,18000,128,724,24000,128
1100,20160112,11, 1,1,       1801 ,,112146,112146,112146889200,1,,,,,,0,725,19000,128,724,24000,128
1100,20160112,11, 1,1,       1801 ,,112151,112151,112151070600,1,,,,,,0,725,20000,128,724,24000,128
1100,20160112,11, 1,1,       1801 ,,112151,112151,112151072900,1,,,,,,0,725,22000,128,724,24000,128
1100,20160112,11, 1,1,       1801 ,,112152,112152,112152770300,1,,,,,,0,725,21000,128,724,24000,128
1100,20160112,11, 1,1,       1801 ,,112155,112155,112155021100,1,,,,,,0,725,22000,128,724,24000,128
1100,20160112,11, 1,1,       1801 ,,112156,112156,112156310800,1,,,,,,0,725,21000,128,724,24000,128
1100,20160112,11, 1,1,       1801 ,112208,112208,112208,112208261300,1,725,48,0,10000,0,0,725,11000,128,724,24000,128
1100,20160112,11, 1,1,       1801 ,112208,112208,112208,112208263400,1,725,48,0,3000,0,0,725,8000,128,724,24000,128
1100,20160112,11, 1,1,       1801 ,112208,112208,112208,112208264600,1,725,48,0,1000,0,0,725,7000,128,724,24000,128
1100,20160112,11, 1,1,       1801 ,,112208,112208,112208265500,1,,,,,,0,725,7000,128,724,23000,128
1100,20160112,11, 1,1,       1801 ,,112208,112208,112208266300,1,,,,,,0,725,7000,128,724,25000,128
1100,20160112,11, 1,1,       1801 ,,112208,112208,112208267100,1,,,,,,0,725,5000,128,724,25000,128
1100,20160112,11, 1,1,       1801 ,112208,112208,112208,112208267900,1,725,48,0,1000,0,0,725,4000,128,724,25000,128
1100,20160112,11, 1,1,       1801 ,,112208,112208,112208270300,1,,,,,,0,725,4000,128,724,25000,128
1100,20160112,11, 1,1,       1801 ,112208,112208,112208,112208271100,1,725,48,0,4000,0,0,726,77000,128,724,25000,128
1100,20160112,11, 1,1,       1801 ,,112208,112208,112208274600,1,,,,,,0,726,77000,128,725,2000,128
1100,20160112,11, 1,1,       1801 ,,112208,112208,112208277000,1,,,,,,0,726,73000,128,725,2000,128
1100,20160112,11, 1,1,       1801 ,,112208,112208,112208277800,1,,,,,,0,726,74000,128,725,2000,128
1100,20160112,11, 1,1,       1801 ,,112208,112208,112208278500,1,,,,,,0,726,74000,128,725,8000,128
1100,20160112,11, 1,1,       1801 ,,112208,112208,112208282300,1,,,,,,0,726,76000,128,725,8000,128
1100,20160112,11, 1,1,       1801 ,,112208,112208,112208286700,1,,,,,,0,726,74000,128,725,8000,128
1100,20160112,11, 1,1,       1801 ,,112208,112208,112208288200,1,,,,,,0,726,68000,128,725,8000,128
1100,20160112,11, 1,1,       1801 ,,112208,112208,112208291800,1,,,,,,0,726,68000,128,725,2000,128
1100,20160112,11, 1,1,       1801 ,,112208,112208,112208294000,1,,,,,,0,726,68000,128,725,4000,128
1100,20160112,11, 1,1,       1801 ,,112208,112208,112208295900,1,,,,,,0,726,51000,128,725,4000,128
1100,20160112,11, 1,1,       1801 ,,112208,112208,112208297000,1,,,,,,0,726,50000,128,725,4000,128
1100,20160112,11, 1,1,       1801 ,,112208,112208,112208297700,1,,,,,,0,726,50000,128,725,5000,128
1100,20160112,11, 1,1,       1801 ,,112208,112208,112208860200,1,,,,,,0,726,50000,128,725,6000,128
1100,20160112,11, 1,1,       1801 ,112209,112209,112209,112209004100,1,725,16,0,3000,0,0,726,50000,128,725,3000,128
1100,20160112,11, 1,1,       1801 ,,112209,112209,112209005700,1,,,,,,0,726,50000,128,725,2000,128
1100,20160112,11, 1,1,       1801 ,,112209,112209,112209006500,1,,,,,,0,726,51000,128,725,2000,128
1100,20160112,11, 1,1,       1801 ,,112209,112209,112209007200,1,,,,,,0,726,51000,128,725,1000,128
1100,20160112,11, 1,1,       1801 ,,112209,112209,112209699400,1,,,,,,0,726,51000,128,725,2000,128
1100,20160112,11, 1,1,       1801 ,,112210,112210,112210743100,1,,,,,,0,726,51000,128,725,4000,128
1100,20160112,11, 1,1,       1801 ,,112210,112210,112210747900,1,,,,,,0,726,51000,128,725,5000,128
1100,20160112,11, 1,1,       1801 ,,112211,112211,112211541200,1,,,,,,0,726,47000,128,725,5000,128
1100,20160112,11, 1,1,       1801 ,,112212,112212,112212044700,1,,,,,,0,726,46000,128,725,5000,128
1100,20160112,11, 1,1,       1801 ,,112212,112212,112212046200,1,,,,,,0,726,45000,128,725,5000,128
1100,20160112,11, 1,1,       1801 ,,112213,112213,112213594000,1,,,,,,0,726,46000,128,725,5000,128
1100,20160112,11, 1,1,       1801 ,,112213,112213,112213707600,1,,,,,,0,726,47000,128,725,5000,128
1100,20160112,11, 1,1,       1801 ,,112215,112215,112215180500,1,,,,,,0,726,46000,128,725,5000,128
1100,20160112,11, 1,1,       1801 ,,112215,112215,112215911900,1,,,,,,0,726,47000,128,725,5000,128
1100,20160112,11, 1,1,       1801 ,,112216,112216,112216140900,1,,,,,,0,726,46000,128,725,5000,128
1100,20160112,11, 1,1,       1801 ,,112217,112217,112217247000,1,,,,,,0,726,46000,128,725,7000,128
1100,20160112,11, 1,1,       1801 ,,112217,112217,112217248400,1,,,,,,0,726,45000,128,725,7000,128
1100,20160112,11, 1,1,       1801 ,,112220,112220,112220240400,1,,,,,,0,726,43000,128,725,7000,128
1100,20160112,11, 1,1,       1801 ,,112220,112220,112220242800,1,,,,,,0,726,39000,128,725,7000,128
1100,20160112,11, 1,1,       1801 ,,112220,112220,112220253800,1,,,,,,0,726,39000,128,725,8000,128
1100,20160112,11, 1,1,       1801 ,,112220,112220,112220261700,1,,,,,,0,726,35000,128,725,8000,128
1100,20160112,11, 1,1,       1801 ,,112220,112220,112220264400,1,,,,,,0,726,31000,128,725,8000,128
1100,20160112,11, 1,1,       1801 ,,112220,112220,112220750200,1,,,,,,0,726,22000,128,725,8000,128
1100,20160112,11, 1,1,       1801 ,,112220,112220,112220751600,1,,,,,,0,726,22000,128,725,14000,128
1100,20160112,11, 1,1,       1801 ,,112220,112220,112220753000,1,,,,,,0,726,22000,128,725,18000,128
1100,20160112,11, 1,1,       1801 ,,112222,112222,112222521600,1,,,,,,0,726,21000,128,725,18000,128
1100,20160112,11, 1,1,       1801 ,,112222,112222,112222523200,1,,,,,,0,726,21000,128,725,21000,128
1100,20160112,11, 1,1,       1801 ,,112222,112222,112222524800,1,,,,,,0,726,19000,128,725,21000,128
1100,20160112,11, 1,1,       1801 ,,112232,112232,112232156500,1,,,,,,0,726,17000,128,725,21000,128
1100,20160112,11, 1,1,       1801 ,,112234,112234,112234897300,1,,,,,,0,726,17000,128,725,26000,128
1100,20160112,11, 1,1,       1801 ,,112234,112234,112234898600,1,,,,,,0,726,14000,128,725,26000,128
1100,20160112,11, 1,1,       1801 ,,112241,112241,112241761600,1,,,,,,0,726,16000,128,725,26000,128
1100,20160112,11, 1,1,       1801 ,,112241,112241,112241776500,1,,,,,,0,726,17000,128,725,26000,128
1100,20160112,11, 1,1,       1801 ,,112245,112245,112245022900,1,,,,,,0,726,16000,128,725,26000,128
1100,20160112,11, 1,1,       1801 ,112250,112250,112250,112250422600,1,725,16,0,20000,0,0,726,16000,128,725,6000,128
1100,20160112,11, 1,1,       1801 ,112250,112250,112250,112250425800,1,725,16,0,1000,0,0,726,16000,128,725,5000,128
1100,20160112,11, 1,1,       1801 ,,112250,112250,112250426700,1,,,,,,0,726,17000,128,725,5000,128
1100,20160112,11, 1,1,       1801 ,,112250,112250,112250428500,1,,,,,,0,726,19000,128,725,5000,128
1100,20160112,11, 1,1,       1801 ,,112250,112250,112250429300,1,,,,,,0,726,23000,128,725,5000,128
1100,20160112,11, 1,1,       1801 ,,112250,112250,112250430000,1,,,,,,0,726,26000,128,725,5000,128
1100,20160112,11, 1,1,       1801 ,,112250,112250,112250430600,1,,,,,,0,726,28000,128,725,5000,128
1100,20160112,11, 1,1,       1801 ,,112250,112250,112250432300,1,,,,,,0,726,34000,128,725,5000,128
1100,20160112,11, 1,1,       1801 ,,112250,112250,112250433800,1,,,,,,0,726,33000,128,725,5000,128
1100,20160112,11, 1,1,       1801 ,,112250,112250,112250477800,1,,,,,,0,726,34000,128,725,5000,128
1100,20160112,11, 1,1,       1801 ,112251,112251,112251,112251088800,1,725,16,0,2000,0,0,726,34000,128,725,3000,128
1100,20160112,11, 1,1,       1801 ,112251,112251,112251,112251090400,1,725,16,0,3000,0,0,726,34000,128,724,55000,128
1100,20160112,11, 1,1,       1801 ,,112251,112251,112251095200,1,,,,,,0,725,2000,128,724,55000,128
1100,20160112,11, 1,1,       1801 ,,112251,112251,112251106000,1,,,,,,0,725,2000,128,724,53000,128
1100,20160112,11, 1,1,       1801 ,,112251,112251,112251106700,1,,,,,,0,725,2000,128,724,47000,128
1100,20160112,11, 1,1,       1801 ,112251,112251,112251,112251108900,1,725,48,0,2000,0,0,726,41000,128,724,47000,128
1100,20160112,11, 1,1,       1801 ,,112251,112251,112251109800,1,,,,,,0,726,41000,128,724,46000,128
1100,20160112,11, 1,1,       1801 ,,112251,112251,112251111300,1,,,,,,0,726,41000,128,725,6000,128
1100,20160112,11, 1,1,       1801 ,,112251,112251,112251114300,1,,,,,,0,726,41000,128,725,7000,128
1100,20160112,11, 1,1,       1801 ,,112251,112251,112251115000,1,,,,,,0,726,39000,128,725,7000,128
1100,20160112,11, 1,1,       1801 ,,112251,112251,112251116400,1,,,,,,0,726,39000,128,725,9000,128
1100,20160112,11, 1,1,       1801 ,,112251,112251,112251117000,1,,,,,,0,726,33000,128,725,9000,128
1100,20160112,11, 1,1,       1801 ,112251,112251,112251,112251117800,1,725,16,0,1000,0,0,726,33000,128,725,8000,128
1100,20160112,11, 1,1,       1801 ,,112251,112251,112251118700,1,,,,,,0,726,32000,128,725,8000,128
1100,20160112,11, 1,1,       1801 ,,112251,112251,112251119500,1,,,,,,0,726,28000,128,725,8000,128
1100,20160112,11, 1,1,       1801 ,,112251,112251,112251125500,1,,,,,,0,726,29000,128,725,8000,128
1100,20160112,11, 1,1,       1801 ,,112256,112256,112256100500,1,,,,,,0,726,25000,128,725,8000,128
1100,20160112,11, 1,1,       1801 ,,112256,112256,112256246400,1,,,,,,0,726,25000,128,725,9000,128
1100,20160112,11, 1,1,       1801 ,112256,112256,112256,112256486200,1,725,16,0,1000,0,0,726,25000,128,725,8000,128
1100,20160112,11, 1,1,       1801 ,,112256,112256,112256756700,1,,,,,,0,726,25000,128,725,9000,128
1100,20160112,11, 1,1,       1801 ,,112257,112257,112257161700,1,,,,,,0,726,25000,128,725,8000,128
1100,20160112,11, 1,1,       1801 ,,112257,112257,112257623900,1,,,,,,0,726,26000,128,725,8000,128
1100,20160112,11, 1,1,       1801 ,,112257,112257,112257626000,1,,,,,,0,726,32000,128,725,8000,128
1100,20160112,11, 1,1,       1801 ,,112300,112300,112300737600,1,,,,,,0,726,31000,128,725,8000,128
1100,20160112,11, 1,1,       1801 ,,112301,112301,112301847300,1,,,,,,0,726,32000,128,725,8000,128
1100,20160112,11, 1,1,       1801 ,,112301,112301,112301849400,1,,,,,,0,726,33000,128,725,8000,128
1100,20160112,11, 1,1,       1801 ,,112302,112302,112302370400,1,,,,,,0,726,33000,128,725,7000,128
1100,20160112,11, 1,1,       1801 ,,112302,112302,112302371300,1,,,,,,0,726,33000,128,725,5000,128
1100,20160112,11, 1,1,       1801 ,,112302,112302,112302372100,1,,,,,,0,726,41000,128,725,5000,128
1100,20160112,11, 1,1,       1801 ,,112302,112302,112302372700,1,,,,,,0,726,42000,128,725,5000,128
1100,20160112,11, 1,1,       1801 ,112302,112302,112302,112302373300,1,725,16,0,2000,0,0,726,42000,128,725,3000,128
1100,20160112,11, 1,1,       1801 ,112302,112302,112302,112302374200,1,725,16,0,1000,0,0,726,42000,128,725,2000,128
1100,20160112,11, 1,1,       1801 ,112302,112302,112302,112302375200,1,725,16,0,1000,0,0,726,42000,128,725,1000,128
1100,20160112,11, 1,1,       1801 ,112302,112302,112302,112302376100,1,725,16,0,1000,0,0,726,42000,128,724,51000,128
1100,20160112,11, 1,1,       1801 ,,112302,112302,112302379400,1,,,,,,0,726,42000,128,724,51000,128
1100,20160112,11, 1,1,       1801 ,,112302,112302,112302380200,1,,,,,,0,726,42000,128,724,49000,128
1100,20160112,11, 1,1,       1801 ,,112302,112302,112302383100,1,,,,,,0,726,51000,128,724,49000,128
1100,20160112,11, 1,1,       1801 ,,112302,112302,112302383800,1,,,,,,0,726,51000,128,724,50000,128
1100,20160112,11, 1,1,       1801 ,,112302,112302,112302385200,1,,,,,,0,726,51000,128,724,49000,128
1100,20160112,11, 1,1,       1801 ,,112312,112312,112312799800,1,,,,,,0,725,2000,128,724,49000,128
1100,20160112,11, 1,1,       1801 ,,112312,112312,112312802100,1,,,,,,0,725,4000,128,724,49000,128
1100,20160112,11, 1,1,       1801 ,,112312,112312,112312803900,1,,,,,,0,725,5000,128,724,49000,128
1100,20160112,11, 1,1,       1801 ,112312,112312,112312,112312806400,1,725,48,0,2000,0,0,725,3000,128,724,49000,128
1100,20160112,11, 1,1,       1801 ,,112312,112312,112312807500,1,,,,,,0,725,3000,128,724,49000,128
1100,20160112,11, 1,1,       1801 ,,112312,112312,112312808300,1,,,,,,0,725,3000,128,724,48000,128
1100,20160112,11, 1,1,       1801 ,,112312,112312,112312810200,1,,,,,,0,725,3000,128,724,42000,128
1100,20160112,11, 1,1,       1801 ,,112312,112312,112312835200,1,,,,,,0,725,3000,128,724,43000,128
1100,20160112,11, 1,1,       1801 ,,112317,112317,112317504300,1,,,,,,0,725,3000,128,724,44000,128
1100,20160112,11, 1,1,       1801 ,,112318,112318,112318810500,1,,,,,,0,725,3000,128,724,40000,128
1100,20160112,11, 1,1,       1801 ,,112319,112319,112319440900,1,,,,,,0,725,3000,128,724,39000,128
1100,20160112,11, 1,1,       1801 ,,112320,112320,112320067300,1,,,,,,0,725,3000,128,724,40000,128
1100,20160112,11, 1,1,       1801 ,,112320,112320,112320087100,1,,,,,,0,725,3000,128,724,44000,128
1100,20160112,11, 1,1,       1801 ,,112321,112321,112321209400,1,,,,,,0,725,1000,128,724,44000,128
1100,20160112,11, 1,1,       1801 ,,112321,112321,112321211000,1,,,,,,0,726,61000,128,724,44000,128
1100,20160112,11, 1,1,       1801 ,,112321,112321,112321213900,1,,,,,,0,726,61000,128,724,50000,128
1100,20160112,11, 1,1,       1801 ,,112321,112321,112321215300,1,,,,,,0,726,60000,128,724,50000,128
1100,20160112,11, 1,1,       1801 ,,112321,112321,112321236400,1,,,,,,0,726,56000,128,724,50000,128
1100,20160112,11, 1,1,       1801 ,112329,112329,112329,112329281100,1,726,48,0,1000,0,0,726,55000,128,724,50000,128
1100,20160112,11, 1,1,       1801 ,,112329,112329,112329282700,1,,,,,,0,726,55000,128,724,51000,128
1100,20160112,11, 1,1,       1801 ,,112329,112329,112329283600,1,,,,,,0,726,55000,128,725,1000,128
1100,20160112,11, 1,1,       1801 ,,112329,112329,112329285000,1,,,,,,0,726,53000,128,725,1000,128
1100,20160112,11, 1,1,       1801 ,,112329,112329,112329285700,1,,,,,,0,726,53000,128,725,3000,128
1100,20160112,11, 1,1,       1801 ,,112329,112329,112329287900,1,,,,,,0,726,53000,128,725,8000,128
1100,20160112,11, 1,1,       1801 ,,112329,112329,112329288600,1,,,,,,0,726,53000,128,725,9000,128
1100,20160112,11, 1,1,       1801 ,,112329,112329,112329289400,1,,,,,,0,726,47000,128,725,9000,128
1100,20160112,11, 1,1,       1801 ,,112329,112329,112329290200,1,,,,,,0,726,38000,128,725,9000,128
1100,20160112,11, 1,1,       1801 ,,112329,112329,112329290900,1,,,,,,0,726,37000,128,725,9000,128
1100,20160112,11, 1,1,       1801 ,,112329,112329,112329291700,1,,,,,,0,726,37000,128,725,10000,128
1100,20160112,11, 1,1,       1801 ,,112329,112329,112329293000,1,,,,,,0,726,29000,128,725,10000,128
1100,20160112,11, 1,1,       1801 ,,112329,112329,112329293900,1,,,,,,0,726,29000,128,725,14000,128
1100,20160112,11, 1,1,       1801 ,,112329,112329,112329294600,1,,,,,,0,726,25000,128,725,14000,128
1100,20160112,11, 1,1,       1801 ,,112329,112329,112329296000,1,,,,,,0,726,25000,128,725,15000,128
1100,20160112,11, 1,1,       1801 ,,112329,112329,112329297400,1,,,,,,0,726,25000,128,725,18000,128
1100,20160112,11, 1,1,       1801 ,,112329,112329,112329298000,1,,,,,,0,726,24000,128,725,18000,128
1100,20160112,11, 1,1,       1801 ,,112329,112329,112329299600,1,,,,,,0,726,21000,128,725,18000,128
1100,20160112,11, 1,1,       1801 ,,112329,112329,112329301200,1,,,,,,0,726,21000,128,725,19000,128
1100,20160112,11, 1,1,       1801 ,,112332,112332,112332348900,1,,,,,,0,726,22000,128,725,19000,128
1100,20160112,11, 1,1,       1801 ,,112335,112335,112335038200,1,,,,,,0,726,21000,128,725,19000,128
1100,20160112,11, 1,1,       1801 ,,112339,112339,112339751600,1,,,,,,0,726,21000,128,725,20000,128
1100,20160112,11, 1,1,       1801 ,,112339,112339,112339753600,1,,,,,,0,726,19000,128,725,20000,128
1100,20160112,11, 1,1,       1801 ,,112340,112340,112340703100,1,,,,,,0,726,19000,128,725,22000,128
1100,20160112,11, 1,1,       1801 ,,112345,112345,112345810600,1,,,,,,0,726,20000,128,725,22000,128
1100,20160112,11, 1,1,       1801 ,,112346,112346,112346713000,1,,,,,,0,726,21000,128,725,22000,128
1100,20160112,11, 1,1,       1801 ,,112347,112347,112347842100,1,,,,,,0,726,23000,128,725,22000,128
1100,20160112,11, 1,1,       1801 ,,112351,112351,112351770400,1,,,,,,0,726,22000,128,725,22000,128
1100,20160112,11, 1,1,       1801 ,,112354,112354,112354064900,1,,,,,,0,726,20000,128,725,22000,128
1100,20160112,11, 1,1,       1801 ,,112354,112354,112354066900,1,,,,,,0,726,18000,128,725,22000,128
1100,20160112,11, 1,1,       1801 ,,112357,112357,112357451700,1,,,,,,0,726,18000,128,725,21000,128
1100,20160112,11, 1,1,       1801 ,,112402,112402,112402982700,1,,,,,,0,726,20000,128,725,21000,128
1100,20160112,11, 1,1,       1801 ,,112402,112402,112402984800,1,,,,,,0,726,22000,128,725,21000,128
1100,20160112,11, 1,1,       1801 ,,112402,112402,112402986600,1,,,,,,0,726,25000,128,725,21000,128
1100,20160112,11, 1,1,       1801 ,,112404,112404,112404045500,1,,,,,,0,726,25000,128,725,23000,128
1100,20160112,11, 1,1,       1801 ,,112408,112408,112408900400,1,,,,,,0,726,25000,128,725,24000,128
1100,20160112,11, 1,1,       1801 ,,112413,112413,112413935000,1,,,,,,0,726,30000,128,725,24000,128
1100,20160112,11, 1,1,       1801 ,,112413,112413,112413943100,1,,,,,,0,726,31000,128,725,24000,128
1100,20160112,11, 1,1,       1801 ,,112417,112417,112417370300,1,,,,,,0,726,29000,128,725,24000,128
1100,20160112,11, 1,1,       1801 ,,112417,112417,112417372200,1,,,,,,0,726,29000,128,725,26000,128
1100,20160112,11, 1,1,       1801 ,,112417,112417,112417665600,1,,,,,,0,726,29000,128,725,27000,128
1100,20160112,11, 1,1,       1801 ,,112417,112417,112417667900,1,,,,,,0,726,27000,128,725,27000,128
1100,20160112,11, 1,1,       1801 ,,112419,112419,112419625700,1,,,,,,0,726,27000,128,725,26000,128
1100,20160112,11, 1,1,       1801 ,,112419,112419,112419627400,1,,,,,,0,726,27000,128,725,32000,128
1100,20160112,11, 1,1,       1801 ,,112420,112420,112420820500,1,,,,,,0,726,27000,128,725,33000,128
1100,20160112,11, 1,1,       1801 ,,112420,112420,112420838400,1,,,,,,0,726,21000,128,725,33000,128
1100,20160112,11, 1,1,       1801 ,,112420,112420,112420841200,1,,,,,,0,726,18000,128,725,33000,128
1100,20160112,11, 1,1,       1801 ,,112420,112420,112420949200,1,,,,,,0,726,17000,128,725,33000,128
1100,20160112,11, 1,1,       1801 ,,112422,112422,112422000700,1,,,,,,0,726,17000,128,725,32000,128
1100,20160112,11, 1,1,       1801 ,,112422,112422,112422021300,1,,,,,,0,726,17000,128,725,33000,128
1100,20160112,11, 1,1,       1801 ,,112424,112424,112424340400,1,,,,,,0,726,17000,128,725,32000,128
1100,20160112,11, 1,1,       1801 ,,112426,112426,112426799400,1,,,,,,0,726,17000,128,725,26000,128
1100,20160112,11, 1,1,       1801 ,,112426,112426,112426801200,1,,,,,,0,726,17000,128,725,24000,128
1100,20160112,11, 1,1,       1801 ,,112426,112426,112426859200,1,,,,,,0,726,19000,128,725,24000,128
1100,20160112,11, 1,1,       1801 ,,112426,112426,112426865100,1,,,,,,0,726,20000,128,725,24000,128
1100,20160112,11, 1,1,       1801 ,,112426,112426,112426871800,1,,,,,,0,726,22000,128,725,24000,128
1100,20160112,11, 1,1,       1801 ,,112426,112426,112426873900,1,,,,,,0,726,26000,128,725,24000,128
1100,20160112,11, 1,1,       1801 ,,112426,112426,112426875700,1,,,,,,0,726,26000,128,725,20000,128
1100,20160112,11, 1,1,       1801 ,,112426,112426,112426876500,1,,,,,,0,726,29000,128,725,20000,128
1100,20160112,11, 1,1,       1801 ,,112426,112426,112426878400,1,,,,,,0,726,29000,128,725,19000,128
1100,20160112,11, 1,1,       1801 ,,112426,112426,112426879800,1,,,,,,0,726,29000,128,725,18000,128
1100,20160112,11, 1,1,       1801 ,,112426,112426,112426881600,1,,,,,,0,726,29000,128,725,15000,128
1100,20160112,11, 1,1,       1801 ,,112426,112426,112426883400,1,,,,,,0,726,29000,128,725,13000,128
1100,20160112,11, 1,1,       1801 ,,112431,112431,112431974400,1,,,,,,0,726,29000,128,725,15000,128
1100,20160112,11, 1,1,       1801 ,,112432,112432,112432025000,1,,,,,,0,726,28000,128,725,15000,128
1100,20160112,11, 1,1,       1801 ,,112432,112432,112432450500,1,,,,,,0,726,29000,128,725,15000,128
1100,20160112,11, 1,1,       1801 ,,112433,112433,112433170000,1,,,,,,0,726,28000,128,725,15000,128
1100,20160112,11, 1,1,       1801 ,,112438,112438,112438432400,1,,,,,,0,726,29000,128,725,15000,128
1100,20160112,11, 1,1,       1801 ,,112438,112438,112438970000,1,,,,,,0,726,28000,128,725,15000,128
1100,20160112,11, 1,1,       1801 ,,112438,112438,112438971500,1,,,,,,0,726,29000,128,725,15000,128
1100,20160112,11, 1,1,       1801 ,,112439,112439,112439144400,1,,,,,,0,726,30000,128,725,15000,128
1100,20160112,11, 1,1,       1801 ,,112439,112439,112439524200,1,,,,,,0,726,30000,128,725,16000,128
1100,20160112,11, 1,1,       1801 ,,112445,112445,112445056500,1,,,,,,0,726,29000,128,725,16000,128
1100,20160112,11, 1,1,       1801 ,,112449,112449,112449920300,1,,,,,,0,726,29000,128,725,17000,128
1100,20160112,11, 1,1,       1801 ,,112449,112449,112449921700,1,,,,,,0,726,28000,128,725,17000,128
1100,20160112,11, 1,1,       1801 ,,112449,112449,112449922400,1,,,,,,0,726,28000,128,725,21000,128
1100,20160112,11, 1,1,       1801 ,,112449,112449,112449923600,1,,,,,,0,726,24000,128,725,21000,128
1100,20160112,11, 1,1,       1801 ,,112449,112449,112449924300,1,,,,,,0,726,24000,128,725,24000,128
1100,20160112,11, 1,1,       1801 ,,112449,112449,112449925900,1,,,,,,0,726,22000,128,725,24000,128
1100,20160112,11, 1,1,       1801 ,,112451,112451,112451327600,1,,,,,,0,726,22000,128,725,26000,128
1100,20160112,11, 1,1,       1801 ,,112451,112451,112451328500,1,,,,,,0,726,20000,128,725,26000,128
1100,20160112,11, 1,1,       1801 ,,112451,112451,112451329300,1,,,,,,0,726,20000,128,725,27000,128
1100,20160112,11, 1,1,       1801 ,,112455,112455,112455031700,1,,,,,,0,726,18000,128,725,27000,128
1100,20160112,11, 1,1,       1801 ,,112455,112455,112455033400,1,,,,,,0,726,15000,128,725,27000,128
1100,20160112,11, 1,1,       1801 ,,112456,112456,112456920100,1,,,,,,0,726,17000,128,725,27000,128
1100,20160112,11, 1,1,       1801 ,,112459,112459,112459576700,1,,,,,,0,726,17000,128,725,26000,128
1100,20160112,11, 1,1,       1801 ,112500,112500,112500,112500126700,1,725,16,0,1000,0,0,726,17000,128,725,25000,128
1100,20160112,11, 1,1,       1801 ,,112500,112500,112500129100,1,,,,,,0,726,17000,128,725,25000,128
1100,20160112,11, 1,1,       1801 ,,112500,112500,112500475400,1,,,,,,0,726,17000,128,725,26000,128
1100,20160112,11, 1,1,       1801 ,,112502,112502,112502892100,1,,,,,,0,726,17000,128,725,27000,128
1100,20160112,11, 1,1,       1801 ,,112506,112506,112506111000,1,,,,,,0,726,17000,128,725,26000,128
1100,20160112,11, 1,1,       1801 ,,112509,112509,112509249300,1,,,,,,0,726,19000,128,725,26000,128
1100,20160112,11, 1,1,       1801 ,,112509,112509,112509251700,1,,,,,,0,726,21000,128,725,26000,128
1100,20160112,11, 1,1,       1801 ,,112509,112509,112509252800,1,,,,,,0,726,24000,128,725,26000,128
1100,20160112,11, 1,1,       1801 ,,112510,112510,112510295500,1,,,,,,0,726,24000,128,725,24000,128
1100,20160112,11, 1,1,       1801 ,,112510,112510,112510312200,1,,,,,,0,726,25000,128,725,24000,128
1100,20160112,11, 1,1,       1801 ,,112510,112510,112510313800,1,,,,,,0,726,31000,128,725,24000,128
1100,20160112,11, 1,1,       1801 ,,112510,112510,112510315100,1,,,,,,0,726,35000,128,725,24000,128
1100,20160112,11, 1,1,       1801 ,,112510,112510,112510316200,1,,,,,,0,726,35000,128,725,23000,128
1100,20160112,11, 1,1,       1801 ,,112510,112510,112510316900,1,,,,,,0,726,35000,128,725,19000,128
1100,20160112,11, 1,1,       1801 ,,112510,112510,112510317700,1,,,,,,0,726,35000,128,725,16000,128
1100,20160112,11, 1,1,       1801 ,,112510,112510,112510339900,1,,,,,,0,726,35000,128,725,14000,128
1100,20160112,11, 1,1,       1801 ,,112510,112510,112510341800,1,,,,,,0,726,35000,128,725,13000,128
1100,20160112,11, 1,1,       1801 ,,112513,112513,112513453300,1,,,,,,0,726,34000,128,725,13000,128
1100,20160112,11, 1,1,       1801 ,,112513,112513,112513455000,1,,,,,,0,726,34000,128,725,15000,128
1100,20160112,11, 1,1,       1801 ,,112513,112513,112513570100,1,,,,,,0,726,28000,128,725,15000,128
1100,20160112,11, 1,1,       1801 ,,112516,112516,112516397400,1,,,,,,0,726,28000,128,725,16000,128
1100,20160112,11, 1,1,       1801 ,,112516,112516,112516398700,1,,,,,,0,726,29000,128,725,16000,128
1100,20160112,11, 1,1,       1801 ,,112516,112516,112516399300,1,,,,,,0,726,28000,128,725,16000,128
1100,20160112,11, 1,1,       1801 ,,112518,112518,112518200200,1,,,,,,0,726,28000,128,725,18000,128
1100,20160112,11, 1,1,       1801 ,,112518,112518,112518202000,1,,,,,,0,726,28000,128,725,22000,128
1100,20160112,11, 1,1,       1801 ,,112524,112524,112524395300,1,,,,,,0,726,29000,128,725,22000,128
1100,20160112,11, 1,1,       1801 ,,112524,112524,112524407600,1,,,,,,0,726,30000,128,725,22000,128
1100,20160112,11, 1,1,       1801 ,,112538,112538,112538729300,1,,,,,,0,726,30000,128,725,20000,128
1100,20160112,11, 1,1,       1801 ,,112540,112540,112540459000,1,,,,,,0,726,32000,128,725,20000,128
1100,20160112,11, 1,1,       1801 ,,112548,112548,112548739500,1,,,,,,0,726,32000,128,725,16000,128
1100,20160112,11, 1,1,       1801 ,,112548,112548,112548741600,1,,,,,,0,726,38000,128,725,16000,128
1100,20160112,11, 1,1,       1801 ,,112553,112553,112553921600,1,,,,,,0,726,38000,128,725,14000,128
1100,20160112,11, 1,1,       1801 ,,112553,112553,112553932700,1,,,,,,0,726,39000,128,725,14000,128
1100,20160112,11, 1,1,       1801 ,,112555,112555,112555329000,1,,,,,,0,726,40000,128,725,14000,128
1100,20160112,11, 1,1,       1801 ,,112555,112555,112555337200,1,,,,,,0,726,44000,128,725,14000,128
1100,20160112,11, 1,1,       1801 ,,112555,112555,112555339200,1,,,,,,0,726,44000,128,725,9000,128
1100,20160112,11, 1,1,       1801 ,,112556,112556,112556650300,1,,,,,,0,726,43000,128,725,9000,128
1100,20160112,11, 1,1,       1801 ,112557,112557,112557,112557972300,1,726,48,0,1000,0,0,726,42000,128,725,8000,128
1100,20160112,11, 1,1,       1801 ,,112557,112557,112557974000,1,,,,,,0,726,42000,128,725,10000,128
1100,20160112,11, 1,1,       1801 ,,112559,112559,112559823000,1,,,,,,0,726,40000,128,725,10000,128
1100,20160112,11, 1,1,       1801 ,,112559,112559,112559832600,1,,,,,,0,726,40000,128,725,11000,128
1100,20160112,11, 1,1,       1801 ,,112559,112559,112559844100,1,,,,,,0,726,34000,128,725,11000,128
1100,20160112,11, 1,1,       1801 ,,112559,112559,112559846400,1,,,,,,0,726,34000,128,725,13000,128
1100,20160112,11, 1,1,       1801 ,,112559,112559,112559911900,1,,,,,,0,726,30000,128,725,13000,128
1100,20160112,11, 1,1,       1801 ,,112602,112602,112602440700,1,,,,,,0,726,30000,128,725,12000,128
1100,20160112,11, 1,1,       1801 ,,112602,112602,112602930700,1,,,,,,0,726,31000,128,725,12000,128
1100,20160112,11, 1,1,       1801 ,,112605,112605,112605500500,1,,,,,,0,726,31000,128,725,10000,128
1100,20160112,11, 1,1,       1801 ,,112608,112608,112608134100,1,,,,,,0,726,31000,128,725,11000,128
1100,20160112,11, 1,1,       1801 ,,112608,112608,112608930800,1,,,,,,0,726,30000,128,725,11000,128
1100,20160112,11, 1,1,       1801 ,,112608,112608,112608966900,1,,,,,,0,726,30000,128,725,12000,128
1100,20160112,11, 1,1,       1801 ,,112609,112609,112609345100,1,,,,,,0,726,35000,128,725,12000,128
1100,20160112,11, 1,1,       1801 ,,112611,112611,112611373300,1,,,,,,0,726,35000,128,725,14000,128
1100,20160112,11, 1,1,       1801 ,,112618,112618,112618329100,1,,,,,,0,726,35000,128,725,13000,128
1100,20160112,11, 1,1,       1801 ,,112618,112618,112618424200,1,,,,,,0,726,36000,128,725,13000,128
1100,20160112,11, 1,1,       1801 ,112619,112619,112619,112619304200,1,725,16,0,1000,0,0,726,36000,128,725,12000,128
1100,20160112,11, 1,1,       1801 ,,112619,112619,112619498500,1,,,,,,0,726,35000,128,725,12000,128
1100,20160112,11, 1,1,       1801 ,,112619,112619,112619501000,1,,,,,,0,726,36000,128,725,12000,128
1100,20160112,11, 1,1,       1801 ,,112620,112620,112620950400,1,,,,,,0,726,36000,128,725,10000,128
1100,20160112,11, 1,1,       1801 ,,112620,112620,112620951900,1,,,,,,0,726,37000,128,725,10000,128
1100,20160112,11, 1,1,       1801 ,,112624,112624,112624232400,1,,,,,,0,726,36000,128,725,10000,128
1100,20160112,11, 1,1,       1801 ,,112624,112624,112624727900,1,,,,,,0,726,36000,128,725,11000,128
1100,20160112,11, 1,1,       1801 ,,112625,112625,112625380600,1,,,,,,0,726,36000,128,725,13000,128
1100,20160112,11, 1,1,       1801 ,,112627,112627,112627013600,1,,,,,,0,726,36000,128,725,12000,128
1100,20160112,11, 1,1,       1801 ,,112628,112628,112628022000,1,,,,,,0,726,37000,128,725,12000,128
1100,20160112,11, 1,1,       1801 ,,112634,112634,112634361800,1,,,,,,0,726,36000,128,725,12000,128
1100,20160112,11, 1,1,       1801 ,,112634,112634,112634393300,1,,,,,,0,726,36000,128,725,13000,128
1100,20160112,11, 1,1,       1801 ,,112634,112634,112634936400,1,,,,,,0,726,36000,128,725,12000,128
1100,20160112,11, 1,1,       1801 ,,112635,112635,112635202200,1,,,,,,0,726,37000,128,725,12000,128
1100,20160112,11, 1,1,       1801 ,112635,112635,112635,112635436000,1,726,48,0,1000,0,0,726,36000,128,725,12000,128
1100,20160112,11, 1,1,       1801 ,,112641,112641,112641507500,1,,,,,,0,726,36000,128,725,12000,128
1100,20160112,11, 1,1,       1801 ,112644,112644,112644,112644362000,1,725,16,0,5000,0,0,726,36000,128,725,7000,128
1100,20160112,11, 1,1,       1801 ,,112644,112644,112644364100,1,,,,,,0,726,38000,128,725,7000,128
1100,20160112,11, 1,1,       1801 ,,112644,112644,112644364900,1,,,,,,0,726,38000,128,725,5000,128
1100,20160112,11, 1,1,       1801 ,,112644,112644,112644365600,1,,,,,,0,726,38000,128,725,3000,128
1100,20160112,11, 1,1,       1801 ,,112644,112644,112644366400,1,,,,,,0,726,44000,128,725,3000,128
1100,20160112,11, 1,1,       1801 ,,112644,112644,112644367100,1,,,,,,0,726,45000,128,725,3000,128
1100,20160112,11, 1,1,       1801 ,,112644,112644,112644387400,1,,,,,,0,726,49000,128,725,3000,128
1100,20160112,11, 1,1,       1801 ,,112644,112644,112644590700,1,,,,,,0,726,49000,128,725,5000,128
1100,20160112,11, 1,1,       1801 ,,112644,112644,112644592700,1,,,,,,0,726,48000,128,725,5000,128
1100,20160112,11, 1,1,       1801 ,112647,112647,112647,112647230700,1,725,16,0,5000,0,0,726,48000,128,724,60000,128
1100,20160112,11, 1,1,       1801 ,,112647,112647,112647233700,1,,,,,,0,726,49000,128,724,60000,128
1100,20160112,11, 1,1,       1801 ,,112647,112647,112647235700,1,,,,,,0,725,1000,128,724,60000,128
1100,20160112,11, 1,1,       1801 ,,112647,112647,112647236400,1,,,,,,0,725,1000,128,724,56000,128
1100,20160112,11, 1,1,       1801 ,,112647,112647,112647240000,1,,,,,,0,725,1000,128,724,54000,128
1100,20160112,11, 1,1,       1801 ,112647,112647,112647,112647240900,1,725,48,0,1000,0,0,726,50000,128,724,54000,128
1100,20160112,11, 1,1,       1801 ,,112647,112647,112647241700,1,,,,,,0,726,52000,128,724,54000,128
1100,20160112,11, 1,1,       1801 ,,112647,112647,112647242400,1,,,,,,0,726,56000,128,724,54000,128
1100,20160112,11, 1,1,       1801 ,,112647,112647,112647243100,1,,,,,,0,726,60000,128,724,54000,128
1100,20160112,11, 1,1,       1801 ,,112647,112647,112647243800,1,,,,,,0,725,1000,128,724,54000,128
1100,20160112,11, 1,1,       1801 ,,112647,112647,112647244600,1,,,,,,0,725,1000,128,724,53000,128
1100,20160112,11, 1,1,       1801 ,112647,112647,112647,112647246800,1,725,48,0,1000,0,0,726,60000,128,725,4000,128
1100,20160112,11, 1,1,       1801 ,,112647,112647,112647247700,1,,,,,,0,726,69000,128,725,4000,128
1100,20160112,11, 1,1,       1801 ,112647,112647,112647,112647252200,1,725,16,0,1000,0,0,726,69000,128,725,3000,128
1100,20160112,11, 1,1,       1801 ,112647,112647,112647,112647253800,1,725,16,0,2000,0,0,726,69000,128,725,1000,128
1100,20160112,11, 1,1,       1801 ,,112647,112647,112647255700,1,,,,,,0,726,69000,128,725,1000,128
1100,20160112,11, 1,1,       1801 ,112647,112647,112647,112647257000,1,725,16,0,1000,0,0,726,69000,128,724,53000,128
1100,20160112,11, 1,1,       1801 ,,112647,112647,112647258800,1,,,,,,0,726,69000,128,725,1000,128
1100,20160112,11, 1,1,       1801 ,,112647,112647,112647260100,1,,,,,,0,726,67000,128,725,1000,128
1100,20160112,11, 1,1,       1801 ,,112647,112647,112647262800,1,,,,,,0,726,63000,128,725,1000,128
1100,20160112,11, 1,1,       1801 ,,112647,112647,112647264300,1,,,,,,0,726,62000,128,725,1000,128
1100,20160112,11, 1,1,       1801 ,,112647,112647,112647265500,1,,,,,,0,726,62000,128,724,55000,128
1100,20160112,11, 1,1,       1801 ,,112647,112647,112647266400,1,,,,,,0,726,62000,128,724,49000,128
1100,20160112,11, 1,1,       1801 ,,112647,112647,112647267600,1,,,,,,0,726,62000,128,724,47000,128
1100,20160112,11, 1,1,       1801 ,,112647,112647,112647268600,1,,,,,,0,726,62000,128,725,2000,128
1100,20160112,11, 1,1,       1801 ,112647,112647,112647,112647269500,1,725,16,0,1000,0,0,726,62000,128,725,1000,128
1100,20160112,11, 1,1,       1801 ,,112647,112647,112647271900,1,,,,,,0,726,61000,128,725,1000,128
1100,20160112,11, 1,1,       1801 ,112647,112647,112647,112647275600,1,725,16,0,1000,0,0,726,61000,128,724,53000,131
1100,20160112,11, 1,1,       1801 ,112647,112647,112647,112647275600,2,724,16,0,11000,0,0,726,61000,128,724,42000,128
1100,20160112,11, 1,1,       1801 ,,112647,112647,112647278600,1,,,,,,0,726,61000,128,724,38000,128
1100,20160112,11, 1,1,       1801 ,,112647,112647,112647280100,1,,,,,,0,726,61000,128,724,36000,128
1100,20160112,11, 1,1,       1801 ,,112647,112647,112647281400,1,,,,,,0,726,63000,128,724,36000,128
1100,20160112,11, 1,1,       1801 ,,112647,112647,112647282700,1,,,,,,0,726,63000,128,724,35000,128
1100,20160112,11, 1,1,       1801 ,,112647,112647,112647284000,1,,,,,,0,726,63000,128,724,31000,128
1100,20160112,11, 1,1,       1801 ,,112647,112647,112647285300,1,,,,,,0,726,63000,128,724,32000,128
1100,20160112,11, 1,1,       1801 ,,112647,112647,112647299800,1,,,,,,0,725,2000,128,724,32000,128
1100,20160112,11, 1,1,       1801 ,,112647,112647,112647301900,1,,,,,,0,725,3000,128,724,32000,128
1100,20160112,11, 1,1,       1801 ,112647,112647,112647,112647303900,1,725,48,0,2000,0,0,725,1000,128,724,32000,128
1100,20160112,11, 1,1,       1801 ,,112647,112647,112647311100,1,,,,,,0,725,2000,128,724,32000,128
1100,20160112,11, 1,1,       1801 ,,112647,112647,112647927000,1,,,,,,0,725,3000,128,724,32000,128
1100,20160112,11, 1,1,       1801 ,,112648,112648,112648895300,1,,,,,,0,725,5000,128,724,32000,128
1100,20160112,11, 1,1,       1801 ,,112652,112652,112652410600,1,,,,,,0,725,3000,128,724,32000,128
1100,20160112,11, 1,1,       1801 ,,112652,112652,112652491000,1,,,,,,0,725,2000,128,724,32000,128
1100,20160112,11, 1,1,       1801 ,,112653,112653,112653541300,1,,,,,,0,725,7000,128,724,32000,128
1100,20160112,11, 1,1,       1801 ,,112654,112654,112654403600,1,,,,,,0,725,7000,128,724,33000,128
1100,20160112,11, 1,1,       1801 ,,112655,112655,112655083400,1,,,,,,0,725,8000,128,724,33000,128
1100,20160112,11, 1,1,       1801 ,,112658,112658,112658281100,1,,,,,,0,725,9000,128,724,33000,128
1100,20160112,11, 1,1,       1801 ,,112658,112658,112658282300,1,,,,,,0,725,11000,128,724,33000,128
1100,20160112,11, 1,1,       1801 ,,112658,112658,112658284800,1,,,,,,0,725,11000,128,724,32000,128
1100,20160112,11, 1,1,       1801 ,,112658,112658,112658286600,1,,,,,,0,725,13000,128,724,32000,128
1100,20160112,11, 1,1,       1801 ,,112658,112658,112658288200,1,,,,,,0,725,16000,128,724,32000,128
1100,20160112,11, 1,1,       1801 ,,112707,112707,112707249500,1,,,,,,0,725,16000,128,724,33000,128
1100,20160112,11, 1,1,       1801 ,,112707,112707,112707251200,1,,,,,,0,725,17000,128,724,33000,128
1100,20160112,11, 1,1,       1801 ,,112708,112708,112708936900,1,,,,,,0,725,17000,128,724,29000,128
1100,20160112,11, 1,1,       1801 ,,112712,112712,112712224500,1,,,,,,0,725,18000,128,724,29000,128
1100,20160112,11, 1,1,       1801 ,,112722,112722,112722232100,1,,,,,,0,725,16000,128,724,29000,128
1100,20160112,11, 1,1,       1801 ,,112723,112723,112723751800,1,,,,,,0,725,16000,128,724,28000,128
1100,20160112,11, 1,1,       1801 ,,112723,112723,112723754000,1,,,,,,0,725,18000,128,724,28000,128
1100,20160112,11, 1,1,       1801 ,,112723,112723,112723755300,1,,,,,,0,725,22000,128,724,28000,128
1100,20160112,11, 1,1,       1801 ,,112723,112723,112723756500,1,,,,,,0,725,22000,128,724,27000,128
1100,20160112,11, 1,1,       1801 ,,112725,112725,112725786600,1,,,,,,0,725,26000,128,724,27000,128
1100,20160112,11, 1,1,       1801 ,,112725,112725,112725787900,1,,,,,,0,725,27000,128,724,27000,128
1100,20160112,11, 1,1,       1801 ,,112725,112725,112725788600,1,,,,,,0,725,27000,128,724,23000,128
1100,20160112,11, 1,1,       1801 ,,112725,112725,112725789900,1,,,,,,0,725,27000,128,724,22000,128
1100,20160112,11, 1,1,       1801 ,,112725,112725,112725817100,1,,,,,,0,725,27000,128,724,13000,128
1100,20160112,11, 1,1,       1801 ,,112725,112725,112725818300,1,,,,,,0,725,27000,128,724,15000,128
1100,20160112,11, 1,1,       1801 ,112725,112725,112725,112725818900,1,724,16,0,1000,0,0,725,27000,128,724,14000,128
1100,20160112,11, 1,1,       1801 ,,112725,112725,112725819800,1,,,,,,0,725,26000,128,724,14000,128
1100,20160112,11, 1,1,       1801 ,,112726,112726,112726002600,1,,,,,,0,725,26000,128,724,15000,128
1100,20160112,11, 1,1,       1801 ,,112727,112727,112727228700,1,,,,,,0,725,26000,128,724,20000,128
1100,20160112,11, 1,1,       1801 ,,112730,112730,112730508500,1,,,,,,0,725,26000,128,724,21000,128
1100,20160112,11, 1,1,       1801 ,,112737,112737,112737795000,1,,,,,,0,725,26000,128,724,20000,128
1100,20160112,11, 1,1,       1801 ,,112737,112737,112737937500,1,,,,,,0,725,25000,128,724,20000,128
1100,20160112,11, 1,1,       1801 ,,112738,112738,112738941900,1,,,,,,0,725,25000,128,724,19000,128
1100,20160112,11, 1,1,       1801 ,,112738,112738,112738944300,1,,,,,,0,725,26000,128,724,19000,128
1100,20160112,11, 1,1,       1801 ,,112739,112739,112739303600,1,,,,,,0,725,33000,128,724,19000,128
1100,20160112,11, 1,1,       1801 ,,112739,112739,112739305000,1,,,,,,0,725,39000,128,724,19000,128
1100,20160112,11, 1,1,       1801 ,,112741,112741,112741480200,1,,,,,,0,725,39000,128,724,18000,128
1100,20160112,11, 1,1,       1801 ,,112751,112751,112751366800,1,,,,,,0,725,39000,128,724,16000,128
1100,20160112,11, 1,1,       1801 ,,112751,112751,112751368300,1,,,,,,0,725,37000,128,724,16000,128
1100,20160112,11, 1,1,       1801 ,,112751,112751,112751942500,1,,,,,,0,725,36000,128,724,16000,128
1100,20160112,11, 1,1,       1801 ,,112751,112751,112751944400,1,,,,,,0,725,36000,128,724,18000,128
1100,20160112,11, 1,1,       1801 ,,112752,112752,112752384700,1,,,,,,0,725,36000,128,724,19000,128
1100,20160112,11, 1,1,       1801 ,,112752,112752,112752386000,1,,,,,,0,725,36000,128,724,23000,128
1100,20160112,11, 1,1,       1801 ,,112756,112756,112756582300,1,,,,,,0,725,37000,128,724,23000,128
1100,20160112,11, 1,1,       1801 ,,112757,112757,112757452700,1,,,,,,0,725,36000,128,724,23000,128
1100,20160112,11, 1,1,       1801 ,,112758,112758,112758242200,1,,,,,,0,725,35000,128,724,23000,128
1100,20160112,11, 1,1,       1801 ,,112758,112758,112758540900,1,,,,,,0,725,36000,128,724,23000,128
1100,20160112,11, 1,1,       1801 ,,112759,112759,112759191700,1,,,,,,0,725,35000,128,724,23000,128
1100,20160112,11, 1,1,       1801 ,,112759,112759,112759211400,1,,,,,,0,725,36000,128,724,23000,128
1100,20160112,11, 1,1,       1801 ,,112802,112802,112802740600,1,,,,,,0,725,36000,128,724,21000,128
1100,20160112,11, 1,1,       1801 ,112802,112802,112802,112802808800,1,724,16,0,1000,0,0,725,36000,128,724,20000,128
1100,20160112,11, 1,1,       1801 ,,112802,112802,112802810600,1,,,,,,0,725,42000,128,724,20000,128
1100,20160112,11, 1,1,       1801 ,,112802,112802,112802811800,1,,,,,,0,725,42000,128,724,16000,128
1100,20160112,11, 1,1,       1801 ,112806,112806,112806,112806009700,1,724,16,0,13000,0,0,725,42000,128,724,3000,128
1100,20160112,11, 1,1,       1801 ,,112806,112806,112806011900,1,,,,,,0,725,42000,128,724,3000,128
1100,20160112,11, 1,1,       1801 ,112806,112806,112806,112806012800,1,724,16,0,1000,0,0,725,42000,128,724,2000,128
1100,20160112,11, 1,1,       1801 ,,112806,112806,112806013700,1,,,,,,0,725,42000,128,724,2000,128
1100,20160112,11, 1,1,       1801 ,112806,112806,112806,112806014600,1,724,16,0,1000,0,0,725,42000,128,724,1000,128
1100,20160112,11, 1,1,       1801 ,,112806,112806,112806015600,1,,,,,,0,725,44000,128,724,1000,128
1100,20160112,11, 1,1,       1801 ,,112806,112806,112806016600,1,,,,,,0,725,45000,128,724,1000,128
1100,20160112,11, 1,1,       1801 ,112806,112806,112806,112806018700,1,724,16,0,1000,0,0,725,45000,128,723,102000,128
1100,20160112,11, 1,1,       1801 ,,112806,112806,112806019800,1,,,,,,0,724,3000,128,723,102000,128
1100,20160112,11, 1,1,       1801 ,,112806,112806,112806030400,1,,,,,,0,724,3000,128,723,100000,128
1100,20160112,11, 1,1,       1801 ,,112806,112806,112806031300,1,,,,,,0,724,9000,128,723,100000,128
1100,20160112,11, 1,1,       1801 ,,112806,112806,112806032000,1,,,,,,0,724,9000,128,723,101000,128
1100,20160112,11, 1,1,       1801 ,,112806,112806,112806033600,1,,,,,,0,724,9000,128,723,100000,128
1100,20160112,11, 1,1,       1801 ,,112806,112806,112806034300,1,,,,,,0,724,9000,128,723,98000,128
1100,20160112,11, 1,1,       1801 ,112806,112806,112806,112806035200,1,724,48,0,3000,0,0,724,6000,128,723,98000,128
1100,20160112,11, 1,1,       1801 ,,112806,112806,112806036200,1,,,,,,0,724,6000,128,723,98000,128
1100,20160112,11, 1,1,       1801 ,,112806,112806,112806037800,1,,,,,,0,724,6000,128,723,92000,128
1100,20160112,11, 1,1,       1801 ,,112806,112806,112806040100,1,,,,,,0,724,6000,128,723,91000,128
1100,20160112,11, 1,1,       1801 ,,112806,112806,112806047800,1,,,,,,0,724,6000,128,723,87000,128
1100,20160112,11, 1,1,       1801 ,112806,112806,112806,112806048500,1,724,48,0,6000,0,0,725,54000,128,723,87000,128
1100,20160112,11, 1,1,       1801 ,,112806,112806,112806053000,1,,,,,,0,725,54000,128,723,87000,128
1100,20160112,11, 1,1,       1801 ,,112806,112806,112806053900,1,,,,,,0,725,58000,128,723,87000,128
1100,20160112,11, 1,1,       1801 ,,112806,112806,112806054600,1,,,,,,0,725,57000,128,723,87000,128
1100,20160112,11, 1,1,       1801 ,,112806,112806,112806057500,1,,,,,,0,725,58000,128,723,87000,128
1100,20160112,11, 1,1,       1801 ,,112806,112806,112806058200,1,,,,,,0,725,58000,128,723,70000,128
1100,20160112,11, 1,1,       1801 ,,112806,112806,112806058900,1,,,,,,0,725,58000,128,723,71000,128
1100,20160112,11, 1,1,       1801 ,,112806,112806,112806059700,1,,,,,,0,724,1000,128,723,71000,128
1100,20160112,11, 1,1,       1801 ,,112806,112806,112806061700,1,,,,,,0,724,1000,128,723,70000,128
1100,20160112,11, 1,1,       1801 ,,112806,112806,112806072200,1,,,,,,0,725,58000,128,723,70000,128
1100,20160112,11, 1,1,       1801 ,,112806,112806,112806073000,1,,,,,,0,725,57000,128,723,70000,128
1100,20160112,11, 1,1,       1801 ,,112806,112806,112806074500,1,,,,,,0,725,57000,128,723,71000,128
1100,20160112,11, 1,1,       1801 ,,112806,112806,112806085200,1,,,,,,0,725,58000,128,723,71000,128
1100,20160112,11, 1,1,       1801 ,,112806,112806,112806091600,1,,,,,,0,724,1000,128,723,71000,128
1100,20160112,11, 1,1,       1801 ,,112806,112806,112806093800,1,,,,,,0,724,1000,128,723,70000,128
1100,20160112,11, 1,1,       1801 ,,112806,112806,112806100700,1,,,,,,0,724,2000,128,723,70000,128
1100,20160112,11, 1,1,       1801 ,,112806,112806,112806127800,1,,,,,,0,724,3000,128,723,70000,128
1100,20160112,11, 1,1,       1801 ,,112806,112806,112806129000,1,,,,,,0,724,3000,128,723,69000,128
1100,20160112,11, 1,1,       1801 ,,112806,112806,112806283000,1,,,,,,0,724,4000,128,723,69000,128
1100,20160112,11, 1,1,       1801 ,,112806,112806,112806287400,1,,,,,,0,724,10000,128,723,69000,128
1100,20160112,11, 1,1,       1801 ,,112808,112808,112808137600,1,,,,,,0,724,11000,128,723,69000,128
1100,20160112,11, 1,1,       1801 ,,112808,112808,112808280500,1,,,,,,0,724,11000,128,723,70000,128
1100,20160112,11, 1,1,       1801 ,,112809,112809,112809750600,1,,,,,,0,724,12000,128,723,70000,128
1100,20160112,11, 1,1,       1801 ,,112810,112810,112810640600,1,,,,,,0,724,11000,128,723,70000,128
1100,20160112,11, 1,1,       1801 ,,112814,112814,112814409700,1,,,,,,0,724,11000,128,723,68000,128
1100,20160112,11, 1,1,       1801 ,,112825,112825,112825562900,1,,,,,,0,724,12000,128,723,68000,128
1100,20160112,11, 1,1,       1801 ,,112825,112825,112825568300,1,,,,,,0,724,15000,128,723,68000,128
1100,20160112,11, 1,1,       1801 ,,112825,112825,112825569600,1,,,,,,0,724,19000,128,723,68000,128
1100,20160112,11, 1,1,       1801 ,,112825,112825,112825570200,1,,,,,,0,724,21000,128,723,68000,128
1100,20160112,11, 1,1,       1801 ,,112825,112825,112825573600,1,,,,,,0,724,21000,128,723,65000,128
1100,20160112,11, 1,1,       1801 ,,112826,112826,112826040700,1,,,,,,0,724,21000,128,723,61000,128
1100,20160112,11, 1,1,       1801 ,,112826,112826,112826254500,1,,,,,,0,724,22000,128,723,61000,128
1100,20160112,11, 1,1,       1801 ,,112826,112826,112826442500,1,,,,,,0,724,21000,128,723,61000,128
1100,20160112,11, 1,1,       1801 ,112829,112829,112829,112829718200,1,723,16,0,1000,0,0,724,21000,128,723,60000,128
1100,20160112,11, 1,1,       1801 ,,112831,112831,112831589900,1,,,,,,0,724,21000,128,723,60000,128
1100,20160112,11, 1,1,       1801 ,112839,112839,112839,112839019200,1,724,48,0,1000,0,0,724,20000,128,723,60000,128
1100,20160112,11, 1,1,       1801 ,,112839,112839,112839021000,1,,,,,,0,724,20000,128,723,64000,128
1100,20160112,11, 1,1,       1801 ,,112839,112839,112839022500,1,,,,,,0,724,20000,128,723,67000,128
1100,20160112,11, 1,1,       1801 ,,112839,112839,112839023600,1,,,,,,0,724,16000,128,723,67000,128
1100,20160112,11, 1,1,       1801 ,,112839,112839,112839025200,1,,,,,,0,724,14000,128,723,67000,128
1100,20160112,11, 1,1,       1801 ,,112840,112840,112840040200,1,,,,,,0,724,14000,128,723,68000,128
1100,20160112,11, 1,1,       1801 ,,112840,112840,112840259400,1,,,,,,0,724,11000,128,723,68000,128
1100,20160112,11, 1,1,       1801 ,,112841,112841,112841850900,1,,,,,,0,724,12000,128,723,68000,128
1100,20160112,11, 1,1,       1801 ,,112845,112845,112845186600,1,,,,,,0,724,13000,128,723,68000,128
1100,20160112,11, 1,1,       1801 ,,112846,112846,112846528400,1,,,,,,0,724,13000,128,723,67000,128
1100,20160112,11, 1,1,       1801 ,,112846,112846,112846599400,1,,,,,,0,724,15000,128,723,67000,128
1100,20160112,11, 1,1,       1801 ,,112855,112855,112855214000,1,,,,,,0,724,15000,128,723,68000,128
1100,20160112,11, 1,1,       1801 ,,112855,112855,112855679800,1,,,,,,0,724,15000,128,723,69000,128
1100,20160112,11, 1,1,       1801 ,112856,112856,112856,112856204400,1,723,16,0,1000,0,0,724,15000,128,723,68000,128
1100,20160112,11, 1,1,       1801 ,,112856,112856,112856207000,1,,,,,,0,724,15000,128,723,67000,128
1100,20160112,11, 1,1,       1801 ,112858,112858,112858,112858548100,1,724,48,0,1000,0,0,724,14000,128,723,67000,128
1100,20160112,11, 1,1,       1801 ,,112859,112859,112859244700,1,,,,,,0,724,14000,128,723,67000,128
1100,20160112,11, 1,1,       1801 ,112900,112900,112900,112900000900,1,724,48,0,3000,0,0,724,11000,128,723,67000,128
1100,20160112,11, 1,1,       1801 ,,112900,112900,112900002600,1,,,,,,0,724,11000,128,723,67000,128
1100,20160112,11, 1,1,       1801 ,,112900,112900,112900033700,1,,,,,,0,724,12000,128,723,67000,128
1100,20160112,11, 1,1,       1801 ,112900,112900,112900,112900136700,1,723,16,0,2000,0,0,724,12000,128,723,65000,128
1100,20160112,11, 1,1,       1801 ,,112900,112900,112900255500,1,,,,,,0,724,13000,128,723,65000,128
1100,20160112,11, 1,1,       1801 ,,112900,112900,112900468800,1,,,,,,0,724,13000,128,723,62000,128
1100,20160112,11, 1,1,       1801 ,112900,112900,112900,112900477900,1,723,16,0,6000,0,0,724,13000,128,723,56000,128
1100,20160112,11, 1,1,       1801 ,,112900,112900,112900480100,1,,,,,,0,724,17000,128,723,56000,128
1100,20160112,11, 1,1,       1801 ,,112900,112900,112900480800,1,,,,,,0,724,20000,128,723,56000,128
1100,20160112,11, 1,1,       1801 ,,112900,112900,112900482400,1,,,,,,0,724,22000,128,723,56000,128
1100,20160112,11, 1,1,       1801 ,112900,112900,112900,112900491100,1,723,16,0,2000,0,0,724,22000,128,723,54000,128
1100,20160112,11, 1,1,       1801 ,,112900,112900,112900530400,1,,,,,,0,724,31000,128,723,54000,128
1100,20160112,11, 1,1,       1801 ,,112900,112900,112900531700,1,,,,,,0,724,31000,128,723,50000,128
1100,20160112,11, 1,1,       1801 ,,112900,112900,112900534500,1,,,,,,0,724,31000,128,723,49000,128
1100,20160112,11, 1,1,       1801 ,,112900,112900,112900535400,1,,,,,,0,724,32000,128,723,49000,128
1100,20160112,11, 1,1,       1801 ,,112900,112900,112900537000,1,,,,,,0,724,32000,128,723,46000,128
1100,20160112,11, 1,1,       1801 ,,112900,112900,112900541800,1,,,,,,0,724,32000,128,723,47000,128
1100,20160112,11, 1,1,       1801 ,,112901,112901,112901035400,1,,,,,,0,724,33000,128,723,47000,128
1100,20160112,11, 1,1,       1801 ,,112901,112901,112901653000,1,,,,,,0,724,32000,128,723,47000,128
1100,20160112,11, 1,1,       1801 ,,112901,112901,112901656000,1,,,,,,0,724,33000,128,723,47000,128
1100,20160112,11, 1,1,       1801 ,,112901,112901,112901773100,1,,,,,,0,724,32000,128,723,47000,128
1100,20160112,11, 1,1,       1801 ,,112901,112901,112901868800,1,,,,,,0,724,33000,128,723,47000,128
1100,20160112,11, 1,1,       1801 ,,112902,112902,112902340000,1,,,,,,0,724,32000,128,723,47000,128
1100,20160112,11, 1,1,       1801 ,,112902,112902,112902532800,1,,,,,,0,724,32000,128,723,42000,128
1100,20160112,11, 1,1,       1801 ,,112902,112902,112902687300,1,,,,,,0,724,33000,128,723,42000,128
1100,20160112,11, 1,1,       1801 ,,112902,112902,112902700500,1,,,,,,0,724,32000,128,723,42000,128
1100,20160112,11, 1,1,       1801 ,,112902,112902,112902715400,1,,,,,,0,724,33000,128,723,42000,128
1100,20160112,11, 1,1,       1801 ,,112902,112902,112902765000,1,,,,,,0,724,32000,128,723,42000,128
1100,20160112,11, 1,1,       1801 ,112903,112903,112903,112903819300,1,723,16,0,1000,0,0,724,32000,128,723,41000,128
1100,20160112,11, 1,1,       1801 ,,112904,112904,112904300000,1,,,,,,0,724,34000,128,723,41000,128
1100,20160112,11, 1,1,       1801 ,,112904,112904,112904660700,1,,,,,,0,724,33000,128,723,41000,128
1100,20160112,11, 1,1,       1801 ,,112904,112904,112904713400,1,,,,,,0,724,34000,128,723,41000,128
1100,20160112,11, 1,1,       1801 ,,112905,112905,112905737000,1,,,,,,0,724,34000,128,723,40000,128
1100,20160112,11, 1,1,       1801 ,112907,112907,112907,112907190700,1,723,16,0,12000,0,0,724,34000,128,723,28000,128
1100,20160112,11, 1,1,       1801 ,112907,112907,112907,112907193300,1,723,16,0,28000,0,0,724,34000,128,722,50000,128
1100,20160112,11, 1,1,       1801 ,,112907,112907,112907202900,1,,,,,,0,724,34000,128,722,48000,128
1100,20160112,11, 1,1,       1801 ,,112907,112907,112907204300,1,,,,,,0,723,2000,128,722,48000,128
1100,20160112,11, 1,1,       1801 ,,112907,112907,112907205500,1,,,,,,0,723,3000,128,722,48000,128
1100,20160112,11, 1,1,       1801 ,,112907,112907,112907213700,1,,,,,,0,723,6000,128,722,48000,128
1100,20160112,11, 1,1,       1801 ,,112907,112907,112907214700,1,,,,,,0,723,7000,128,722,48000,128
1100,20160112,11, 1,1,       1801 ,,112907,112907,112907216800,1,,,,,,0,723,7000,128,722,45000,128
1100,20160112,11, 1,1,       1801 ,112907,112907,112907,112907223400,1,723,48,0,2000,0,0,723,5000,128,722,45000,128
1100,20160112,11, 1,1,       1801 ,,112907,112907,112907224700,1,,,,,,0,723,5000,128,722,45000,128
1100,20160112,11, 1,1,       1801 ,,112907,112907,112907227200,1,,,,,,0,723,5000,128,722,43000,128
1100,20160112,11, 1,1,       1801 ,,112907,112907,112907228500,1,,,,,,0,723,5000,128,722,37000,128
1100,20160112,11, 1,1,       1801 ,,112907,112907,112907232400,1,,,,,,0,723,6000,128,722,37000,128
1100,20160112,11, 1,1,       1801 ,,112907,112907,112907234300,1,,,,,,0,723,6000,128,722,36000,128
1100,20160112,11, 1,1,       1801 ,,112907,112907,112907236000,1,,,,,,0,723,6000,128,722,38000,128
1100,20160112,11, 1,1,       1801 ,,112907,112907,112907261500,1,,,,,,0,723,6000,128,722,34000,128
1100,20160112,11, 1,1,       1801 ,,112907,112907,112907262700,1,,,,,,0,723,6000,128,722,33000,128
1100,20160112,11, 1,1,       1801 ,,112907,112907,112907294500,1,,,,,,0,723,7000,128,722,33000,128
1100,20160112,11, 1,1,       1801 ,,112907,112907,112907572000,1,,,,,,0,723,6000,128,722,33000,128
1100,20160112,11, 1,1,       1801 ,112908,112908,112908,112908022000,1,722,16,0,1000,0,0,723,6000,128,722,32000,128
1100,20160112,11, 1,1,       1801 ,,112908,112908,112908023800,1,,,,,,0,723,6000,128,722,32000,128
1100,20160112,11, 1,1,       1801 ,,112909,112909,112909500200,1,,,,,,0,723,7000,128,722,32000,128
1100,20160112,11, 1,1,       1801 ,,112911,112911,112911846600,1,,,,,,0,723,6000,128,722,32000,128
1100,20160112,11, 1,1,       1801 ,,112914,112914,112914803700,1,,,,,,0,723,7000,128,722,32000,128
1100,20160112,11, 1,1,       1801 ,,112917,112917,112917870200,1,,,,,,0,723,6000,128,722,32000,128
1100,20160112,11, 1,1,       1801 ,,112918,112918,112918205700,1,,,,,,0,723,6000,128,722,33000,128
1100,20160112,11, 1,1,       1801 ,,112925,112925,112925000700,1,,,,,,0,723,6000,128,722,32000,128
1100,20160112,11, 1,1,       1801 ,,112925,112925,112925010400,1,,,,,,0,723,6000,128,722,28000,128
1100,20160112,11, 1,1,       1801 ,,112925,112925,112925021200,1,,,,,,0,723,6000,128,722,25000,128
1100,20160112,11, 1,1,       1801 ,,112929,112929,112929660200,1,,,,,,0,723,6000,128,722,26000,128
1100,20160112,11, 1,1,       1801 ,112930,112930,112930,112930531300,1,722,16,0,1000,0,0,723,6000,128,722,25000,128
1100,20160112,11, 1,1,       1801 ,112931,112931,112931,112931984000,1,722,16,0,1000,0,0,723,6000,128,722,24000,128
1100,20160112,11, 1,1,       1801 ,,112933,112933,112933035600,1,,,,,,0,723,6000,128,722,24000,128
1100,20160112,11, 1,1,       1801 ,,112940,112940,112940970300,1,,,,,,0,723,6000,128,722,22000,128
1100,20160112,11, 1,1,       1801 ,,112943,112943,112943333500,1,,,,,,0,723,7000,128,722,22000,128
1100,20160112,11, 1,1,       1801 ,112954,112954,112954,112954795000,1,723,48,0,1000,0,0,723,6000,128,722,22000,128
1100,20160112,11, 1,1,       1801 ,112954,112954,112954,112954796700,1,723,48,0,6000,0,0,724,30000,128,722,22000,128
1100,20160112,11, 1,1,       1801 ,,112954,112954,112954800300,1,,,,,,0,724,30000,128,722,22000,128
1100,20160112,11, 1,1,       1801 ,,112954,112954,112954800900,1,,,,,,0,724,30000,128,723,1000,128
1100,20160112,11, 1,1,       1801 ,,112954,112954,112954803400,1,,,,,,0,724,30000,128,723,2000,128
1100,20160112,11, 1,1,       1801 ,,112954,112954,112954804100,1,,,,,,0,724,29000,128,723,2000,128
1100,20160112,11, 1,1,       1801 ,,112954,112954,112954811700,1,,,,,,0,724,25000,128,723,2000,128
1100,20160112,11, 1,1,       1801 ,,112955,112955,112955053900,1,,,,,,0,724,25000,128,723,1000,128
1100,20160112,11, 1,1,       1801 ,,112955,112955,112955133500,1,,,,,,0,724,16000,128,723,1000,128
1100,20160112,11, 1,1,       1801 ,,112959,112959,112959065700,1,,,,,,0,724,17000,128,723,1000,128
1100,20160112,11, 1,1,       1801 ,,112959,112959,112959172800,1,,,,,,0,724,16000,128,723,1000,128
1100,20160112,11, 1,1,       1801 ,,112959,112959,112959191400,1,,,,,,0,724,16000,128,723,2000,128
1100,20160112,11, 1,1,       1801 ,113000,113000,113000,113000000000,1,723,16,128,4000,0,1,724,16000,128,722,12000,128
1100,20160112,11, 1,2,       1801 ,,120500,120500,120500061000,1,,,,,,0,724,16000,112,722,12000,112
1100,20160112,11, 1,2,       1801 ,,120500,120500,120500125700,1,,,,,,0,724,16000,112,723,1000,112
1100,20160112,11, 1,2,       1801 ,,120500,120500,120500126500,1,,,,,,0,724,16000,112,723,2000,112
1100,20160112,11, 1,2,       1801 ,,120500,120500,120500127300,1,,,,,,0,724,17000,112,723,2000,112
1100,20160112,11, 1,2,       1801 ,,120500,120500,120500129200,1,,,,,,0,723,2000,112,723,2000,112
1100,20160112,11, 1,2,       1801 ,,120500,120500,120500130100,1,,,,,,0,723,3000,112,722,14000,112
1100,20160112,11, 1,2,       1801 ,,120500,120500,120500130900,1,,,,,,0,723,4000,112,722,14000,112
1100,20160112,11, 1,2,       1801 ,,120500,120500,120500179600,1,,,,,,0,723,4000,112,722,15000,112
1100,20160112,11, 1,2,       1801 ,,120500,120500,120500260100,1,,,,,,0,723,4000,112,723,4000,112
1100,20160112,11, 1,2,       1801 ,,120500,120500,120500582300,1,,,,,,0,724,20000,112,723,5000,112
1100,20160112,11, 1,2,       1801 ,,120500,120500,120500754000,1,,,,,,0,723,5000,112,723,5000,112
1100,20160112,11, 1,2,       1801 ,,120501,120501,120501195300,1,,,,,,0,724,25000,112,723,6000,112
1100,20160112,11, 1,2,       1801 ,,120501,120501,120501552600,1,,,,,,0,723,6000,112,723,6000,112
1100,20160112,11, 1,2,       1801 ,,120501,120501,120501624800,1,,,,,,0,724,26000,112,723,7000,112
1100,20160112,11, 1,2,       1801 ,,120501,120501,120501885500,1,,,,,,0,723,7000,112,723,7000,112
1100,20160112,11, 1,2,       1801 ,,120503,120503,120503047500,1,,,,,,0,724,27000,112,723,12000,112
1100,20160112,11, 1,2,       1801 ,,120503,120503,120503251300,1,,,,,,0,724,28000,112,723,12000,112
1100,20160112,11, 1,2,       1801 ,,120503,120503,120503602200,1,,,,,,0,724,29000,112,723,12000,112
1100,20160112,11, 1,2,       1801 ,,120504,120504,120504135200,1,,,,,,0,724,29000,112,723,13000,112
1100,20160112,11, 1,2,       1801 ,,120505,120505,120505579000,1,,,,,,0,724,29000,112,723,15000,112
1100,20160112,11, 1,2,       1801 ,,120505,120505,120505712700,1,,,,,,0,724,29000,112,723,16000,112
1100,20160112,11, 1,2,       1801 ,,120507,120507,120507054900,1,,,,,,0,724,29000,112,723,19000,112
1100,20160112,11, 1,2,       1801 ,,120507,120507,120507858200,1,,,,,,0,724,30000,112,723,19000,112
1100,20160112,11, 1,2,       1801 ,,120508,120508,120508553200,1,,,,,,0,724,32000,112,723,19000,112
1100,20160112,11, 1,2,       1801 ,,120508,120508,120508557200,1,,,,,,0,724,33000,112,723,19000,112
1100,20160112,11, 1,2,       1801 ,,120509,120509,120509634500,1,,,,,,0,724,34000,112,723,19000,112
1100,20160112,11, 1,2,       1801 ,,120511,120511,120511057800,1,,,,,,0,724,34000,112,723,20000,112
1100,20160112,11, 1,2,       1801 ,,120511,120511,120511592400,1,,,,,,0,724,34000,112,723,21000,112
1100,20160112,11, 1,2,       1801 ,,120511,120511,120511990600,1,,,,,,0,724,35000,112,723,21000,112
1100,20160112,11, 1,2,       1801 ,,120514,120514,120514052300,1,,,,,,0,724,37000,112,723,21000,112
1100,20160112,11, 1,2,       1801 ,,120515,120515,120515546100,1,,,,,,0,724,38000,112,723,21000,112
1100,20160112,11, 1,2,       1801 ,,120515,120515,120515546700,1,,,,,,0,724,39000,112,723,21000,112
1100,20160112,11, 1,2,       1801 ,,120516,120516,120516123300,1,,,,,,0,724,39000,112,723,22000,112
1100,20160112,11, 1,2,       1801 ,,120517,120517,120517117500,1,,,,,,0,724,40000,112,723,22000,112
1100,20160112,11, 1,2,       1801 ,,120518,120518,120518554600,1,,,,,,0,724,41000,112,723,22000,112
1100,20160112,11, 1,2,       1801 ,,120519,120519,120519050500,1,,,,,,0,724,41000,112,723,31000,112
1100,20160112,11, 1,2,       1801 ,,120520,120520,120520058800,1,,,,,,0,724,50000,112,723,31000,112
1100,20160112,11, 1,2,       1801 ,,120530,120530,120530045700,1,,,,,,0,724,51000,112,723,31000,112
1100,20160112,11, 1,2,       1801 ,,120550,120550,120550943600,1,,,,,,0,724,52000,112,723,31000,112
1100,20160112,11, 1,2,       1801 ,,120554,120554,120554731500,1,,,,,,0,724,52000,112,723,32000,112
1100,20160112,11, 1,2,       1801 ,,120630,120630,120630134000,1,,,,,,0,724,52000,112,723,38000,112
1100,20160112,11, 1,2,       1801 ,,120633,120633,120633826600,1,,,,,,0,724,52000,112,723,39000,112
1100,20160112,11, 1,2,       1801 ,,120651,120651,120651344600,1,,,,,,0,724,52000,112,723,41000,112
1100,20160112,11, 1,2,       1801 ,,120713,120713,120713214100,1,,,,,,0,724,52000,112,723,42000,112
1100,20160112,11, 1,2,       1801 ,,120730,120730,120730808300,1,,,,,,0,724,53000,112,723,42000,112
1100,20160112,11, 1,2,       1801 ,,120730,120730,120730816400,1,,,,,,0,724,54000,112,723,42000,112
1100,20160112,11, 1,2,       1801 ,,120731,120731,120731615400,1,,,,,,0,724,56000,112,723,42000,112
1100,20160112,11, 1,2,       1801 ,,120741,120741,120741494400,1,,,,,,0,724,56000,112,723,41000,112
1100,20160112,11, 1,2,       1801 ,,120838,120838,120838752900,1,,,,,,0,724,56000,112,723,42000,112
1100,20160112,11, 1,2,       1801 ,,120917,120917,120917604900,1,,,,,,0,724,56000,112,723,44000,112
1100,20160112,11, 1,2,       1801 ,,120942,120942,120942137200,1,,,,,,0,724,57000,112,723,44000,112
1100,20160112,11, 1,2,       1801 ,,120956,120956,120956713600,1,,,,,,0,724,58000,112,723,44000,112
1100,20160112,11, 1,2,       1801 ,,121026,121026,121026781600,1,,,,,,0,724,58000,112,723,47000,112
1100,20160112,11, 1,2,       1801 ,,121225,121225,121225080500,1,,,,,,0,724,58000,112,723,48000,112
1100,20160112,11, 1,2,       1801 ,,121229,121229,121229046400,1,,,,,,0,724,59000,112,723,48000,112
1100,20160112,11, 1,2,       1801 ,,121354,121354,121354684000,1,,,,,,0,724,59000,112,723,52000,112
1100,20160112,11, 1,2,       1801 ,,121448,121448,121448393100,1,,,,,,0,724,59000,112,723,53000,112
1100,20160112,11, 1,2,       1801 ,,121501,121501,121501108800,1,,,,,,0,724,71000,112,723,53000,112
1100,20160112,11, 1,2,       1801 ,,121559,121559,121559447600,1,,,,,,0,724,71000,112,723,52000,112
1100,20160112,11, 1,2,       1801 ,,121615,121615,121615701200,1,,,,,,0,724,71000,112,723,71000,112
1100,20160112,11, 1,2,       1801 ,,121643,121643,121643070500,1,,,,,,0,724,71000,112,723,73000,112
1100,20160112,11, 1,2,       1801 ,,121709,121709,121709859500,1,,,,,,0,724,73000,112,723,73000,112
1100,20160112,11, 1,2,       1801 ,,121731,121731,121731008300,1,,,,,,0,724,74000,112,723,73000,112
1100,20160112,11, 1,2,       1801 ,,121826,121826,121826014900,1,,,,,,0,724,74000,112,723,74000,112
1100,20160112,11, 1,2,       1801 ,,122001,122001,122001214300,1,,,,,,0,724,74000,112,723,75000,112
1100,20160112,11, 1,2,       1801 ,,122001,122001,122001348300,1,,,,,,0,724,74000,112,723,76000,112
1100,20160112,11, 1,2,       1801 ,,122001,122001,122001727400,1,,,,,,0,724,74000,112,723,79000,112
1100,20160112,11, 1,2,       1801 ,,122002,122002,122002214000,1,,,,,,0,725,93000,112,724,75000,112
1100,20160112,11, 1,2,       1801 ,,122002,122002,122002215400,1,,,,,,0,725,93000,112,724,84000,112
1100,20160112,11, 1,2,       1801 ,,122004,122004,122004065100,1,,,,,,0,725,94000,112,724,84000,112
1100,20160112,11, 1,2,       1801 ,,122026,122026,122026847400,1,,,,,,0,725,94000,112,724,87000,112
1100,20160112,11, 1,2,       1801 ,,122037,122037,122037206700,1,,,,,,0,725,95000,112,724,87000,112
1100,20160112,11, 1,2,       1801 ,,122106,122106,122106876700,1,,,,,,0,725,96000,112,724,87000,112
1100,20160112,11, 1,2,       1801 ,,122112,122112,122112876700,1,,,,,,0,725,96000,112,724,89000,112
1100,20160112,11, 1,2,       1801 ,,122121,122121,122121215900,1,,,,,,0,725,97000,112,724,89000,112
1100,20160112,11, 1,2,       1801 ,,122220,122220,122220337600,1,,,,,,0,725,97000,112,724,94000,112
1100,20160112,11, 1,2,       1801 ,,122230,122230,122230749400,1,,,,,,0,725,97000,112,724,95000,112
1100,20160112,11, 1,2,       1801 ,,122247,122247,122247001300,1,,,,,,0,725,97000,112,724,96000,112
1100,20160112,11, 1,2,       1801 ,,122305,122305,122305295200,1,,,,,,0,726,115000,112,725,99000,112
1100,20160112,11, 1,2,       1801 ,,122319,122319,122319039000,1,,,,,,0,726,115000,112,725,101000,112
1100,20160112,11, 1,2,       1801 ,,122320,122320,122320562000,1,,,,,,0,726,115000,112,725,103000,112
1100,20160112,11, 1,2,       1801 ,,122324,122324,122324022100,1,,,,,,0,726,115000,112,725,104000,112
1100,20160112,11, 1,2,       1801 ,,122333,122333,122333164300,1,,,,,,0,726,115000,112,725,106000,112
1100,20160112,11, 1,2,       1801 ,,122341,122341,122341777000,1,,,,,,0,726,115000,112,725,107000,112
1100,20160112,11, 1,2,       1801 ,,122355,122355,122355318900,1,,,,,,0,726,115000,112,725,108000,112
1100,20160112,11, 1,2,       1801 ,,122356,122356,122356352200,1,,,,,,0,726,116000,112,725,108000,112
1100,20160112,11, 1,2,       1801 ,,122359,122359,122359041600,1,,,,,,0,726,116000,112,725,111000,112
1100,20160112,11, 1,2,       1801 ,,122406,122406,122406895600,1,,,,,,0,726,116000,112,725,112000,112
1100,20160112,11, 1,2,       1801 ,,122422,122422,122422016100,1,,,,,,0,726,116000,112,725,110000,112
1100,20160112,11, 1,2,       1801 ,,122428,122428,122428403000,1,,,,,,0,726,116000,112,725,109000,112
1100,20160112,11, 1,2,       1801 ,,122428,122428,122428477900,1,,,,,,0,726,117000,112,725,109000,112
1100,20160112,11, 1,2,       1801 ,,122444,122444,122444224500,1,,,,,,0,726,115000,112,725,109000,112
1100,20160112,11, 1,2,       1801 ,,122444,122444,122444624100,1,,,,,,0,726,115000,112,725,110000,112
1100,20160112,11, 1,2,       1801 ,,122450,122450,122450027700,1,,,,,,0,726,115000,112,725,111000,112
1100,20160112,11, 1,2,       1801 ,,122500,122500,122500042200,1,,,,,,0,726,124000,112,725,111000,112
1100,20160112,11, 1,2,       1801 ,,122506,122506,122506314700,1,,,,,,0,726,125000,112,725,111000,112
1100,20160112,11, 1,2,       1801 ,,122525,122525,122525228300,1,,,,,,0,726,125000,112,725,110000,112
1100,20160112,11, 1,2,       1801 ,,122532,122532,122532657400,1,,,,,,0,726,125000,112,725,109000,112
1100,20160112,11, 1,2,       1801 ,,122550,122550,122550385000,1,,,,,,0,725,107000,112,724,108000,112
1100,20160112,11, 1,2,       1801 ,,122552,122552,122552303400,1,,,,,,0,725,107000,112,724,106000,112
1100,20160112,11, 1,2,       1801 ,,122606,122606,122606633300,1,,,,,,0,725,107000,112,724,108000,112
1100,20160112,11, 1,2,       1801 ,,122611,122611,122611959200,1,,,,,,0,725,109000,112,724,108000,112
1100,20160112,11, 1,2,       1801 ,,122634,122634,122634556700,1,,,,,,0,725,109000,112,724,109000,112
1100,20160112,11, 1,2,       1801 ,,122719,122719,122719514900,1,,,,,,0,725,110000,112,724,109000,112
1100,20160112,11, 1,2,       1801 ,,122720,122720,122720984400,1,,,,,,0,725,110000,112,724,110000,112
1100,20160112,11, 1,2,       1801 ,,122721,122721,122721087800,1,,,,,,0,725,110000,112,724,109000,112
1100,20160112,11, 1,2,       1801 ,,122730,122730,122730038400,1,,,,,,0,726,121000,112,725,107000,112
1100,20160112,11, 1,2,       1801 ,,122730,122730,122730039300,1,,,,,,0,725,111000,112,724,109000,112
1100,20160112,11, 1,2,       1801 ,,122732,122732,122732591500,1,,,,,,0,725,112000,112,724,109000,112
1100,20160112,11, 1,2,       1801 ,,122745,122745,122745437900,1,,,,,,0,725,113000,112,724,109000,112
1100,20160112,11, 1,2,       1801 ,,122759,122759,122759915500,1,,,,,,0,725,113000,112,724,110000,112
1100,20160112,11, 1,2,       1801 ,,122759,122759,122759964200,1,,,,,,0,725,114000,112,724,110000,112
1100,20160112,11, 1,2,       1801 ,,122800,122800,122800066300,1,,,,,,0,725,115000,112,724,110000,112
1100,20160112,11, 1,2,       1801 ,,122800,122800,122800245400,1,,,,,,0,725,116000,112,724,110000,112
1100,20160112,11, 1,2,       1801 ,,122800,122800,122800701500,1,,,,,,0,725,117000,112,724,110000,112
1100,20160112,11, 1,2,       1801 ,,122800,122800,122800910800,1,,,,,,0,725,117000,112,724,111000,112
1100,20160112,11, 1,2,       1801 ,,122801,122801,122801164300,1,,,,,,0,725,130000,112,724,111000,112
1100,20160112,11, 1,2,       1801 ,,122801,122801,122801165000,1,,,,,,0,725,130000,112,724,112000,112
1100,20160112,11, 1,2,       1801 ,,122801,122801,122801192600,1,,,,,,0,725,131000,112,724,112000,112
1100,20160112,11, 1,2,       1801 ,,122801,122801,122801327400,1,,,,,,0,724,112000,112,724,112000,112
1100,20160112,11, 1,2,       1801 ,,122801,122801,122801678700,1,,,,,,0,725,132000,112,724,113000,112
1100,20160112,11, 1,2,       1801 ,,122804,122804,122804276100,1,,,,,,0,725,132000,112,724,114000,112
1100,20160112,11, 1,2,       1801 ,,122819,122819,122819715300,1,,,,,,0,725,133000,112,724,114000,112
1100,20160112,11, 1,2,       1801 ,,122837,122837,122837105600,1,,,,,,0,724,113000,112,723,126000,112
1100,20160112,11, 1,2,       1801 ,,122843,122843,122843627800,1,,,,,,0,724,113000,112,723,124000,112
1100,20160112,11, 1,2,       1801 ,,122843,122843,122843682900,1,,,,,,0,725,133000,112,724,114000,112
1100,20160112,11, 1,2,       1801 ,,122854,122854,122854282300,1,,,,,,0,724,113000,112,723,124000,112
1100,20160112,11, 1,2,       1801 ,,122854,122854,122854310000,1,,,,,,0,724,113000,112,723,126000,112
1100,20160112,11, 1,2,       1801 ,,122856,122856,122856547600,1,,,,,,0,724,113000,112,724,113000,112
1100,20160112,11, 1,2,       1801 ,,122900,122900,122900829500,1,,,,,,0,725,133000,112,724,114000,112
1100,20160112,11, 1,2,       1801 ,,122905,122905,122905710200,1,,,,,,0,725,129000,112,724,114000,112
1100,20160112,11, 1,2,       1801 ,,122905,122905,122905914800,1,,,,,,0,725,129000,112,724,115000,112
1100,20160112,11, 1,2,       1801 ,,122914,122914,122914928200,1,,,,,,0,725,128000,112,724,115000,112
1100,20160112,11, 1,2,       1801 ,,122918,122918,122918594000,1,,,,,,0,725,128000,112,724,114000,112
1100,20160112,11, 1,2,       1801 ,,122924,122924,122924976300,1,,,,,,0,725,128000,112,724,115000,112
1100,20160112,11, 1,2,       1801 ,,122930,122930,122930039700,1,,,,,,0,725,118000,112,724,115000,112
1100,20160112,11, 1,2,       1801 ,,122930,122930,122930063300,1,,,,,,0,725,114000,112,724,115000,112
1100,20160112,11, 1,2,       1801 ,,122930,122930,122930064200,1,,,,,,0,726,130000,112,725,111000,112
1100,20160112,11, 1,2,       1801 ,,122949,122949,122949442100,1,,,,,,0,726,129000,112,725,111000,112
1100,20160112,11, 1,2,       1801 ,,122949,122949,122949443600,1,,,,,,0,726,125000,112,725,111000,112
1100,20160112,11, 1,2,       1801 ,,122949,122949,122949444400,1,,,,,,0,726,121000,112,725,111000,112
1100,20160112,11, 1,2,       1801 ,,122949,122949,122949445200,1,,,,,,0,726,115000,112,725,111000,112
1100,20160112,11, 1,2,       1801 ,,122949,122949,122949445900,1,,,,,,0,726,112000,112,725,111000,112
1100,20160112,11, 1,2,       1801 ,,122949,122949,122949446600,1,,,,,,0,726,108000,112,725,111000,112
1100,20160112,11, 1,2,       1801 ,,122949,122949,122949447400,1,,,,,,0,727,141000,112,726,107000,112
1100,20160112,11, 1,2,       1801 ,,122949,122949,122949448200,1,,,,,,0,727,151000,112,726,107000,112
1100,20160112,11, 1,2,       1801 ,,122949,122949,122949449000,1,,,,,,0,726,110000,112,725,111000,112
1100,20160112,11, 1,2,       1801 ,,122949,122949,122949449700,1,,,,,,0,727,153000,112,726,107000,112
1100,20160112,11, 1,2,       1801 ,,122949,122949,122949453000,1,,,,,,0,726,107000,112,726,107000,112
1100,20160112,11, 1,2,       1801 ,,122949,122949,122949454400,1,,,,,,0,727,148000,112,726,107000,112
1100,20160112,11, 1,2,       1801 ,,122949,122949,122949455700,1,,,,,,0,727,142000,112,726,107000,112
1100,20160112,11, 1,2,       1801 ,,122949,122949,122949457100,1,,,,,,0,727,141000,112,726,107000,112
1100,20160112,11, 1,2,       1801 ,,122949,122949,122949461000,1,,,,,,0,727,137000,112,726,107000,112
1100,20160112,11, 1,2,       1801 ,,122949,122949,122949462200,1,,,,,,0,727,142000,112,726,107000,112
1100,20160112,11, 1,2,       1801 ,,122949,122949,122949672400,1,,,,,,0,727,141000,112,726,107000,112
1100,20160112,11, 1,2,       1801 ,,122949,122949,122949674900,1,,,,,,0,727,136000,112,726,107000,112
1100,20160112,11, 1,2,       1801 ,,122949,122949,122949677700,1,,,,,,0,727,142000,112,726,107000,112
1100,20160112,11, 1,2,       1801 ,,122950,122950,122950010800,1,,,,,,0,727,141000,112,726,107000,112
1100,20160112,11, 1,2,       1801 ,,122950,122950,122950011500,1,,,,,,0,727,140000,112,726,107000,112
1100,20160112,11, 1,2,       1801 ,,122950,122950,122950014200,1,,,,,,0,727,141000,112,726,107000,112
1100,20160112,11, 1,2,       1801 ,,122950,122950,122950024000,1,,,,,,0,727,140000,112,726,107000,112
1100,20160112,11, 1,2,       1801 ,,122950,122950,122950033800,1,,,,,,0,727,142000,112,726,107000,112
1100,20160112,11, 1,2,       1801 ,,122952,122952,122952284700,1,,,,,,0,727,143000,112,726,107000,112
1100,20160112,11, 1,2,       1801 ,,122952,122952,122952287400,1,,,,,,0,727,142000,112,726,107000,112
1100,20160112,11, 1,2,       1801 ,,122955,122955,122955001300,1,,,,,,0,727,141000,112,726,107000,112
1100,20160112,11, 1,2,       1801 ,,122955,122955,122955566500,1,,,,,,0,727,141000,112,726,111000,112
1100,20160112,11, 1,2,       1801 ,,122955,122955,122955574900,1,,,,,,0,727,139000,112,726,111000,112
1100,20160112,11, 1,2,       1801 ,,122955,122955,122955584200,1,,,,,,0,727,143000,112,726,111000,112
1100,20160112,11, 1,2,       1801 ,,122955,122955,122955585400,1,,,,,,0,727,138000,112,726,111000,112
1100,20160112,11, 1,2,       1801 ,,122955,122955,122955684800,1,,,,,,0,727,145000,112,726,111000,112
1100,20160112,11, 1,2,       1801 ,,122959,122959,122959031600,1,,,,,,0,726,118000,112,725,124000,112
1100,20160112,11, 1,2,       1801 ,,122959,122959,122959044200,1,,,,,,0,726,114000,112,725,124000,112
1100,20160112,11, 1,2,       1801 ,,122959,122959,122959045700,1,,,,,,0,726,118000,112,725,124000,112
1100,20160112,11, 1,2,       1801 ,,122959,122959,122959046700,1,,,,,,0,726,111000,112,726,111000,112
1100,20160112,11, 1,2,       1801 ,,122959,122959,122959091100,1,,,,,,0,726,116000,112,725,124000,112
1100,20160112,11, 1,2,       1801 ,,122959,122959,122959678900,1,,,,,,0,726,116000,112,725,122000,112
1100,20160112,11, 1,2,       1801 ,,122959,122959,122959680400,1,,,,,,0,726,112000,112,725,122000,112
1100,20160112,11, 1,2,       1801 ,,122959,122959,122959730200,1,,,,,,0,726,112000,112,725,120000,112
1100,20160112,11, 1,2,       1801 ,,123000,123000,123000004400,1,,,,,,0,726,112000,112,725,122000,112
1100,20160112,11, 1,2,       1801 ,,123000,123000,123000006600,1,,,,,,0,726,116000,112,725,122000,112
1100,20160112,11, 1,2,       1801 ,,123000,123000,123000040400,1,,,,,,0,726,116000,112,725,123000,112
1100,20160112,11, 1,2,       1801 ,,123000,123000,123000041100,1,,,,,,0,726,116000,112,725,133000,112
1100,20160112,11, 1,2,       1801 ,,123000,123000,123000043000,1,,,,,,0,726,112000,112,725,133000,112
1100,20160112,11, 1,2,       1801 ,,123000,123000,123000092900,1,,,,,,0,727,143000,112,726,109000,112
1100,20160112,11, 1,2,       1801 ,123000,123000,123000,123000109600,1,727,1,0,108000,0,0,727,22000,128,726,1000,128
1100,20160112,11, 1,2,       1801 ,123000,123000,123000,123000137000,1,727,48,0,2000,0,0,727,20000,128,726,1000,128
1100,20160112,11, 1,2,       1801 ,123000,123000,123000,123000164900,1,727,48,0,20000,0,0,728,30000,128,726,1000,128
1100,20160112,11, 1,2,       1801 ,,123000,123000,123000261400,1,,,,,,0,727,6000,128,726,1000,128
1100,20160112,11, 1,2,       1801 ,,123000,123000,123000277500,1,,,,,,0,727,6000,128,726,2000,128
1100,20160112,11, 1,2,       1801 ,123000,123000,123000,123000365400,1,727,48,0,1000,0,0,727,5000,128,726,2000,128
1100,20160112,11, 1,2,       1801 ,,123000,123000,123000376900,1,,,,,,0,727,5000,128,726,2000,128
1100,20160112,11, 1,2,       1801 ,,123000,123000,123000386900,1,,,,,,0,727,5000,128,726,3000,128
1100,20160112,11, 1,2,       1801 ,,123000,123000,123000394300,1,,,,,,0,727,5000,128,726,12000,128
1100,20160112,11, 1,2,       1801 ,123000,123000,123000,123000409900,1,726,16,0,1000,0,0,727,5000,128,726,11000,128
1100,20160112,11, 1,2,       1801 ,,123000,123000,123000421400,1,,,,,,0,727,5000,128,726,11000,128
1100,20160112,11, 1,2,       1801 ,123000,123000,123000,123000433700,1,727,48,0,2000,0,0,727,3000,128,726,11000,128
1100,20160112,11, 1,2,       1801 ,123000,123000,123000,123000443000,1,726,16,0,2000,0,0,727,3000,128,726,9000,128
1100,20160112,11, 1,2,       1801 ,,123000,123000,123000458100,1,,,,,,0,727,3000,128,726,9000,128
1100,20160112,11, 1,2,       1801 ,123000,123000,123000,123000475500,1,726,16,0,5000,0,0,727,3000,128,726,4000,128
1100,20160112,11, 1,2,       1801 ,,123000,123000,123000483600,1,,,,,,0,727,3000,128,726,4000,128
1100,20160112,11, 1,2,       1801 ,,123001,123001,123001026700,1,,,,,,0,727,3000,128,726,6000,128
1100,20160112,11, 1,2,       1801 ,123001,123001,123001,123001781800,1,727,48,0,2000,0,0,727,1000,128,726,6000,128
1100,20160112,11, 1,2,       1801 ,,123001,123001,123001783500,1,,,,,,0,727,1000,128,726,6000,128
1100,20160112,11, 1,2,       1801 ,,123001,123001,123001863200,1,,,,,,0,727,1000,128,726,3000,128
1100,20160112,11, 1,2,       1801 ,,123003,123003,123003511400,1,,,,,,0,727,2000,128,726,3000,128
1100,20160112,11, 1,2,       1801 ,,123004,123004,123004236400,1,,,,,,0,727,2000,128,726,4000,128
1100,20160112,11, 1,2,       1801 ,123004,123004,123004,123004362100,1,727,48,0,1000,0,0,727,1000,128,726,4000,128
1100,20160112,11, 1,2,       1801 ,,123004,123004,123004364200,1,,,,,,0,727,1000,128,726,8000,128
1100,20160112,11, 1,2,       1801 ,,123004,123004,123004586900,1,,,,,,0,727,2000,128,726,8000,128
1100,20160112,11, 1,2,       1801 ,,123004,123004,123004587700,1,,,,,,0,727,2000,128,726,9000,128
1100,20160112,11, 1,2,       1801 ,,123004,123004,123004686000,1,,,,,,0,727,2000,128,726,8000,128
1100,20160112,11, 1,2,       1801 ,,123004,123004,123004772400,1,,,,,,0,727,2000,128,726,9000,128
1100,20160112,11, 1,2,       1801 ,,123005,123005,123005057900,1,,,,,,0,727,3000,128,726,9000,128
1100,20160112,11, 1,2,       1801 ,123005,123005,123005,123005375100,1,727,48,0,3000,0,0,728,30000,128,726,9000,128
1100,20160112,11, 1,2,       1801 ,,123006,123006,123006399000,1,,,,,,0,728,30000,128,726,9000,128
1100,20160112,11, 1,2,       1801 ,,123007,123007,123007234400,1,,,,,,0,727,3000,128,726,9000,128
1100,20160112,11, 1,2,       1801 ,,123007,123007,123007509200,1,,,,,,0,727,3000,128,726,16000,128
1100,20160112,11, 1,2,       1801 ,,123007,123007,123007649300,1,,,,,,0,727,3000,128,726,21000,128
1100,20160112,11, 1,2,       1801 ,,123007,123007,123007819800,1,,,,,,0,727,4000,128,726,21000,128
1100,20160112,11, 1,2,       1801 ,,123008,123008,123008242900,1,,,,,,0,727,4000,128,726,20000,128
1100,20160112,11, 1,2,       1801 ,,123008,123008,123008556000,1,,,,,,0,727,4000,128,726,21000,128
1100,20160112,11, 1,2,       1801 ,123008,123008,123008,123008657900,1,727,48,0,3000,0,0,727,1000,128,726,21000,128
1100,20160112,11, 1,2,       1801 ,,123008,123008,123008668100,1,,,,,,0,727,1000,128,726,21000,128
1100,20160112,11, 1,2,       1801 ,123008,123008,123008,123008669300,1,727,48,0,1000,0,0,728,40000,128,726,21000,128
1100,20160112,11, 1,2,       1801 ,,123009,123009,123009108400,1,,,,,,0,728,40000,128,726,21000,128
1100,20160112,11, 1,2,       1801 ,,123010,123010,123010123300,1,,,,,,0,728,40000,128,726,22000,128
1100,20160112,11, 1,2,       1801 ,,123012,123012,123012228600,1,,,,,,0,728,40000,128,726,20000,128
1100,20160112,11, 1,2,       1801 ,,123012,123012,123012278700,1,,,,,,0,728,40000,128,727,2000,128
1100,20160112,11, 1,2,       1801 ,,123012,123012,123012279900,1,,,,,,0,728,30000,128,727,2000,128
1100,20160112,11, 1,2,       1801 ,,123012,123012,123012280600,1,,,,,,0,728,26000,128,727,2000,128
1100,20160112,11, 1,2,       1801 ,,123012,123012,123012290300,1,,,,,,0,728,26000,128,727,3000,128
1100,20160112,11, 1,2,       1801 ,,123012,123012,123012379100,1,,,,,,0,728,26000,128,727,4000,128
1100,20160112,11, 1,2,       1801 ,123012,123012,123012,123012718700,1,727,16,0,4000,0,0,727,6000,128,726,22000,128
1100,20160112,11, 1,2,       1801 ,,123012,123012,123012735200,1,,,,,,0,727,6000,128,726,18000,128
1100,20160112,11, 1,2,       1801 ,123013,123013,123013,123013332600,1,727,48,0,1000,0,0,727,5000,128,726,18000,128
1100,20160112,11, 1,2,       1801 ,123013,123013,123013,123013334100,1,727,48,0,5000,0,0,728,26000,128,726,18000,128
1100,20160112,11, 1,2,       1801 ,,123013,123013,123013335500,1,,,,,,0,728,26000,128,726,18000,128
1100,20160112,11, 1,2,       1801 ,,123013,123013,123013338700,1,,,,,,0,728,36000,128,726,18000,128
1100,20160112,11, 1,2,       1801 ,,123013,123013,123013785200,1,,,,,,0,728,36000,128,727,1000,128
1100,20160112,11, 1,2,       1801 ,123014,123014,123014,123014596900,1,727,16,0,1000,0,0,728,36000,128,726,17000,128
1100,20160112,11, 1,2,       1801 ,,123014,123014,123015324400,1,,,,,,0,728,36000,128,726,17000,128
1100,20160112,11, 1,2,       1801 ,,123015,123015,123015325600,1,,,,,,0,728,36000,128,726,19000,128
1100,20160112,11, 1,2,       1801 ,,123016,123016,123016130400,1,,,,,,0,728,36000,128,727,2000,128
1100,20160112,11, 1,2,       1801 ,,123016,123016,123016142500,1,,,,,,0,728,26000,128,727,2000,128
1100,20160112,11, 1,2,       1801 ,,123016,123016,123016471600,1,,,,,,0,728,26000,128,727,3000,128
1100,20160112,11, 1,2,       1801 ,123016,123016,123016,123016520800,1,727,16,0,3000,0,0,728,26000,128,726,18000,128
1100,20160112,11, 1,2,       1801 ,,123016,123016,123016522800,1,,,,,,0,728,26000,128,726,18000,128
1100,20160112,11, 1,2,       1801 ,,123017,123017,123017370200,1,,,,,,0,728,26000,128,727,2000,128
1100,20160112,11, 1,2,       1801 ,,123017,123017,123017371500,1,,,,,,0,728,20000,128,727,2000,128
1100,20160112,11, 1,2,       1801 ,123017,123017,123017,123017412500,1,727,16,0,1000,0,0,728,20000,128,727,1000,128
1100,20160112,11, 1,2,       1801 ,,123019,123019,123019242200,1,,,,,,0,728,20000,128,727,1000,128
1100,20160112,11, 1,2,       1801 ,,123020,123020,123020630000,1,,,,,,0,728,20000,128,727,2000,128
1100,20160112,11, 1,2,       1801 ,,123022,123022,123022541900,1,,,,,,0,728,20000,128,727,3000,128
1100,20160112,11, 1,2,       1801 ,,123024,123024,123024192300,1,,,,,,0,728,20000,128,727,4000,128
1100,20160112,11, 1,2,       1801 ,,123026,123026,123026489800,1,,,,,,0,728,22000,128,727,4000,128
1100,20160112,11, 1,2,       1801 ,123031,123031,123031,123031913600,1,727,16,0,1000,0,0,728,22000,128,727,3000,128
1100,20160112,11, 1,2,       1801 ,,123031,123031,123031915200,1,,,,,,0,728,22000,128,727,3000,128
1100,20160112,11, 1,2,       1801 ,123032,123032,123032,123032569500,1,727,16,0,3000,0,0,728,22000,128,726,14000,128
1100,20160112,11, 1,2,       1801 ,,123032,123032,123032572100,1,,,,,,0,728,22000,128,726,13000,128
1100,20160112,11, 1,2,       1801 ,,123032,123032,123032585200,1,,,,,,0,728,22000,128,727,1000,128
1100,20160112,11, 1,2,       1801 ,,123033,123033,123033075800,1,,,,,,0,728,22000,128,727,7000,128
1100,20160112,11, 1,2,       1801 ,,123033,123033,123033077600,1,,,,,,0,728,12000,128,727,7000,128
1100,20160112,11, 1,2,       1801 ,,123033,123033,123033089000,1,,,,,,0,728,12000,128,727,8000,128
1100,20160112,11, 1,2,       1801 ,123036,123036,123036,123036285900,1,727,16,0,1000,0,0,728,12000,128,727,7000,128
1100,20160112,11, 1,2,       1801 ,,123039,123039,123039773000,1,,,,,,0,728,12000,128,727,7000,128
1100,20160112,11, 1,2,       1801 ,,123040,123040,123040300600,1,,,,,,0,728,12000,128,727,9000,128
1100,20160112,11, 1,2,       1801 ,,123040,123040,123040302600,1,,,,,,0,728,8000,128,727,9000,128
1100,20160112,11, 1,2,       1801 ,,123040,123040,123040311900,1,,,,,,0,728,6000,128,727,9000,128
1100,20160112,11, 1,2,       1801 ,,123044,123044,123044112000,1,,,,,,0,728,5000,128,727,9000,128
1100,20160112,11, 1,2,       1801 ,,123044,123044,123044131200,1,,,,,,0,728,5000,128,727,10000,128
1100,20160112,11, 1,2,       1801 ,,123046,123046,123046174000,1,,,,,,0,728,5000,128,727,11000,128
1100,20160112,11, 1,2,       1801 ,123046,123046,123046,123046175200,1,728,48,0,5000,0,0,729,45000,128,727,11000,128
1100,20160112,11, 1,2,       1801 ,,123046,123046,123046176700,1,,,,,,0,729,45000,128,727,11000,128
1100,20160112,11, 1,2,       1801 ,,123046,123046,123046177500,1,,,,,,0,729,42000,128,727,11000,128
1100,20160112,11, 1,2,       1801 ,,123046,123046,123046178200,1,,,,,,0,729,42000,128,728,4000,128
1100,20160112,11, 1,2,       1801 ,,123046,123046,123046178900,1,,,,,,0,729,42000,128,728,5000,128
1100,20160112,11, 1,2,       1801 ,,123046,123046,123046179600,1,,,,,,0,729,44000,128,728,5000,128
1100,20160112,11, 1,2,       1801 ,,123046,123046,123046183100,1,,,,,,0,729,38000,128,728,5000,128
1100,20160112,11, 1,2,       1801 ,,123046,123046,123046184500,1,,,,,,0,729,34000,128,728,5000,128
1100,20160112,11, 1,2,       1801 ,,123046,123046,123046196900,1,,,,,,0,729,34000,128,728,6000,128
1100,20160112,11, 1,2,       1801 ,,123046,123046,123046210200,1,,,,,,0,729,30000,128,728,6000,128
1100,20160112,11, 1,2,       1801 ,,123046,123046,123046506100,1,,,,,,0,729,30000,128,728,13000,128
1100,20160112,11, 1,2,       1801 ,,123046,123046,123046949400,1,,,,,,0,729,28000,128,728,13000,128
1100,20160112,11, 1,2,       1801 ,,123048,123048,123048370700,1,,,,,,0,729,28000,128,728,14000,128
1100,20160112,11, 1,2,       1801 ,,123048,123048,123048541100,1,,,,,,0,729,28000,128,728,16000,128
1100,20160112,11, 1,2,       1801 ,,123049,123049,123049603100,1,,,,,,0,729,24000,128,728,16000,128
1100,20160112,11, 1,2,       1801 ,,123049,123049,123049603900,1,,,,,,0,729,14000,128,728,16000,128
1100,20160112,11, 1,2,       1801 ,,123101,123101,123101921500,1,,,,,,0,729,13000,128,728,16000,128
1100,20160112,11, 1,2,       1801 ,,123101,123101,123101952400,1,,,,,,0,729,13000,128,728,17000,128
1100,20160112,11, 1,2,       1801 ,123102,123102,123102,123102820100,1,729,48,0,7000,0,0,729,6000,128,728,17000,128
1100,20160112,11, 1,2,       1801 ,123102,123102,123102,123102821900,1,729,48,0,6000,0,0,730,32000,128,728,17000,128
1100,20160112,11, 1,2,       1801 ,,123102,123102,123102824100,1,,,,,,0,730,32000,128,729,2000,128
1100,20160112,11, 1,2,       1801 ,,123102,123102,123102837900,1,,,,,,0,730,28000,128,729,2000,128
1100,20160112,11, 1,2,       1801 ,,123102,123102,123102838700,1,,,,,,0,730,27000,128,729,2000,128
1100,20160112,11, 1,2,       1801 ,,123102,123102,123102839500,1,,,,,,0,730,27000,128,729,3000,128
1100,20160112,11, 1,2,       1801 ,,123102,123102,123102949700,1,,,,,,0,730,27000,128,729,5000,128
1100,20160112,11, 1,2,       1801 ,,123102,123102,123102959000,1,,,,,,0,730,27000,128,729,6000,128
1100,20160112,11, 1,2,       1801 ,,123103,123103,123103571500,1,,,,,,0,730,27000,128,729,15000,128
1100,20160112,11, 1,2,       1801 ,,123104,123104,123104350000,1,,,,,,0,730,21000,128,729,15000,128
1100,20160112,11, 1,2,       1801 ,,123112,123112,123112812000,1,,,,,,0,730,21000,128,729,14000,128
1100,20160112,11, 1,2,       1801 ,,123112,123112,123112821800,1,,,,,,0,730,22000,128,729,14000,128
1100,20160112,11, 1,2,       1801 ,,123113,123113,123113089600,1,,,,,,0,730,22000,128,729,15000,128
1100,20160112,11, 1,2,       1801 ,,123133,123133,123133171400,1,,,,,,0,730,21000,128,729,15000,128
1100,20160112,11, 1,2,       1801 ,,123133,123133,123133791500,1,,,,,,0,730,22000,128,729,15000,128
1100,20160112,11, 1,2,       1801 ,,123135,123135,123135045900,1,,,,,,0,730,21000,128,729,15000,128
1100,20160112,11, 1,2,       1801 ,,123136,123136,123136825900,1,,,,,,0,730,22000,128,729,15000,128
1100,20160112,11, 1,2,       1801 ,,123137,123137,123137211600,1,,,,,,0,730,21000,128,729,15000,128
1100,20160112,11, 1,2,       1801 ,,123138,123138,123138070500,1,,,,,,0,730,22000,128,729,15000,128
1100,20160112,11, 1,2,       1801 ,,123145,123145,123145562000,1,,,,,,0,730,21000,128,729,15000,128
1100,20160112,11, 1,2,       1801 ,,123146,123146,123146690100,1,,,,,,0,730,22000,128,729,15000,128
1100,20160112,11, 1,2,       1801 ,,123149,123149,123149537500,1,,,,,,0,730,23000,128,729,15000,128
1100,20160112,11, 1,2,       1801 ,,123156,123156,123156038200,1,,,,,,0,730,24000,128,729,15000,128
1100,20160112,11, 1,2,       1801 ,,123156,123156,123156040400,1,,,,,,0,730,27000,128,729,15000,128
1100,20160112,11, 1,2,       1801 ,,123156,123156,123156786200,1,,,,,,0,730,27000,128,729,18000,128
1100,20160112,11, 1,2,       1801 ,,123157,123157,123157694800,1,,,,,,0,730,26000,128,729,18000,128
1100,20160112,11, 1,2,       1801 ,,123157,123157,123157807200,1,,,,,,0,730,26000,128,729,19000,128
1100,20160112,11, 1,2,       1801 ,,123157,123157,123157808700,1,,,,,,0,730,26000,128,729,21000,128
1100,20160112,11, 1,2,       1801 ,,123157,123157,123157810000,1,,,,,,0,730,22000,128,729,21000,128
1100,20160112,11, 1,2,       1801 ,,123200,123200,123200004500,1,,,,,,0,730,22000,128,729,25000,128
1100,20160112,11, 1,2,       1801 ,123200,123200,123200,123200195100,1,730,48,0,1000,0,0,730,21000,128,729,25000,128
1100,20160112,11, 1,2,       1801 ,,123200,123200,123200914000,1,,,,,,0,730,21000,128,729,27000,128
1100,20160112,11, 1,2,       1801 ,,123200,123200,123200915400,1,,,,,,0,730,20000,128,729,27000,128
1100,20160112,11, 1,2,       1801 ,,123205,123205,123205863600,1,,,,,,0,730,21000,128,729,27000,128
1100,20160112,11, 1,2,       1801 ,,123208,123208,123208446200,1,,,,,,0,730,21000,128,729,28000,128
1100,20160112,11, 1,2,       1801 ,,123210,123210,123210308100,1,,,,,,0,730,21000,128,729,29000,128
1100,20160112,11, 1,2,       1801 ,,123211,123211,123211441000,1,,,,,,0,730,21000,128,729,28000,128
1100,20160112,11, 1,2,       1801 ,,123217,123217,123217661000,1,,,,,,0,730,23000,128,729,28000,128
1100,20160112,11, 1,2,       1801 ,,123217,123217,123217671600,1,,,,,,0,730,24000,128,729,28000,128
1100,20160112,11, 1,2,       1801 ,,123217,123217,123217675000,1,,,,,,0,730,24000,128,729,31000,128
1100,20160112,11, 1,2,       1801 ,,123217,123217,123217728300,1,,,,,,0,730,22000,128,729,31000,128
1100,20160112,11, 1,2,       1801 ,,123218,123218,123218443000,1,,,,,,0,730,21000,128,729,31000,128
1100,20160112,11, 1,2,       1801 ,,123218,123218,123218927100,1,,,,,,0,730,21000,128,729,32000,128
1100,20160112,11, 1,2,       1801 ,123225,123225,123225,123225776300,1,729,16,0,3000,0,0,730,21000,128,729,29000,128
1100,20160112,11, 1,2,       1801 ,,123225,123225,123225778000,1,,,,,,0,730,21000,128,729,30000,128
1100,20160112,11, 1,2,       1801 ,,123225,123225,123225784400,1,,,,,,0,730,21000,128,729,29000,128
1100,20160112,11, 1,2,       1801 ,,123226,123226,123226109500,1,,,,,,0,730,22000,128,729,29000,128
1100,20160112,11, 1,2,       1801 ,,123228,123228,123228379800,1,,,,,,0,730,24000,128,729,29000,128
1100,20160112,11, 1,2,       1801 ,,123234,123234,123234864000,1,,,,,,0,730,24000,128,729,30000,128
1100,20160112,11, 1,2,       1801 ,,123234,123234,123234865600,1,,,,,,0,730,24000,128,729,33000,128
1100,20160112,11, 1,2,       1801 ,123237,123237,123237,123237969000,1,729,16,0,1000,0,0,730,24000,128,729,32000,128
1100,20160112,11, 1,2,       1801 ,,123237,123237,123237970100,1,,,,,,0,730,23000,128,729,32000,128
1100,20160112,11, 1,2,       1801 ,,123239,123239,123239767700,1,,,,,,0,730,21000,128,729,32000,128
1100,20160112,11, 1,2,       1801 ,,123239,123239,123239992200,1,,,,,,0,730,20000,128,729,32000,128
1100,20160112,11, 1,2,       1801 ,,123240,123240,123240148600,1,,,,,,0,730,20000,128,729,33000,128
1100,20160112,11, 1,2,       1801 ,,123241,123241,123241131200,1,,,,,,0,730,20000,128,729,32000,128
1100,20160112,11, 1,2,       1801 ,,123242,123242,123242510900,1,,,,,,0,730,20000,128,729,33000,128
1100,20160112,11, 1,2,       1801 ,,123242,123242,123242519200,1,,,,,,0,730,20000,128,729,35000,128
1100,20160112,11, 1,2,       1801 ,,123243,123243,123243752900,1,,,,,,0,730,20000,128,729,34000,128
1100,20160112,11, 1,2,       1801 ,,123244,123244,123244316700,1,,,,,,0,730,21000,128,729,34000,128
1100,20160112,11, 1,2,       1801 ,,123244,123244,123244385500,1,,,,,,0,730,20000,128,729,34000,128
1100,20160112,11, 1,2,       1801 ,,123247,123247,123247412900,1,,,,,,0,730,21000,128,729,34000,128
1100,20160112,11, 1,2,       1801 ,,123248,123248,123248121200,1,,,,,,0,730,20000,128,729,34000,128
1100,20160112,11, 1,2,       1801 ,,123248,123248,123248231300,1,,,,,,0,730,21000,128,729,34000,128
1100,20160112,11, 1,2,       1801 ,,123251,123251,123251620700,1,,,,,,0,730,20000,128,729,34000,128
1100,20160112,11, 1,2,       1801 ,,123252,123252,123252764600,1,,,,,,0,730,20000,128,729,35000,128
1100,20160112,11, 1,2,       1801 ,,123255,123255,123255051400,1,,,,,,0,730,20000,128,729,34000,128
1100,20160112,11, 1,2,       1801 ,,123255,123255,123255133200,1,,,,,,0,730,21000,128,729,34000,128
1100,20160112,11, 1,2,       1801 ,,123255,123255,123255272600,1,,,,,,0,730,22000,128,729,34000,128
1100,20160112,11, 1,2,       1801 ,,123256,123256,123256565100,1,,,,,,0,730,22000,128,729,32000,128
1100,20160112,11, 1,2,       1801 ,,123256,123256,123256570300,1,,,,,,0,730,22000,128,729,31000,128
1100,20160112,11, 1,2,       1801 ,,123257,123257,123257126000,1,,,,,,0,730,22000,128,729,33000,128
1100,20160112,11, 1,2,       1801 ,,123257,123257,123257221600,1,,,,,,0,730,21000,128,729,33000,128
1100,20160112,11, 1,2,       1801 ,,123259,123259,123259803500,1,,,,,,0,730,22000,128,729,33000,128
1100,20160112,11, 1,2,       1801 ,,123301,123301,123301529100,1,,,,,,0,730,22000,128,729,31000,128
1100,20160112,11, 1,2,       1801 ,,123301,123301,123301925400,1,,,,,,0,730,24000,128,729,31000,128
1100,20160112,11, 1,2,       1801 ,,123301,123301,123301927000,1,,,,,,0,730,24000,128,729,30000,128
1100,20160112,11, 1,2,       1801 ,,123305,123305,123305227800,1,,,,,,0,730,24000,128,729,31000,128
1100,20160112,11, 1,2,       1801 ,,123305,123305,123305429700,1,,,,,,0,730,22000,128,729,31000,128
1100,20160112,11, 1,2,       1801 ,,123305,123305,123305431900,1,,,,,,0,730,22000,128,729,33000,128
1100,20160112,11, 1,2,       1801 ,,123305,123305,123305500600,1,,,,,,0,730,21000,128,729,33000,128
1100,20160112,11, 1,2,       1801 ,,123305,123305,123305540800,1,,,,,,0,730,21000,128,729,34000,128
1100,20160112,11, 1,2,       1801 ,,123305,123305,123305979900,1,,,,,,0,730,21000,128,729,32000,128
1100,20160112,11, 1,2,       1801 ,,123306,123306,123306060400,1,,,,,,0,730,21000,128,729,31000,128
1100,20160112,11, 1,2,       1801 ,,123306,123306,123306680200,1,,,,,,0,730,21000,128,729,32000,128
1100,20160112,11, 1,2,       1801 ,123308,123308,123308,123308800000,1,729,16,0,1000,0,0,730,21000,128,729,31000,128
1100,20160112,11, 1,2,       1801 ,,123308,123308,123308801800,1,,,,,,0,730,21000,128,729,32000,128
1100,20160112,11, 1,2,       1801 ,,123308,123308,123308802400,1,,,,,,0,730,22000,128,729,32000,128
1100,20160112,11, 1,2,       1801 ,,123308,123308,123308803700,1,,,,,,0,730,21000,128,729,32000,128
1100,20160112,11, 1,2,       1801 ,123310,123310,123310,123310171000,1,730,48,0,1000,0,0,730,20000,128,729,32000,128
1100,20160112,11, 1,2,       1801 ,,123310,123310,123310172900,1,,,,,,0,730,20000,128,729,34000,128
1100,20160112,11, 1,2,       1801 ,,123311,123311,123311881900,1,,,,,,0,730,25000,128,729,34000,128
1100,20160112,11, 1,2,       1801 ,,123312,123312,123312322300,1,,,,,,0,730,25000,128,729,33000,128
1100,20160112,11, 1,2,       1801 ,,123312,123312,123312784000,1,,,,,,0,730,26000,128,729,33000,128
1100,20160112,11, 1,2,       1801 ,,123313,123313,123313831900,1,,,,,,0,730,25000,128,729,33000,128
1100,20160112,11, 1,2,       1801 ,,123314,123314,123314852500,1,,,,,,0,730,26000,128,729,33000,128
1100,20160112,11, 1,2,       1801 ,,123317,123317,123317600900,1,,,,,,0,730,25000,128,729,33000,128
1100,20160112,11, 1,2,       1801 ,,123317,123317,123317824900,1,,,,,,0,730,25000,128,729,34000,128
1100,20160112,11, 1,2,       1801 ,,123318,123318,123318025000,1,,,,,,0,730,25000,128,729,33000,128
1100,20160112,11, 1,2,       1801 ,,123318,123318,123318124400,1,,,,,,0,730,25000,128,729,34000,128
1100,20160112,11, 1,2,       1801 ,,123321,123321,123321474600,1,,,,,,0,730,25000,128,729,35000,128
1100,20160112,11, 1,2,       1801 ,,123322,123322,123322121800,1,,,,,,0,730,26000,128,729,35000,128
1100,20160112,11, 1,2,       1801 ,,123322,123322,123322479400,1,,,,,,0,730,25000,128,729,35000,128
1100,20160112,11, 1,2,       1801 ,,123322,123322,123322522700,1,,,,,,0,730,24000,128,729,35000,128
1100,20160112,11, 1,2,       1801 ,,123323,123323,123323500300,1,,,,,,0,730,25000,128,729,35000,128
1100,20160112,11, 1,2,       1801 ,,123326,123326,123326239700,1,,,,,,0,730,25000,128,729,33000,128
1100,20160112,11, 1,2,       1801 ,,123326,123326,123326256100,1,,,,,,0,730,25000,128,729,32000,128
1100,20160112,11, 1,2,       1801 ,123331,123331,123331,123331974400,1,730,48,0,1000,0,0,730,24000,128,729,32000,128
1100,20160112,11, 1,2,       1801 ,,123331,123331,123331976200,1,,,,,,0,730,24000,128,729,32000,128
1100,20160112,11, 1,2,       1801 ,,123335,123335,123335012300,1,,,,,,0,730,23000,128,729,32000,128
1100,20160112,11, 1,2,       1801 ,,123335,123335,123335014700,1,,,,,,0,730,23000,128,729,34000,128
1100,20160112,11, 1,2,       1801 ,,123335,123335,123335021000,1,,,,,,0,730,23000,128,729,35000,128
1100,20160112,11, 1,2,       1801 ,,123337,123337,123337664900,1,,,,,,0,730,23000,128,729,34000,128
1100,20160112,11, 1,2,       1801 ,,123337,123337,123337684100,1,,,,,,0,730,23000,128,729,35000,128
1100,20160112,11, 1,2,       1801 ,,123337,123337,123337713800,1,,,,,,0,730,23000,128,729,34000,128
1100,20160112,11, 1,2,       1801 ,,123337,123337,123337786300,1,,,,,,0,730,23000,128,729,35000,128
1100,20160112,11, 1,2,       1801 ,,123338,123338,123338702100,1,,,,,,0,730,23000,128,729,34000,128
1100,20160112,11, 1,2,       1801 ,,123340,123340,123340174600,1,,,,,,0,730,23000,128,729,35000,128
1100,20160112,11, 1,2,       1801 ,,123343,123343,123343176900,1,,,,,,0,730,23000,128,729,34000,128
1100,20160112,11, 1,2,       1801 ,,123343,123343,123343317000,1,,,,,,0,730,23000,128,729,35000,128
1100,20160112,11, 1,2,       1801 ,,123344,123344,123344926600,1,,,,,,0,730,23000,128,729,34000,128
1100,20160112,11, 1,2,       1801 ,,123345,123345,123345703500,1,,,,,,0,730,24000,128,729,34000,128
1100,20160112,11, 1,2,       1801 ,,123345,123345,123345905400,1,,,,,,0,730,23000,128,729,34000,128
1100,20160112,11, 1,2,       1801 ,,123347,123347,123347819600,1,,,,,,0,730,24000,128,729,34000,128
1100,20160112,11, 1,2,       1801 ,,123349,123349,123349091000,1,,,,,,0,730,23000,128,729,34000,128
1100,20160112,11, 1,2,       1801 ,,123350,123350,123350449700,1,,,,,,0,730,23000,128,729,43000,128
1100,20160112,11, 1,2,       1801 ,123350,123350,123350,123350450400,1,730,48,0,9000,0,0,730,14000,128,729,43000,128
1100,20160112,11, 1,2,       1801 ,,123350,123350,123350451900,1,,,,,,0,730,14000,128,729,43000,128
1100,20160112,11, 1,2,       1801 ,123350,123350,123350,123350452600,1,730,48,0,5000,0,0,730,9000,128,729,43000,128
1100,20160112,11, 1,2,       1801 ,123350,123350,123350,123350454100,1,730,48,0,3000,0,0,730,6000,128,729,43000,128
1100,20160112,11, 1,2,       1801 ,123350,123350,123350,123350455200,1,730,48,0,6000,0,0,731,49000,128,730,8000,128
1100,20160112,11, 1,2,       1801 ,,123350,123350,123350456100,1,,,,,,0,731,49000,128,730,8000,128
1100,20160112,11, 1,2,       1801 ,,123350,123350,123350457100,1,,,,,,0,731,49000,128,730,9000,128
1100,20160112,11, 1,2,       1801 ,,123350,123350,123350458000,1,,,,,,0,731,49000,128,730,11000,128
1100,20160112,11, 1,2,       1801 ,,123350,123350,123350460700,1,,,,,,0,731,49000,128,730,12000,128
1100,20160112,11, 1,2,       1801 ,,123350,123350,123350463300,1,,,,,,0,731,46000,128,730,12000,128
1100,20160112,11, 1,2,       1801 ,,123350,123350,123350464900,1,,,,,,0,731,42000,128,730,12000,128
1100,20160112,11, 1,2,       1801 ,,123350,123350,123350465600,1,,,,,,0,731,42000,128,730,15000,128
1100,20160112,11, 1,2,       1801 ,,123350,123350,123350466400,1,,,,,,0,731,38000,128,730,15000,128
1100,20160112,11, 1,2,       1801 ,,123350,123350,123350474000,1,,,,,,0,731,34000,128,730,15000,128
1100,20160112,11, 1,2,       1801 ,,123350,123350,123350475900,1,,,,,,0,731,37000,128,730,15000,128
1100,20160112,11, 1,2,       1801 ,,123350,123350,123350481300,1,,,,,,0,731,27000,128,730,15000,128
1100,20160112,11, 1,2,       1801 ,,123350,123350,123350482600,1,,,,,,0,731,27000,128,730,19000,128
1100,20160112,11, 1,2,       1801 ,,123350,123350,123350483300,1,,,,,,0,731,27000,128,730,20000,128
1100,20160112,11, 1,2,       1801 ,,123350,123350,123350484000,1,,,,,,0,731,27000,128,730,22000,128
1100,20160112,11, 1,2,       1801 ,,123350,123350,123350486700,1,,,,,,0,731,27000,128,730,23000,128
1100,20160112,11, 1,2,       1801 ,,123350,123350,123350496000,1,,,,,,0,731,27000,128,730,24000,128
1100,20160112,11, 1,2,       1801 ,,123350,123350,123350708800,1,,,,,,0,731,27000,128,730,25000,128
1100,20160112,11, 1,2,       1801 ,,123350,123350,123350717200,1,,,,,,0,731,30000,128,730,25000,128
1100,20160112,11, 1,2,       1801 ,,123351,123351,123351395700,1,,,,,,0,731,30000,128,730,17000,128
1100,20160112,11, 1,2,       1801 ,,123351,123351,123351423300,1,,,,,,0,731,30000,128,730,30000,128
1100,20160112,11, 1,2,       1801 ,123353,123353,123353,123353315600,1,731,48,0,1000,0,0,731,29000,128,730,30000,128
1100,20160112,11, 1,2,       1801 ,,123353,123353,123353575400,1,,,,,,0,731,29000,128,730,30000,128
1100,20160112,11, 1,2,       1801 ,,123356,123356,123356958400,1,,,,,,0,731,31000,128,730,30000,128
1100,20160112,11, 1,2,       1801 ,123358,123358,123358,123358069100,1,731,48,0,1000,0,0,731,30000,128,730,29000,128
1100,20160112,11, 1,2,       1801 ,,123358,123358,123358071300,1,,,,,,0,731,30000,128,730,29000,128
1100,20160112,11, 1,2,       1801 ,,123359,123359,123359915500,1,,,,,,0,731,28000,128,730,29000,128
1100,20160112,11, 1,2,       1801 ,,123359,123359,123359933500,1,,,,,,0,731,28000,128,730,30000,128
1100,20160112,11, 1,2,       1801 ,,123359,123359,123359992200,1,,,,,,0,731,27000,128,730,30000,128
1100,20160112,11, 1,2,       1801 ,,123400,123400,123400240300,1,,,,,,0,731,28000,128,730,30000,128
1100,20160112,11, 1,2,       1801 ,,123400,123400,123400279100,1,,,,,,0,731,29000,128,730,30000,128
1100,20160112,11, 1,2,       1801 ,,123401,123401,123401801800,1,,,,,,0,731,29000,128,730,29000,128
1100,20160112,11, 1,2,       1801 ,,123401,123401,123401802600,1,,,,,,0,731,30000,128,730,29000,128
1100,20160112,11, 1,2,       1801 ,,123403,123403,123403917900,1,,,,,,0,731,30000,128,730,30000,128
1100,20160112,11, 1,2,       1801 ,,123403,123403,123403918700,1,,,,,,0,731,29000,128,730,30000,128
1100,20160112,11, 1,2,       1801 ,,123405,123405,123405697100,1,,,,,,0,731,30000,128,730,30000,128
1100,20160112,11, 1,2,       1801 ,,123408,123408,123408587100,1,,,,,,0,731,30000,128,730,31000,128
1100,20160112,11, 1,2,       1801 ,,123408,123408,123408589200,1,,,,,,0,731,30000,128,730,33000,128
1100,20160112,11, 1,2,       1801 ,,123411,123411,123411630800,1,,,,,,0,731,29000,128,730,33000,128
1100,20160112,11, 1,2,       1801 ,,123413,123413,123413143500,1,,,,,,0,731,29000,128,730,34000,128
1100,20160112,11, 1,2,       1801 ,,123413,123413,123413145600,1,,,,,,0,731,28000,128,730,34000,128
1100,20160112,11, 1,2,       1801 ,,123413,123413,123413515000,1,,,,,,0,731,29000,128,730,34000,128
1100,20160112,11, 1,2,       1801 ,,123417,123417,123417224300,1,,,,,,0,731,30000,128,730,34000,128
1100,20160112,11, 1,2,       1801 ,,123417,123417,123417226600,1,,,,,,0,731,29000,128,730,34000,128
1100,20160112,11, 1,2,       1801 ,,123421,123421,123421666900,1,,,,,,0,731,35000,128,730,34000,128
1100,20160112,11, 1,2,       1801 ,,123421,123421,123421668300,1,,,,,,0,731,38000,128,730,34000,128
1100,20160112,11, 1,2,       1801 ,,123421,123421,123421668900,1,,,,,,0,731,39000,128,730,34000,128
1100,20160112,11, 1,2,       1801 ,,123421,123421,123421669600,1,,,,,,0,731,40000,128,730,34000,128
1100,20160112,11, 1,2,       1801 ,,123421,123421,123421685100,1,,,,,,0,731,44000,128,730,34000,128
1100,20160112,11, 1,2,       1801 ,,123422,123422,123422913800,1,,,,,,0,731,44000,128,730,38000,128
1100,20160112,11, 1,2,       1801 ,,123422,123422,123422922500,1,,,,,,0,731,44000,128,730,41000,128
1100,20160112,11, 1,2,       1801 ,,123424,123424,123424222600,1,,,,,,0,731,44000,128,730,40000,128
1100,20160112,11, 1,2,       1801 ,,123424,123424,123424230700,1,,,,,,0,731,45000,128,730,40000,128
1100,20160112,11, 1,2,       1801 ,,123426,123426,123426912800,1,,,,,,0,731,45000,128,730,41000,128
1100,20160112,11, 1,2,       1801 ,,123427,123427,123427272400,1,,,,,,0,731,44000,128,730,41000,128
1100,20160112,11, 1,2,       1801 ,,123430,123430,123430523600,1,,,,,,0,731,44000,128,730,42000,128
1100,20160112,11, 1,2,       1801 ,,123430,123430,123430548600,1,,,,,,0,731,38000,128,730,42000,128
1100,20160112,11, 1,2,       1801 ,,123430,123430,123430585100,1,,,,,,0,731,34000,128,730,42000,128
1100,20160112,11, 1,2,       1801 ,,123432,123432,123432888300,1,,,,,,0,731,34000,128,730,43000,128
1100,20160112,11, 1,2,       1801 ,,123432,123432,123432890100,1,,,,,,0,731,33000,128,730,43000,128
1100,20160112,11, 1,2,       1801 ,,123432,123432,123432890900,1,,,,,,0,731,32000,128,730,43000,128
1100,20160112,11, 1,2,       1801 ,,123432,123432,123432892900,1,,,,,,0,731,33000,128,730,43000,128
1100,20160112,11, 1,2,       1801 ,,123434,123434,123434773200,1,,,,,,0,731,33000,128,730,42000,128
1100,20160112,11, 1,2,       1801 ,,123434,123434,123434775500,1,,,,,,0,731,34000,128,730,42000,128
1100,20160112,11, 1,2,       1801 ,,123437,123437,123437472000,1,,,,,,0,731,35000,128,730,42000,128
1100,20160112,11, 1,2,       1801 ,123439,123439,123439,123439258600,1,730,16,0,1000,0,0,731,35000,128,730,41000,128
1100,20160112,11, 1,2,       1801 ,,123439,123439,123439438900,1,,,,,,0,731,34000,128,730,41000,128
1100,20160112,11, 1,2,       1801 ,,123439,123439,123439440400,1,,,,,,0,731,39000,128,730,41000,128
1100,20160112,11, 1,2,       1801 ,,123440,123440,123440176000,1,,,,,,0,731,39000,128,730,37000,128
1100,20160112,11, 1,2,       1801 ,,123440,123440,123440179500,1,,,,,,0,731,39000,128,730,25000,128
1100,20160112,11, 1,2,       1801 ,,123440,123440,123440186800,1,,,,,,0,731,39000,128,730,23000,128
1100,20160112,11, 1,2,       1801 ,123441,123441,123441,123441143200,1,731,48,0,11000,0,0,731,28000,128,730,23000,128
1100,20160112,11, 1,2,       1801 ,,123441,123441,123441150500,1,,,,,,0,731,28000,128,730,32000,128
1100,20160112,11, 1,2,       1801 ,123441,123441,123441,123441175900,1,731,48,0,1000,0,0,731,27000,128,730,32000,128
1100,20160112,11, 1,2,       1801 ,,123441,123441,123441178200,1,,,,,,0,731,27000,128,730,33000,128
1100,20160112,11, 1,2,       1801 ,,123441,123441,123441241800,1,,,,,,0,731,27000,128,730,34000,128
1100,20160112,11, 1,2,       1801 ,,123442,123442,123442041000,1,,,,,,0,731,22000,128,730,34000,128
1100,20160112,11, 1,2,       1801 ,,123442,123442,123442042500,1,,,,,,0,731,22000,128,730,35000,128
1100,20160112,11, 1,2,       1801 ,123442,123442,123442,123442043300,1,731,48,0,2000,0,0,731,20000,128,730,35000,128
1100,20160112,11, 1,2,       1801 ,,123442,123442,123442044600,1,,,,,,0,731,19000,128,730,35000,128
1100,20160112,11, 1,2,       1801 ,,123442,123442,123442045400,1,,,,,,0,731,19000,128,730,34000,128
1100,20160112,11, 1,2,       1801 ,,123442,123442,123442046100,1,,,,,,0,731,19000,128,730,33000,128
1100,20160112,11, 1,2,       1801 ,,123442,123442,123442046900,1,,,,,,0,731,18000,128,730,33000,128
1100,20160112,11, 1,2,       1801 ,,123442,123442,123442047600,1,,,,,,0,731,17000,128,730,33000,128
1100,20160112,11, 1,2,       1801 ,,123442,123442,123442048300,1,,,,,,0,731,16000,128,730,33000,128
1100,20160112,11, 1,2,       1801 ,,123442,123442,123442049100,1,,,,,,0,731,13000,128,730,33000,128
1100,20160112,11, 1,2,       1801 ,,123443,123443,123443369700,1,,,,,,0,731,14000,128,730,33000,128
1100,20160112,11, 1,2,       1801 ,,123443,123443,123443580600,1,,,,,,0,731,13000,128,730,33000,128
1100,20160112,11, 1,2,       1801 ,,123443,123443,123443778400,1,,,,,,0,731,14000,128,730,33000,128
1100,20160112,11, 1,2,       1801 ,,123444,123444,123444621400,1,,,,,,0,731,14000,128,730,32000,128
1100,20160112,11, 1,2,       1801 ,,123447,123447,123447443100,1,,,,,,0,731,14000,128,730,33000,128
1100,20160112,11, 1,2,       1801 ,,123447,123447,123447444800,1,,,,,,0,731,14000,128,730,35000,128
1100,20160112,11, 1,2,       1801 ,,123448,123448,123448319100,1,,,,,,0,731,13000,128,730,35000,128
1100,20160112,11, 1,2,       1801 ,,123502,123502,123502961800,1,,,,,,0,731,14000,128,730,35000,128
1100,20160112,11, 1,2,       1801 ,,123502,123502,123502965200,1,,,,,,0,731,15000,128,730,35000,128
1100,20160112,11, 1,2,       1801 ,,123503,123503,123503999300,1,,,,,,0,731,16000,128,730,35000,128
1100,20160112,11, 1,2,       1801 ,123505,123505,123505,123505463500,1,731,48,0,1000,0,0,731,15000,128,730,35000,128
1100,20160112,11, 1,2,       1801 ,,123505,123505,123505465500,1,,,,,,0,731,15000,128,730,35000,128
1100,20160112,11, 1,2,       1801 ,,123505,123505,123505669900,1,,,,,,0,731,15000,128,730,36000,128
1100,20160112,11, 1,2,       1801 ,123505,123505,123505,123505822000,1,731,48,0,1000,0,0,731,14000,128,730,35000,128
1100,20160112,11, 1,2,       1801 ,,123505,123505,123505824600,1,,,,,,0,731,13000,128,730,35000,128
1100,20160112,11, 1,2,       1801 ,,123505,123505,123505826600,1,,,,,,0,731,14000,128,730,35000,128
1100,20160112,11, 1,2,       1801 ,,123506,123506,123506301100,1,,,,,,0,731,15000,128,730,35000,128
1100,20160112,11, 1,2,       1801 ,,123508,123508,123508011600,1,,,,,,0,731,15000,128,730,34000,128
1100,20160112,11, 1,2,       1801 ,,123508,123508,123508015400,1,,,,,,0,731,16000,128,730,34000,128
1100,20160112,11, 1,2,       1801 ,,123509,123509,123509506300,1,,,,,,0,731,16000,128,730,25000,128
1100,20160112,11, 1,2,       1801 ,,123509,123509,123509507800,1,,,,,,0,731,16000,128,730,24000,128
1100,20160112,11, 1,2,       1801 ,,123509,123509,123509509200,1,,,,,,0,731,18000,128,730,24000,128
1100,20160112,11, 1,2,       1801 ,,123509,123509,123509510100,1,,,,,,0,731,21000,128,730,24000,128
1100,20160112,11, 1,2,       1801 ,,123509,123509,123509510800,1,,,,,,0,731,23000,128,730,24000,128
1100,20160112,11, 1,2,       1801 ,,123509,123509,123509695600,1,,,,,,0,731,28000,128,730,24000,128
1100,20160112,11, 1,2,       1801 ,,123511,123511,123511790700,1,,,,,,0,731,28000,128,730,22000,128
1100,20160112,11, 1,2,       1801 ,,123511,123511,123511850300,1,,,,,,0,731,28000,128,730,20000,128
1100,20160112,11, 1,2,       1801 ,123511,123511,123511,123511851800,1,730,16,0,1000,0,0,731,28000,128,730,19000,128
1100,20160112,11, 1,2,       1801 ,,123511,123511,123511853300,1,,,,,,0,731,28000,128,730,15000,128
1100,20160112,11, 1,2,       1801 ,123511,123511,123511,123511854100,1,730,16,0,3000,0,0,731,28000,128,730,12000,128
1100,20160112,11, 1,2,       1801 ,123511,123511,123511,123511855100,1,730,16,0,12000,0,0,731,28000,128,729,51000,128
1100,20160112,11, 1,2,       1801 ,,123511,123511,123511856300,1,,,,,,0,730,1000,128,729,51000,128
1100,20160112,11, 1,2,       1801 ,,123511,123511,123511857800,1,,,,,,0,730,2000,128,729,51000,128
1100,20160112,11, 1,2,       1801 ,,123511,123511,123511858600,1,,,,,,0,730,2000,128,729,46000,128
1100,20160112,11, 1,2,       1801 ,,123511,123511,123511860900,1,,,,,,0,730,4000,128,729,46000,128
1100,20160112,11, 1,2,       1801 ,,123511,123511,123511861600,1,,,,,,0,730,5000,128,729,46000,128
1100,20160112,11, 1,2,       1801 ,,123511,123511,123511862600,1,,,,,,0,730,5000,128,729,45000,128
1100,20160112,11, 1,2,       1801 ,,123511,123511,123511869300,1,,,,,,0,730,6000,128,729,45000,128
1100,20160112,11, 1,2,       1801 ,123511,123511,123511,123511883500,1,730,48,0,1000,0,0,730,5000,128,729,45000,128
1100,20160112,11, 1,2,       1801 ,123511,123511,123511,123511884500,1,730,48,0,1000,0,0,730,4000,128,729,45000,128
1100,20160112,11, 1,2,       1801 ,,123511,123511,123511885500,1,,,,,,0,730,4000,128,729,44000,128
1100,20160112,11, 1,2,       1801 ,,123511,123511,123511887000,1,,,,,,0,730,3000,128,729,44000,128
1100,20160112,11, 1,2,       1801 ,123511,123511,123511,123511893900,1,730,48,0,1000,0,0,730,2000,128,729,44000,128
1100,20160112,11, 1,2,       1801 ,,123511,123511,123511894700,1,,,,,,0,730,2000,128,729,44000,128
1100,20160112,11, 1,2,       1801 ,123511,123511,123511,123511895500,1,730,48,0,1000,0,0,730,1000,128,729,44000,128
1100,20160112,11, 1,2,       1801 ,,123511,123511,123511896700,1,,,,,,0,730,2000,128,729,44000,128
1100,20160112,11, 1,2,       1801 ,,123511,123511,123511897700,1,,,,,,0,730,1000,128,729,44000,128
1100,20160112,11, 1,2,       1801 ,,123511,123511,123511899900,1,,,,,,0,730,2000,128,729,44000,128
1100,20160112,11, 1,2,       1801 ,123511,123511,123511,123511934200,1,730,48,0,2000,0,0,731,46000,128,729,44000,128
1100,20160112,11, 1,2,       1801 ,,123511,123511,123511935000,1,,,,,,0,731,46000,128,729,46000,128
1100,20160112,11, 1,2,       1801 ,,123511,123511,123511939300,1,,,,,,0,731,47000,128,729,46000,128
1100,20160112,11, 1,2,       1801 ,,123511,123511,123511984900,1,,,,,,0,731,47000,128,729,42000,128
1100,20160112,11, 1,2,       1801 ,,123512,123512,123512909100,1,,,,,,0,731,48000,128,729,42000,128
1100,20160112,11, 1,2,       1801 ,,123514,123514,123514051100,1,,,,,,0,731,48000,128,729,45000,128
1100,20160112,11, 1,2,       1801 ,,123514,123514,123514148500,1,,,,,,0,731,48000,128,730,1000,128
1100,20160112,11, 1,2,       1801 ,,123514,123514,123514149800,1,,,,,,0,731,40000,128,730,1000,128
1100,20160112,11, 1,2,       1801 ,123514,123514,123514,123514150900,1,730,16,0,1000,0,0,731,40000,128,729,45000,128
1100,20160112,11, 1,2,       1801 ,,123514,123514,123514246700,1,,,,,,0,731,40000,128,729,44000,128
1100,20160112,11, 1,2,       1801 ,,123514,123514,123514920200,1,,,,,,0,731,41000,128,729,44000,128
1100,20160112,11, 1,2,       1801 ,,123515,123515,123515809100,1,,,,,,0,731,41000,128,729,45000,128
1100,20160112,11, 1,2,       1801 ,,123515,123515,123515856400,1,,,,,,0,730,1000,128,729,45000,128
1100,20160112,11, 1,2,       1801 ,,123515,123515,123515858000,1,,,,,,0,730,3000,128,729,45000,128
1100,20160112,11, 1,2,       1801 ,,123515,123515,123515859200,1,,,,,,0,730,3000,128,729,44000,128
1100,20160112,11, 1,2,       1801 ,,123515,123515,123515860000,1,,,,,,0,730,4000,128,729,44000,128
1100,20160112,11, 1,2,       1801 ,,123515,123515,123515862800,1,,,,,,0,730,4000,128,729,40000,128
1100,20160112,11, 1,2,       1801 ,,123516,123516,123516631900,1,,,,,,0,730,32000,128,729,40000,128
1100,20160112,11, 1,2,       1801 ,,123516,123516,123516633100,1,,,,,,0,730,32000,128,729,38000,128
1100,20160112,11, 1,2,       1801 ,,123516,123516,123516634600,1,,,,,,0,730,33000,128,729,38000,128
1100,20160112,11, 1,2,       1801 ,,123516,123516,123516635300,1,,,,,,0,730,33000,128,729,29000,128
1100,20160112,11, 1,2,       1801 ,,123516,123516,123516637600,1,,,,,,0,730,33000,128,729,26000,128
1100,20160112,11, 1,2,       1801 ,,123516,123516,123516638300,1,,,,,,0,730,33000,128,729,25000,128
1100,20160112,11, 1,2,       1801 ,,123516,123516,123516642500,1,,,,,,0,730,33000,128,729,22000,128
1100,20160112,11, 1,2,       1801 ,,123516,123516,123516682200,1,,,,,,0,730,35000,128,729,22000,128
1100,20160112,11, 1,2,       1801 ,,123516,123516,123516683000,1,,,,,,0,730,35000,128,729,20000,128
1100,20160112,11, 1,2,       1801 ,,123516,123516,123516855400,1,,,,,,0,730,35000,128,729,24000,128
1100,20160112,11, 1,2,       1801 ,,123516,123516,123516915700,1,,,,,,0,730,36000,128,729,24000,128
1100,20160112,11, 1,2,       1801 ,,123516,123516,123516917000,1,,,,,,0,730,40000,128,729,24000,128
1100,20160112,11, 1,2,       1801 ,,123516,123516,123516936800,1,,,,,,0,730,40000,128,729,22000,128
1100,20160112,11, 1,2,       1801 ,,123517,123517,123517377400,1,,,,,,0,730,41000,128,729,22000,128
1100,20160112,11, 1,2,       1801 ,,123517,123517,123517710400,1,,,,,,0,730,45000,128,729,22000,128
1100,20160112,11, 1,2,       1801 ,,123518,123518,123518796200,1,,,,,,0,730,45000,128,729,21000,128
1100,20160112,11, 1,2,       1801 ,,123520,123520,123520849000,1,,,,,,0,730,45000,128,729,22000,128
1100,20160112,11, 1,2,       1801 ,123521,123521,123521,123521097800,1,730,48,0,1000,0,0,730,44000,128,729,22000,128
1100,20160112,11, 1,2,       1801 ,,123521,123521,123521423500,1,,,,,,0,730,44000,128,729,23000,128
1100,20160112,11, 1,2,       1801 ,,123521,123521,123521431900,1,,,,,,0,730,42000,128,729,23000,128
1100,20160112,11, 1,2,       1801 ,,123521,123521,123521520700,1,,,,,,0,730,42000,128,729,25000,128
1100,20160112,11, 1,2,       1801 ,,123521,123521,123521528400,1,,,,,,0,730,41000,128,729,25000,128
1100,20160112,11, 1,2,       1801 ,,123521,123521,123521647200,1,,,,,,0,730,42000,128,729,25000,128
1100,20160112,11, 1,2,       1801 ,,123521,123521,123521985400,1,,,,,,0,730,42000,128,729,24000,128
1100,20160112,11, 1,2,       1801 ,,123522,123522,123522891700,1,,,,,,0,730,42000,128,729,22000,128
1100,20160112,11, 1,2,       1801 ,,123522,123522,123522893300,1,,,,,,0,730,47000,128,729,22000,128
1100,20160112,11, 1,2,       1801 ,,123523,123523,123523012200,1,,,,,,0,730,48000,128,729,22000,128
1100,20160112,11, 1,2,       1801 ,,123523,123523,123523598600,1,,,,,,0,730,47000,128,729,22000,128
1100,20160112,11, 1,2,       1801 ,,123523,123523,123523649600,1,,,,,,0,730,48000,128,729,22000,128
1100,20160112,11, 1,2,       1801 ,,123524,123524,123524588400,1,,,,,,0,730,49000,128,729,22000,128
1100,20160112,11, 1,2,       1801 ,,123524,123524,123524650200,1,,,,,,0,730,51000,128,729,22000,128
1100,20160112,11, 1,2,       1801 ,,123524,123524,123524660700,1,,,,,,0,730,51000,128,729,24000,128
1100,20160112,11, 1,2,       1801 ,,123524,123524,123524930700,1,,,,,,0,730,51000,128,729,23000,128
1100,20160112,11, 1,2,       1801 ,123526,123526,123526,123526458100,1,729,16,0,2000,0,0,730,51000,128,729,21000,128
1100,20160112,11, 1,2,       1801 ,123526,123526,123526,123526461500,1,729,16,0,21000,0,0,730,51000,128,728,52000,128
1100,20160112,11, 1,2,       1801 ,,123526,123526,123526465100,1,,,,,,0,730,52000,128,728,52000,128
1100,20160112,11, 1,2,       1801 ,,123526,123526,123526465900,1,,,,,,0,729,1000,128,728,52000,128
1100,20160112,11, 1,2,       1801 ,,123526,123526,123526466600,1,,,,,,0,729,3000,128,728,52000,128
1100,20160112,11, 1,2,       1801 ,123526,123526,123526,123526468400,1,729,48,0,3000,0,0,730,52000,128,728,52000,128
1100,20160112,11, 1,2,       1801 ,,123526,123526,123526469400,1,,,,,,0,730,52000,128,728,52000,128
1100,20160112,11, 1,2,       1801 ,,123526,123526,123526470400,1,,,,,,0,729,1000,128,728,52000,128
1100,20160112,11, 1,2,       1801 ,,123526,123526,123526471500,1,,,,,,0,729,2000,128,728,52000,128
1100,20160112,11, 1,2,       1801 ,,123526,123526,123526473200,1,,,,,,0,729,2000,128,728,51000,128
1100,20160112,11, 1,2,       1801 ,,123526,123526,123526475400,1,,,,,,0,729,2000,128,728,46000,128
1100,20160112,11, 1,2,       1801 ,,123526,123526,123526478700,1,,,,,,0,729,1000,128,728,46000,128
1100,20160112,11, 1,2,       1801 ,,123526,123526,123526479600,1,,,,,,0,730,51000,128,728,46000,128
1100,20160112,11, 1,2,       1801 ,,123526,123526,123526481500,1,,,,,,0,729,1000,128,728,46000,128
1100,20160112,11, 1,2,       1801 ,,123526,123526,123526486900,1,,,,,,0,729,2000,128,728,46000,128
1100,20160112,11, 1,2,       1801 ,,123526,123526,123526487800,1,,,,,,0,729,10000,128,728,46000,128
1100,20160112,11, 1,2,       1801 ,,123526,123526,123526488500,1,,,,,,0,729,9000,128,728,46000,128
1100,20160112,11, 1,2,       1801 ,,123526,123526,123526494300,1,,,,,,0,729,8000,128,728,46000,128
1100,20160112,11, 1,2,       1801 ,,123526,123526,123526499600,1,,,,,,0,729,12000,128,728,46000,128
1100,20160112,11, 1,2,       1801 ,,123526,123526,123526501700,1,,,,,,0,729,13000,128,728,46000,128
1100,20160112,11, 1,2,       1801 ,,123526,123526,123526584800,1,,,,,,0,729,13000,128,728,42000,128
1100,20160112,11, 1,2,       1801 ,,123526,123526,123526598100,1,,,,,,0,729,13000,128,728,32000,128
1100,20160112,11, 1,2,       1801 ,,123526,123526,123526612600,1,,,,,,0,729,14000,128,728,32000,128
1100,20160112,11, 1,2,       1801 ,,123526,123526,123526618200,1,,,,,,0,729,14000,128,728,29000,128
1100,20160112,11, 1,2,       1801 ,,123527,123527,123527112600,1,,,,,,0,729,15000,128,728,29000,128
1100,20160112,11, 1,2,       1801 ,,123527,123527,123527344200,1,,,,,,0,729,16000,128,728,29000,128
1100,20160112,11, 1,2,       1801 ,,123527,123527,123527345500,1,,,,,,0,729,16000,128,728,28000,128
1100,20160112,11, 1,2,       1801 ,,123527,123527,123527754300,1,,,,,,0,729,17000,128,728,28000,128
1100,20160112,11, 1,2,       1801 ,,123527,123527,123527756000,1,,,,,,0,729,19000,128,728,28000,128
1100,20160112,11, 1,2,       1801 ,,123528,123528,123528489800,1,,,,,,0,729,18000,128,728,28000,128
1100,20160112,11, 1,2,       1801 ,,123529,123529,123529041300,1,,,,,,0,729,19000,128,728,28000,128
1100,20160112,11, 1,2,       1801 ,,123529,123529,123529545600,1,,,,,,0,729,11000,128,728,28000,128
1100,20160112,11, 1,2,       1801 ,,123529,123529,123529846400,1,,,,,,0,729,11000,128,728,29000,128
1100,20160112,11, 1,2,       1801 ,,123530,123530,123530802100,1,,,,,,0,729,11000,128,728,28000,128
1100,20160112,11, 1,2,       1801 ,,123532,123532,123532182900,1,,,,,,0,729,39000,128,728,28000,128
1100,20160112,11, 1,2,       1801 ,,123532,123532,123532184200,1,,,,,,0,729,39000,128,728,26000,128
1100,20160112,11, 1,2,       1801 ,,123532,123532,123532184900,1,,,,,,0,729,39000,128,728,23000,128
1100,20160112,11, 1,2,       1801 ,,123532,123532,123532185700,1,,,,,,0,729,39000,128,728,19000,128
1100,20160112,11, 1,2,       1801 ,,123532,123532,123532193000,1,,,,,,0,729,39000,128,728,21000,128
1100,20160112,11, 1,2,       1801 ,,123532,123532,123532500900,1,,,,,,0,729,40000,128,728,21000,128
1100,20160112,11, 1,2,       1801 ,,123532,123532,123532560400,1,,,,,,0,729,44000,128,728,21000,128
1100,20160112,11, 1,2,       1801 ,,123536,123536,123536626100,1,,,,,,0,729,44000,128,728,22000,128
1100,20160112,11, 1,2,       1801 ,,123538,123538,123538077600,1,,,,,,0,729,43000,128,728,22000,128
1100,20160112,11, 1,2,       1801 ,,123545,123545,123545306700,1,,,,,,0,729,44000,128,728,22000,128
1100,20160112,11, 1,2,       1801 ,,123545,123545,123545343900,1,,,,,,0,729,44000,128,728,21000,128
1100,20160112,11, 1,2,       1801 ,,123546,123546,123546831300,1,,,,,,0,729,45000,128,728,21000,128
1100,20160112,11, 1,2,       1801 ,,123547,123547,123547760800,1,,,,,,0,729,44000,128,728,21000,128
1100,20160112,11, 1,2,       1801 ,123550,123550,123550,123550421500,1,728,16,0,6000,0,0,729,44000,128,728,15000,128
1100,20160112,11, 1,2,       1801 ,123550,123550,123550,123550423300,1,728,16,0,15000,0,0,729,44000,128,727,41000,128
1100,20160112,11, 1,2,       1801 ,,123550,123550,123550428800,1,,,,,,0,728,1000,128,727,41000,128
1100,20160112,11, 1,2,       1801 ,,123550,123550,123550432200,1,,,,,,0,728,2000,128,727,41000,128
1100,20160112,11, 1,2,       1801 ,,123550,123550,123550441200,1,,,,,,0,728,2000,128,727,36000,128
1100,20160112,11, 1,2,       1801 ,,123550,123550,123550443400,1,,,,,,0,728,3000,128,727,36000,128
1100,20160112,11, 1,2,       1801 ,,123550,123550,123550445500,1,,,,,,0,728,3000,128,727,32000,128
1100,20160112,11, 1,2,       1801 ,,123550,123550,123550448800,1,,,,,,0,728,4000,128,727,32000,128
1100,20160112,11, 1,2,       1801 ,,123550,123550,123550837700,1,,,,,,0,728,5000,128,727,32000,128
1100,20160112,11, 1,2,       1801 ,,123550,123550,123550969700,1,,,,,,0,728,5000,128,727,31000,128
1100,20160112,11, 1,2,       1801 ,,123552,123552,123552481700,1,,,,,,0,728,6000,128,727,31000,128
1100,20160112,11, 1,2,       1801 ,,123552,123552,123552593600,1,,,,,,0,728,6000,128,727,33000,128
1100,20160112,11, 1,2,       1801 ,123552,123552,123552,123552594300,1,728,48,0,6000,0,0,729,34000,128,727,33000,128
1100,20160112,11, 1,2,       1801 ,,123552,123552,123552595600,1,,,,,,0,729,34000,128,728,1000,128
1100,20160112,11, 1,2,       1801 ,,123552,123552,123552596300,1,,,,,,0,729,34000,128,728,3000,128
1100,20160112,11, 1,2,       1801 ,,123552,123552,123552597900,1,,,,,,0,729,35000,128,728,3000,128
1100,20160112,11, 1,2,       1801 ,,123552,123552,123552598700,1,,,,,,0,729,37000,128,728,3000,128
1100,20160112,11, 1,2,       1801 ,,123552,123552,123552600200,1,,,,,,0,729,36000,128,728,3000,128
1100,20160112,11, 1,2,       1801 ,,123552,123552,123552600900,1,,,,,,0,729,37000,128,728,3000,128
1100,20160112,11, 1,2,       1801 ,,123552,123552,123552601600,1,,,,,,0,729,36000,128,728,3000,128
1100,20160112,11, 1,2,       1801 ,,123552,123552,123552610000,1,,,,,,0,729,32000,128,728,3000,128
1100,20160112,11, 1,2,       1801 ,,123552,123552,123552730400,1,,,,,,0,729,33000,128,728,3000,128
1100,20160112,11, 1,2,       1801 ,,123553,123553,123553589400,1,,,,,,0,729,33000,128,728,1000,128
1100,20160112,11, 1,2,       1801 ,,123554,123554,123554532500,1,,,,,,0,729,33000,128,728,3000,128
1100,20160112,11, 1,2,       1801 ,,123554,123554,123554552500,1,,,,,,0,729,32000,128,728,3000,128
1100,20160112,11, 1,2,       1801 ,123554,123554,123554,123554587300,1,728,16,0,1000,0,0,729,32000,128,728,2000,128
1100,20160112,11, 1,2,       1801 ,123555,123555,123555,123555176500,1,728,16,0,2000,0,0,728,1000,128,727,38000,128
1100,20160112,11, 1,2,       1801 ,,123555,123555,123555178500,1,,,,,,0,728,1000,128,727,38000,128
1100,20160112,11, 1,2,       1801 ,123555,123555,123555,123555179200,1,728,48,0,1000,0,0,729,32000,128,727,38000,128
1100,20160112,11, 1,2,       1801 ,,123555,123555,123555180000,1,,,,,,0,729,32000,128,727,33000,128
1100,20160112,11, 1,2,       1801 ,,123555,123555,123555180800,1,,,,,,0,729,30000,128,727,33000,128
1100,20160112,11, 1,2,       1801 ,,123555,123555,123555181600,1,,,,,,0,729,30000,128,728,5000,128
1100,20160112,11, 1,2,       1801 ,,123555,123555,123555182400,1,,,,,,0,729,32000,128,728,5000,128
1100,20160112,11, 1,2,       1801 ,,123555,123555,123555183100,1,,,,,,0,729,32000,128,728,6000,128
1100,20160112,11, 1,2,       1801 ,123556,123556,123556,123556802500,1,728,16,0,1000,0,0,729,32000,128,728,5000,128
1100,20160112,11, 1,2,       1801 ,,123557,123557,123557180500,1,,,,,,0,729,32000,128,728,5000,128
1100,20160112,11, 1,2,       1801 ,123557,123557,123557,123557506900,1,728,16,0,2000,0,0,729,32000,128,728,3000,128
1100,20160112,11, 1,2,       1801 ,,123557,123557,123557884200,1,,,,,,0,729,32000,128,728,3000,128
1100,20160112,11, 1,2,       1801 ,123558,123558,123558,123558049600,1,729,48,0,1000,0,0,729,31000,128,728,3000,128
1100,20160112,11, 1,2,       1801 ,,123558,123558,123558577800,1,,,,,,0,729,31000,128,728,3000,128
1100,20160112,11, 1,2,       1801 ,,123602,123602,123602800900,1,,,,,,0,729,35000,128,728,3000,128
1100,20160112,11, 1,2,       1801 ,,123602,123602,123602802300,1,,,,,,0,729,35000,128,728,1000,128
1100,20160112,11, 1,2,       1801 ,,123603,123603,123603296500,1,,,,,,0,729,35000,128,728,2000,128
1100,20160112,11, 1,2,       1801 ,,123603,123603,123603491200,1,,,,,,0,729,37000,128,728,2000,128
1100,20160112,11, 1,2,       1801 ,123603,123603,123603,123603742700,1,728,16,0,2000,0,0,729,37000,128,727,38000,128
1100,20160112,11, 1,2,       1801 ,,123603,123603,123603744200,1,,,,,,0,729,37000,128,727,38000,128
1100,20160112,11, 1,2,       1801 ,,123603,123603,123603745000,1,,,,,,0,728,2000,128,727,38000,128
1100,20160112,11, 1,2,       1801 ,123603,123603,123603,123603747500,1,728,48,0,2000,0,0,729,42000,128,727,38000,128
1100,20160112,11, 1,2,       1801 ,,123603,123603,123603748300,1,,,,,,0,729,42000,128,727,33000,128
1100,20160112,11, 1,2,       1801 ,,123603,123603,123603749100,1,,,,,,0,729,37000,128,727,33000,128
1100,20160112,11, 1,2,       1801 ,,123603,123603,123603749900,1,,,,,,0,728,1000,128,727,33000,128
1100,20160112,11, 1,2,       1801 ,,123603,123603,123603751300,1,,,,,,0,728,2000,128,727,33000,128
1100,20160112,11, 1,2,       1801 ,,123603,123603,123603752100,1,,,,,,0,728,1000,128,727,33000,128
1100,20160112,11, 1,2,       1801 ,,123603,123603,123603755800,1,,,,,,0,728,2000,128,727,33000,128
1100,20160112,11, 1,2,       1801 ,,123604,123604,123604541000,1,,,,,,0,728,1000,128,727,33000,128
1100,20160112,11, 1,2,       1801 ,,123604,123604,123604543300,1,,,,,,0,729,36000,128,727,33000,128
1100,20160112,11, 1,2,       1801 ,,123604,123604,123604544100,1,,,,,,0,729,37000,128,727,33000,128
1100,20160112,11, 1,2,       1801 ,,123604,123604,123604868600,1,,,,,,0,729,37000,128,727,35000,128
1100,20160112,11, 1,2,       1801 ,,123605,123605,123605109000,1,,,,,,0,729,37000,128,727,36000,128
1100,20160112,11, 1,2,       1801 ,,123605,123605,123605564300,1,,,,,,0,729,37000,128,728,2000,128
1100,20160112,11, 1,2,       1801 ,,123605,123605,123605565700,1,,,,,,0,729,32000,128,728,2000,128
1100,20160112,11, 1,2,       1801 ,,123605,123605,123605566400,1,,,,,,0,729,32000,128,728,5000,128
1100,20160112,11, 1,2,       1801 ,,123605,123605,123605567800,1,,,,,,0,729,31000,128,728,5000,128
1100,20160112,11, 1,2,       1801 ,,123605,123605,123605568700,1,,,,,,0,729,27000,128,728,5000,128
1100,20160112,11, 1,2,       1801 ,,123605,123605,123605795000,1,,,,,,0,729,28000,128,728,5000,128
1100,20160112,11, 1,2,       1801 ,,123606,123606,123606976600,1,,,,,,0,729,28000,128,728,6000,128
1100,20160112,11, 1,2,       1801 ,,123606,123606,123606978200,1,,,,,,0,729,28000,128,728,11000,128
1100,20160112,11, 1,2,       1801 ,,123606,123606,123606979800,1,,,,,,0,729,28000,128,728,13000,128
1100,20160112,11, 1,2,       1801 ,,123608,123608,123608041700,1,,,,,,0,729,28000,128,728,15000,128
1100,20160112,11, 1,2,       1801 ,,123608,123608,123608042400,1,,,,,,0,729,26000,128,728,15000,128
1100,20160112,11, 1,2,       1801 ,,123608,123608,123608134000,1,,,,,,0,729,26000,128,728,16000,128
1100,20160112,11, 1,2,       1801 ,,123608,123608,123608137600,1,,,,,,0,729,23000,128,728,16000,128
1100,20160112,11, 1,2,       1801 ,,123608,123608,123608139000,1,,,,,,0,729,22000,128,728,16000,128
1100,20160112,11, 1,2,       1801 ,,123608,123608,123608145900,1,,,,,,0,729,14000,128,728,16000,128
1100,20160112,11, 1,2,       1801 ,,123608,123608,123608147200,1,,,,,,0,729,16000,128,728,16000,128
1100,20160112,11, 1,2,       1801 ,,123608,123608,123608147900,1,,,,,,0,729,16000,128,728,18000,128
1100,20160112,11, 1,2,       1801 ,,123608,123608,123608738200,1,,,,,,0,729,15000,128,728,18000,128
1100,20160112,11, 1,2,       1801 ,,123609,123609,123609112600,1,,,,,,0,729,14000,128,728,18000,128
1100,20160112,11, 1,2,       1801 ,,123610,123610,123610452200,1,,,,,,0,729,14000,128,728,17000,128
1100,20160112,11, 1,2,       1801 ,,123610,123610,123610565800,1,,,,,,0,729,15000,128,728,17000,128
1100,20160112,11, 1,2,       1801 ,,123610,123610,123610583200,1,,,,,,0,729,15000,128,728,18000,128
1100,20160112,11, 1,2,       1801 ,,123611,123611,123611020400,1,,,,,,0,729,16000,128,728,18000,128
1100,20160112,11, 1,2,       1801 ,,123612,123612,123612509400,1,,,,,,0,729,16000,128,728,16000,128
1100,20160112,11, 1,2,       1801 ,,123612,123612,123612560600,1,,,,,,0,729,18000,128,728,16000,128
1100,20160112,11, 1,2,       1801 ,,123615,123615,123615049500,1,,,,,,0,729,18000,128,728,18000,128
1100,20160112,11, 1,2,       1801 ,,123615,123615,123615051600,1,,,,,,0,729,21000,128,728,18000,128
1100,20160112,11, 1,2,       1801 ,,123615,123615,123615083300,1,,,,,,0,729,20000,128,728,18000,128
1100,20160112,11, 1,2,       1801 ,,123617,123617,123617537000,1,,,,,,0,729,20000,128,728,19000,128
1100,20160112,11, 1,2,       1801 ,,123617,123617,123617609100,1,,,,,,0,729,20000,128,728,18000,128
1100,20160112,11, 1,2,       1801 ,,123618,123618,123618068000,1,,,,,,0,729,21000,128,728,18000,128
1100,20160112,11, 1,2,       1801 ,,123619,123619,123619112100,1,,,,,,0,729,20000,128,728,18000,128
1100,20160112,11, 1,2,       1801 ,,123619,123619,123619372000,1,,,,,,0,729,21000,128,728,18000,128
1100,20160112,11, 1,2,       1801 ,,123620,123620,123620256200,1,,,,,,0,729,20000,128,728,18000,128
1100,20160112,11, 1,2,       1801 ,,123621,123621,123621426700,1,,,,,,0,729,21000,128,728,18000,128
1100,20160112,11, 1,2,       1801 ,,123622,123622,123622113800,1,,,,,,0,729,22000,128,728,18000,128
1100,20160112,11, 1,2,       1801 ,,123622,123622,123622115200,1,,,,,,0,729,22000,128,728,13000,128
1100,20160112,11, 1,2,       1801 ,,123622,123622,123622130200,1,,,,,,0,729,30000,128,728,13000,128
1100,20160112,11, 1,2,       1801 ,,123622,123622,123622131300,1,,,,,,0,729,30000,128,728,11000,128
1100,20160112,11, 1,2,       1801 ,,123622,123622,123622132100,1,,,,,,0,729,30000,128,728,9000,128
1100,20160112,11, 1,2,       1801 ,,123622,123622,123622133500,1,,,,,,0,729,30000,128,728,7000,128
1100,20160112,11, 1,2,       1801 ,,123622,123622,123622134200,1,,,,,,0,729,30000,128,728,4000,128
1100,20160112,11, 1,2,       1801 ,,123622,123622,123622135000,1,,,,,,0,729,30000,128,728,2000,128
1100,20160112,11, 1,2,       1801 ,,123622,123622,123622135700,1,,,,,,0,729,35000,128,728,2000,128
1100,20160112,11, 1,2,       1801 ,,123622,123622,123622136300,1,,,,,,0,729,35000,128,728,1000,128
1100,20160112,11, 1,2,       1801 ,,123622,123622,123622137100,1,,,,,,0,729,37000,128,728,1000,128
1100,20160112,11, 1,2,       1801 ,123622,123622,123622,123622138500,1,728,16,0,1000,0,0,729,37000,128,727,47000,128
1100,20160112,11, 1,2,       1801 ,,123622,123622,123622139800,1,,,,,,0,729,38000,128,727,47000,128
1100,20160112,11, 1,2,       1801 ,,123622,123622,123622141900,1,,,,,,0,729,43000,128,727,47000,128
1100,20160112,11, 1,2,       1801 ,,123622,123622,123622160200,1,,,,,,0,729,43000,128,727,43000,128
1100,20160112,11, 1,2,       1801 ,,123622,123622,123622447700,1,,,,,,0,729,42000,128,727,43000,128
1100,20160112,11, 1,2,       1801 ,123623,123623,123623,123623527300,1,729,48,0,1000,0,0,729,41000,128,727,43000,128
1100,20160112,11, 1,2,       1801 ,,123623,123623,123623528900,1,,,,,,0,729,41000,128,728,2000,128
1100,20160112,11, 1,2,       1801 ,,123623,123623,123623531000,1,,,,,,0,729,41000,128,728,4000,128
1100,20160112,11, 1,2,       1801 ,,123623,123623,123623532500,1,,,,,,0,729,41000,128,728,5000,128
1100,20160112,11, 1,2,       1801 ,,123623,123623,123623533800,1,,,,,,0,729,36000,128,728,5000,128
1100,20160112,11, 1,2,       1801 ,,123623,123623,123623585200,1,,,,,,0,729,40000,128,728,5000,128
1100,20160112,11, 1,2,       1801 ,,123623,123623,123623586300,1,,,,,,0,729,40000,128,728,3000,128
1100,20160112,11, 1,2,       1801 ,123624,123624,123624,123624681400,1,728,16,0,3000,0,0,729,40000,128,727,43000,128
1100,20160112,11, 1,2,       1801 ,,123624,123624,123624684200,1,,,,,,0,729,40000,128,727,43000,128
1100,20160112,11, 1,2,       1801 ,,123624,123624,123624684900,1,,,,,,0,729,40000,128,727,41000,128
1100,20160112,11, 1,2,       1801 ,,123624,123624,123624685900,1,,,,,,0,729,40000,128,727,40000,128
1100,20160112,11, 1,2,       1801 ,,123626,123626,123626716300,1,,,,,,0,729,45000,128,727,40000,128
1100,20160112,11, 1,2,       1801 ,,123634,123634,123634654200,1,,,,,,0,729,50000,128,727,40000,128
1100,20160112,11, 1,2,       1801 ,,123635,123635,123635701500,1,,,,,,0,729,50000,128,728,2000,128
1100,20160112,11, 1,2,       1801 ,,123635,123635,123635705400,1,,,,,,0,729,50000,128,728,3000,128
1100,20160112,11, 1,2,       1801 ,,123635,123635,123635706100,1,,,,,,0,729,45000,128,728,3000,128
1100,20160112,11, 1,2,       1801 ,,123635,123635,123635715600,1,,,,,,0,729,44000,128,728,3000,128
1100,20160112,11, 1,2,       1801 ,,123638,123638,123638097400,1,,,,,,0,729,44000,128,728,4000,128
1100,20160112,11, 1,2,       1801 ,,123639,123639,123639057900,1,,,,,,0,729,44000,128,728,6000,128
1100,20160112,11, 1,2,       1801 ,,123639,123639,123639059800,1,,,,,,0,729,44000,128,728,9000,128
1100,20160112,11, 1,2,       1801 ,,123639,123639,123639061200,1,,,,,,0,729,42000,128,728,9000,128
1100,20160112,11, 1,2,       1801 ,,123640,123640,123640010100,1,,,,,,0,729,37000,128,728,9000,128
1100,20160112,11, 1,2,       1801 ,,123640,123640,123640012300,1,,,,,,0,729,37000,128,728,11000,128
1100,20160112,11, 1,2,       1801 ,,123640,123640,123640060100,1,,,,,,0,729,33000,128,728,11000,128
1100,20160112,11, 1,2,       1801 ,,123640,123640,123640150300,1,,,,,,0,729,25000,128,728,11000,128
1100,20160112,11, 1,2,       1801 ,,123641,123641,123641453000,1,,,,,,0,729,25000,128,728,12000,128
1100,20160112,11, 1,2,       1801 ,,123643,123643,123643170800,1,,,,,,0,729,25000,128,728,11000,128
1100,20160112,11, 1,2,       1801 ,,123647,123647,123647001200,1,,,,,,0,729,25000,128,728,12000,128
1100,20160112,11, 1,2,       1801 ,,123647,123647,123647003200,1,,,,,,0,729,23000,128,728,12000,128
1100,20160112,11, 1,2,       1801 ,,123649,123649,123649750300,1,,,,,,0,729,25000,128,728,12000,128
1100,20160112,11, 1,2,       1801 ,,123649,123649,123649751700,1,,,,,,0,729,25000,128,728,17000,128
1100,20160112,11, 1,2,       1801 ,,123649,123649,123649753900,1,,,,,,0,729,23000,128,728,17000,128
1100,20160112,11, 1,2,       1801 ,,123653,123653,123653450800,1,,,,,,0,729,23000,128,728,16000,128
1100,20160112,11, 1,2,       1801 ,,123653,123653,123653453100,1,,,,,,0,729,25000,128,728,16000,128
1100,20160112,11, 1,2,       1801 ,,123653,123653,123653880100,1,,,,,,0,729,25000,128,728,17000,128
1100,20160112,11, 1,2,       1801 ,,123653,123653,123653881800,1,,,,,,0,729,23000,128,728,17000,128
1100,20160112,11, 1,2,       1801 ,,123654,123654,123654395300,1,,,,,,0,729,25000,128,728,17000,128
1100,20160112,11, 1,2,       1801 ,,123655,123655,123655223300,1,,,,,,0,729,25000,128,728,16000,128
1100,20160112,11, 1,2,       1801 ,,123655,123655,123655602400,1,,,,,,0,729,26000,128,728,16000,128
1100,20160112,11, 1,2,       1801 ,,123655,123655,123655813100,1,,,,,,0,729,26000,128,728,17000,128
1100,20160112,11, 1,2,       1801 ,,123657,123657,123657189600,1,,,,,,0,729,26000,128,728,16000,128
1100,20160112,11, 1,2,       1801 ,,123700,123700,123700810300,1,,,,,,0,729,27000,128,728,16000,128
1100,20160112,11, 1,2,       1801 ,,123701,123701,123701915700,1,,,,,,0,729,30000,128,728,16000,128
1100,20160112,11, 1,2,       1801 ,,123702,123702,123702379200,1,,,,,,0,729,30000,128,728,17000,128
1100,20160112,11, 1,2,       1801 ,,123703,123703,123703786300,1,,,,,,0,729,30000,128,728,16000,128
1100,20160112,11, 1,2,       1801 ,123705,123705,123705,123705608600,1,728,16,0,1000,0,0,729,30000,128,728,15000,128
1100,20160112,11, 1,2,       1801 ,,123711,123711,123711104600,1,,,,,,0,729,31000,128,728,15000,128
1100,20160112,11, 1,2,       1801 ,,123712,123712,123712210900,1,,,,,,0,729,29000,128,728,15000,128
1100,20160112,11, 1,2,       1801 ,,123712,123712,123712214000,1,,,,,,0,729,30000,128,728,15000,128
1100,20160112,11, 1,2,       1801 ,,123714,123714,123714761300,1,,,,,,0,729,30000,128,728,16000,128
1100,20160112,11, 1,2,       1801 ,,123715,123715,123715181900,1,,,,,,0,729,30000,128,728,15000,128
1100,20160112,11, 1,2,       1801 ,,123719,123719,123719501800,1,,,,,,0,729,30000,128,728,16000,128
1100,20160112,11, 1,2,       1801 ,,123720,123720,123720581500,1,,,,,,0,729,30000,128,728,15000,128
1100,20160112,11, 1,2,       1801 ,,123721,123721,123721915200,1,,,,,,0,729,31000,128,728,15000,128
1100,20160112,11, 1,2,       1801 ,,123722,123722,123722581500,1,,,,,,0,729,30000,128,728,15000,128
1100,20160112,11, 1,2,       1801 ,,123723,123723,123723662200,1,,,,,,0,729,31000,128,728,15000,128
1100,20160112,11, 1,2,       1801 ,,123723,123723,123723663600,1,,,,,,0,729,32000,128,728,15000,128
1100,20160112,11, 1,2,       1801 ,,123725,123725,123725154900,1,,,,,,0,729,31000,128,728,15000,128
1100,20160112,11, 1,2,       1801 ,,123726,123726,123726251100,1,,,,,,0,729,32000,128,728,15000,128
1100,20160112,11, 1,2,       1801 ,,123729,123729,123729544900,1,,,,,,0,729,34000,128,728,15000,128
1100,20160112,11, 1,2,       1801 ,,123729,123729,123729545700,1,,,,,,0,729,34000,128,728,13000,128
1100,20160112,11, 1,2,       1801 ,,123730,123730,123730350400,1,,,,,,0,729,35000,128,728,13000,128
1100,20160112,11, 1,2,       1801 ,,123736,123736,123736789700,1,,,,,,0,729,35000,128,728,8000,128
1100,20160112,11, 1,2,       1801 ,,123736,123736,123736791300,1,,,,,,0,729,35000,128,728,6000,128
1100,20160112,11, 1,2,       1801 ,123736,123736,123736,123736792200,1,728,16,0,5000,0,0,729,35000,128,728,1000,128
1100,20160112,11, 1,2,       1801 ,,123736,123736,123736793900,1,,,,,,0,729,40000,128,728,1000,128
1100,20160112,11, 1,2,       1801 ,123736,123736,123736,123736795000,1,728,16,0,1000,0,0,729,40000,128,727,51000,128
1100,20160112,11, 1,2,       1801 ,,123736,123736,123736795800,1,,,,,,0,728,1000,128,727,51000,128
1100,20160112,11, 1,2,       1801 ,,123736,123736,123736796900,1,,,,,,0,728,1000,128,727,50000,128
1100,20160112,11, 1,2,       1801 ,,123736,123736,123736801900,1,,,,,,0,728,3000,128,727,50000,128
1100,20160112,11, 1,2,       1801 ,123736,123736,123736,123736803100,1,728,48,0,3000,0,0,729,49000,128,727,50000,128
1100,20160112,11, 1,2,       1801 ,,123736,123736,123736803900,1,,,,,,0,729,54000,128,727,50000,128
1100,20160112,11, 1,2,       1801 ,,123736,123736,123736804600,1,,,,,,0,729,54000,128,727,44000,128
1100,20160112,11, 1,2,       1801 ,,123736,123736,123736805500,1,,,,,,0,729,54000,128,727,39000,128
1100,20160112,11, 1,2,       1801 ,,123736,123736,123736806200,1,,,,,,0,729,49000,128,727,39000,128
1100,20160112,11, 1,2,       1801 ,,123736,123736,123736807000,1,,,,,,0,729,53000,128,727,39000,128
1100,20160112,11, 1,2,       1801 ,,123736,123736,123736807700,1,,,,,,0,728,1000,128,727,39000,128
1100,20160112,11, 1,2,       1801 ,123736,123736,123736,123736809500,1,728,48,0,1000,0,0,729,53000,128,728,2000,128
1100,20160112,11, 1,2,       1801 ,,123736,123736,123736810300,1,,,,,,0,729,54000,128,728,2000,128
1100,20160112,11, 1,2,       1801 ,,123736,123736,123736811400,1,,,,,,0,729,53000,128,728,2000,128
1100,20160112,11, 1,2,       1801 ,,123736,123736,123736815900,1,,,,,,0,729,52000,128,728,2000,128
1100,20160112,11, 1,2,       1801 ,123736,123736,123736,123736817200,1,728,16,0,1000,0,0,729,52000,128,728,1000,128
1100,20160112,11, 1,2,       1801 ,,123736,123736,123736818100,1,,,,,,0,729,48000,128,728,1000,128
1100,20160112,11, 1,2,       1801 ,,123736,123736,123736819300,1,,,,,,0,729,49000,128,728,1000,128
1100,20160112,11, 1,2,       1801 ,123736,123736,123736,123736822800,1,728,16,0,1000,0,0,729,49000,128,727,36000,128
1100,20160112,11, 1,2,       1801 ,,123736,123736,123736824300,1,,,,,,0,729,49000,128,727,38000,128
1100,20160112,11, 1,2,       1801 ,,123736,123736,123736833500,1,,,,,,0,729,48000,128,727,38000,128
1100,20160112,11, 1,2,       1801 ,,123736,123736,123736835300,1,,,,,,0,729,52000,128,727,38000,128
1100,20160112,11, 1,2,       1801 ,,123736,123736,123736845800,1,,,,,,0,729,53000,128,727,38000,128
1100,20160112,11, 1,2,       1801 ,,123744,123744,123744499500,1,,,,,,0,729,52000,128,727,38000,128
1100,20160112,11, 1,2,       1801 ,,123744,123744,123744501100,1,,,,,,0,729,52000,128,727,43000,128
1100,20160112,11, 1,2,       1801 ,,123744,123744,123744501800,1,,,,,,0,729,57000,128,727,43000,128
1100,20160112,11, 1,2,       1801 ,,123744,123744,123744502500,1,,,,,,0,729,57000,128,727,49000,128
1100,20160112,11, 1,2,       1801 ,,123751,123751,123751583400,1,,,,,,0,728,2000,128,727,49000,128
1100,20160112,11, 1,2,       1801 ,,123751,123751,123751585100,1,,,,,,0,728,4000,128,727,49000,128
1100,20160112,11, 1,2,       1801 ,,123751,123751,123751585900,1,,,,,,0,728,5000,128,727,49000,128
1100,20160112,11, 1,2,       1801 ,,123751,123751,123751588200,1,,,,,,0,728,5000,128,727,43000,128
1100,20160112,11, 1,2,       1801 ,,123751,123751,123751588900,1,,,,,,0,728,5000,128,727,38000,128
1100,20160112,11, 1,2,       1801 ,,123751,123751,123751591300,1,,,,,,0,728,6000,128,727,38000,128
1100,20160112,11, 1,2,       1801 ,,123751,123751,123751592800,1,,,,,,0,728,6000,128,727,34000,128
1100,20160112,11, 1,2,       1801 ,,123751,123751,123751638700,1,,,,,,0,728,6000,128,727,37000,128
1100,20160112,11, 1,2,       1801 ,,123752,123752,123752580100,1,,,,,,0,728,6000,128,727,38000,128
1100,20160112,11, 1,2,       1801 ,,123754,123754,123754547800,1,,,,,,0,728,6000,128,727,39000,128
1100,20160112,11, 1,2,       1801 ,,123801,123801,123801742200,1,,,,,,0,728,7000,128,727,39000,128
1100,20160112,11, 1,2,       1801 ,,123802,123802,123802199600,1,,,,,,0,728,5000,128,727,39000,128
1100,20160112,11, 1,2,       1801 ,,123802,123802,123802200600,1,,,,,,0,728,4000,128,727,39000,128
1100,20160112,11, 1,2,       1801 ,123802,123802,123802,123802202000,1,728,48,0,4000,0,0,729,47000,128,727,39000,128
1100,20160112,11, 1,2,       1801 ,,123802,123802,123802208500,1,,,,,,0,729,47000,128,728,2000,128
1100,20160112,11, 1,2,       1801 ,,123802,123802,123802209500,1,,,,,,0,729,45000,128,728,2000,128
1100,20160112,11, 1,2,       1801 ,,123802,123802,123802211700,1,,,,,,0,729,45000,128,728,3000,128
1100,20160112,11, 1,2,       1801 ,,123802,123802,123802216300,1,,,,,,0,729,45000,128,728,5000,128
1100,20160112,11, 1,2,       1801 ,,123802,123802,123802217100,1,,,,,,0,729,41000,128,728,5000,128
1100,20160112,11, 1,2,       1801 ,,123802,123802,123802220000,1,,,,,,0,729,41000,128,728,6000,128
1100,20160112,11, 1,2,       1801 ,,123802,123802,123802221200,1,,,,,,0,729,41000,128,728,8000,128
1100,20160112,11, 1,2,       1801 ,,123802,123802,123802222400,1,,,,,,0,729,42000,128,728,8000,128
1100,20160112,11, 1,2,       1801 ,,123802,123802,123802224300,1,,,,,,0,729,42000,128,728,9000,128
1100,20160112,11, 1,2,       1801 ,,123802,123802,123802225300,1,,,,,,0,729,41000,128,728,9000,128
1100,20160112,11, 1,2,       1801 ,,123802,123802,123802226400,1,,,,,,0,729,41000,128,728,10000,128
1100,20160112,11, 1,2,       1801 ,,123802,123802,123802232000,1,,,,,,0,729,46000,128,728,10000,128
1100,20160112,11, 1,2,       1801 ,,123802,123802,123802244900,1,,,,,,0,729,46000,128,728,13000,128
1100,20160112,11, 1,2,       1801 ,,123802,123802,123802247700,1,,,,,,0,729,46000,128,728,16000,128
1100,20160112,11, 1,2,       1801 ,,123802,123802,123802250500,1,,,,,,0,729,41000,128,728,16000,128
1100,20160112,11, 1,2,       1801 ,,123802,123802,123802256400,1,,,,,,0,729,36000,128,728,16000,128
1100,20160112,11, 1,2,       1801 ,,123802,123802,123802261100,1,,,,,,0,729,32000,128,728,16000,128
1100,20160112,11, 1,2,       1801 ,,123802,123802,123802399300,1,,,,,,0,729,29000,128,728,16000,128
1100,20160112,11, 1,2,       1801 ,,123802,123802,123802750800,1,,,,,,0,729,29000,128,728,17000,128
1100,20160112,11, 1,2,       1801 ,,123803,123803,123803145400,1,,,,,,0,729,29000,128,728,15000,128
1100,20160112,11, 1,2,       1801 ,,123804,123804,123804128000,1,,,,,,0,729,21000,128,728,15000,128
1100,20160112,11, 1,2,       1801 ,,123804,123804,123804129300,1,,,,,,0,729,21000,128,728,19000,128
1100,20160112,11, 1,2,       1801 ,,123804,123804,123804129900,1,,,,,,0,729,19000,128,728,19000,128
1100,20160112,11, 1,2,       1801 ,,123804,123804,123804130800,1,,,,,,0,729,18000,128,728,19000,128
1100,20160112,11, 1,2,       1801 ,,123804,123804,123804131600,1,,,,,,0,729,17000,128,728,19000,128
1100,20160112,11, 1,2,       1801 ,,123804,123804,123804139500,1,,,,,,0,729,17000,128,728,21000,128
1100,20160112,11, 1,2,       1801 ,,123804,123804,123804573300,1,,,,,,0,729,17000,128,728,19000,128
1100,20160112,11, 1,2,       1801 ,,123804,123804,123804722200,1,,,,,,0,729,19000,128,728,19000,128
1100,20160112,11, 1,2,       1801 ,,123805,123805,123805426600,1,,,,,,0,729,27000,128,728,19000,128
1100,20160112,11, 1,2,       1801 ,,123805,123805,123805428600,1,,,,,,0,729,28000,128,728,19000,128
1100,20160112,11, 1,2,       1801 ,,123806,123806,123806769200,1,,,,,,0,729,26000,128,728,19000,128
1100,20160112,11, 1,2,       1801 ,,123806,123806,123806772100,1,,,,,,0,729,25000,128,728,19000,128
1100,20160112,11, 1,2,       1801 ,,123808,123808,123808554000,1,,,,,,0,729,25000,128,728,20000,128
1100,20160112,11, 1,2,       1801 ,,123808,123808,123808555500,1,,,,,,0,729,31000,128,728,20000,128
1100,20160112,11, 1,2,       1801 ,,123808,123808,123808557500,1,,,,,,0,729,36000,128,728,20000,128
1100,20160112,11, 1,2,       1801 ,,123808,123808,123808559200,1,,,,,,0,729,37000,128,728,20000,128
1100,20160112,11, 1,2,       1801 ,,123812,123812,123812246900,1,,,,,,0,729,39000,128,728,20000,128
1100,20160112,11, 1,2,       1801 ,,123812,123812,123812248400,1,,,,,,0,729,39000,128,728,17000,128
1100,20160112,11, 1,2,       1801 ,,123812,123812,123812249800,1,,,,,,0,729,39000,128,728,13000,128
1100,20160112,11, 1,2,       1801 ,,123812,123812,123812648900,1,,,,,,0,729,39000,128,728,15000,128
1100,20160112,11, 1,2,       1801 ,,123814,123814,123814077500,1,,,,,,0,729,45000,128,728,15000,128
1100,20160112,11, 1,2,       1801 ,,123817,123817,123817869700,1,,,,,,0,729,40000,128,728,15000,128
1100,20160112,11, 1,2,       1801 ,,123821,123821,123821048900,1,,,,,,0,729,40000,128,728,13000,128
1100,20160112,11, 1,2,       1801 ,,123821,123821,123821285500,1,,,,,,0,729,44000,128,728,13000,128
1100,20160112,11, 1,2,       1801 ,,123821,123821,123821951400,1,,,,,,0,729,44000,128,728,12000,128
1100,20160112,11, 1,2,       1801 ,,123827,123827,123827899700,1,,,,,,0,729,45000,128,728,12000,128
1100,20160112,11, 1,2,       1801 ,,123827,123827,123827901100,1,,,,,,0,729,46000,128,728,12000,128
1100,20160112,11, 1,2,       1801 ,,123827,123827,123827901800,1,,,,,,0,729,51000,128,728,12000,128
1100,20160112,11, 1,2,       1801 ,123827,123827,123827,123827902500,1,728,16,0,1000,0,0,729,51000,128,728,11000,128
1100,20160112,11, 1,2,       1801 ,,123827,123827,123827903400,1,,,,,,0,729,51000,128,728,8000,128
1100,20160112,11, 1,2,       1801 ,,123827,123827,123827904200,1,,,,,,0,729,51000,128,728,6000,128
1100,20160112,11, 1,2,       1801 ,,123827,123827,123827904900,1,,,,,,0,729,51000,128,728,5000,128
1100,20160112,11, 1,2,       1801 ,,123828,123828,123828310100,1,,,,,,0,729,53000,128,728,5000,128
1100,20160112,11, 1,2,       1801 ,,123835,123835,123835117100,1,,,,,,0,729,53000,128,728,7000,128
1100,20160112,11, 1,2,       1801 ,123835,123835,123835,123835119400,1,728,16,0,6000,0,0,729,53000,128,728,1000,128
1100,20160112,11, 1,2,       1801 ,123835,123835,123835,123835121300,1,728,16,0,1000,0,0,729,53000,128,727,48000,128
1100,20160112,11, 1,2,       1801 ,,123835,123835,123835122100,1,,,,,,0,728,1000,128,727,48000,128
1100,20160112,11, 1,2,       1801 ,123835,123835,123835,123835128800,1,728,48,0,1000,0,0,729,61000,128,727,48000,128
1100,20160112,11, 1,2,       1801 ,,123835,123835,123835129500,1,,,,,,0,728,2000,128,727,48000,128
1100,20160112,11, 1,2,       1801 ,,123835,123835,123835130300,1,,,,,,0,728,2000,128,727,42000,128
1100,20160112,11, 1,2,       1801 ,,123835,123835,123835131200,1,,,,,,0,728,2000,128,727,37000,128
1100,20160112,11, 1,2,       1801 ,,123835,123835,123835132000,1,,,,,,0,728,3000,128,727,37000,128
1100,20160112,11, 1,2,       1801 ,,123835,123835,123835135600,1,,,,,,0,728,4000,128,727,37000,128
1100,20160112,11, 1,2,       1801 ,,123835,123835,123835137800,1,,,,,,0,728,4000,128,727,33000,128
1100,20160112,11, 1,2,       1801 ,,123835,123835,123835156300,1,,,,,,0,728,5000,128,727,33000,128
1100,20160112,11, 1,2,       1801 ,,123835,123835,123835158400,1,,,,,,0,728,5000,128,727,28000,128
1100,20160112,11, 1,2,       1801 ,,123835,123835,123835159600,1,,,,,,0,728,5000,128,727,27000,128
1100,20160112,11, 1,2,       1801 ,,123835,123835,123835199600,1,,,,,,0,728,6000,128,727,27000,128
1100,20160112,11, 1,2,       1801 ,,123837,123837,123837337000,1,,,,,,0,728,7000,128,727,27000,128
1100,20160112,11, 1,2,       1801 ,,123841,123841,123841165600,1,,,,,,0,728,9000,128,727,27000,128
1100,20160112,11, 1,2,       1801 ,,123841,123841,123841167100,1,,,,,,0,728,9000,128,727,33000,128
1100,20160112,11, 1,2,       1801 ,,123841,123841,123841167800,1,,,,,,0,728,11000,128,727,33000,128
1100,20160112,11, 1,2,       1801 ,,123842,123842,123842590400,1,,,,,,0,728,9000,128,727,33000,128
1100,20160112,11, 1,2,       1801 ,,123843,123843,123843969900,1,,,,,,0,728,15000,128,727,33000,128
1100,20160112,11, 1,2,       1801 ,,123846,123846,123846683600,1,,,,,,0,728,16000,128,727,33000,128
1100,20160112,11, 1,2,       1801 ,,123846,123846,123846981000,1,,,,,,0,728,16000,128,727,36000,128
1100,20160112,11, 1,2,       1801 ,,123846,123846,123846987100,1,,,,,,0,728,17000,128,727,36000,128
1100,20160112,11, 1,2,       1801 ,123850,123850,123850,123850183400,1,728,48,0,1000,0,0,728,16000,128,727,36000,128
1100,20160112,11, 1,2,       1801 ,,123855,123855,123855685000,1,,,,,,0,728,16000,128,727,40000,128
1100,20160112,11, 1,2,       1801 ,,123855,123855,123855687100,1,,,,,,0,728,16000,128,727,34000,128
1100,20160112,11, 1,2,       1801 ,123858,123858,123858,123858436900,1,727,16,0,1000,0,0,728,16000,128,727,33000,128
1100,20160112,11, 1,2,       1801 ,,123858,123858,123858446400,1,,,,,,0,728,19000,128,727,33000,128
1100,20160112,11, 1,2,       1801 ,,123901,123901,123901311500,1,,,,,,0,728,20000,128,727,33000,128
1100,20160112,11, 1,2,       1801 ,,123901,123901,123901608600,1,,,,,,0,728,19000,128,727,33000,128
1100,20160112,11, 1,2,       1801 ,,123902,123902,123902639700,1,,,,,,0,728,19000,128,727,34000,128
1100,20160112,11, 1,2,       1801 ,,123909,123909,123909231100,1,,,,,,0,728,20000,128,727,34000,128
1100,20160112,11, 1,2,       1801 ,,123910,123910,123910441400,1,,,,,,0,728,19000,128,727,34000,128
1100,20160112,11, 1,2,       1801 ,,123910,123910,123910941200,1,,,,,,0,728,20000,128,727,34000,128
1100,20160112,11, 1,2,       1801 ,,123911,123911,123911888000,1,,,,,,0,728,19000,128,727,34000,128
1100,20160112,11, 1,2,       1801 ,,123912,123912,123912880000,1,,,,,,0,728,18000,128,727,34000,128
1100,20160112,11, 1,2,       1801 ,,123912,123912,123912880700,1,,,,,,0,728,17000,128,727,34000,128
1100,20160112,11, 1,2,       1801 ,,123916,123916,123916197100,1,,,,,,0,728,18000,128,727,34000,128
1100,20160112,11, 1,2,       1801 ,,123916,123916,123916199100,1,,,,,,0,728,19000,128,727,34000,128
1100,20160112,11, 1,2,       1801 ,,123916,123916,123916199600,1,,,,,,0,728,20000,128,727,34000,128
1100,20160112,11, 1,2,       1801 ,,123916,123916,123916523900,1,,,,,,0,728,21000,128,727,34000,128
1100,20160112,11, 1,2,       1801 ,,123923,123923,123923254900,1,,,,,,0,728,20000,128,727,34000,128
1100,20160112,11, 1,2,       1801 ,,123923,123923,123923257000,1,,,,,,0,728,19000,128,727,34000,128
1100,20160112,11, 1,2,       1801 ,,123923,123923,123923257800,1,,,,,,0,728,18000,128,727,34000,128
1100,20160112,11, 1,2,       1801 ,,123923,123923,123923258500,1,,,,,,0,728,17000,128,727,34000,128
1100,20160112,11, 1,2,       1801 ,,123931,123931,123931869100,1,,,,,,0,728,18000,128,727,34000,128
1100,20160112,11, 1,2,       1801 ,,123931,123931,123931871100,1,,,,,,0,728,22000,128,727,34000,128
1100,20160112,11, 1,2,       1801 ,,123931,123931,123931872100,1,,,,,,0,728,23000,128,727,34000,128
1100,20160112,11, 1,2,       1801 ,,123931,123931,123931872800,1,,,,,,0,728,24000,128,727,34000,128
1100,20160112,11, 1,2,       1801 ,123936,123936,123936,123936390400,1,727,16,0,1000,0,0,728,24000,128,727,33000,128
1100,20160112,11, 1,2,       1801 ,,123936,123936,123936392800,1,,,,,,0,728,26000,128,727,33000,128
1100,20160112,11, 1,2,       1801 ,,123942,123942,123942206000,1,,,,,,0,728,26000,128,727,34000,128
1100,20160112,11, 1,2,       1801 ,,123942,123942,123942207300,1,,,,,,0,728,27000,128,727,34000,128
1100,20160112,11, 1,2,       1801 ,,123943,123943,123943966800,1,,,,,,0,728,27000,128,727,35000,128
1100,20160112,11, 1,2,       1801 ,,123943,123943,123943968000,1,,,,,,0,728,26000,128,727,35000,128
1100,20160112,11, 1,2,       1801 ,,123954,123954,123954050600,1,,,,,,0,728,25000,128,727,35000,128
1100,20160112,11, 1,2,       1801 ,123954,123954,123954,123954448700,1,728,48,0,1000,0,0,728,24000,128,727,35000,128
1100,20160112,11, 1,2,       1801 ,,123954,123954,123954450200,1,,,,,,0,728,24000,128,727,35000,128
1100,20160112,11, 1,2,       1801 ,,123955,123955,123955928600,1,,,,,,0,728,22000,128,727,35000,128
1100,20160112,11, 1,2,       1801 ,,123958,123958,123958930200,1,,,,,,0,728,22000,128,727,36000,128
1100,20160112,11, 1,2,       1801 ,,123958,123958,123958931700,1,,,,,,0,728,22000,128,727,41000,128
1100,20160112,11, 1,2,       1801 ,,123958,123958,123958932800,1,,,,,,0,728,18000,128,727,41000,128
1100,20160112,11, 1,2,       1801 ,,123958,123958,123958933600,1,,,,,,0,728,17000,128,727,41000,128
1100,20160112,11, 1,2,       1801 ,,123958,123958,123958934200,1,,,,,,0,728,16000,128,727,41000,128
1100,20160112,11, 1,2,       1801 ,,123958,123958,123958935500,1,,,,,,0,728,18000,128,727,41000,128
1100,20160112,11, 1,2,       1801 ,,123959,123959,123959429700,1,,,,,,0,728,19000,128,727,41000,128
1100,20160112,11, 1,2,       1801 ,,124000,124000,124000224900,1,,,,,,0,728,20000,128,727,41000,128
1100,20160112,11, 1,2,       1801 ,,124002,124002,124002150000,1,,,,,,0,728,20000,128,727,36000,128
1100,20160112,11, 1,2,       1801 ,,124002,124002,124002152400,1,,,,,,0,728,21000,128,727,36000,128
1100,20160112,11, 1,2,       1801 ,,124002,124002,124002153100,1,,,,,,0,728,22000,128,727,36000,128
1100,20160112,11, 1,2,       1801 ,,124002,124002,124002161200,1,,,,,,0,728,23000,128,727,36000,128
1100,20160112,11, 1,2,       1801 ,,124003,124003,124003699900,1,,,,,,0,728,25000,128,727,36000,128
1100,20160112,11, 1,2,       1801 ,,124003,124003,124003709500,1,,,,,,0,728,30000,128,727,36000,128
1100,20160112,11, 1,2,       1801 ,,124005,124005,124005217100,1,,,,,,0,728,30000,128,727,35000,128
1100,20160112,11, 1,2,       1801 ,,124005,124005,124005218700,1,,,,,,0,728,34000,128,727,35000,128
1100,20160112,11, 1,2,       1801 ,,124005,124005,124005219900,1,,,,,,0,728,34000,128,727,34000,128
1100,20160112,11, 1,2,       1801 ,,124008,124008,124008667900,1,,,,,,0,728,34000,128,727,35000,128
1100,20160112,11, 1,2,       1801 ,,124009,124009,124009938600,1,,,,,,0,728,37000,128,727,35000,128
1100,20160112,11, 1,2,       1801 ,,124010,124010,124010950400,1,,,,,,0,728,38000,128,727,35000,128
1100,20160112,11, 1,2,       1801 ,,124013,124013,124013441200,1,,,,,,0,728,37000,128,727,35000,128
1100,20160112,11, 1,2,       1801 ,,124013,124013,124013474200,1,,,,,,0,728,37000,128,727,36000,128
1100,20160112,11, 1,2,       1801 ,,124015,124015,124015705500,1,,,,,,0,728,37000,128,727,35000,128
1100,20160112,11, 1,2,       1801 ,,124015,124015,124015711700,1,,,,,,0,728,38000,128,727,35000,128
1100,20160112,11, 1,2,       1801 ,,124016,124016,124016775100,1,,,,,,0,728,42000,128,727,35000,128
1100,20160112,11, 1,2,       1801 ,,124016,124016,124016776300,1,,,,,,0,728,42000,128,727,33000,128
1100,20160112,11, 1,2,       1801 ,,124016,124016,124016777000,1,,,,,,0,728,42000,128,727,29000,128
1100,20160112,11, 1,2,       1801 ,,124016,124016,124016778400,1,,,,,,0,728,42000,128,727,25000,128
1100,20160112,11, 1,2,       1801 ,,124016,124016,124016779200,1,,,,,,0,728,42000,128,727,15000,128
1100,20160112,11, 1,2,       1801 ,,124016,124016,124016779900,1,,,,,,0,728,42000,128,727,14000,128
1100,20160112,11, 1,2,       1801 ,124016,124016,124016,124016780600,1,727,16,0,1000,0,0,728,42000,128,727,13000,128
1100,20160112,11, 1,2,       1801 ,,124016,124016,124016781600,1,,,,,,0,728,41000,128,727,13000,128
1100,20160112,11, 1,2,       1801 ,,124016,124016,124016782400,1,,,,,,0,728,41000,128,727,11000,128
1100,20160112,11, 1,2,       1801 ,,124016,124016,124016783100,1,,,,,,0,728,49000,128,727,11000,128
1100,20160112,11, 1,2,       1801 ,124016,124016,124016,124016783800,1,727,16,0,4000,0,0,728,49000,128,727,7000,128
1100,20160112,11, 1,2,       1801 ,124016,124016,124016,124016786100,1,727,16,0,7000,0,0,728,49000,128,726,55000,128
1100,20160112,11, 1,2,       1801 ,,124016,124016,124016788900,1,,,,,,0,728,50000,128,726,55000,128
1100,20160112,11, 1,2,       1801 ,,124016,124016,124016790700,1,,,,,,0,727,1000,128,726,55000,128
1100,20160112,11, 1,2,       1801 ,,124016,124016,124016793200,1,,,,,,0,727,2000,128,726,55000,128
1100,20160112,11, 1,2,       1801 ,,124016,124016,124016794100,1,,,,,,0,727,3000,128,726,55000,128
1100,20160112,11, 1,2,       1801 ,,124016,124016,124016795500,1,,,,,,0,727,5000,128,726,55000,128
1100,20160112,11, 1,2,       1801 ,,124016,124016,124016797700,1,,,,,,0,727,5000,128,726,52000,128
1100,20160112,11, 1,2,       1801 ,,124016,124016,124016802500,1,,,,,,0,727,5000,128,726,50000,128
1100,20160112,11, 1,2,       1801 ,,124016,124016,124016803200,1,,,,,,0,727,7000,128,726,50000,128
1100,20160112,11, 1,2,       1801 ,124016,124016,124016,124016807600,1,727,48,0,3000,0,0,727,4000,128,726,50000,128
1100,20160112,11, 1,2,       1801 ,,124016,124016,124016808800,1,,,,,,0,727,4000,128,726,45000,128
1100,20160112,11, 1,2,       1801 ,,124016,124016,124016812100,1,,,,,,0,727,5000,128,726,45000,128
1100,20160112,11, 1,2,       1801 ,,124016,124016,124016813600,1,,,,,,0,727,5000,128,726,40000,128
1100,20160112,11, 1,2,       1801 ,,124016,124016,124016817000,1,,,,,,0,727,3000,128,726,40000,128
1100,20160112,11, 1,2,       1801 ,,124016,124016,124016818500,1,,,,,,0,727,3000,128,726,34000,128
1100,20160112,11, 1,2,       1801 ,,124016,124016,124016821400,1,,,,,,0,727,4000,128,726,34000,128
1100,20160112,11, 1,2,       1801 ,,124016,124016,124016866200,1,,,,,,0,727,5000,128,726,34000,128
1100,20160112,11, 1,2,       1801 ,,124016,124016,124016881900,1,,,,,,0,727,5000,128,726,32000,128
1100,20160112,11, 1,2,       1801 ,,124016,124016,124016918900,1,,,,,,0,727,6000,128,726,32000,128
1100,20160112,11, 1,2,       1801 ,,124016,124016,124016920500,1,,,,,,0,727,7000,128,726,32000,128
1100,20160112,11, 1,2,       1801 ,,124017,124017,124017264400,1,,,,,,0,727,6000,128,726,32000,128
1100,20160112,11, 1,2,       1801 ,,124017,124017,124017266500,1,,,,,,0,727,5000,128,726,32000,128
1100,20160112,11, 1,2,       1801 ,,124018,124018,124018790300,1,,,,,,0,727,5000,128,726,38000,128
1100,20160112,11, 1,2,       1801 ,,124020,124020,124020276100,1,,,,,,0,727,6000,128,726,38000,128
1100,20160112,11, 1,2,       1801 ,,124020,124020,124020675300,1,,,,,,0,727,10000,128,726,38000,128
1100,20160112,11, 1,2,       1801 ,,124020,124020,124020677500,1,,,,,,0,727,11000,128,726,38000,128
1100,20160112,11, 1,2,       1801 ,,124020,124020,124020685200,1,,,,,,0,727,12000,128,726,38000,128
1100,20160112,11, 1,2,       1801 ,,124020,124020,124020687400,1,,,,,,0,727,13000,128,726,38000,128
1100,20160112,11, 1,2,       1801 ,,124022,124022,124022397100,1,,,,,,0,727,14000,128,726,38000,128
1100,20160112,11, 1,2,       1801 ,,124023,124023,124023684500,1,,,,,,0,727,14000,128,726,39000,128
1100,20160112,11, 1,2,       1801 ,,124023,124023,124023698300,1,,,,,,0,727,15000,128,726,39000,128
1100,20160112,11, 1,2,       1801 ,,124026,124026,124026393100,1,,,,,,0,727,15000,128,726,40000,128
1100,20160112,11, 1,2,       1801 ,,124027,124027,124027911700,1,,,,,,0,727,16000,128,726,40000,128
1100,20160112,11, 1,2,       1801 ,,124028,124028,124028761300,1,,,,,,0,727,18000,128,726,40000,128
1100,20160112,11, 1,2,       1801 ,,124029,124029,124029332900,1,,,,,,0,727,18000,128,726,39000,128
1100,20160112,11, 1,2,       1801 ,124029,124029,124029,124029582300,1,727,48,0,10000,0,0,727,8000,128,726,39000,128
1100,20160112,11, 1,2,       1801 ,124029,124029,124029,124029584500,1,727,48,0,1000,0,0,727,7000,128,726,39000,128
1100,20160112,11, 1,2,       1801 ,,124029,124029,124029585600,1,,,,,,0,727,7000,128,726,39000,128
1100,20160112,11, 1,2,       1801 ,,124029,124029,124029586400,1,,,,,,0,727,6000,128,726,39000,128
1100,20160112,11, 1,2,       1801 ,,124029,124029,124029642200,1,,,,,,0,727,9000,128,726,39000,128
1100,20160112,11, 1,2,       1801 ,,124029,124029,124029644800,1,,,,,,0,727,10000,128,726,39000,128
1100,20160112,11, 1,2,       1801 ,,124029,124029,124029647900,1,,,,,,0,727,9000,128,726,39000,128
1100,20160112,11, 1,2,       1801 ,,124029,124029,124029650100,1,,,,,,0,727,8000,128,726,39000,128
1100,20160112,11, 1,2,       1801 ,124029,124029,124029,124029680200,1,727,48,0,1000,0,0,727,7000,128,726,39000,128
1100,20160112,11, 1,2,       1801 ,,124029,124029,124029698800,1,,,,,,0,727,9000,128,726,39000,128
1100,20160112,11, 1,2,       1801 ,,124029,124029,124029700500,1,,,,,,0,727,10000,128,726,39000,128
1100,20160112,11, 1,2,       1801 ,,124029,124029,124029740900,1,,,,,,0,727,9000,128,726,39000,128
1100,20160112,11, 1,2,       1801 ,,124029,124029,124029742500,1,,,,,,0,727,8000,128,726,39000,128
1100,20160112,11, 1,2,       1801 ,,124029,124029,124029743800,1,,,,,,0,727,9000,128,726,39000,128
1100,20160112,11, 1,2,       1801 ,,124029,124029,124029745300,1,,,,,,0,727,10000,128,726,39000,128
1100,20160112,11, 1,2,       1801 ,124029,124029,124029,124029914100,1,727,48,0,10000,0,0,728,47000,128,727,3000,128
1100,20160112,11, 1,2,       1801 ,,124029,124029,124029915800,1,,,,,,0,728,47000,128,727,4000,128
1100,20160112,11, 1,2,       1801 ,,124029,124029,124029917000,1,,,,,,0,728,45000,128,727,4000,128
1100,20160112,11, 1,2,       1801 ,,124029,124029,124029919300,1,,,,,,0,728,44000,128,727,4000,128
1100,20160112,11, 1,2,       1801 ,124029,124029,124029,124029920200,1,727,16,0,3000,0,0,728,44000,128,727,1000,128
1100,20160112,11, 1,2,       1801 ,,124029,124029,124029921300,1,,,,,,0,728,44000,128,727,2000,128
1100,20160112,11, 1,2,       1801 ,,124029,124029,124029923900,1,,,,,,0,728,45000,128,727,2000,128
1100,20160112,11, 1,2,       1801 ,,124029,124029,124029925400,1,,,,,,0,728,45000,128,727,3000,128
1100,20160112,11, 1,2,       1801 ,,124029,124029,124029926000,1,,,,,,0,728,45000,128,727,5000,128
1100,20160112,11, 1,2,       1801 ,,124029,124029,124029927300,1,,,,,,0,728,40000,128,727,5000,128
1100,20160112,11, 1,2,       1801 ,,124029,124029,124029928800,1,,,,,,0,728,40000,128,727,4000,128
1100,20160112,11, 1,2,       1801 ,,124029,124029,124029934900,1,,,,,,0,728,36000,128,727,4000,128
1100,20160112,11, 1,2,       1801 ,,124029,124029,124029938400,1,,,,,,0,728,36000,128,727,5000,128
1100,20160112,11, 1,2,       1801 ,,124030,124030,124030762000,1,,,,,,0,728,36000,128,727,4000,128
1100,20160112,11, 1,2,       1801 ,,124031,124031,124031873600,1,,,,,,0,728,36000,128,727,5000,128
1100,20160112,11, 1,2,       1801 ,124032,124032,124032,124032079200,1,727,16,0,5000,0,0,728,36000,128,726,49000,128
1100,20160112,11, 1,2,       1801 ,,124032,124032,124032080600,1,,,,,,0,727,1000,128,726,49000,128
1100,20160112,11, 1,2,       1801 ,,124032,124032,124032081300,1,,,,,,0,727,1000,128,726,47000,128
1100,20160112,11, 1,2,       1801 ,,124032,124032,124032082200,1,,,,,,0,727,1000,128,726,46000,128
1100,20160112,11, 1,2,       1801 ,,124032,124032,124032084100,1,,,,,,0,727,3000,128,726,46000,128
1100,20160112,11, 1,2,       1801 ,124032,124032,124032,124032089400,1,727,48,0,1000,0,0,727,2000,128,726,46000,128
1100,20160112,11, 1,2,       1801 ,,124032,124032,124032090400,1,,,,,,0,727,2000,128,726,46000,128
1100,20160112,11, 1,2,       1801 ,124032,124032,124032,124032091900,1,727,48,0,1000,0,0,727,1000,128,726,46000,128
1100,20160112,11, 1,2,       1801 ,,124032,124032,124032092700,1,,,,,,0,727,1000,128,726,41000,128
1100,20160112,11, 1,2,       1801 ,,124032,124032,124032093500,1,,,,,,0,727,2000,128,726,41000,128
1100,20160112,11, 1,2,       1801 ,,124032,124032,124032094100,1,,,,,,0,727,4000,128,726,41000,128
1100,20160112,11, 1,2,       1801 ,124032,124032,124032,124032095700,1,727,48,0,1000,0,0,727,3000,128,726,41000,128
1100,20160112,11, 1,2,       1801 ,,124032,124032,124032098100,1,,,,,,0,727,3000,128,726,41000,128
1100,20160112,11, 1,2,       1801 ,,124032,124032,124032262400,1,,,,,,0,727,3000,128,726,40000,128
1100,20160112,11, 1,2,       1801 ,124032,124032,124032,124032288900,1,727,48,0,1000,0,0,727,2000,128,726,40000,128
1100,20160112,11, 1,2,       1801 ,,124032,124032,124032290800,1,,,,,,0,727,2000,128,726,40000,128
1100,20160112,11, 1,2,       1801 ,124032,124032,124032,124032706400,1,727,48,0,1000,0,0,727,1000,128,726,40000,128
1100,20160112,11, 1,2,       1801 ,124032,124032,124032,124032708000,1,727,48,0,1000,0,0,728,38000,128,726,40000,128
1100,20160112,11, 1,2,       1801 ,,124032,124032,124032710200,1,,,,,,0,728,38000,128,726,40000,128
1100,20160112,11, 1,2,       1801 ,,124032,124032,124032713000,1,,,,,,0,728,38000,128,727,1000,128
1100,20160112,11, 1,2,       1801 ,,124032,124032,124032714900,1,,,,,,0,728,38000,128,727,3000,128
1100,20160112,11, 1,2,       1801 ,124032,124032,124032,124032716900,1,727,16,0,1000,0,0,728,38000,128,727,2000,128
1100,20160112,11, 1,2,       1801 ,,124032,124032,124032717800,1,,,,,,0,728,38000,128,727,3000,128
1100,20160112,11, 1,2,       1801 ,,124036,124036,124036102100,1,,,,,,0,728,34000,128,727,3000,128
1100,20160112,11, 1,2,       1801 ,,124041,124041,124041845100,1,,,,,,0,728,35000,128,727,3000,128
1100,20160112,11, 1,2,       1801 ,124041,124041,124041,124041847500,1,727,16,0,2000,0,0,728,35000,128,727,1000,128
1100,20160112,11, 1,2,       1801 ,,124041,124041,124041950700,1,,,,,,0,728,35000,128,727,3000,128
1100,20160112,11, 1,2,       1801 ,124045,124045,124045,124045280200,1,727,16,0,3000,0,0,728,35000,128,726,48000,128
1100,20160112,11, 1,2,       1801 ,,124045,124045,124045284200,1,,,,,,0,728,35000,128,726,46000,128
1100,20160112,11, 1,2,       1801 ,,124045,124045,124045290700,1,,,,,,0,728,35000,128,726,45000,128
1100,20160112,11, 1,2,       1801 ,,124045,124045,124045306400,1,,,,,,0,728,35000,128,727,3000,128
1100,20160112,11, 1,2,       1801 ,124045,124045,124045,124045309400,1,727,16,0,3000,0,0,728,35000,128,726,48000,128
1100,20160112,11, 1,2,       1801 ,,124045,124045,124045311800,1,,,,,,0,727,1000,128,726,48000,128
1100,20160112,11, 1,2,       1801 ,,124045,124045,124045316000,1,,,,,,0,727,3000,128,726,48000,128
1100,20160112,11, 1,2,       1801 ,,124045,124045,124045318400,1,,,,,,0,727,4000,128,726,48000,128
1100,20160112,11, 1,2,       1801 ,,124045,124045,124045337400,1,,,,,,0,727,5000,128,726,48000,128
1100,20160112,11, 1,2,       1801 ,,124045,124045,124045338400,1,,,,,,0,727,5000,128,726,43000,128
1100,20160112,11, 1,2,       1801 ,,124045,124045,124045418000,1,,,,,,0,727,5000,128,726,38000,128
1100,20160112,11, 1,2,       1801 ,,124045,124045,124045448600,1,,,,,,0,727,6000,128,726,38000,128
1100,20160112,11, 1,2,       1801 ,,124045,124045,124045899800,1,,,,,,0,727,5000,128,726,38000,128
1100,20160112,11, 1,2,       1801 ,,124045,124045,124045901100,1,,,,,,0,727,4000,128,726,38000,128
1100,20160112,11, 1,2,       1801 ,,124045,124045,124045913400,1,,,,,,0,727,2000,128,726,38000,128
1100,20160112,11, 1,2,       1801 ,,124048,124048,124048235200,1,,,,,,0,727,4000,128,726,38000,128
1100,20160112,11, 1,2,       1801 ,,124055,124055,124055161400,1,,,,,,0,727,2000,128,726,38000,128
1100,20160112,11, 1,2,       1801 ,124055,124055,124055,124055163500,1,727,48,0,2000,0,0,728,48000,128,726,38000,128
1100,20160112,11, 1,2,       1801 ,,124055,124055,124055165300,1,,,,,,0,728,48000,128,727,1000,128
1100,20160112,11, 1,2,       1801 ,,124055,124055,124055166100,1,,,,,,0,728,48000,128,727,3000,128
1100,20160112,11, 1,2,       1801 ,,124055,124055,124055170000,1,,,,,,0,728,44000,128,727,3000,128
1100,20160112,11, 1,2,       1801 ,,124055,124055,124055171000,1,,,,,,0,728,43000,128,727,3000,128
1100,20160112,11, 1,2,       1801 ,,124055,124055,124055172100,1,,,,,,0,728,43000,128,727,6000,128
1100,20160112,11, 1,2,       1801 ,,124055,124055,124055189900,1,,,,,,0,728,43000,128,727,7000,128
1100,20160112,11, 1,2,       1801 ,,124055,124055,124055210600,1,,,,,,0,728,39000,128,727,7000,128
1100,20160112,11, 1,2,       1801 ,,124055,124055,124055280000,1,,,,,,0,728,34000,128,727,7000,128
1100,20160112,11, 1,2,       1801 ,,124055,124055,124055357600,1,,,,,,0,728,29000,128,727,7000,128
1100,20160112,11, 1,2,       1801 ,,124055,124055,124055359700,1,,,,,,0,728,29000,128,727,9000,128
1100,20160112,11, 1,2,       1801 ,,124057,124057,124057071100,1,,,,,,0,728,29000,128,727,8000,128
1100,20160112,11, 1,2,       1801 ,,124059,124059,124059862300,1,,,,,,0,728,30000,128,727,8000,128
1100,20160112,11, 1,2,       1801 ,,124105,124105,124105958900,1,,,,,,0,728,30000,128,727,16000,128
1100,20160112,11, 1,2,       1801 ,,124105,124105,124105960200,1,,,,,,0,728,26000,128,727,16000,128
1100,20160112,11, 1,2,       1801 ,,124107,124107,124107498000,1,,,,,,0,728,25000,128,727,16000,128
1100,20160112,11, 1,2,       1801 ,,124107,124107,124107551400,1,,,,,,0,728,26000,128,727,16000,128
1100,20160112,11, 1,2,       1801 ,,124112,124112,124112321500,1,,,,,,0,728,25000,128,727,16000,128
1100,20160112,11, 1,2,       1801 ,,124115,124115,124115931700,1,,,,,,0,728,25000,128,727,17000,128
1100,20160112,11, 1,2,       1801 ,,124116,124116,124116306800,1,,,,,,0,728,17000,128,727,17000,128
1100,20160112,11, 1,2,       1801 ,,124116,124116,124116308200,1,,,,,,0,728,17000,128,727,23000,128
1100,20160112,11, 1,2,       1801 ,,124116,124116,124116308800,1,,,,,,0,728,17000,128,727,24000,128
1100,20160112,11, 1,2,       1801 ,,124116,124116,124116309400,1,,,,,,0,728,15000,128,727,24000,128
1100,20160112,11, 1,2,       1801 ,,124116,124116,124116310300,1,,,,,,0,728,15000,128,727,29000,128
1100,20160112,11, 1,2,       1801 ,,124116,124116,124116310900,1,,,,,,0,728,14000,128,727,29000,128
1100,20160112,11, 1,2,       1801 ,,124116,124116,124116311700,1,,,,,,0,728,13000,128,727,29000,128
1100,20160112,11, 1,2,       1801 ,,124116,124116,124116313200,1,,,,,,0,728,12000,128,727,29000,128
1100,20160112,11, 1,2,       1801 ,,124116,124116,124116313900,1,,,,,,0,728,10000,128,727,29000,128
1100,20160112,11, 1,2,       1801 ,,124119,124119,124119278800,1,,,,,,0,728,10000,128,727,31000,128
1100,20160112,11, 1,2,       1801 ,,124120,124120,124120633100,1,,,,,,0,728,8000,128,727,31000,128
1100,20160112,11, 1,2,       1801 ,124120,124120,124120,124120636300,1,728,48,0,1000,0,0,728,7000,128,727,31000,128
1100,20160112,11, 1,2,       1801 ,124120,124120,124120,124120638000,1,728,48,0,1000,0,0,728,6000,128,727,31000,128
1100,20160112,11, 1,2,       1801 ,124120,124120,124120,124120640000,1,728,48,0,6000,0,0,729,59000,128,727,31000,128
1100,20160112,11, 1,2,       1801 ,,124120,124120,124120646300,1,,,,,,0,729,59000,128,728,2000,128
1100,20160112,11, 1,2,       1801 ,,124120,124120,124120647500,1,,,,,,0,729,59000,128,728,3000,128
1100,20160112,11, 1,2,       1801 ,,124120,124120,124120653700,1,,,,,,0,729,59000,128,728,5000,128
1100,20160112,11, 1,2,       1801 ,,124120,124120,124120654900,1,,,,,,0,729,59000,128,728,6000,128
1100,20160112,11, 1,2,       1801 ,,124120,124120,124120661100,1,,,,,,0,729,55000,128,728,6000,128
1100,20160112,11, 1,2,       1801 ,,124120,124120,124120662200,1,,,,,,0,729,52000,128,728,6000,128
1100,20160112,11, 1,2,       1801 ,,124120,124120,124120663400,1,,,,,,0,729,53000,128,728,6000,128
1100,20160112,11, 1,2,       1801 ,,124120,124120,124120667400,1,,,,,,0,729,53000,128,728,7000,128
1100,20160112,11, 1,2,       1801 ,,124120,124120,124120668900,1,,,,,,0,729,52000,128,728,7000,128
1100,20160112,11, 1,2,       1801 ,,124120,124120,124120671000,1,,,,,,0,729,52000,128,728,10000,128
1100,20160112,11, 1,2,       1801 ,,124120,124120,124120674200,1,,,,,,0,729,52000,128,728,8000,128
1100,20160112,11, 1,2,       1801 ,,124120,124120,124120675100,1,,,,,,0,729,47000,128,728,8000,128
1100,20160112,11, 1,2,       1801 ,,124120,124120,124120680100,1,,,,,,0,729,41000,128,728,8000,128
1100,20160112,11, 1,2,       1801 ,,124120,124120,124120699400,1,,,,,,0,729,37000,128,728,8000,128
1100,20160112,11, 1,2,       1801 ,,124120,124120,124120760300,1,,,,,,0,729,33000,128,728,8000,128
1100,20160112,11, 1,2,       1801 ,,124120,124120,124120779600,1,,,,,,0,729,34000,128,728,8000,128
1100,20160112,11, 1,2,       1801 ,,124120,124120,124120838900,1,,,,,,0,729,29000,128,728,8000,128
1100,20160112,11, 1,2,       1801 ,,124120,124120,124120840200,1,,,,,,0,729,31000,128,728,8000,128
1100,20160112,11, 1,2,       1801 ,,124121,124121,124121054000,1,,,,,,0,729,31000,128,728,9000,128
1100,20160112,11, 1,2,       1801 ,,124121,124121,124121756600,1,,,,,,0,729,29000,128,728,9000,128
1100,20160112,11, 1,2,       1801 ,,124123,124123,124123208800,1,,,,,,0,729,31000,128,728,9000,128
1100,20160112,11, 1,2,       1801 ,,124123,124123,124123212700,1,,,,,,0,729,31000,128,728,8000,128
1100,20160112,11, 1,2,       1801 ,,124123,124123,124123222400,1,,,,,,0,729,32000,128,728,8000,128
1100,20160112,11, 1,2,       1801 ,,124124,124124,124124418700,1,,,,,,0,729,32000,128,728,5000,128
1100,20160112,11, 1,2,       1801 ,,124125,124125,124125763900,1,,,,,,0,729,31000,128,728,5000,128
1100,20160112,11, 1,2,       1801 ,,124125,124125,124125783200,1,,,,,,0,729,30000,128,728,5000,128
1100,20160112,11, 1,2,       1801 ,124125,124125,124125,124125957900,1,728,16,0,1000,0,0,729,30000,128,728,4000,128
1100,20160112,11, 1,2,       1801 ,,124129,124129,124129671100,1,,,,,,0,729,31000,128,728,4000,128
1100,20160112,11, 1,2,       1801 ,,124129,124129,124129673100,1,,,,,,0,729,36000,128,728,4000,128
1100,20160112,11, 1,2,       1801 ,,124143,124143,124143441900,1,,,,,,0,729,36000,128,728,8000,128
1100,20160112,11, 1,2,       1801 ,,124143,124143,124143504800,1,,,,,,0,729,35000,128,728,8000,128
1100,20160112,11, 1,2,       1801 ,,124144,124144,124144611800,1,,,,,,0,729,36000,128,728,8000,128
1100,20160112,11, 1,2,       1801 ,,124146,124146,124146716400,1,,,,,,0,729,37000,128,728,8000,128
1100,20160112,11, 1,2,       1801 ,124147,124147,124147,124147848100,1,728,16,0,1000,0,0,729,37000,128,728,7000,128
1100,20160112,11, 1,2,       1801 ,124147,124147,124147,124147850400,1,728,16,0,3000,0,0,729,37000,128,728,4000,128
1100,20160112,11, 1,2,       1801 ,,124147,124147,124147851900,1,,,,,,0,729,38000,128,728,4000,128
1100,20160112,11, 1,2,       1801 ,124147,124147,124147,124147853200,1,728,16,0,2000,0,0,729,38000,128,728,2000,128
1100,20160112,11, 1,2,       1801 ,124147,124147,124147,124147854300,1,728,16,0,2000,0,0,729,38000,128,727,44000,128
1100,20160112,11, 1,2,       1801 ,,124147,124147,124147857400,1,,,,,,0,728,1000,128,727,44000,128
1100,20160112,11, 1,2,       1801 ,,124147,124147,124147858000,1,,,,,,0,728,2000,128,727,44000,128
1100,20160112,11, 1,2,       1801 ,,124147,124147,124147858600,1,,,,,,0,728,2000,128,727,42000,128
1100,20160112,11, 1,2,       1801 ,,124147,124147,124147863100,1,,,,,,0,728,4000,128,727,42000,128
1100,20160112,11, 1,2,       1801 ,,124147,124147,124147865100,1,,,,,,0,728,4000,128,727,44000,128
1100,20160112,11, 1,2,       1801 ,,124147,124147,124147866600,1,,,,,,0,728,6000,128,727,44000,128
1100,20160112,11, 1,2,       1801 ,,124147,124147,124147868600,1,,,,,,0,728,6000,128,727,39000,128
1100,20160112,11, 1,2,       1801 ,,124147,124147,124147870000,1,,,,,,0,728,8000,128,727,39000,128
1100,20160112,11, 1,2,       1801 ,,124147,124147,124147870700,1,,,,,,0,728,9000,128,727,39000,128
1100,20160112,11, 1,2,       1801 ,,124147,124147,124147872300,1,,,,,,0,728,11000,128,727,39000,128
1100,20160112,11, 1,2,       1801 ,,124147,124147,124147873600,1,,,,,,0,728,9000,128,727,39000,128
1100,20160112,11, 1,2,       1801 ,,124147,124147,124147874300,1,,,,,,0,728,9000,128,727,38000,128
1100,20160112,11, 1,2,       1801 ,,124147,124147,124147875100,1,,,,,,0,728,10000,128,727,38000,128
1100,20160112,11, 1,2,       1801 ,,124147,124147,124147875700,1,,,,,,0,728,11000,128,727,38000,128
1100,20160112,11, 1,2,       1801 ,,124147,124147,124147877000,1,,,,,,0,728,10000,128,727,38000,128
1100,20160112,11, 1,2,       1801 ,,124147,124147,124147878300,1,,,,,,0,728,11000,128,727,38000,128
1100,20160112,11, 1,2,       1801 ,,124147,124147,124147879500,1,,,,,,0,728,11000,128,727,40000,128
1100,20160112,11, 1,2,       1801 ,,124148,124148,124148010400,1,,,,,,0,728,11000,128,727,35000,128
1100,20160112,11, 1,2,       1801 ,,124148,124148,124148013200,1,,,,,,0,728,11000,128,727,33000,128
1100,20160112,11, 1,2,       1801 ,,124148,124148,124148024200,1,,,,,,0,728,12000,128,727,33000,128
1100,20160112,11, 1,2,       1801 ,,124148,124148,124148025700,1,,,,,,0,728,12000,128,727,29000,128
1100,20160112,11, 1,2,       1801 ,,124149,124149,124149727400,1,,,,,,0,728,12000,128,727,21000,128
1100,20160112,11, 1,2,       1801 ,,124149,124149,124149728700,1,,,,,,0,728,12000,128,727,15000,128
1100,20160112,11, 1,2,       1801 ,,124149,124149,124149729400,1,,,,,,0,728,16000,128,727,15000,128
1100,20160112,11, 1,2,       1801 ,,124149,124149,124149730100,1,,,,,,0,728,16000,128,727,14000,128
1100,20160112,11, 1,2,       1801 ,,124149,124149,124149731400,1,,,,,,0,728,16000,128,727,13000,128
1100,20160112,11, 1,2,       1801 ,124151,124151,124151,124151141300,1,727,16,0,2000,0,0,728,16000,128,727,11000,128
1100,20160112,11, 1,2,       1801 ,,124151,124151,124151144200,1,,,,,,0,728,16000,128,727,11000,128
1100,20160112,11, 1,2,       1801 ,,124152,124152,124152550400,1,,,,,,0,728,18000,128,727,11000,128
1100,20160112,11, 1,2,       1801 ,,124152,124152,124152551400,1,,,,,,0,728,18000,128,727,9000,128
1100,20160112,11, 1,2,       1801 ,,124152,124152,124152553000,1,,,,,,0,728,18000,128,727,7000,128
1100,20160112,11, 1,2,       1801 ,,124152,124152,124152553900,1,,,,,,0,728,18000,128,727,4000,128
1100,20160112,11, 1,2,       1801 ,,124152,124152,124152562400,1,,,,,,0,728,18000,128,727,5000,128
1100,20160112,11, 1,2,       1801 ,,124156,124156,124156910200,1,,,,,,0,728,26000,128,727,5000,128
1100,20160112,11, 1,2,       1801 ,,124156,124156,124156911500,1,,,,,,0,728,26000,128,727,4000,128
1100,20160112,11, 1,2,       1801 ,,124156,124156,124156912200,1,,,,,,0,728,26000,128,727,3000,128
1100,20160112,11, 1,2,       1801 ,,124156,124156,124156913400,1,,,,,,0,728,27000,128,727,3000,128
1100,20160112,11, 1,2,       1801 ,,124157,124157,124157248100,1,,,,,,0,728,26000,128,727,3000,128
1100,20160112,11, 1,2,       1801 ,,124157,124157,124157359400,1,,,,,,0,728,27000,128,727,3000,128
1100,20160112,11, 1,2,       1801 ,124157,124157,124157,124157783700,1,727,16,0,3000,0,0,727,6000,128,726,47000,128
1100,20160112,11, 1,2,       1801 ,,124157,124157,124157785300,1,,,,,,0,727,6000,128,726,47000,128
1100,20160112,11, 1,2,       1801 ,,124157,124157,124157786100,1,,,,,,0,727,7000,128,726,47000,128
1100,20160112,11, 1,2,       1801 ,,124157,124157,124157786800,1,,,,,,0,727,9000,128,726,47000,128
1100,20160112,11, 1,2,       1801 ,,124157,124157,124157790700,1,,,,,,0,727,9000,128,726,42000,128
1100,20160112,11, 1,2,       1801 ,124157,124157,124157,124157792000,1,727,48,0,9000,0,0,728,27000,128,726,42000,128
1100,20160112,11, 1,2,       1801 ,,124157,124157,124157793000,1,,,,,,0,728,31000,128,726,42000,128
1100,20160112,11, 1,2,       1801 ,,124157,124157,124157793700,1,,,,,,0,728,31000,128,726,39000,128
1100,20160112,11, 1,2,       1801 ,,124157,124157,124157794500,1,,,,,,0,728,36000,128,726,39000,128
1100,20160112,11, 1,2,       1801 ,,124157,124157,124157795200,1,,,,,,0,727,1000,128,726,39000,128
1100,20160112,11, 1,2,       1801 ,,124157,124157,124157799500,1,,,,,,0,727,3000,128,726,39000,128
1100,20160112,11, 1,2,       1801 ,124157,124157,124157,124157800100,1,727,48,0,1000,0,0,727,2000,128,726,39000,128
1100,20160112,11, 1,2,       1801 ,,124157,124157,124157801000,1,,,,,,0,727,2000,128,726,39000,128
1100,20160112,11, 1,2,       1801 ,,124157,124157,124157803000,1,,,,,,0,727,2000,128,726,42000,128
1100,20160112,11, 1,2,       1801 ,,124157,124157,124157803900,1,,,,,,0,728,37000,128,726,42000,128
1100,20160112,11, 1,2,       1801 ,,124157,124157,124157805600,1,,,,,,0,728,37000,128,726,37000,128
1100,20160112,11, 1,2,       1801 ,,124157,124157,124157806400,1,,,,,,0,727,1000,128,726,37000,128
1100,20160112,11, 1,2,       1801 ,124157,124157,124157,124157807000,1,727,48,0,1000,0,0,728,37000,128,726,37000,128
1100,20160112,11, 1,2,       1801 ,,124157,124157,124157808500,1,,,,,,0,728,37000,128,727,1000,128
1100,20160112,11, 1,2,       1801 ,,124157,124157,124157809700,1,,,,,,0,728,37000,128,727,3000,128
1100,20160112,11, 1,2,       1801 ,,124157,124157,124157811100,1,,,,,,0,728,37000,128,727,4000,128
1100,20160112,11, 1,2,       1801 ,,124157,124157,124157812200,1,,,,,,0,728,36000,128,727,4000,128
1100,20160112,11, 1,2,       1801 ,124158,124158,124158,124158254100,1,727,16,0,1000,0,0,728,36000,128,727,3000,128
1100,20160112,11, 1,2,       1801 ,,124158,124158,124158255700,1,,,,,,0,728,37000,128,727,3000,128
1100,20160112,11, 1,2,       1801 ,,124158,124158,124158256400,1,,,,,,0,728,37000,128,727,2000,128
1100,20160112,11, 1,2,       1801 ,,124159,124159,124159237300,1,,,,,,0,728,38000,128,727,2000,128
1100,20160112,11, 1,2,       1801 ,,124201,124201,124201848100,1,,,,,,0,728,37000,128,727,2000,128
1100,20160112,11, 1,2,       1801 ,,124203,124203,124203029900,1,,,,,,0,728,37000,128,727,3000,128
1100,20160112,11, 1,2,       1801 ,,124203,124203,124203282100,1,,,,,,0,728,33000,128,727,3000,128
1100,20160112,11, 1,2,       1801 ,,124203,124203,124203820800,1,,,,,,0,728,33000,128,727,4000,128
1100,20160112,11, 1,2,       1801 ,,124208,124208,124208628800,1,,,,,,0,728,33000,128,727,5000,128
1100,20160112,11, 1,2,       1801 ,,124209,124209,124209952000,1,,,,,,0,728,28000,128,727,5000,128
1100,20160112,11, 1,2,       1801 ,,124209,124209,124209953900,1,,,,,,0,728,28000,128,727,8000,128
1100,20160112,11, 1,2,       1801 ,,124209,124209,124209968200,1,,,,,,0,728,28000,128,727,9000,128
1100,20160112,11, 1,2,       1801 ,,124209,124209,124209970200,1,,,,,,0,728,28000,128,727,11000,128
1100,20160112,11, 1,2,       1801 ,,124210,124210,124210239800,1,,,,,,0,728,20000,128,727,11000,128
1100,20160112,11, 1,2,       1801 ,,124210,124210,124210241500,1,,,,,,0,728,18000,128,727,11000,128
1100,20160112,11, 1,2,       1801 ,,124210,124210,124210242200,1,,,,,,0,728,17000,128,727,11000,128
1100,20160112,11, 1,2,       1801 ,,124210,124210,124210243000,1,,,,,,0,728,17000,128,727,17000,128
1100,20160112,11, 1,2,       1801 ,,124210,124210,124210244300,1,,,,,,0,728,13000,128,727,17000,128
1100,20160112,11, 1,2,       1801 ,,124210,124210,124210245100,1,,,,,,0,728,11000,128,727,17000,128
1100,20160112,11, 1,2,       1801 ,,124210,124210,124210350200,1,,,,,,0,728,11000,128,727,19000,128
1100,20160112,11, 1,2,       1801 ,,124210,124210,124210448400,1,,,,,,0,728,9000,128,727,19000,128
1100,20160112,11, 1,2,       1801 ,,124210,124210,124210501000,1,,,,,,0,728,8000,128,727,19000,128
1100,20160112,11, 1,2,       1801 ,,124212,124212,124212519900,1,,,,,,0,728,10000,128,727,19000,128
1100,20160112,11, 1,2,       1801 ,,124216,124216,124216315600,1,,,,,,0,728,9000,128,727,19000,128
1100,20160112,11, 1,2,       1801 ,,124216,124216,124216469000,1,,,,,,0,728,9000,128,727,20000,128
1100,20160112,11, 1,2,       1801 ,,124220,124220,124220295300,1,,,,,,0,728,9000,128,727,22000,128
1100,20160112,11, 1,2,       1801 ,,124228,124228,124228895000,1,,,,,,0,728,10000,128,727,22000,128
1100,20160112,11, 1,2,       1801 ,,124228,124228,124228897000,1,,,,,,0,728,11000,128,727,22000,128
1100,20160112,11, 1,2,       1801 ,,124228,124228,124228897600,1,,,,,,0,728,11000,128,727,21000,128
1100,20160112,11, 1,2,       1801 ,,124229,124229,124229195600,1,,,,,,0,728,11000,128,727,19000,128
1100,20160112,11, 1,2,       1801 ,,124229,124229,124229197200,1,,,,,,0,728,13000,128,727,19000,128
1100,20160112,11, 1,2,       1801 ,,124229,124229,124229198000,1,,,,,,0,728,18000,128,727,19000,128
1100,20160112,11, 1,2,       1801 ,,124229,124229,124229199400,1,,,,,,0,728,22000,128,727,19000,128
1100,20160112,11, 1,2,       1801 ,,124231,124231,124231559000,1,,,,,,0,728,20000,128,727,19000,128
1100,20160112,11, 1,2,       1801 ,,124237,124237,124237169400,1,,,,,,0,728,20000,128,727,20000,128
1100,20160112,11, 1,2,       1801 ,,124248,124248,124248480800,1,,,,,,0,728,19000,128,727,20000,128
1100,20160112,11, 1,2,       1801 ,,124252,124252,124252679000,1,,,,,,0,728,19000,128,727,22000,128
1100,20160112,11, 1,2,       1801 ,,124252,124252,124252850500,1,,,,,,0,728,19000,128,727,23000,128
1100,20160112,11, 1,2,       1801 ,,124252,124252,124252851900,1,,,,,,0,728,15000,128,727,23000,128
1100,20160112,11, 1,2,       1801 ,,124255,124255,124255299100,1,,,,,,0,728,15000,128,727,22000,128
1100,20160112,11, 1,2,       1801 ,,124257,124257,124257069300,1,,,,,,0,728,15000,128,727,23000,128
1100,20160112,11, 1,2,       1801 ,,124257,124257,124257971400,1,,,,,,0,728,15000,128,727,22000,128
1100,20160112,11, 1,2,       1801 ,,124259,124259,124259341300,1,,,,,,0,728,15000,128,727,23000,128
1100,20160112,11, 1,2,       1801 ,,124300,124300,124300683200,1,,,,,,0,728,16000,128,727,23000,128
1100,20160112,11, 1,2,       1801 ,,124300,124300,124300689600,1,,,,,,0,728,16000,128,727,21000,128
1100,20160112,11, 1,2,       1801 ,,124300,124300,124300691200,1,,,,,,0,728,18000,128,727,21000,128
1100,20160112,11, 1,2,       1801 ,,124300,124300,124300734300,1,,,,,,0,728,23000,128,727,21000,128
1100,20160112,11, 1,2,       1801 ,,124300,124300,124300746100,1,,,,,,0,728,27000,128,727,21000,128
1100,20160112,11, 1,2,       1801 ,,124300,124300,124300747400,1,,,,,,0,728,27000,128,727,20000,128
1100,20160112,11, 1,2,       1801 ,,124300,124300,124300748700,1,,,,,,0,728,27000,128,727,14000,128
1100,20160112,11, 1,2,       1801 ,,124300,124300,124300772700,1,,,,,,0,728,25000,128,727,14000,128
1100,20160112,11, 1,2,       1801 ,,124300,124300,124300796600,1,,,,,,0,728,33000,128,727,14000,128
1100,20160112,11, 1,2,       1801 ,,124300,124300,124300799300,1,,,,,,0,728,33000,128,727,12000,128
1100,20160112,11, 1,2,       1801 ,,124300,124300,124300849500,1,,,,,,0,728,33000,128,727,10000,128
1100,20160112,11, 1,2,       1801 ,,124300,124300,124300889400,1,,,,,,0,728,33000,128,727,9000,128
1100,20160112,11, 1,2,       1801 ,,124300,124300,124300893300,1,,,,,,0,728,33000,128,727,6000,128
1100,20160112,11, 1,2,       1801 ,,124300,124300,124300894600,1,,,,,,0,728,34000,128,727,6000,128
1100,20160112,11, 1,2,       1801 ,,124301,124301,124301109200,1,,,,,,0,728,33000,128,727,6000,128
1100,20160112,11, 1,2,       1801 ,,124302,124302,124302269900,1,,,,,,0,728,35000,128,727,6000,128
1100,20160112,11, 1,2,       1801 ,,124303,124303,124303841800,1,,,,,,0,728,36000,128,727,6000,128
1100,20160112,11, 1,2,       1801 ,,124304,124304,124304480100,1,,,,,,0,728,36000,128,727,8000,128
1100,20160112,11, 1,2,       1801 ,,124304,124304,124304481500,1,,,,,,0,728,36000,128,727,9000,128
1100,20160112,11, 1,2,       1801 ,,124304,124304,124304739600,1,,,,,,0,728,34000,128,727,9000,128
1100,20160112,11, 1,2,       1801 ,,124304,124304,124304863400,1,,,,,,0,728,33000,128,727,9000,128
1100,20160112,11, 1,2,       1801 ,,124304,124304,124304981500,1,,,,,,0,728,34000,128,727,9000,128
1100,20160112,11, 1,2,       1801 ,124307,124307,124307,124307901600,1,727,16,0,9000,0,0,727,4000,128,726,46000,128
1100,20160112,11, 1,2,       1801 ,,124307,124307,124307903400,1,,,,,,0,727,5000,128,726,46000,128
1100,20160112,11, 1,2,       1801 ,,124307,124307,124307905900,1,,,,,,0,727,5000,128,726,44000,128
1100,20160112,11, 1,2,       1801 ,,124307,124307,124307907300,1,,,,,,0,727,5000,128,726,43000,128
1100,20160112,11, 1,2,       1801 ,124307,124307,124307,124307909400,1,727,48,0,1000,0,0,727,4000,128,726,43000,128
1100,20160112,11, 1,2,       1801 ,,124307,124307,124307910300,1,,,,,,0,727,4000,128,726,43000,128
1100,20160112,11, 1,2,       1801 ,124307,124307,124307,124307913100,1,727,48,0,4000,0,0,728,39000,128,726,43000,128
1100,20160112,11, 1,2,       1801 ,,124307,124307,124307913900,1,,,,,,0,728,39000,128,726,38000,128
1100,20160112,11, 1,2,       1801 ,,124307,124307,124307914700,1,,,,,,0,728,40000,128,726,38000,128
1100,20160112,11, 1,2,       1801 ,,124307,124307,124307916200,1,,,,,,0,727,2000,128,726,38000,128
1100,20160112,11, 1,2,       1801 ,,124307,124307,124307916900,1,,,,,,0,727,3000,128,726,38000,128
1100,20160112,11, 1,2,       1801 ,,124307,124307,124307917500,1,,,,,,0,727,3000,128,726,34000,128
1100,20160112,11, 1,2,       1801 ,,124307,124307,124307921200,1,,,,,,0,727,3000,128,726,36000,128
1100,20160112,11, 1,2,       1801 ,,124307,124307,124307925700,1,,,,,,0,727,3000,128,726,42000,128
1100,20160112,11, 1,2,       1801 ,,124309,124309,124309450800,1,,,,,,0,727,1000,128,726,42000,128
1100,20160112,11, 1,2,       1801 ,124309,124309,124309,124309452900,1,727,48,0,1000,0,0,728,45000,128,726,42000,128
1100,20160112,11, 1,2,       1801 ,,124309,124309,124309453800,1,,,,,,0,728,45000,128,726,42000,128
1100,20160112,11, 1,2,       1801 ,,124309,124309,124309454700,1,,,,,,0,728,44000,128,726,42000,128
1100,20160112,11, 1,2,       1801 ,,124309,124309,124309457100,1,,,,,,0,728,46000,128,726,42000,128
1100,20160112,11, 1,2,       1801 ,,124310,124310,124310683100,1,,,,,,0,728,47000,128,726,42000,128
1100,20160112,11, 1,2,       1801 ,,124310,124310,124310684500,1,,,,,,0,728,45000,128,726,42000,128
1100,20160112,11, 1,2,       1801 ,,124310,124310,124310694500,1,,,,,,0,727,2000,128,726,42000,128
1100,20160112,11, 1,2,       1801 ,124310,124310,124310,124310779800,1,727,48,0,1000,0,0,727,1000,128,726,42000,128
1100,20160112,11, 1,2,       1801 ,124310,124310,124310,124310799000,1,727,48,0,1000,0,0,728,45000,128,726,42000,128
1100,20160112,11, 1,2,       1801 ,,124310,124310,124310799800,1,,,,,,0,728,45000,128,727,2000,128
1100,20160112,11, 1,2,       1801 ,,124310,124310,124310802500,1,,,,,,0,728,45000,128,727,3000,128
1100,20160112,11, 1,2,       1801 ,,124310,124310,124310806100,1,,,,,,0,728,45000,128,727,5000,128
1100,20160112,11, 1,2,       1801 ,,124310,124310,124310808600,1,,,,,,0,728,44000,128,727,5000,128
1100,20160112,11, 1,2,       1801 ,,124310,124310,124310809500,1,,,,,,0,728,44000,128,727,6000,128
1100,20160112,11, 1,2,       1801 ,,124310,124310,124310810300,1,,,,,,0,728,44000,128,727,9000,128
1100,20160112,11, 1,2,       1801 ,,124310,124310,124310811000,1,,,,,,0,728,44000,128,727,10000,128
1100,20160112,11, 1,2,       1801 ,,124310,124310,124310811800,1,,,,,,0,728,40000,128,727,10000,128
1100,20160112,11, 1,2,       1801 ,,124310,124310,124310816700,1,,,,,,0,728,40000,128,727,12000,128
1100,20160112,11, 1,2,       1801 ,,124311,124311,124311802200,1,,,,,,0,728,40000,128,727,11000,128
1100,20160112,11, 1,2,       1801 ,124312,124312,124312,124312337700,1,728,48,0,1000,0,0,728,39000,128,727,11000,128
1100,20160112,11, 1,2,       1801 ,,124312,124312,124312339600,1,,,,,,0,728,34000,128,727,11000,128
1100,20160112,11, 1,2,       1801 ,,124312,124312,124312360000,1,,,,,,0,728,30000,128,727,11000,128
1100,20160112,11, 1,2,       1801 ,,124318,124318,124318485800,1,,,,,,0,728,35000,128,727,11000,128
1100,20160112,11, 1,2,       1801 ,,124328,124328,124328903100,1,,,,,,0,728,35000,128,727,10000,128
1100,20160112,11, 1,2,       1801 ,,124328,124328,124328904800,1,,,,,,0,728,40000,128,727,10000,128
1100,20160112,11, 1,2,       1801 ,,124328,124328,124328906000,1,,,,,,0,728,40000,128,727,8000,128
1100,20160112,11, 1,2,       1801 ,,124328,124328,124328949200,1,,,,,,0,728,42000,128,727,8000,128
1100,20160112,11, 1,2,       1801 ,,124328,124328,124328960800,1,,,,,,0,728,42000,128,727,7000,128
1100,20160112,11, 1,2,       1801 ,,124328,124328,124328962700,1,,,,,,0,728,43000,128,727,7000,128
1100,20160112,11, 1,2,       1801 ,,124328,124328,124328980700,1,,,,,,0,728,43000,128,727,5000,128
1100,20160112,11, 1,2,       1801 ,,124329,124329,124329553400,1,,,,,,0,728,43000,128,727,2000,128
1100,20160112,11, 1,2,       1801 ,,124329,124329,124329554900,1,,,,,,0,728,44000,128,727,2000,128
1100,20160112,11, 1,2,       1801 ,124329,124329,124329,124329555500,1,727,16,0,2000,0,0,728,44000,128,726,45000,128
1100,20160112,11, 1,2,       1801 ,,124329,124329,124329556400,1,,,,,,0,728,44000,128,726,41000,128
1100,20160112,11, 1,2,       1801 ,,124329,124329,124329558600,1,,,,,,0,728,44000,128,726,46000,128
1100,20160112,11, 1,2,       1801 ,,124329,124329,124329563000,1,,,,,,0,728,44000,128,726,45000,128
1100,20160112,11, 1,2,       1801 ,,124329,124329,124329570900,1,,,,,,0,728,44000,128,727,1000,128
1100,20160112,11, 1,2,       1801 ,124329,124329,124329,124329972900,1,727,16,0,1000,0,0,728,44000,128,726,45000,128
1100,20160112,11, 1,2,       1801 ,,124329,124329,124329974600,1,,,,,,0,727,2000,128,726,45000,128
1100,20160112,11, 1,2,       1801 ,,124329,124329,124329976600,1,,,,,,0,727,3000,128,726,45000,128
1100,20160112,11, 1,2,       1801 ,,124329,124329,124329977200,1,,,,,,0,727,5000,128,726,45000,128
1100,20160112,11, 1,2,       1801 ,,124329,124329,124329979400,1,,,,,,0,727,5000,128,726,40000,128
1100,20160112,11, 1,2,       1801 ,,124329,124329,124329980100,1,,,,,,0,727,5000,128,726,35000,128
1100,20160112,11, 1,2,       1801 ,,124329,124329,124329999000,1,,,,,,0,727,6000,128,726,35000,128
1100,20160112,11, 1,2,       1801 ,,124331,124331,124331030600,1,,,,,,0,727,7000,128,726,35000,128
1100,20160112,11, 1,2,       1801 ,,124334,124334,124334303800,1,,,,,,0,727,7000,128,726,38000,128
1100,20160112,11, 1,2,       1801 ,,124342,124342,124342928900,1,,,,,,0,727,8000,128,726,38000,128
1100,20160112,11, 1,2,       1801 ,,124346,124346,124346102500,1,,,,,,0,727,8000,128,726,37000,128
1100,20160112,11, 1,2,       1801 ,,124346,124346,124346107200,1,,,,,,0,727,10000,128,726,37000,128
1100,20160112,11, 1,2,       1801 ,,124346,124346,124346113100,1,,,,,,0,727,11000,128,726,37000,128
1100,20160112,11, 1,2,       1801 ,,124346,124346,124346124400,1,,,,,,0,727,12000,128,726,37000,128
1100,20160112,11, 1,2,       1801 ,,124346,124346,124346126800,1,,,,,,0,727,16000,128,726,37000,128
1100,20160112,11, 1,2,       1801 ,,124346,124346,124346138600,1,,,,,,0,727,21000,128,726,37000,128
1100,20160112,11, 1,2,       1801 ,,124346,124346,124346139600,1,,,,,,0,727,21000,128,726,40000,128
1100,20160112,11, 1,2,       1801 ,124349,124349,124349,124349252900,1,727,48,0,1000,0,0,727,20000,128,726,40000,128
1100,20160112,11, 1,2,       1801 ,,124350,124350,124350281900,1,,,,,,0,727,19000,128,726,40000,128
1100,20160112,11, 1,2,       1801 ,,124350,124350,124350731200,1,,,,,,0,727,23000,128,726,40000,128
1100,20160112,11, 1,2,       1801 ,,124358,124358,124358154300,1,,,,,,0,727,23000,128,726,41000,128
1100,20160112,11, 1,2,       1801 ,,124359,124359,124359269600,1,,,,,,0,727,23000,128,726,40000,128
1100,20160112,11, 1,2,       1801 ,,124400,124400,124400802000,1,,,,,,0,727,23000,128,726,41000,128
1100,20160112,11, 1,2,       1801 ,,124401,124401,124401620800,1,,,,,,0,727,18000,128,726,41000,128
1100,20160112,11, 1,2,       1801 ,,124401,124401,124401623300,1,,,,,,0,727,18000,128,726,39000,128
1100,20160112,11, 1,2,       1801 ,,124401,124401,124401624700,1,,,,,,0,727,14000,128,726,39000,128
1100,20160112,11, 1,2,       1801 ,,124401,124401,124401625700,1,,,,,,0,727,13000,128,726,39000,128
1100,20160112,11, 1,2,       1801 ,,124401,124401,124401630800,1,,,,,,0,727,12000,128,726,39000,128
1100,20160112,11, 1,2,       1801 ,124402,124402,124402,124402112200,1,726,16,0,33000,0,0,727,12000,128,726,6000,128
1100,20160112,11, 1,2,       1801 ,,124402,124402,124402116400,1,,,,,,0,727,14000,128,726,6000,128
1100,20160112,11, 1,2,       1801 ,124402,124402,124402,124402117600,1,726,16,0,1000,0,0,727,14000,128,726,5000,128
1100,20160112,11, 1,2,       1801 ,124402,124402,124402,124402119100,1,726,16,0,1000,0,0,727,14000,128,726,4000,128
1100,20160112,11, 1,2,       1801 ,,124402,124402,124402120900,1,,,,,,0,727,13000,128,726,4000,128
1100,20160112,11, 1,2,       1801 ,,124402,124402,124402121800,1,,,,,,0,727,14000,128,726,4000,128
1100,20160112,11, 1,2,       1801 ,,124402,124402,124402122400,1,,,,,,0,727,15000,128,726,4000,128
1100,20160112,11, 1,2,       1801 ,,124402,124402,124402126200,1,,,,,,0,727,15000,128,726,1000,128
1100,20160112,11, 1,2,       1801 ,,124402,124402,124402129400,1,,,,,,0,727,16000,128,726,1000,128
1100,20160112,11, 1,2,       1801 ,,124402,124402,124402133400,1,,,,,,0,727,24000,128,726,1000,128
1100,20160112,11, 1,2,       1801 ,,124402,124402,124402134600,1,,,,,,0,727,24000,128,726,5000,128
1100,20160112,11, 1,2,       1801 ,124402,124402,124402,124402142000,1,726,16,0,5000,0,0,727,24000,128,725,68000,128
1100,20160112,11, 1,2,       1801 ,,124402,124402,124402144000,1,,,,,,0,727,24000,128,725,66000,128
1100,20160112,11, 1,2,       1801 ,,124402,124402,124402147500,1,,,,,,0,727,24000,128,725,67000,128
1100,20160112,11, 1,2,       1801 ,,124402,124402,124402148100,1,,,,,,0,727,24000,128,725,69000,128
1100,20160112,11, 1,2,       1801 ,,124402,124402,124402149400,1,,,,,,0,727,29000,128,725,69000,128
1100,20160112,11, 1,2,       1801 ,,124404,124404,124404200000,1,,,,,,0,727,56000,128,725,69000,128
1100,20160112,11, 1,2,       1801 ,,124404,124404,124404201000,1,,,,,,0,727,56000,128,725,68000,128
1100,20160112,11, 1,2,       1801 ,124404,124404,124404,124404350500,1,725,16,0,1000,0,0,727,56000,128,725,67000,128
1100,20160112,11, 1,2,       1801 ,,124404,124404,124404352400,1,,,,,,0,727,57000,128,725,67000,128
1100,20160112,11, 1,2,       1801 ,,124404,124404,124404688600,1,,,,,,0,727,56000,128,725,67000,128
1100,20160112,11, 1,2,       1801 ,,124406,124406,124406015700,1,,,,,,0,727,57000,128,725,67000,128
1100,20160112,11, 1,2,       1801 ,,124407,124407,124407594000,1,,,,,,0,726,1000,128,725,67000,128
1100,20160112,11, 1,2,       1801 ,124407,124407,124407,124407595300,1,726,48,0,1000,0,0,727,57000,128,725,67000,128
1100,20160112,11, 1,2,       1801 ,,124407,124407,124407596200,1,,,,,,0,727,57000,128,725,67000,128
1100,20160112,11, 1,2,       1801 ,,124407,124407,124407602600,1,,,,,,0,727,57000,128,725,62000,128
1100,20160112,11, 1,2,       1801 ,,124407,124407,124407603500,1,,,,,,0,727,61000,128,725,62000,128
1100,20160112,11, 1,2,       1801 ,,124407,124407,124407604300,1,,,,,,0,727,61000,128,725,57000,128
1100,20160112,11, 1,2,       1801 ,,124407,124407,124407606900,1,,,,,,0,726,2000,128,725,57000,128
1100,20160112,11, 1,2,       1801 ,,124407,124407,124407612300,1,,,,,,0,726,3000,128,725,57000,128
1100,20160112,11, 1,2,       1801 ,,124407,124407,124407627600,1,,,,,,0,726,4000,128,725,57000,128
1100,20160112,11, 1,2,       1801 ,,124407,124407,124407635300,1,,,,,,0,726,4000,128,725,53000,128
1100,20160112,11, 1,2,       1801 ,,124408,124408,124408407400,1,,,,,,0,726,4000,128,725,54000,128
1100,20160112,11, 1,2,       1801 ,,124408,124408,124408538400,1,,,,,,0,726,4000,128,725,52000,128
1100,20160112,11, 1,2,       1801 ,124410,124410,124410,124410656900,1,726,48,0,1000,0,0,726,3000,128,725,52000,128
1100,20160112,11, 1,2,       1801 ,,124410,124410,124410659700,1,,,,,,0,726,3000,128,725,52000,128
1100,20160112,11, 1,2,       1801 ,,124410,124410,124410961000,1,,,,,,0,726,4000,128,725,52000,128
1100,20160112,11, 1,2,       1801 ,,124411,124411,124411848300,1,,,,,,0,726,4000,128,725,53000,128
1100,20160112,11, 1,2,       1801 ,,124412,124412,124412248300,1,,,,,,0,726,4000,128,725,52000,128
1100,20160112,11, 1,2,       1801 ,,124415,124415,124415159800,1,,,,,,0,726,5000,128,725,52000,128
1100,20160112,11, 1,2,       1801 ,,124415,124415,124415162800,1,,,,,,0,726,5000,128,725,48000,128
1100,20160112,11, 1,2,       1801 ,,124415,124415,124415163500,1,,,,,,0,726,5000,128,725,53000,128
1100,20160112,11, 1,2,       1801 ,,124418,124418,124418729800,1,,,,,,0,726,5000,128,725,48000,128
1100,20160112,11, 1,2,       1801 ,,124421,124421,124421700800,1,,,,,,0,726,6000,128,725,48000,128
1100,20160112,11, 1,2,       1801 ,,124424,124424,124424581400,1,,,,,,0,726,7000,128,725,48000,128
1100,20160112,11, 1,2,       1801 ,,124431,124431,124431401600,1,,,,,,0,726,7000,128,725,47000,128
1100,20160112,11, 1,2,       1801 ,,124434,124434,124434540900,1,,,,,,0,726,7000,128,725,48000,128
1100,20160112,11, 1,2,       1801 ,,124438,124438,124438030600,1,,,,,,0,726,7000,128,725,47000,128
1100,20160112,11, 1,2,       1801 ,,124438,124438,124438313500,1,,,,,,0,726,7000,128,725,48000,128
1100,20160112,11, 1,2,       1801 ,,124438,124438,124438315400,1,,,,,,0,726,7000,128,725,49000,128
1100,20160112,11, 1,2,       1801 ,,124440,124440,124440013500,1,,,,,,0,726,7000,128,725,50000,128
1100,20160112,11, 1,2,       1801 ,,124443,124443,124443499800,1,,,,,,0,726,6000,128,725,50000,128
1100,20160112,11, 1,2,       1801 ,,124446,124446,124446339800,1,,,,,,0,726,6000,128,725,52000,128
1100,20160112,11, 1,2,       1801 ,,124446,124446,124446384900,1,,,,,,0,726,6000,128,725,53000,128
1100,20160112,11, 1,2,       1801 ,,124446,124446,124446387800,1,,,,,,0,726,6000,128,725,54000,128
1100,20160112,11, 1,2,       1801 ,,124446,124446,124446536400,1,,,,,,0,726,6000,128,725,58000,128
1100,20160112,11, 1,2,       1801 ,,124448,124448,124448963200,1,,,,,,0,726,6000,128,725,59000,128
1100,20160112,11, 1,2,       1801 ,,124449,124449,124449100600,1,,,,,,0,726,7000,128,725,59000,128
1100,20160112,11, 1,2,       1801 ,,124449,124449,124449708400,1,,,,,,0,726,8000,128,725,59000,128
1100,20160112,11, 1,2,       1801 ,,124450,124450,124450552600,1,,,,,,0,726,8000,128,725,57000,128
1100,20160112,11, 1,2,       1801 ,,124450,124450,124450629700,1,,,,,,0,726,9000,128,725,57000,128
1100,20160112,11, 1,2,       1801 ,,124451,124451,124451536300,1,,,,,,0,726,9000,128,725,53000,128
1100,20160112,11, 1,2,       1801 ,,124453,124453,124453109900,1,,,,,,0,726,9000,128,725,52000,128
1100,20160112,11, 1,2,       1801 ,,124458,124458,124458121200,1,,,,,,0,726,9000,128,725,53000,128
1100,20160112,11, 1,2,       1801 ,,124458,124458,124458178900,1,,,,,,0,726,9000,128,725,52000,128
1100,20160112,11, 1,2,       1801 ,,124458,124458,124458188400,1,,,,,,0,726,9000,128,725,51000,128
1100,20160112,11, 1,2,       1801 ,,124459,124459,124459240900,1,,,,,,0,726,9000,128,725,50000,128
1100,20160112,11, 1,2,       1801 ,,124503,124503,124503038700,1,,,,,,0,726,10000,128,725,50000,128
1100,20160112,11, 1,2,       1801 ,,124504,124504,124504024300,1,,,,,,0,726,10000,128,725,51000,128
1100,20160112,11, 1,2,       1801 ,,124505,124505,124505817600,1,,,,,,0,726,10000,128,725,54000,128
1100,20160112,11, 1,2,       1801 ,,124506,124506,124506180900,1,,,,,,0,726,10000,128,725,55000,128
1100,20160112,11, 1,2,       1801 ,,124507,124507,124507386600,1,,,,,,0,726,11000,128,725,55000,128
1100,20160112,11, 1,2,       1801 ,,124507,124507,124507739200,1,,,,,,0,726,11000,128,725,54000,128
1100,20160112,11, 1,2,       1801 ,,124509,124509,124509107900,1,,,,,,0,726,12000,128,725,54000,128
1100,20160112,11, 1,2,       1801 ,,124510,124510,124510821200,1,,,,,,0,726,12000,128,725,52000,128
1100,20160112,11, 1,2,       1801 ,,124510,124510,124510821900,1,,,,,,0,726,11000,128,725,52000,128
1100,20160112,11, 1,2,       1801 ,,124512,124512,124512640500,1,,,,,,0,726,11000,128,725,53000,128
1100,20160112,11, 1,2,       1801 ,,124513,124513,124513288200,1,,,,,,0,726,11000,128,725,52000,128
1100,20160112,11, 1,2,       1801 ,,124514,124514,124514420400,1,,,,,,0,726,14000,128,725,52000,128
1100,20160112,11, 1,2,       1801 ,,124514,124514,124514422300,1,,,,,,0,726,15000,128,725,52000,128
1100,20160112,11, 1,2,       1801 ,,124514,124514,124514423700,1,,,,,,0,726,16000,128,725,52000,128
1100,20160112,11, 1,2,       1801 ,,124514,124514,124514425400,1,,,,,,0,726,17000,128,725,52000,128
1100,20160112,11, 1,2,       1801 ,,124518,124518,124518769800,1,,,,,,0,726,19000,128,725,52000,128
1100,20160112,11, 1,2,       1801 ,,124518,124518,124518772500,1,,,,,,0,726,22000,128,725,52000,128
1100,20160112,11, 1,2,       1801 ,,124518,124518,124518774700,1,,,,,,0,726,22000,128,725,51000,128
1100,20160112,11, 1,2,       1801 ,,124518,124518,124518800300,1,,,,,,0,726,22000,128,725,46000,128
1100,20160112,11, 1,2,       1801 ,,124518,124518,124518802100,1,,,,,,0,726,22000,128,725,42000,128
1100,20160112,11, 1,2,       1801 ,,124518,124518,124518805500,1,,,,,,0,726,22000,128,725,32000,128
1100,20160112,11, 1,2,       1801 ,,124518,124518,124518809100,1,,,,,,0,726,23000,128,725,32000,128
1100,20160112,11, 1,2,       1801 ,,124518,124518,124518814600,1,,,,,,0,726,27000,128,725,32000,128
1100,20160112,11, 1,2,       1801 ,,124518,124518,124518816000,1,,,,,,0,726,27000,128,725,31000,128
1100,20160112,11, 1,2,       1801 ,124519,124519,124519,124519009800,1,725,16,0,1000,0,0,726,27000,128,725,30000,128
1100,20160112,11, 1,2,       1801 ,,124519,124519,124519011600,1,,,,,,0,726,35000,128,725,30000,128
1100,20160112,11, 1,2,       1801 ,,124519,124519,124519013500,1,,,,,,0,726,35000,128,725,20000,128
1100,20160112,11, 1,2,       1801 ,124519,124519,124519,124519014800,1,725,16,0,2000,0,0,726,35000,128,725,18000,128
1100,20160112,11, 1,2,       1801 ,124519,124519,124519,124519016400,1,725,16,0,9000,0,0,726,35000,128,725,9000,128
1100,20160112,11, 1,2,       1801 ,,124519,124519,124519018300,1,,,,,,0,726,35000,128,725,8000,128
1100,20160112,11, 1,2,       1801 ,,124519,124519,124519019100,1,,,,,,0,726,36000,128,725,8000,128
1100,20160112,11, 1,2,       1801 ,124519,124519,124519,124519019900,1,725,16,0,8000,0,0,726,36000,128,724,68000,128
1100,20160112,11, 1,2,       1801 ,,124519,124519,124519025200,1,,,,,,0,726,35000,128,724,68000,128
1100,20160112,11, 1,2,       1801 ,,124519,124519,124519025900,1,,,,,,0,725,2000,128,724,68000,128
1100,20160112,11, 1,2,       1801 ,,124519,124519,124519026600,1,,,,,,0,725,3000,128,724,68000,128
1100,20160112,11, 1,2,       1801 ,,124519,124519,124519027300,1,,,,,,0,725,4000,128,724,68000,128
1100,20160112,11, 1,2,       1801 ,,124519,124519,124519028800,1,,,,,,0,725,5000,128,724,68000,128
1100,20160112,11, 1,2,       1801 ,,124519,124519,124519032500,1,,,,,,0,725,5000,128,724,65000,128
1100,20160112,11, 1,2,       1801 ,,124519,124519,124519034300,1,,,,,,0,725,6000,128,724,65000,128
1100,20160112,11, 1,2,       1801 ,,124519,124519,124519035700,1,,,,,,0,725,8000,128,724,65000,128
1100,20160112,11, 1,2,       1801 ,,124519,124519,124519043700,1,,,,,,0,725,8000,128,724,64000,128
1100,20160112,11, 1,2,       1801 ,,124519,124519,124519046900,1,,,,,,0,725,9000,128,724,64000,128
1100,20160112,11, 1,2,       1801 ,,124519,124519,124519092000,1,,,,,,0,725,9000,128,724,59000,128
1100,20160112,11, 1,2,       1801 ,,124519,124519,124519210200,1,,,,,,0,725,9000,128,724,55000,128
1100,20160112,11, 1,2,       1801 ,,124519,124519,124519219500,1,,,,,,0,725,9000,128,724,50000,128
1100,20160112,11, 1,2,       1801 ,,124519,124519,124519507500,1,,,,,,0,725,10000,128,724,50000,128
1100,20160112,11, 1,2,       1801 ,,124519,124519,124519510400,1,,,,,,0,725,11000,128,724,50000,128
1100,20160112,11, 1,2,       1801 ,,124519,124519,124519635500,1,,,,,,0,725,12000,128,724,50000,128
1100,20160112,11, 1,2,       1801 ,,124522,124522,124522228200,1,,,,,,0,725,16000,128,724,50000,128
1100,20160112,11, 1,2,       1801 ,,124522,124522,124522229800,1,,,,,,0,725,16000,128,724,40000,128
1100,20160112,11, 1,2,       1801 ,,124522,124522,124522230500,1,,,,,,0,725,16000,128,724,36000,128
1100,20160112,11, 1,2,       1801 ,,124522,124522,124522231300,1,,,,,,0,725,17000,128,724,36000,128
1100,20160112,11, 1,2,       1801 ,,124522,124522,124522234200,1,,,,,,0,725,17000,128,724,35000,128
1100,20160112,11, 1,2,       1801 ,,124524,124524,124524372200,1,,,,,,0,725,17000,128,724,36000,128
1100,20160112,11, 1,2,       1801 ,,124526,124526,124526135100,1,,,,,,0,725,18000,128,724,36000,128
1100,20160112,11, 1,2,       1801 ,,124526,124526,124526235600,1,,,,,,0,725,18000,128,724,40000,128
1100,20160112,11, 1,2,       1801 ,,124528,124528,124528592100,1,,,,,,0,725,19000,128,724,40000,128
1100,20160112,11, 1,2,       1801 ,,124529,124529,124529361500,1,,,,,,0,725,15000,128,724,40000,128
1100,20160112,11, 1,2,       1801 ,,124533,124533,124533290800,1,,,,,,0,725,15000,128,724,39000,128
1100,20160112,11, 1,2,       1801 ,,124538,124538,124538887600,1,,,,,,0,725,15000,128,724,40000,128
1100,20160112,11, 1,2,       1801 ,,124539,124539,124539181000,1,,,,,,0,725,15000,128,724,41000,128
1100,20160112,11, 1,2,       1801 ,,124539,124539,124539182700,1,,,,,,0,725,15000,128,724,46000,128
1100,20160112,11, 1,2,       1801 ,,124539,124539,124539321000,1,,,,,,0,725,15000,128,724,45000,128
1100,20160112,11, 1,2,       1801 ,,124540,124540,124540799300,1,,,,,,0,725,17000,128,724,45000,128
1100,20160112,11, 1,2,       1801 ,,124546,124546,124546370800,1,,,,,,0,725,18000,128,724,45000,128
1100,20160112,11, 1,2,       1801 ,,124547,124547,124547148100,1,,,,,,0,725,19000,128,724,45000,128
1100,20160112,11, 1,2,       1801 ,,124547,124547,124547354200,1,,,,,,0,725,21000,128,724,45000,128
1100,20160112,11, 1,2,       1801 ,,124551,124551,124551950300,1,,,,,,0,725,29000,128,724,45000,128
1100,20160112,11, 1,2,       1801 ,,124551,124551,124551952000,1,,,,,,0,725,32000,128,724,45000,128
1100,20160112,11, 1,2,       1801 ,,124552,124552,124552399800,1,,,,,,0,725,33000,128,724,45000,128
1100,20160112,11, 1,2,       1801 ,124552,124552,124552,124552528500,1,725,48,0,1000,0,0,725,32000,128,724,45000,128
1100,20160112,11, 1,2,       1801 ,,124556,124556,124556731400,1,,,,,,0,725,32000,128,724,40000,128
1100,20160112,11, 1,2,       1801 ,,124556,124556,124556733500,1,,,,,,0,725,33000,128,724,40000,128
1100,20160112,11, 1,2,       1801 ,,124604,124604,124604403800,1,,,,,,0,725,32000,128,724,40000,128
1100,20160112,11, 1,2,       1801 ,,124606,124606,124606451300,1,,,,,,0,725,33000,128,724,40000,128
1100,20160112,11, 1,2,       1801 ,,124608,124608,124608471500,1,,,,,,0,725,33000,128,724,42000,128
1100,20160112,11, 1,2,       1801 ,,124608,124608,124608483800,1,,,,,,0,725,33000,128,724,43000,128
1100,20160112,11, 1,2,       1801 ,,124608,124608,124608620700,1,,,,,,0,725,33000,128,724,44000,128
1100,20160112,11, 1,2,       1801 ,,124609,124609,124609451500,1,,,,,,0,725,33000,128,724,45000,128
1100,20160112,11, 1,2,       1801 ,,124609,124609,124609453000,1,,,,,,0,725,32000,128,724,45000,128
1100,20160112,11, 1,2,       1801 ,,124610,124610,124610374300,1,,,,,,0,725,24000,128,724,45000,128
1100,20160112,11, 1,2,       1801 ,,124610,124610,124610375500,1,,,,,,0,725,23000,128,724,45000,128
1100,20160112,11, 1,2,       1801 ,,124610,124610,124610376200,1,,,,,,0,725,22000,128,724,45000,128
1100,20160112,11, 1,2,       1801 ,,124610,124610,124610377000,1,,,,,,0,725,21000,128,724,45000,128
1100,20160112,11, 1,2,       1801 ,124610,124610,124610,124610840200,1,725,48,0,3000,0,0,725,18000,128,724,45000,128
1100,20160112,11, 1,2,       1801 ,,124610,124610,124610842400,1,,,,,,0,725,16000,128,724,45000,128
1100,20160112,11, 1,2,       1801 ,124610,124610,124610,124610843600,1,725,48,0,3000,0,0,725,13000,128,724,45000,128
1100,20160112,11, 1,2,       1801 ,124610,124610,124610,124610845400,1,725,48,0,10000,0,0,725,3000,128,724,45000,128
1100,20160112,11, 1,2,       1801 ,124610,124610,124610,124610847800,1,725,48,0,3000,0,0,726,46000,128,724,45000,128
1100,20160112,11, 1,2,       1801 ,,124610,124610,124610850900,1,,,,,,0,726,52000,128,724,45000,128
1100,20160112,11, 1,2,       1801 ,,124610,124610,124610858100,1,,,,,,0,726,51000,128,724,45000,128
1100,20160112,11, 1,2,       1801 ,,124610,124610,124610859300,1,,,,,,0,726,51000,128,725,6000,128
1100,20160112,11, 1,2,       1801 ,,124610,124610,124610860900,1,,,,,,0,726,51000,128,725,8000,128
1100,20160112,11, 1,2,       1801 ,,124610,124610,124610862800,1,,,,,,0,726,51000,128,725,10000,128
1100,20160112,11, 1,2,       1801 ,,124610,124610,124610868000,1,,,,,,0,726,51000,128,725,11000,128
1100,20160112,11, 1,2,       1801 ,,124610,124610,124610868800,1,,,,,,0,726,50000,128,725,11000,128
1100,20160112,11, 1,2,       1801 ,,124610,124610,124610871100,1,,,,,,0,726,50000,128,725,13000,128
1100,20160112,11, 1,2,       1801 ,,124610,124610,124610871900,1,,,,,,0,726,45000,128,725,13000,128
1100,20160112,11, 1,2,       1801 ,,124610,124610,124610872700,1,,,,,,0,726,46000,128,725,13000,128
1100,20160112,11, 1,2,       1801 ,,124610,124610,124610873500,1,,,,,,0,726,44000,128,725,13000,128
1100,20160112,11, 1,2,       1801 ,,124610,124610,124610875200,1,,,,,,0,726,44000,128,725,15000,128
1100,20160112,11, 1,2,       1801 ,,124610,124610,124610876700,1,,,,,,0,726,44000,128,725,16000,128
1100,20160112,11, 1,2,       1801 ,,124610,124610,124610877400,1,,,,,,0,726,44000,128,725,19000,128
1100,20160112,11, 1,2,       1801 ,,124610,124610,124610879000,1,,,,,,0,726,44000,128,725,20000,128
1100,20160112,11, 1,2,       1801 ,,124610,124610,124610879900,1,,,,,,0,726,43000,128,725,20000,128
1100,20160112,11, 1,2,       1801 ,,124610,124610,124610881600,1,,,,,,0,726,39000,128,725,20000,128
1100,20160112,11, 1,2,       1801 ,,124610,124610,124610884100,1,,,,,,0,726,37000,128,725,20000,128
1100,20160112,11, 1,2,       1801 ,,124610,124610,124610910000,1,,,,,,0,726,33000,128,725,20000,128
1100,20160112,11, 1,2,       1801 ,,124610,124610,124610911400,1,,,,,,0,726,33000,128,725,23000,128
1100,20160112,11, 1,2,       1801 ,,124610,124610,124610913800,1,,,,,,0,726,29000,128,725,23000,128
1100,20160112,11, 1,2,       1801 ,,124610,124610,124610948400,1,,,,,,0,726,29000,128,725,24000,128
1100,20160112,11, 1,2,       1801 ,,124611,124611,124611832600,1,,,,,,0,726,29000,128,725,18000,128
1100,20160112,11, 1,2,       1801 ,,124614,124614,124614525700,1,,,,,,0,726,29000,128,725,17000,128
1100,20160112,11, 1,2,       1801 ,,124614,124614,124614527500,1,,,,,,0,726,29000,128,725,22000,128
1100,20160112,11, 1,2,       1801 ,,124617,124617,124617428600,1,,,,,,0,726,31000,128,725,22000,128
1100,20160112,11, 1,2,       1801 ,,124617,124617,124617442900,1,,,,,,0,726,31000,128,725,20000,128
1100,20160112,11, 1,2,       1801 ,,124617,124617,124617444400,1,,,,,,0,726,34000,128,725,20000,128
1100,20160112,11, 1,2,       1801 ,,124618,124618,124618227200,1,,,,,,0,726,35000,128,725,20000,128
1100,20160112,11, 1,2,       1801 ,,124624,124624,124624329500,1,,,,,,0,726,35000,128,725,21000,128
1100,20160112,11, 1,2,       1801 ,,124624,124624,124624331000,1,,,,,,0,726,35000,128,725,23000,128
1100,20160112,11, 1,2,       1801 ,,124628,124628,124628351700,1,,,,,,0,726,36000,128,725,23000,128
1100,20160112,11, 1,2,       1801 ,,124628,124628,124628808800,1,,,,,,0,726,35000,128,725,23000,128
1100,20160112,11, 1,2,       1801 ,,124641,124641,124641055100,1,,,,,,0,726,29000,128,725,23000,128
1100,20160112,11, 1,2,       1801 ,,124655,124655,124655842500,1,,,,,,0,726,30000,128,725,23000,128
1100,20160112,11, 1,2,       1801 ,,124657,124657,124657369900,1,,,,,,0,726,30000,128,725,22000,128
1100,20160112,11, 1,2,       1801 ,,124657,124657,124657374600,1,,,,,,0,726,30000,128,725,17000,128
1100,20160112,11, 1,2,       1801 ,,124657,124657,124657376100,1,,,,,,0,726,30000,128,725,14000,128
1100,20160112,11, 1,2,       1801 ,,124657,124657,124657386800,1,,,,,,0,726,30000,128,725,12000,128
1100,20160112,11, 1,2,       1801 ,,124658,124658,124658209900,1,,,,,,0,726,30000,128,725,10000,128
1100,20160112,11, 1,2,       1801 ,124658,124658,124658,124658211200,1,725,16,0,1000,0,0,726,30000,128,725,9000,128
1100,20160112,11, 1,2,       1801 ,124658,124658,124658,124658212500,1,725,16,0,2000,0,0,726,30000,128,725,7000,128
1100,20160112,11, 1,2,       1801 ,,124658,124658,124658213600,1,,,,,,0,726,31000,128,725,7000,128
1100,20160112,11, 1,2,       1801 ,124658,124658,124658,124658214300,1,725,16,0,7000,0,0,726,31000,128,724,51000,128
1100,20160112,11, 1,2,       1801 ,,124658,124658,124658220400,1,,,,,,0,726,31000,128,724,51000,128
1100,20160112,11, 1,2,       1801 ,,124658,124658,124658221000,1,,,,,,0,725,1000,128,724,51000,128
1100,20160112,11, 1,2,       1801 ,,124658,124658,124658221600,1,,,,,,0,725,3000,128,724,51000,128
1100,20160112,11, 1,2,       1801 ,,124658,124658,124658223000,1,,,,,,0,725,3000,128,724,52000,128
1100,20160112,11, 1,2,       1801 ,,124658,124658,124658224900,1,,,,,,0,725,3000,128,724,51000,128
1100,20160112,11, 1,2,       1801 ,,124658,124658,124658225600,1,,,,,,0,725,3000,128,724,49000,128
1100,20160112,11, 1,2,       1801 ,,124658,124658,124658227100,1,,,,,,0,725,5000,128,724,49000,128
1100,20160112,11, 1,2,       1801 ,124658,124658,124658,124658229300,1,725,48,0,1000,0,0,725,4000,128,724,49000,128
1100,20160112,11, 1,2,       1801 ,,124658,124658,124658230300,1,,,,,,0,725,4000,128,724,49000,128
1100,20160112,11, 1,2,       1801 ,,124658,124658,124658230900,1,,,,,,0,725,5000,128,724,49000,128
1100,20160112,11, 1,2,       1801 ,,124658,124658,124658231700,1,,,,,,0,725,6000,128,724,49000,128
1100,20160112,11, 1,2,       1801 ,,124658,124658,124658235100,1,,,,,,0,725,6000,128,724,45000,128
1100,20160112,11, 1,2,       1801 ,,124658,124658,124658403300,1,,,,,,0,725,4000,128,724,45000,128
1100,20160112,11, 1,2,       1801 ,,124658,124658,124658892400,1,,,,,,0,725,5000,128,724,45000,128
1100,20160112,11, 1,2,       1801 ,,124659,124659,124659688400,1,,,,,,0,725,5000,128,724,47000,128
1100,20160112,11, 1,2,       1801 ,,124700,124700,124700191600,1,,,,,,0,725,4000,128,724,47000,128
1100,20160112,11, 1,2,       1801 ,,124711,124711,124711910200,1,,,,,,0,725,4000,128,724,45000,128
1100,20160112,11, 1,2,       1801 ,,124711,124711,124711969900,1,,,,,,0,725,6000,128,724,45000,128
1100,20160112,11, 1,2,       1801 ,,124711,124711,124711973500,1,,,,,,0,725,6000,128,724,40000,128
1100,20160112,11, 1,2,       1801 ,,124712,124712,124712206400,1,,,,,,0,725,4000,128,724,40000,128
1100,20160112,11, 1,2,       1801 ,,124712,124712,124712577500,1,,,,,,0,725,4000,128,724,41000,128
1100,20160112,11, 1,2,       1801 ,,124715,124715,124715430500,1,,,,,,0,725,4000,128,724,40000,128
1100,20160112,11, 1,2,       1801 ,,124715,124715,124715688900,1,,,,,,0,725,4000,128,724,42000,128
1100,20160112,11, 1,2,       1801 ,,124717,124717,124717110400,1,,,,,,0,725,4000,128,724,46000,128
1100,20160112,11, 1,2,       1801 ,,124718,124718,124718251300,1,,,,,,0,725,4000,128,724,47000,128
1100,20160112,11, 1,2,       1801 ,,124718,124718,124718254100,1,,,,,,0,725,4000,128,724,52000,128
1100,20160112,11, 1,2,       1801 ,,124718,124718,124718611000,1,,,,,,0,725,4000,128,724,51000,128
1100,20160112,11, 1,2,       1801 ,,124720,124720,124720262400,1,,,,,,0,725,8000,128,724,51000,128
1100,20160112,11, 1,2,       1801 ,,124720,124720,124720316600,1,,,,,,0,725,4000,128,724,51000,128
1100,20160112,11, 1,2,       1801 ,,124724,124724,124724240700,1,,,,,,0,725,4000,128,724,49000,128
1100,20160112,11, 1,2,       1801 ,,124724,124724,124724337700,1,,,,,,0,725,6000,128,724,49000,128
1100,20160112,11, 1,2,       1801 ,,124725,124725,124725263600,1,,,,,,0,725,6000,128,724,50000,128
1100,20160112,11, 1,2,       1801 ,,124725,124725,124725265800,1,,,,,,0,725,4000,128,724,50000,128
1100,20160112,11, 1,2,       1801 ,124725,124725,124725,124725339600,1,725,48,0,4000,0,0,726,56000,128,724,50000,128
1100,20160112,11, 1,2,       1801 ,,124725,124725,124725341000,1,,,,,,0,726,56000,128,724,52000,128
1100,20160112,11, 1,2,       1801 ,,124725,124725,124725342300,1,,,,,,0,726,54000,128,724,52000,128
1100,20160112,11, 1,2,       1801 ,,124725,124725,124725343100,1,,,,,,0,726,53000,128,724,52000,128
1100,20160112,11, 1,2,       1801 ,,124725,124725,124725344800,1,,,,,,0,726,53000,128,724,53000,128
1100,20160112,11, 1,2,       1801 ,,124725,124725,124725346100,1,,,,,,0,726,52000,128,724,53000,128
1100,20160112,11, 1,2,       1801 ,,124725,124725,124725359900,1,,,,,,0,726,48000,128,724,53000,128
1100,20160112,11, 1,2,       1801 ,,124725,124725,124725409300,1,,,,,,0,726,48000,128,724,51000,128
1100,20160112,11, 1,2,       1801 ,,124726,124726,124726067000,1,,,,,,0,726,48000,128,724,50000,128
1100,20160112,11, 1,2,       1801 ,,124726,124726,124726068300,1,,,,,,0,726,48000,128,724,51000,128
1100,20160112,11, 1,2,       1801 ,,124727,124727,124727339500,1,,,,,,0,726,48000,128,724,53000,128
1100,20160112,11, 1,2,       1801 ,,124727,124727,124727662400,1,,,,,,0,726,48000,128,724,52000,128
1100,20160112,11, 1,2,       1801 ,,124730,124730,124730273400,1,,,,,,0,726,48000,128,724,57000,128
1100,20160112,11, 1,2,       1801 ,,124730,124730,124730274800,1,,,,,,0,726,44000,128,724,57000,128
1100,20160112,11, 1,2,       1801 ,,124735,124735,124735494900,1,,,,,,0,726,44000,128,724,56000,128
1100,20160112,11, 1,2,       1801 ,,124736,124736,124736288800,1,,,,,,0,726,44000,128,724,55000,128
1100,20160112,11, 1,2,       1801 ,,124747,124747,124747151300,1,,,,,,0,726,41000,128,724,55000,128
1100,20160112,11, 1,2,       1801 ,,124747,124747,124747497100,1,,,,,,0,726,41000,128,724,56000,128
1100,20160112,11, 1,2,       1801 ,,124749,124749,124749569600,1,,,,,,0,726,36000,128,724,56000,128
1100,20160112,11, 1,2,       1801 ,,124749,124749,124749571400,1,,,,,,0,726,36000,128,724,57000,128
1100,20160112,11, 1,2,       1801 ,,124749,124749,124749572200,1,,,,,,0,726,36000,128,724,59000,128
1100,20160112,11, 1,2,       1801 ,,124749,124749,124749589600,1,,,,,,0,726,33000,128,724,59000,128
1100,20160112,11, 1,2,       1801 ,,124750,124750,124750949300,1,,,,,,0,726,33000,128,724,58000,128
1100,20160112,11, 1,2,       1801 ,,124751,124751,124751278900,1,,,,,,0,726,33000,128,724,59000,128
1100,20160112,11, 1,2,       1801 ,,124752,124752,124752195100,1,,,,,,0,726,33000,128,724,60000,128
1100,20160112,11, 1,2,       1801 ,,124752,124752,124752214300,1,,,,,,0,726,33000,128,724,61000,128
1100,20160112,11, 1,2,       1801 ,,124752,124752,124752217500,1,,,,,,0,726,33000,128,724,62000,128
1100,20160112,11, 1,2,       1801 ,,124752,124752,124752226800,1,,,,,,0,726,33000,128,724,67000,128
1100,20160112,11, 1,2,       1801 ,,124752,124752,124752227900,1,,,,,,0,726,31000,128,724,67000,128
1100,20160112,11, 1,2,       1801 ,,124756,124756,124756016300,1,,,,,,0,726,31000,128,725,1000,128
1100,20160112,11, 1,2,       1801 ,,124756,124756,124756017600,1,,,,,,0,726,31000,128,725,3000,128
1100,20160112,11, 1,2,       1801 ,,124756,124756,124756018300,1,,,,,,0,726,31000,128,725,4000,128
1100,20160112,11, 1,2,       1801 ,,124756,124756,124756020500,1,,,,,,0,726,31000,128,725,6000,128
1100,20160112,11, 1,2,       1801 ,,124756,124756,124756021200,1,,,,,,0,726,31000,128,725,8000,128
1100,20160112,11, 1,2,       1801 ,,124756,124756,124756021800,1,,,,,,0,726,31000,128,725,10000,128
1100,20160112,11, 1,2,       1801 ,,124756,124756,124756022400,1,,,,,,0,726,25000,128,725,10000,128
1100,20160112,11, 1,2,       1801 ,,124756,124756,124756029400,1,,,,,,0,726,25000,128,725,12000,128
1100,20160112,11, 1,2,       1801 ,,124758,124758,124758342000,1,,,,,,0,726,24000,128,725,12000,128
1100,20160112,11, 1,2,       1801 ,,124758,124758,124758369400,1,,,,,,0,726,21000,128,725,12000,128
1100,20160112,11, 1,2,       1801 ,,124759,124759,124759631200,1,,,,,,0,726,22000,128,725,12000,128
1100,20160112,11, 1,2,       1801 ,,124800,124800,124800402600,1,,,,,,0,726,21000,128,725,12000,128
1100,20160112,11, 1,2,       1801 ,,124801,124801,124801640500,1,,,,,,0,726,22000,128,725,12000,128
1100,20160112,11, 1,2,       1801 ,,124802,124802,124802277400,1,,,,,,0,726,22000,128,725,13000,128
1100,20160112,11, 1,2,       1801 ,,124808,124808,124808664000,1,,,,,,0,726,22000,128,725,14000,128
1100,20160112,11, 1,2,       1801 ,124814,124814,124814,124814381600,1,726,48,0,12000,0,0,726,10000,128,725,14000,128
1100,20160112,11, 1,2,       1801 ,124814,124814,124814,124814383800,1,726,48,0,10000,0,0,727,53000,128,725,14000,128
1100,20160112,11, 1,2,       1801 ,,124814,124814,124814385600,1,,,,,,0,726,2000,128,725,14000,128
1100,20160112,11, 1,2,       1801 ,124814,124814,124814,124814386300,1,726,48,0,2000,0,0,727,53000,128,725,14000,128
1100,20160112,11, 1,2,       1801 ,,124814,124814,124814389700,1,,,,,,0,727,53000,128,725,14000,128
1100,20160112,11, 1,2,       1801 ,,124814,124814,124814390400,1,,,,,,0,727,53000,128,725,15000,128
1100,20160112,11, 1,2,       1801 ,,124814,124814,124814391200,1,,,,,,0,727,53000,128,725,17000,128
1100,20160112,11, 1,2,       1801 ,,124814,124814,124814392000,1,,,,,,0,727,53000,128,725,20000,128
1100,20160112,11, 1,2,       1801 ,,124814,124814,124814393000,1,,,,,,0,727,53000,128,725,22000,128
1100,20160112,11, 1,2,       1801 ,,124814,124814,124814394300,1,,,,,,0,727,53000,128,725,23000,128
1100,20160112,11, 1,2,       1801 ,,124814,124814,124814395600,1,,,,,,0,727,53000,128,726,3000,128
1100,20160112,11, 1,2,       1801 ,,124814,124814,124814397100,1,,,,,,0,727,53000,128,726,4000,128
1100,20160112,11, 1,2,       1801 ,,124814,124814,124814400900,1,,,,,,0,727,54000,128,726,4000,128
1100,20160112,11, 1,2,       1801 ,124814,124814,124814,124814403300,1,726,16,0,1000,0,0,727,54000,128,726,3000,128
1100,20160112,11, 1,2,       1801 ,,124814,124814,124814404200,1,,,,,,0,727,54000,128,726,3000,128
1100,20160112,11, 1,2,       1801 ,124814,124814,124814,124814406600,1,726,16,0,3000,0,0,726,1000,128,725,29000,128
1100,20160112,11, 1,2,       1801 ,,124814,124814,124814407400,1,,,,,,0,726,1000,128,725,29000,128
1100,20160112,11, 1,2,       1801 ,124814,124814,124814,124814408200,1,726,48,0,1000,0,0,727,53000,128,725,29000,128
1100,20160112,11, 1,2,       1801 ,,124814,124814,124814409200,1,,,,,,0,726,1000,128,725,29000,128
1100,20160112,11, 1,2,       1801 ,,124814,124814,124814410200,1,,,,,,0,726,5000,128,725,29000,128
1100,20160112,11, 1,2,       1801 ,,124814,124814,124814411200,1,,,,,,0,726,4000,128,725,29000,128
1100,20160112,11, 1,2,       1801 ,,124814,124814,124814415600,1,,,,,,0,726,4000,128,725,31000,128
1100,20160112,11, 1,2,       1801 ,,124814,124814,124814417100,1,,,,,,0,726,4000,128,725,35000,128
1100,20160112,11, 1,2,       1801 ,124814,124814,124814,124814417700,1,726,48,0,2000,0,0,726,2000,128,725,35000,128
1100,20160112,11, 1,2,       1801 ,,124814,124814,124814418600,1,,,,,,0,726,2000,128,725,35000,128
1100,20160112,11, 1,2,       1801 ,124814,124814,124814,124814420400,1,726,48,0,2000,0,0,727,46000,128,725,35000,128
1100,20160112,11, 1,2,       1801 ,,124814,124814,124814421200,1,,,,,,0,727,46000,128,725,35000,128
1100,20160112,11, 1,2,       1801 ,,124814,124814,124814422100,1,,,,,,0,727,46000,128,725,32000,128
1100,20160112,11, 1,2,       1801 ,,124814,124814,124814422900,1,,,,,,0,727,46000,128,725,30000,128
1100,20160112,11, 1,2,       1801 ,,124814,124814,124814423600,1,,,,,,0,726,6000,128,725,30000,128
1100,20160112,11, 1,2,       1801 ,124814,124814,124814,124814424300,1,726,48,0,1000,0,0,726,5000,128,725,30000,128
1100,20160112,11, 1,2,       1801 ,,124814,124814,124814426300,1,,,,,,0,726,5000,128,725,30000,128
1100,20160112,11, 1,2,       1801 ,,124814,124814,124814427000,1,,,,,,0,726,5000,128,725,28000,128
1100,20160112,11, 1,2,       1801 ,,124814,124814,124814428400,1,,,,,,0,726,5000,128,725,32000,128
1100,20160112,11, 1,2,       1801 ,,124814,124814,124814429900,1,,,,,,0,726,5000,128,725,31000,128
1100,20160112,11, 1,2,       1801 ,,124814,124814,124814432600,1,,,,,,0,727,43000,128,725,31000,128
1100,20160112,11, 1,2,       1801 ,,124814,124814,124814435500,1,,,,,,0,727,49000,128,725,31000,128
1100,20160112,11, 1,2,       1801 ,,124814,124814,124814436200,1,,,,,,0,726,3000,128,725,31000,128
1100,20160112,11, 1,2,       1801 ,,124814,124814,124814437400,1,,,,,,0,726,3000,128,725,33000,128
1100,20160112,11, 1,2,       1801 ,124814,124814,124814,124814438000,1,726,48,0,1000,0,0,726,2000,128,725,32000,128
1100,20160112,11, 1,2,       1801 ,,124814,124814,124814439000,1,,,,,,0,726,2000,128,725,28000,128
1100,20160112,11, 1,2,       1801 ,,124814,124814,124814439800,1,,,,,,0,726,2000,128,725,26000,128
1100,20160112,11, 1,2,       1801 ,,124814,124814,124814441200,1,,,,,,0,727,49000,128,725,26000,128
1100,20160112,11, 1,2,       1801 ,,124814,124814,124814441900,1,,,,,,0,726,5000,128,725,26000,128
1100,20160112,11, 1,2,       1801 ,,124814,124814,124814443300,1,,,,,,0,727,53000,128,725,26000,128
1100,20160112,11, 1,2,       1801 ,,124814,124814,124814444100,1,,,,,,0,726,3000,128,725,26000,128
1100,20160112,11, 1,2,       1801 ,,124814,124814,124814445400,1,,,,,,0,727,53000,128,725,26000,128
1100,20160112,11, 1,2,       1801 ,,124816,124816,124816448400,1,,,,,,0,727,54000,128,725,26000,128
1100,20160112,11, 1,2,       1801 ,,124818,124818,124818259200,1,,,,,,0,727,54000,128,725,27000,128
1100,20160112,11, 1,2,       1801 ,,124821,124821,124821605600,1,,,,,,0,727,54000,128,725,32000,128
1100,20160112,11, 1,2,       1801 ,,124821,124821,124821607300,1,,,,,,0,727,54000,128,725,38000,128
1100,20160112,11, 1,2,       1801 ,,124821,124821,124821774900,1,,,,,,0,727,54000,128,725,42000,128
1100,20160112,11, 1,2,       1801 ,,124824,124824,124824972500,1,,,,,,0,727,54000,128,725,41000,128
1100,20160112,11, 1,2,       1801 ,,124826,124826,124826082500,1,,,,,,0,727,54000,128,725,42000,128
1100,20160112,11, 1,2,       1801 ,,124826,124826,124826198700,1,,,,,,0,727,53000,128,725,42000,128
1100,20160112,11, 1,2,       1801 ,,124826,124826,124826209500,1,,,,,,0,727,53000,128,725,43000,128
1100,20160112,11, 1,2,       1801 ,,124826,124826,124826248300,1,,,,,,0,727,53000,128,725,42000,128
1100,20160112,11, 1,2,       1801 ,,124826,124826,124826508800,1,,,,,,0,727,53000,128,725,43000,128
1100,20160112,11, 1,2,       1801 ,,124826,124826,124826553900,1,,,,,,0,727,53000,128,725,44000,128
1100,20160112,11, 1,2,       1801 ,,124826,124826,124826559200,1,,,,,,0,727,53000,128,725,43000,128
1100,20160112,11, 1,2,       1801 ,,124828,124828,124828506900,1,,,,,,0,727,53000,128,725,44000,128
1100,20160112,11, 1,2,       1801 ,,124833,124833,124833204300,1,,,,,,0,727,54000,128,725,44000,128
1100,20160112,11, 1,2,       1801 ,,124833,124833,124833205500,1,,,,,,0,727,55000,128,725,44000,128
1100,20160112,11, 1,2,       1801 ,,124838,124838,124838704900,1,,,,,,0,726,1000,128,725,44000,128
1100,20160112,11, 1,2,       1801 ,,124838,124838,124838706500,1,,,,,,0,726,3000,128,725,44000,128
1100,20160112,11, 1,2,       1801 ,,124838,124838,124838708900,1,,,,,,0,726,4000,128,725,44000,128
1100,20160112,11, 1,2,       1801 ,,124838,124838,124838709700,1,,,,,,0,726,4000,128,725,39000,128
1100,20160112,11, 1,2,       1801 ,,124838,124838,124838710500,1,,,,,,0,726,4000,128,725,38000,128
1100,20160112,11, 1,2,       1801 ,,124838,124838,124838711300,1,,,,,,0,726,4000,128,725,32000,128
1100,20160112,11, 1,2,       1801 ,,124838,124838,124838712100,1,,,,,,0,726,7000,128,725,32000,128
1100,20160112,11, 1,2,       1801 ,,124838,124838,124838714200,1,,,,,,0,726,8000,128,725,32000,128
1100,20160112,11, 1,2,       1801 ,,124838,124838,124838719200,1,,,,,,0,726,9000,128,725,32000,128
1100,20160112,11, 1,2,       1801 ,,124838,124838,124838720600,1,,,,,,0,726,14000,128,725,32000,128
1100,20160112,11, 1,2,       1801 ,,124838,124838,124838721900,1,,,,,,0,726,14000,128,725,28000,128
1100,20160112,11, 1,2,       1801 ,,124838,124838,124838722500,1,,,,,,0,726,17000,128,725,28000,128
1100,20160112,11, 1,2,       1801 ,,124838,124838,124838723900,1,,,,,,0,726,20000,128,725,28000,128
1100,20160112,11, 1,2,       1801 ,,124838,124838,124838748400,1,,,,,,0,726,21000,128,725,28000,128
1100,20160112,11, 1,2,       1801 ,,124839,124839,124839032100,1,,,,,,0,726,21000,128,725,29000,128
1100,20160112,11, 1,2,       1801 ,,124839,124839,124839034600,1,,,,,,0,726,21000,128,725,28000,128
1100,20160112,11, 1,2,       1801 ,,124839,124839,124839070400,1,,,,,,0,726,20000,128,725,28000,128
1100,20160112,11, 1,2,       1801 ,,124839,124839,124839104800,1,,,,,,0,726,21000,128,725,28000,128
1100,20160112,11, 1,2,       1801 ,,124840,124840,124840855900,1,,,,,,0,726,21000,128,725,29000,128
1100,20160112,11, 1,2,       1801 ,,124841,124841,124841934100,1,,,,,,0,726,21000,128,725,25000,128
1100,20160112,11, 1,2,       1801 ,,124841,124841,124841975400,1,,,,,,0,726,21000,128,725,24000,128
1100,20160112,11, 1,2,       1801 ,,124849,124849,124849252400,1,,,,,,0,726,22000,128,725,24000,128
1100,20160112,11, 1,2,       1801 ,,124857,124857,124857458300,1,,,,,,0,726,22000,128,725,22000,128
1100,20160112,11, 1,2,       1801 ,,124858,124858,124858679600,1,,,,,,0,726,23000,128,725,22000,128
1100,20160112,11, 1,2,       1801 ,,124858,124858,124858681000,1,,,,,,0,726,24000,128,725,22000,128
1100,20160112,11, 1,2,       1801 ,,124858,124858,124858681700,1,,,,,,0,726,24000,128,725,20000,128
1100,20160112,11, 1,2,       1801 ,,124858,124858,124858692100,1,,,,,,0,726,24000,128,725,19000,128
1100,20160112,11, 1,2,       1801 ,,124858,124858,124858697200,1,,,,,,0,726,24000,128,725,11000,128
1100,20160112,11, 1,2,       1801 ,,124858,124858,124858698500,1,,,,,,0,726,24000,128,725,10000,128
1100,20160112,11, 1,2,       1801 ,,124858,124858,124858699200,1,,,,,,0,726,24000,128,725,8000,128
1100,20160112,11, 1,2,       1801 ,,124902,124902,124902831100,1,,,,,,0,726,23000,128,725,8000,128
1100,20160112,11, 1,2,       1801 ,,124903,124903,124903111200,1,,,,,,0,726,24000,128,725,8000,128
1100,20160112,11, 1,2,       1801 ,,124903,124903,124903788200,1,,,,,,0,726,24000,128,725,10000,128
1100,20160112,11, 1,2,       1801 ,,124906,124906,124906612900,1,,,,,,0,726,25000,128,725,10000,128
1100,20160112,11, 1,2,       1801 ,,124909,124909,124909531600,1,,,,,,0,726,24000,128,725,10000,128
1100,20160112,11, 1,2,       1801 ,,124910,124910,124910328300,1,,,,,,0,726,24000,128,725,11000,128
1100,20160112,11, 1,2,       1801 ,,124910,124910,124910330000,1,,,,,,0,726,24000,128,725,15000,128
1100,20160112,11, 1,2,       1801 ,,124910,124910,124910337900,1,,,,,,0,726,19000,128,725,15000,128
1100,20160112,11, 1,2,       1801 ,,124910,124910,124910339600,1,,,,,,0,726,19000,128,725,17000,128
1100,20160112,11, 1,2,       1801 ,,124910,124910,124910414900,1,,,,,,0,726,18000,128,725,17000,128
1100,20160112,11, 1,2,       1801 ,,124910,124910,124910423400,1,,,,,,0,726,18000,128,725,18000,128
1100,20160112,11, 1,2,       1801 ,,124910,124910,124910424700,1,,,,,,0,726,15000,128,725,18000,128
1100,20160112,11, 1,2,       1801 ,,124910,124910,124910425900,1,,,,,,0,726,14000,128,725,18000,128
1100,20160112,11, 1,2,       1801 ,,124912,124912,124912361500,1,,,,,,0,726,14000,128,725,17000,128
1100,20160112,11, 1,2,       1801 ,,124912,124912,124912363600,1,,,,,,0,726,13000,128,725,17000,128
1100,20160112,11, 1,2,       1801 ,,124912,124912,124912364300,1,,,,,,0,726,12000,128,725,17000,128
1100,20160112,11, 1,2,       1801 ,,124912,124912,124912382300,1,,,,,,0,726,13000,128,725,17000,128
1100,20160112,11, 1,2,       1801 ,,124912,124912,124912761000,1,,,,,,0,726,13000,128,725,18000,128
1100,20160112,11, 1,2,       1801 ,,124912,124912,124912781900,1,,,,,,0,726,13000,128,725,17000,128
1100,20160112,11, 1,2,       1801 ,,124912,124912,124912789100,1,,,,,,0,726,12000,128,725,17000,128
1100,20160112,11, 1,2,       1801 ,,124913,124913,124913789800,1,,,,,,0,726,13000,128,725,17000,128
1100,20160112,11, 1,2,       1801 ,,124913,124913,124913791600,1,,,,,,0,726,15000,128,725,17000,128
1100,20160112,11, 1,2,       1801 ,,124915,124915,124915922900,1,,,,,,0,726,15000,128,725,18000,128
1100,20160112,11, 1,2,       1801 ,,124915,124915,124915933400,1,,,,,,0,726,15000,128,725,17000,128
1100,20160112,11, 1,2,       1801 ,,124915,124915,124915954400,1,,,,,,0,726,14000,128,725,17000,128
1100,20160112,11, 1,2,       1801 ,,124915,124915,124915986700,1,,,,,,0,726,15000,128,725,17000,128
1100,20160112,11, 1,2,       1801 ,,124916,124916,124916084300,1,,,,,,0,726,14000,128,725,17000,128
1100,20160112,11, 1,2,       1801 ,,124916,124916,124916533600,1,,,,,,0,726,14000,128,725,18000,128
1100,20160112,11, 1,2,       1801 ,,124916,124916,124916987900,1,,,,,,0,726,12000,128,725,18000,128
1100,20160112,11, 1,2,       1801 ,,124919,124919,124919896900,1,,,,,,0,726,14000,128,725,18000,128
1100,20160112,11, 1,2,       1801 ,,124920,124920,124920253100,1,,,,,,0,726,15000,128,725,18000,128
1100,20160112,11, 1,2,       1801 ,,124926,124926,124926527600,1,,,,,,0,726,15000,128,725,17000,128
1100,20160112,11, 1,2,       1801 ,,124926,124926,124926679900,1,,,,,,0,726,15000,128,725,16000,128
1100,20160112,11, 1,2,       1801 ,,124926,124926,124926766900,1,,,,,,0,726,16000,128,725,16000,128
1100,20160112,11, 1,2,       1801 ,,124926,124926,124926768400,1,,,,,,0,726,19000,128,725,16000,128
1100,20160112,11, 1,2,       1801 ,,124927,124927,124927122500,1,,,,,,0,726,24000,128,725,16000,128
1100,20160112,11, 1,2,       1801 ,,125006,125006,125006746200,1,,,,,,0,726,23000,128,725,16000,128
1100,20160112,11, 1,2,       1801 ,,125013,125013,125013100600,1,,,,,,0,726,23000,128,725,17000,128
1100,20160112,11, 1,2,       1801 ,,125013,125013,125013828800,1,,,,,,0,726,20000,128,725,17000,128
1100,20160112,11, 1,2,       1801 ,,125014,125014,125014671100,1,,,,,,0,726,20000,128,725,16000,128
1100,20160112,11, 1,2,       1801 ,,125018,125018,125018325100,1,,,,,,0,726,25000,128,725,16000,128
1100,20160112,11, 1,2,       1801 ,,125018,125018,125018326500,1,,,,,,0,726,26000,128,725,16000,128
1100,20160112,11, 1,2,       1801 ,,125018,125018,125018327900,1,,,,,,0,726,31000,128,725,16000,128
1100,20160112,11, 1,2,       1801 ,,125027,125027,125027341200,1,,,,,,0,726,32000,128,725,16000,128
1100,20160112,11, 1,2,       1801 ,,125027,125027,125027342500,1,,,,,,0,726,35000,128,725,16000,128
1100,20160112,11, 1,2,       1801 ,,125030,125030,125030399400,1,,,,,,0,726,30000,128,725,16000,128
1100,20160112,11, 1,2,       1801 ,125030,125030,125030,125030400800,1,726,48,0,1000,0,0,726,29000,128,725,16000,128
1100,20160112,11, 1,2,       1801 ,,125030,125030,125030402000,1,,,,,,0,726,29000,128,725,17000,128
1100,20160112,11, 1,2,       1801 ,,125030,125030,125030408200,1,,,,,,0,726,29000,128,725,23000,128
1100,20160112,11, 1,2,       1801 ,,125030,125030,125030411600,1,,,,,,0,726,26000,128,725,23000,128
1100,20160112,11, 1,2,       1801 ,,125030,125030,125030415700,1,,,,,,0,726,25000,128,725,23000,128
1100,20160112,11, 1,2,       1801 ,,125030,125030,125030489200,1,,,,,,0,726,23000,128,725,23000,128
1100,20160112,11, 1,2,       1801 ,,125031,125031,125031533600,1,,,,,,0,726,23000,128,725,31000,128
1100,20160112,11, 1,2,       1801 ,125031,125031,125031,125031535100,1,726,48,0,1000,0,0,726,22000,128,725,31000,128
1100,20160112,11, 1,2,       1801 ,,125031,125031,125031536100,1,,,,,,0,726,20000,128,725,31000,128
1100,20160112,11, 1,2,       1801 ,125031,125031,125031,125031537000,1,726,48,0,11000,0,0,726,9000,128,725,31000,128
1100,20160112,11, 1,2,       1801 ,125031,125031,125031,125031539600,1,726,48,0,2000,0,0,726,7000,128,725,31000,128
1100,20160112,11, 1,2,       1801 ,125031,125031,125031,125031540900,1,726,48,0,7000,0,0,727,61000,128,725,31000,128
1100,20160112,11, 1,2,       1801 ,,125031,125031,125031544100,1,,,,,,0,727,61000,128,726,1000,128
1100,20160112,11, 1,2,       1801 ,,125031,125031,125031544900,1,,,,,,0,727,61000,128,726,3000,128
1100,20160112,11, 1,2,       1801 ,,125031,125031,125031550200,1,,,,,,0,727,60000,128,726,3000,128
1100,20160112,11, 1,2,       1801 ,,125031,125031,125031557800,1,,,,,,0,727,62000,128,726,3000,128
1100,20160112,11, 1,2,       1801 ,,125031,125031,125031559800,1,,,,,,0,727,62000,128,726,5000,128
1100,20160112,11, 1,2,       1801 ,,125031,125031,125031561100,1,,,,,,0,727,60000,128,726,5000,128
1100,20160112,11, 1,2,       1801 ,,125031,125031,125031561800,1,,,,,,0,727,55000,128,726,5000,128
1100,20160112,11, 1,2,       1801 ,,125031,125031,125031562600,1,,,,,,0,727,51000,128,726,5000,128
1100,20160112,11, 1,2,       1801 ,,125031,125031,125031564600,1,,,,,,0,727,51000,128,726,6000,128
1100,20160112,11, 1,2,       1801 ,,125031,125031,125031565200,1,,,,,,0,727,51000,128,726,7000,128
1100,20160112,11, 1,2,       1801 ,,125031,125031,125031566000,1,,,,,,0,727,50000,128,726,7000,128
1100,20160112,11, 1,2,       1801 ,,125031,125031,125031568200,1,,,,,,0,727,47000,128,726,7000,128
1100,20160112,11, 1,2,       1801 ,,125031,125031,125031569600,1,,,,,,0,727,47000,128,726,11000,128
1100,20160112,11, 1,2,       1801 ,,125031,125031,125031576100,1,,,,,,0,727,47000,128,726,12000,128
1100,20160112,11, 1,2,       1801 ,,125031,125031,125031634900,1,,,,,,0,727,43000,128,726,12000,128
1100,20160112,11, 1,2,       1801 ,,125032,125032,125032201700,1,,,,,,0,727,43000,128,726,11000,128
1100,20160112,11, 1,2,       1801 ,,125032,125032,125032300000,1,,,,,,0,727,43000,128,726,13000,128
1100,20160112,11, 1,2,       1801 ,,125032,125032,125032923300,1,,,,,,0,727,43000,128,726,14000,128
1100,20160112,11, 1,2,       1801 ,,125033,125033,125033606800,1,,,,,,0,727,43000,128,726,15000,128
1100,20160112,11, 1,2,       1801 ,,125034,125034,125034444200,1,,,,,,0,727,44000,128,726,15000,128
1100,20160112,11, 1,2,       1801 ,,125034,125034,125034549800,1,,,,,,0,727,42000,128,726,15000,128
1100,20160112,11, 1,2,       1801 ,,125034,125034,125034560400,1,,,,,,0,727,41000,128,726,15000,128
1100,20160112,11, 1,2,       1801 ,,125034,125034,125034569600,1,,,,,,0,727,36000,128,726,15000,128
1100,20160112,11, 1,2,       1801 ,,125034,125034,125034791900,1,,,,,,0,727,47000,128,726,15000,128
1100,20160112,11, 1,2,       1801 ,,125037,125037,125037746800,1,,,,,,0,727,48000,128,726,15000,128
1100,20160112,11, 1,2,       1801 ,,125037,125037,125037750700,1,,,,,,0,727,48000,128,726,11000,128
1100,20160112,11, 1,2,       1801 ,,125042,125042,125042555400,1,,,,,,0,727,47000,128,726,11000,128
1100,20160112,11, 1,2,       1801 ,,125043,125043,125043171700,1,,,,,,0,727,48000,128,726,11000,128
1100,20160112,11, 1,2,       1801 ,,125044,125044,125044171600,1,,,,,,0,727,47000,128,726,11000,128
1100,20160112,11, 1,2,       1801 ,,125044,125044,125044181500,1,,,,,,0,727,48000,128,726,11000,128
1100,20160112,11, 1,2,       1801 ,,125044,125044,125044785700,1,,,,,,0,727,47000,128,726,11000,128
1100,20160112,11, 1,2,       1801 ,,125045,125045,125045161400,1,,,,,,0,727,36000,128,726,11000,128
1100,20160112,11, 1,2,       1801 ,,125045,125045,125045162800,1,,,,,,0,727,28000,128,726,11000,128
1100,20160112,11, 1,2,       1801 ,,125045,125045,125045163600,1,,,,,,0,727,24000,128,726,11000,128
1100,20160112,11, 1,2,       1801 ,,125047,125047,125047367900,1,,,,,,0,727,24000,128,726,12000,128
1100,20160112,11, 1,2,       1801 ,,125047,125047,125047369600,1,,,,,,0,727,24000,128,726,16000,128
1100,20160112,11, 1,2,       1801 ,,125047,125047,125047371200,1,,,,,,0,727,24000,128,726,19000,128
1100,20160112,11, 1,2,       1801 ,,125048,125048,125048222500,1,,,,,,0,727,24000,128,726,18000,128
1100,20160112,11, 1,2,       1801 ,,125048,125048,125048233700,1,,,,,,0,727,25000,128,726,18000,128
1100,20160112,11, 1,2,       1801 ,,125049,125049,125049196800,1,,,,,,0,727,26000,128,726,18000,128
1100,20160112,11, 1,2,       1801 ,,125049,125049,125049244200,1,,,,,,0,727,25000,128,726,18000,128
1100,20160112,11, 1,2,       1801 ,125051,125051,125051,125051847200,1,726,16,0,1000,0,0,727,25000,128,726,17000,128
1100,20160112,11, 1,2,       1801 ,,125052,125052,125052533900,1,,,,,,0,727,26000,128,726,17000,128
1100,20160112,11, 1,2,       1801 ,,125052,125052,125052551000,1,,,,,,0,727,26000,128,726,13000,128
1100,20160112,11, 1,2,       1801 ,,125052,125052,125052552500,1,,,,,,0,727,26000,128,726,10000,128
1100,20160112,11, 1,2,       1801 ,,125054,125054,125054121600,1,,,,,,0,727,25000,128,726,10000,128
1100,20160112,11, 1,2,       1801 ,,125054,125054,125054829000,1,,,,,,0,727,26000,128,726,10000,128
1100,20160112,11, 1,2,       1801 ,,125055,125055,125055103600,1,,,,,,0,727,25000,128,726,10000,128
1100,20160112,11, 1,2,       1801 ,,125055,125055,125055190200,1,,,,,,0,727,27000,128,726,10000,128
1100,20160112,11, 1,2,       1801 ,,125055,125055,125055201300,1,,,,,,0,727,28000,128,726,10000,128
1100,20160112,11, 1,2,       1801 ,,125055,125055,125055210300,1,,,,,,0,727,26000,128,726,10000,128
1100,20160112,11, 1,2,       1801 ,,125055,125055,125055241200,1,,,,,,0,727,25000,128,726,10000,128
1100,20160112,11, 1,2,       1801 ,,125055,125055,125055243000,1,,,,,,0,727,30000,128,726,10000,128
1100,20160112,11, 1,2,       1801 ,,125058,125058,125058255200,1,,,,,,0,727,31000,128,726,10000,128
1100,20160112,11, 1,2,       1801 ,125059,125059,125059,125059740400,1,726,16,0,1000,0,0,727,31000,128,726,9000,128
1100,20160112,11, 1,2,       1801 ,,125100,125100,125100328300,1,,,,,,0,727,33000,128,726,9000,128
1100,20160112,11, 1,2,       1801 ,125102,125102,125102,125102034000,1,727,48,0,1000,0,0,727,32000,128,726,9000,128
1100,20160112,11, 1,2,       1801 ,,125103,125103,125103332000,1,,,,,,0,727,32000,128,726,10000,128
1100,20160112,11, 1,2,       1801 ,,125103,125103,125103876700,1,,,,,,0,727,32000,128,726,12000,128
1100,20160112,11, 1,2,       1801 ,,125103,125103,125103879200,1,,,,,,0,727,31000,128,726,12000,128
1100,20160112,11, 1,2,       1801 ,,125104,125104,125104704000,1,,,,,,0,727,31000,128,726,13000,128
1100,20160112,11, 1,2,       1801 ,125105,125105,125105,125105202100,1,726,16,0,1000,0,0,727,31000,128,726,12000,128
1100,20160112,11, 1,2,       1801 ,,125105,125105,125105204300,1,,,,,,0,727,32000,128,726,12000,128
1100,20160112,11, 1,2,       1801 ,,125110,125110,125110751700,1,,,,,,0,727,32000,128,726,11000,128
1100,20160112,11, 1,2,       1801 ,,125112,125112,125112315400,1,,,,,,0,727,32000,128,726,12000,128
1100,20160112,11, 1,2,       1801 ,,125114,125114,125114055300,1,,,,,,0,727,31000,128,726,12000,128
1100,20160112,11, 1,2,       1801 ,,125114,125114,125114301500,1,,,,,,0,727,29000,128,726,12000,128
1100,20160112,11, 1,2,       1801 ,,125114,125114,125114303000,1,,,,,,0,727,29000,128,726,14000,128
1100,20160112,11, 1,2,       1801 ,,125114,125114,125114322100,1,,,,,,0,727,24000,128,726,14000,128
1100,20160112,11, 1,2,       1801 ,,125114,125114,125114324100,1,,,,,,0,727,24000,128,726,17000,128
1100,20160112,11, 1,2,       1801 ,,125114,125114,125114325000,1,,,,,,0,727,24000,128,726,21000,128
1100,20160112,11, 1,2,       1801 ,,125114,125114,125114325800,1,,,,,,0,727,23000,128,726,21000,128
1100,20160112,11, 1,2,       1801 ,,125115,125115,125115660500,1,,,,,,0,727,25000,128,726,21000,128
1100,20160112,11, 1,2,       1801 ,,125115,125115,125115661600,1,,,,,,0,727,25000,128,726,19000,128
1100,20160112,11, 1,2,       1801 ,,125115,125115,125115672200,1,,,,,,0,727,26000,128,726,19000,128
1100,20160112,11, 1,2,       1801 ,,125115,125115,125115700100,1,,,,,,0,727,26000,128,726,18000,128
1100,20160112,11, 1,2,       1801 ,,125117,125117,125117737300,1,,,,,,0,727,26000,128,726,19000,128
1100,20160112,11, 1,2,       1801 ,,125130,125130,125130851900,1,,,,,,0,727,26000,128,726,20000,128
1100,20160112,11, 1,2,       1801 ,,125132,125132,125132493500,1,,,,,,0,727,26000,128,726,19000,128
1100,20160112,11, 1,2,       1801 ,,125133,125133,125133291200,1,,,,,,0,727,26000,128,726,20000,128
1100,20160112,11, 1,2,       1801 ,,125133,125133,125133295600,1,,,,,,0,727,25000,128,726,20000,128
1100,20160112,11, 1,2,       1801 ,,125134,125134,125134361200,1,,,,,,0,727,25000,128,726,21000,128
1100,20160112,11, 1,2,       1801 ,,125135,125135,125135668300,1,,,,,,0,727,26000,128,726,21000,128
1100,20160112,11, 1,2,       1801 ,,125135,125135,125135669800,1,,,,,,0,727,26000,128,726,20000,128
1100,20160112,11, 1,2,       1801 ,,125135,125135,125135673800,1,,,,,,0,727,31000,128,726,20000,128
1100,20160112,11, 1,2,       1801 ,,125141,125141,125141269800,1,,,,,,0,727,31000,128,726,16000,128
1100,20160112,11, 1,2,       1801 ,,125141,125141,125141272000,1,,,,,,0,727,31000,128,726,13000,128
1100,20160112,11, 1,2,       1801 ,125142,125142,125142,125142530700,1,726,16,0,9000,0,0,727,31000,128,726,4000,128
1100,20160112,11, 1,2,       1801 ,125142,125142,125142,125142533100,1,726,16,0,1000,0,0,727,31000,128,726,3000,128
1100,20160112,11, 1,2,       1801 ,125142,125142,125142,125142534100,1,726,16,0,2000,0,0,727,31000,128,726,1000,128
1100,20160112,11, 1,2,       1801 ,,125142,125142,125142536100,1,,,,,,0,727,32000,128,726,1000,128
1100,20160112,11, 1,2,       1801 ,125142,125142,125142,125142536700,1,726,16,0,1000,0,0,727,32000,128,725,62000,128
1100,20160112,11, 1,2,       1801 ,,125142,125142,125142538800,1,,,,,,0,727,32000,128,725,61000,128
1100,20160112,11, 1,2,       1801 ,,125142,125142,125142542200,1,,,,,,0,726,1000,128,725,61000,128
1100,20160112,11, 1,2,       1801 ,,125142,125142,125142544300,1,,,,,,0,726,1000,128,725,60000,128
1100,20160112,11, 1,2,       1801 ,,125142,125142,125142547300,1,,,,,,0,726,3000,128,725,60000,128
1100,20160112,11, 1,2,       1801 ,,125142,125142,125142548000,1,,,,,,0,726,4000,128,725,60000,128
1100,20160112,11, 1,2,       1801 ,,125142,125142,125142548600,1,,,,,,0,726,4000,128,725,56000,128
1100,20160112,11, 1,2,       1801 ,,125142,125142,125142550600,1,,,,,,0,726,3000,128,725,56000,128
1100,20160112,11, 1,2,       1801 ,,125142,125142,125142553500,1,,,,,,0,726,3000,128,725,54000,128
1100,20160112,11, 1,2,       1801 ,,125142,125142,125142554900,1,,,,,,0,726,3000,128,725,48000,128
1100,20160112,11, 1,2,       1801 ,125142,125142,125142,125142555700,1,726,48,0,3000,0,0,727,49000,128,725,48000,128
1100,20160112,11, 1,2,       1801 ,,125142,125142,125142556500,1,,,,,,0,727,49000,128,725,48000,128
1100,20160112,11, 1,2,       1801 ,,125142,125142,125142557400,1,,,,,,0,727,53000,128,725,48000,128
1100,20160112,11, 1,2,       1801 ,,125142,125142,125142558100,1,,,,,,0,727,57000,128,725,48000,128
1100,20160112,11, 1,2,       1801 ,,125142,125142,125142558900,1,,,,,,0,726,2000,128,725,48000,128
1100,20160112,11, 1,2,       1801 ,,125142,125142,125142559500,1,,,,,,0,726,3000,128,725,48000,128
1100,20160112,11, 1,2,       1801 ,,125142,125142,125142560600,1,,,,,,0,726,4000,128,725,48000,128
1100,20160112,11, 1,2,       1801 ,,125142,125142,125142562200,1,,,,,,0,726,6000,128,725,48000,128
1100,20160112,11, 1,2,       1801 ,125142,125142,125142,125142563000,1,726,48,0,1000,0,0,726,5000,128,725,48000,128
1100,20160112,11, 1,2,       1801 ,,125142,125142,125142564000,1,,,,,,0,726,5000,128,725,48000,128
1100,20160112,11, 1,2,       1801 ,,125142,125142,125142566500,1,,,,,,0,726,5000,128,725,44000,128
1100,20160112,11, 1,2,       1801 ,,125142,125142,125142584800,1,,,,,,0,726,3000,128,725,44000,128
1100,20160112,11, 1,2,       1801 ,,125142,125142,125142656900,1,,,,,,0,726,4000,128,725,44000,128
1100,20160112,11, 1,2,       1801 ,,125143,125143,125143502900,1,,,,,,0,726,4000,128,725,43000,128
1100,20160112,11, 1,2,       1801 ,,125144,125144,125144093300,1,,,,,,0,726,4000,128,725,42000,128
1100,20160112,11, 1,2,       1801 ,,125144,125144,125144557300,1,,,,,,0,726,6000,128,725,42000,128
1100,20160112,11, 1,2,       1801 ,,125147,125147,125147052200,1,,,,,,0,726,7000,128,725,42000,128
1100,20160112,11, 1,2,       1801 ,,125147,125147,125147661800,1,,,,,,0,726,5000,128,725,42000,128
1100,20160112,11, 1,2,       1801 ,,125148,125148,125148367500,1,,,,,,0,726,4000,128,725,42000,128
1100,20160112,11, 1,2,       1801 ,,125148,125148,125148528400,1,,,,,,0,726,4000,128,725,44000,128
1100,20160112,11, 1,2,       1801 ,125149,125149,125149,125149378700,1,726,48,0,1000,0,0,726,3000,128,725,44000,128
1100,20160112,11, 1,2,       1801 ,,125149,125149,125149379700,1,,,,,,0,726,3000,128,725,45000,128
1100,20160112,11, 1,2,       1801 ,,125149,125149,125149739900,1,,,,,,0,726,2000,128,725,45000,128
1100,20160112,11, 1,2,       1801 ,,125149,125149,125149741900,1,,,,,,0,726,3000,128,725,45000,128
1100,20160112,11, 1,2,       1801 ,,125149,125149,125149748400,1,,,,,,0,726,5000,128,725,45000,128
1100,20160112,11, 1,2,       1801 ,,125149,125149,125149755000,1,,,,,,0,726,5000,128,725,44000,128
1100,20160112,11, 1,2,       1801 ,,125150,125150,125150529900,1,,,,,,0,726,6000,128,725,44000,128
1100,20160112,11, 1,2,       1801 ,,125154,125154,125154010800,1,,,,,,0,726,6000,128,725,45000,128
1100,20160112,11, 1,2,       1801 ,,125154,125154,125154251400,1,,,,,,0,726,6000,128,725,44000,128
1100,20160112,11, 1,2,       1801 ,125154,125154,125154,125154486000,1,726,48,0,6000,0,0,727,60000,128,725,44000,128
1100,20160112,11, 1,2,       1801 ,,125154,125154,125154488900,1,,,,,,0,727,60000,128,726,1000,128
1100,20160112,11, 1,2,       1801 ,,125154,125154,125154495100,1,,,,,,0,727,58000,128,726,1000,128
1100,20160112,11, 1,2,       1801 ,125154,125154,125154,125154497200,1,726,16,0,1000,0,0,727,58000,128,725,53000,128
1100,20160112,11, 1,2,       1801 ,,125154,125154,125154499000,1,,,,,,0,727,58000,128,725,52000,128
1100,20160112,11, 1,2,       1801 ,,125154,125154,125154505600,1,,,,,,0,726,6000,128,725,52000,128
1100,20160112,11, 1,2,       1801 ,125154,125154,125154,125154507800,1,726,48,0,1000,0,0,726,5000,128,725,52000,128
1100,20160112,11, 1,2,       1801 ,,125154,125154,125154510400,1,,,,,,0,726,5000,128,725,51000,128
1100,20160112,11, 1,2,       1801 ,,125154,125154,125154511500,1,,,,,,0,726,5000,128,725,49000,128
1100,20160112,11, 1,2,       1801 ,,125154,125154,125154513200,1,,,,,,0,726,5000,128,725,43000,128
1100,20160112,11, 1,2,       1801 ,,125154,125154,125154514000,1,,,,,,0,726,5000,128,725,42000,128
1100,20160112,11, 1,2,       1801 ,,125154,125154,125154521900,1,,,,,,0,726,5000,128,725,41000,128
1100,20160112,11, 1,2,       1801 ,,125154,125154,125154590100,1,,,,,,0,726,7000,128,725,41000,128
1100,20160112,11, 1,2,       1801 ,,125154,125154,125154590900,1,,,,,,0,726,8000,128,725,41000,128
1100,20160112,11, 1,2,       1801 ,,125154,125154,125154592100,1,,,,,,0,726,10000,128,725,41000,128
1100,20160112,11, 1,2,       1801 ,,125154,125154,125154593600,1,,,,,,0,726,10000,128,725,37000,128
1100,20160112,11, 1,2,       1801 ,,125154,125154,125154609100,1,,,,,,0,726,10000,128,725,38000,128
1100,20160112,11, 1,2,       1801 ,,125155,125155,125155231800,1,,,,,,0,726,10000,128,725,39000,128
1100,20160112,11, 1,2,       1801 ,125155,125155,125155,125155243700,1,726,48,0,3000,0,0,726,7000,128,725,39000,128
1100,20160112,11, 1,2,       1801 ,,125155,125155,125155245900,1,,,,,,0,726,5000,128,725,39000,128
1100,20160112,11, 1,2,       1801 ,,125155,125155,125155271600,1,,,,,,0,726,5000,128,725,38000,128
1100,20160112,11, 1,2,       1801 ,,125155,125155,125155273600,1,,,,,,0,726,7000,128,725,38000,128
1100,20160112,11, 1,2,       1801 ,,125155,125155,125155292200,1,,,,,,0,726,7000,128,725,39000,128
1100,20160112,11, 1,2,       1801 ,,125155,125155,125155293900,1,,,,,,0,726,5000,128,725,39000,128
1100,20160112,11, 1,2,       1801 ,,125155,125155,125155491500,1,,,,,,0,726,5000,128,725,38000,128
1100,20160112,11, 1,2,       1801 ,,125155,125155,125155493300,1,,,,,,0,726,7000,128,725,38000,128
1100,20160112,11, 1,2,       1801 ,,125155,125155,125155893900,1,,,,,,0,726,7000,128,725,40000,128
1100,20160112,11, 1,2,       1801 ,,125155,125155,125155895700,1,,,,,,0,726,5000,128,725,40000,128
1100,20160112,11, 1,2,       1801 ,,125157,125157,125157484600,1,,,,,,0,726,5000,128,725,39000,128
1100,20160112,11, 1,2,       1801 ,125157,125157,125157,125157494300,1,726,48,0,1000,0,0,726,4000,128,725,39000,128
1100,20160112,11, 1,2,       1801 ,,125157,125157,125157495800,1,,,,,,0,726,2000,128,725,39000,128
1100,20160112,11, 1,2,       1801 ,,125157,125157,125157498200,1,,,,,,0,726,2000,128,725,40000,128
1100,20160112,11, 1,2,       1801 ,,125157,125157,125157522100,1,,,,,,0,726,2000,128,725,41000,128
1100,20160112,11, 1,2,       1801 ,125157,125157,125157,125157527100,1,726,48,0,1000,0,0,726,1000,128,725,41000,128
1100,20160112,11, 1,2,       1801 ,125157,125157,125157,125157528600,1,726,48,0,1000,0,0,727,53000,128,725,41000,128
1100,20160112,11, 1,2,       1801 ,,125157,125157,125157530800,1,,,,,,0,727,53000,128,726,6000,128
1100,20160112,11, 1,2,       1801 ,,125157,125157,125157532300,1,,,,,,0,727,51000,128,726,6000,128
1100,20160112,11, 1,2,       1801 ,,125157,125157,125157533100,1,,,,,,0,727,53000,128,726,6000,128
1100,20160112,11, 1,2,       1801 ,,125157,125157,125157533900,1,,,,,,0,727,52000,128,726,6000,128
1100,20160112,11, 1,2,       1801 ,,125157,125157,125157536800,1,,,,,,0,727,52000,128,726,7000,128
1100,20160112,11, 1,2,       1801 ,,125157,125157,125157538200,1,,,,,,0,727,52000,128,726,9000,128
1100,20160112,11, 1,2,       1801 ,,125157,125157,125157539500,1,,,,,,0,727,52000,128,726,13000,128
1100,20160112,11, 1,2,       1801 ,,125157,125157,125157540100,1,,,,,,0,727,51000,128,726,13000,128
1100,20160112,11, 1,2,       1801 ,,125157,125157,125157542300,1,,,,,,0,727,51000,128,726,16000,128
1100,20160112,11, 1,2,       1801 ,,125159,125159,125159572800,1,,,,,,0,727,51000,128,726,14000,128
1100,20160112,11, 1,2,       1801 ,,125159,125159,125159574300,1,,,,,,0,727,51000,128,726,13000,128
1100,20160112,11, 1,2,       1801 ,,125200,125200,125200024100,1,,,,,,0,727,52000,128,726,13000,128
1100,20160112,11, 1,2,       1801 ,125203,125203,125203,125203591000,1,726,16,0,5000,0,0,727,52000,128,726,8000,128
1100,20160112,11, 1,2,       1801 ,125203,125203,125203,125203592600,1,726,16,0,3000,0,0,727,52000,128,726,5000,128
1100,20160112,11, 1,2,       1801 ,125203,125203,125203,125203593700,1,726,16,0,5000,0,0,727,52000,128,725,49000,128
1100,20160112,11, 1,2,       1801 ,,125203,125203,125203595800,1,,,,,,0,726,2000,128,725,49000,128
1100,20160112,11, 1,2,       1801 ,,125203,125203,125203598200,1,,,,,,0,726,3000,128,725,49000,128
1100,20160112,11, 1,2,       1801 ,,125203,125203,125203601300,1,,,,,,0,726,4000,128,725,49000,128
1100,20160112,11, 1,2,       1801 ,,125203,125203,125203602000,1,,,,,,0,726,4000,128,725,48000,128
1100,20160112,11, 1,2,       1801 ,,125203,125203,125203606200,1,,,,,,0,726,4000,128,725,47000,128
1100,20160112,11, 1,2,       1801 ,,125203,125203,125203610200,1,,,,,,0,726,4000,128,725,43000,128
1100,20160112,11, 1,2,       1801 ,,125203,125203,125203721300,1,,,,,,0,726,5000,128,725,43000,128
1100,20160112,11, 1,2,       1801 ,,125203,125203,125203726500,1,,,,,,0,726,5000,128,725,39000,128
1100,20160112,11, 1,2,       1801 ,,125203,125203,125203783100,1,,,,,,0,726,5000,128,725,34000,128
1100,20160112,11, 1,2,       1801 ,,125203,125203,125203815600,1,,,,,,0,726,7000,128,725,34000,128
1100,20160112,11, 1,2,       1801 ,,125203,125203,125203823600,1,,,,,,0,726,8000,128,725,34000,128
1100,20160112,11, 1,2,       1801 ,,125205,125205,125205081600,1,,,,,,0,726,7000,128,725,34000,128
1100,20160112,11, 1,2,       1801 ,,125205,125205,125205128400,1,,,,,,0,726,6000,128,725,34000,128
1100,20160112,11, 1,2,       1801 ,,125205,125205,125205141400,1,,,,,,0,726,6000,128,725,33000,128
1100,20160112,11, 1,2,       1801 ,,125205,125205,125205167600,1,,,,,,0,726,7000,128,725,33000,128
1100,20160112,11, 1,2,       1801 ,125205,125205,125205,125205466900,1,726,48,0,2000,0,0,726,5000,128,725,33000,128
1100,20160112,11, 1,2,       1801 ,,125205,125205,125205578700,1,,,,,,0,726,7000,128,725,33000,128
1100,20160112,11, 1,2,       1801 ,,125206,125206,125206720100,1,,,,,,0,726,6000,128,725,33000,128
1100,20160112,11, 1,2,       1801 ,,125206,125206,125206898200,1,,,,,,0,726,6000,128,725,34000,128
1100,20160112,11, 1,2,       1801 ,,125206,125206,125206899700,1,,,,,,0,726,6000,128,725,39000,128
1100,20160112,11, 1,2,       1801 ,,125206,125206,125206901300,1,,,,,,0,726,4000,128,725,39000,128
1100,20160112,11, 1,2,       1801 ,,125206,125206,125206903400,1,,,,,,0,726,6000,128,725,39000,128
1100,20160112,11, 1,2,       1801 ,,125208,125208,125208547400,1,,,,,,0,726,6000,128,725,40000,128
1100,20160112,11, 1,2,       1801 ,,125208,125208,125208549400,1,,,,,,0,726,4000,128,725,40000,128
1100,20160112,11, 1,2,       1801 ,125212,125212,125212,125212560400,1,726,48,0,1000,0,0,726,3000,128,725,40000,128
1100,20160112,11, 1,2,       1801 ,,125212,125212,125212804300,1,,,,,,0,726,3000,128,725,41000,128
1100,20160112,11, 1,2,       1801 ,,125215,125215,125215290300,1,,,,,,0,726,4000,128,725,41000,128
1100,20160112,11, 1,2,       1801 ,,125215,125215,125215318600,1,,,,,,0,726,4000,128,725,40000,128
1100,20160112,11, 1,2,       1801 ,,125217,125217,125217436300,1,,,,,,0,726,4000,128,725,41000,128
1100,20160112,11, 1,2,       1801 ,,125222,125222,125222240900,1,,,,,,0,726,3000,128,725,41000,128
1100,20160112,11, 1,2,       1801 ,,125222,125222,125222710500,1,,,,,,0,726,3000,128,725,45000,128
1100,20160112,11, 1,2,       1801 ,125222,125222,125222,125222711900,1,726,48,0,2000,0,0,726,1000,128,725,45000,128
1100,20160112,11, 1,2,       1801 ,125222,125222,125222,125222713100,1,726,48,0,1000,0,0,727,61000,128,725,45000,128
1100,20160112,11, 1,2,       1801 ,,125222,125222,125222715100,1,,,,,,0,727,61000,128,725,51000,128
1100,20160112,11, 1,2,       1801 ,,125222,125222,125222717900,1,,,,,,0,727,61000,128,725,52000,128
1100,20160112,11, 1,2,       1801 ,,125222,125222,125222721500,1,,,,,,0,727,60000,128,725,52000,128
1100,20160112,11, 1,2,       1801 ,,125222,125222,125222722300,1,,,,,,0,727,58000,128,725,52000,128
1100,20160112,11, 1,2,       1801 ,,125222,125222,125222725100,1,,,,,,0,727,58000,128,726,1000,128
1100,20160112,11, 1,2,       1801 ,,125222,125222,125222725700,1,,,,,,0,727,56000,128,726,1000,128
1100,20160112,11, 1,2,       1801 ,,125222,125222,125222727100,1,,,,,,0,727,58000,128,726,1000,128
1100,20160112,11, 1,2,       1801 ,,125222,125222,125222728500,1,,,,,,0,727,58000,128,726,3000,128
1100,20160112,11, 1,2,       1801 ,,125222,125222,125222730600,1,,,,,,0,727,57000,128,726,3000,128
1100,20160112,11, 1,2,       1801 ,,125222,125222,125222731400,1,,,,,,0,727,57000,128,726,4000,128
1100,20160112,11, 1,2,       1801 ,,125222,125222,125222735300,1,,,,,,0,727,53000,128,726,4000,128
1100,20160112,11, 1,2,       1801 ,,125222,125222,125222740800,1,,,,,,0,727,53000,128,726,5000,128
1100,20160112,11, 1,2,       1801 ,,125222,125222,125222757200,1,,,,,,0,727,53000,128,726,6000,128
1100,20160112,11, 1,2,       1801 ,,125222,125222,125222902500,1,,,,,,0,727,53000,128,726,7000,128
1100,20160112,11, 1,2,       1801 ,,125222,125222,125222903700,1,,,,,,0,727,48000,128,726,7000,128
1100,20160112,11, 1,2,       1801 ,,125222,125222,125222904500,1,,,,,,0,727,48000,128,726,10000,128
1100,20160112,11, 1,2,       1801 ,,125222,125222,125222905800,1,,,,,,0,727,43000,128,726,10000,128
1100,20160112,11, 1,2,       1801 ,,125222,125222,125222907800,1,,,,,,0,727,38000,128,726,10000,128
1100,20160112,11, 1,2,       1801 ,,125226,125226,125226261100,1,,,,,,0,727,39000,128,726,10000,128
1100,20160112,11, 1,2,       1801 ,,125233,125233,125233060700,1,,,,,,0,727,38000,128,726,10000,128
1100,20160112,11, 1,2,       1801 ,,125233,125233,125233089600,1,,,,,,0,727,36000,128,726,10000,128
1100,20160112,11, 1,2,       1801 ,,125233,125233,125233092100,1,,,,,,0,727,32000,128,726,10000,128
1100,20160112,11, 1,2,       1801 ,,125233,125233,125233140000,1,,,,,,0,727,32000,128,726,12000,128
1100,20160112,11, 1,2,       1801 ,,125233,125233,125233143200,1,,,,,,0,727,32000,128,726,14000,128
1100,20160112,11, 1,2,       1801 ,,125233,125233,125233228700,1,,,,,,0,727,32000,128,726,12000,128
1100,20160112,11, 1,2,       1801 ,,125235,125235,125235209900,1,,,,,,0,727,32000,128,726,14000,128
1100,20160112,11, 1,2,       1801 ,,125236,125236,125236373900,1,,,,,,0,727,32000,128,726,15000,128
1100,20160112,11, 1,2,       1801 ,,125236,125236,125236376300,1,,,,,,0,727,32000,128,726,17000,128
1100,20160112,11, 1,2,       1801 ,,125237,125237,125237301900,1,,,,,,0,727,32000,128,726,16000,128
1100,20160112,11, 1,2,       1801 ,,125237,125237,125237789600,1,,,,,,0,727,32000,128,726,14000,128
1100,20160112,11, 1,2,       1801 ,,125237,125237,125237792100,1,,,,,,0,727,33000,128,726,14000,128
1100,20160112,11, 1,2,       1801 ,,125238,125238,125238751000,1,,,,,,0,727,32000,128,726,14000,128
1100,20160112,11, 1,2,       1801 ,,125238,125238,125238969300,1,,,,,,0,727,33000,128,726,14000,128
1100,20160112,11, 1,2,       1801 ,,125248,125248,125248908600,1,,,,,,0,727,34000,128,726,14000,128
1100,20160112,11, 1,2,       1801 ,,125251,125251,125251117700,1,,,,,,0,727,36000,128,726,14000,128
1100,20160112,11, 1,2,       1801 ,,125251,125251,125251119300,1,,,,,,0,727,41000,128,726,14000,128
1100,20160112,11, 1,2,       1801 ,,125251,125251,125251120500,1,,,,,,0,727,41000,128,726,12000,128
1100,20160112,11, 1,2,       1801 ,,125251,125251,125251121800,1,,,,,,0,727,41000,128,726,9000,128
1100,20160112,11, 1,2,       1801 ,,125251,125251,125251122500,1,,,,,,0,727,46000,128,726,9000,128
1100,20160112,11, 1,2,       1801 ,,125251,125251,125251123100,1,,,,,,0,727,46000,128,726,7000,128
1100,20160112,11, 1,2,       1801 ,,125251,125251,125251123900,1,,,,,,0,727,46000,128,726,6000,128
1100,20160112,11, 1,2,       1801 ,,125251,125251,125251124600,1,,,,,,0,727,47000,128,726,6000,128
1100,20160112,11, 1,2,       1801 ,,125251,125251,125251537700,1,,,,,,0,727,51000,128,726,6000,128
1100,20160112,11, 1,2,       1801 ,125251,125251,125251,125251539000,1,726,16,0,1000,0,0,727,51000,128,726,5000,128
1100,20160112,11, 1,2,       1801 ,,125251,125251,125251540000,1,,,,,,0,727,51000,128,726,5000,128
1100,20160112,11, 1,2,       1801 ,125251,125251,125251,125251540800,1,726,16,0,5000,0,0,727,51000,128,725,60000,128
1100,20160112,11, 1,2,       1801 ,,125251,125251,125251543000,1,,,,,,0,727,51000,128,725,60000,128
1100,20160112,11, 1,2,       1801 ,,125251,125251,125251544400,1,,,,,,0,726,1000,128,725,60000,128
1100,20160112,11, 1,2,       1801 ,,125251,125251,125251547300,1,,,,,,0,726,3000,128,725,60000,128
1100,20160112,11, 1,2,       1801 ,,125251,125251,125251550100,1,,,,,,0,726,3000,128,725,54000,128
1100,20160112,11, 1,2,       1801 ,,125251,125251,125251551400,1,,,,,,0,726,4000,128,725,54000,128
1100,20160112,11, 1,2,       1801 ,,125251,125251,125251552200,1,,,,,,0,726,4000,128,725,53000,128
1100,20160112,11, 1,2,       1801 ,,125251,125251,125251553100,1,,,,,,0,726,4000,128,725,49000,128
1100,20160112,11, 1,2,       1801 ,,125251,125251,125251554800,1,,,,,,0,726,4000,128,725,44000,128
1100,20160112,11, 1,2,       1801 ,,125251,125251,125251555600,1,,,,,,0,726,4000,128,725,43000,128
1100,20160112,11, 1,2,       1801 ,,125251,125251,125251559900,1,,,,,,0,726,4000,128,725,39000,128
1100,20160112,11, 1,2,       1801 ,,125252,125252,125252087500,1,,,,,,0,726,4000,128,725,35000,128
1100,20160112,11, 1,2,       1801 ,,125253,125253,125253042700,1,,,,,,0,726,6000,128,725,35000,128
1100,20160112,11, 1,2,       1801 ,,125253,125253,125253093000,1,,,,,,0,726,6000,128,725,34000,128
1100,20160112,11, 1,2,       1801 ,,125256,125256,125256590700,1,,,,,,0,726,7000,128,725,34000,128
1100,20160112,11, 1,2,       1801 ,,125259,125259,125259081400,1,,,,,,0,726,6000,128,725,34000,128
1100,20160112,11, 1,2,       1801 ,,125259,125259,125259724500,1,,,,,,0,726,7000,128,725,34000,128
1100,20160112,11, 1,2,       1801 ,,125304,125304,125304997300,1,,,,,,0,726,7000,128,725,35000,128
1100,20160112,11, 1,2,       1801 ,,125305,125305,125305141500,1,,,,,,0,726,8000,128,725,35000,128
1100,20160112,11, 1,2,       1801 ,,125305,125305,125305147000,1,,,,,,0,726,11000,128,725,35000,128
1100,20160112,11, 1,2,       1801 ,,125305,125305,125305150600,1,,,,,,0,726,11000,128,725,33000,128
1100,20160112,11, 1,2,       1801 ,,125305,125305,125305158400,1,,,,,,0,726,13000,128,725,33000,128
1100,20160112,11, 1,2,       1801 ,,125305,125305,125305159900,1,,,,,,0,726,18000,128,725,33000,128
1100,20160112,11, 1,2,       1801 ,,125305,125305,125305163500,1,,,,,,0,726,18000,128,725,32000,128
1100,20160112,11, 1,2,       1801 ,,125305,125305,125305164700,1,,,,,,0,726,18000,128,725,31000,128
1100,20160112,11, 1,2,       1801 ,,125305,125305,125305165800,1,,,,,,0,726,18000,128,725,29000,128
1100,20160112,11, 1,2,       1801 ,,125305,125305,125305168000,1,,,,,,0,726,18000,128,725,28000,128
1100,20160112,11, 1,2,       1801 ,,125305,125305,125305169300,1,,,,,,0,726,18000,128,725,23000,128
1100,20160112,11, 1,2,       1801 ,,125305,125305,125305181800,1,,,,,,0,726,18000,128,725,15000,128
1100,20160112,11, 1,2,       1801 ,,125305,125305,125305183400,1,,,,,,0,726,18000,128,725,13000,128
1100,20160112,11, 1,2,       1801 ,,125305,125305,125305184300,1,,,,,,0,726,18000,128,725,11000,128
1100,20160112,11, 1,2,       1801 ,,125305,125305,125305185700,1,,,,,,0,726,22000,128,725,11000,128
1100,20160112,11, 1,2,       1801 ,,125305,125305,125305187100,1,,,,,,0,726,23000,128,725,11000,128
1100,20160112,11, 1,2,       1801 ,125305,125305,125305,125305188000,1,725,16,0,1000,0,0,726,23000,128,725,10000,128
1100,20160112,11, 1,2,       1801 ,,125305,125305,125305189400,1,,,,,,0,726,23000,128,725,10000,128
1100,20160112,11, 1,2,       1801 ,125305,125305,125305,125305191400,1,725,16,0,10000,0,0,726,23000,128,724,78000,128
1100,20160112,11, 1,2,       1801 ,,125305,125305,125305196300,1,,,,,,0,726,23000,128,724,78000,128
1100,20160112,11, 1,2,       1801 ,,125305,125305,125305198500,1,,,,,,0,726,23000,128,724,77000,128
1100,20160112,11, 1,2,       1801 ,,125305,125305,125305199400,1,,,,,,0,725,1000,128,724,77000,128
1100,20160112,11, 1,2,       1801 ,,125305,125305,125305201400,1,,,,,,0,725,1000,128,724,76000,128
1100,20160112,11, 1,2,       1801 ,,125305,125305,125305204100,1,,,,,,0,725,3000,128,724,76000,128
1100,20160112,11, 1,2,       1801 ,125305,125305,125305,125305205800,1,725,48,0,3000,0,0,726,24000,128,724,76000,128
1100,20160112,11, 1,2,       1801 ,,125305,125305,125305206700,1,,,,,,0,726,28000,128,724,76000,128
1100,20160112,11, 1,2,       1801 ,,125305,125305,125305207500,1,,,,,,0,726,28000,128,724,75000,128
1100,20160112,11, 1,2,       1801 ,,125305,125305,125305208300,1,,,,,,0,726,28000,128,724,76000,128
1100,20160112,11, 1,2,       1801 ,,125305,125305,125305209000,1,,,,,,0,726,27000,128,724,76000,128
1100,20160112,11, 1,2,       1801 ,,125305,125305,125305209800,1,,,,,,0,726,27000,128,724,75000,128
1100,20160112,11, 1,2,       1801 ,,125305,125305,125305210600,1,,,,,,0,726,25000,128,724,75000,128
1100,20160112,11, 1,2,       1801 ,,125305,125305,125305211500,1,,,,,,0,726,26000,128,724,75000,128
1100,20160112,11, 1,2,       1801 ,,125305,125305,125305214700,1,,,,,,0,726,26000,128,724,76000,128
1100,20160112,11, 1,2,       1801 ,,125305,125305,125305215500,1,,,,,,0,726,26000,128,724,71000,128
1100,20160112,11, 1,2,       1801 ,,125305,125305,125305216400,1,,,,,,0,726,31000,128,724,71000,128
1100,20160112,11, 1,2,       1801 ,,125305,125305,125305217200,1,,,,,,0,726,39000,128,724,71000,128
1100,20160112,11, 1,2,       1801 ,,125305,125305,125305222300,1,,,,,,0,726,39000,128,724,75000,128
1100,20160112,11, 1,2,       1801 ,,125305,125305,125305450700,1,,,,,,0,726,44000,128,724,75000,128
1100,20160112,11, 1,2,       1801 ,,125305,125305,125305461500,1,,,,,,0,726,43000,128,724,75000,128
1100,20160112,11, 1,2,       1801 ,,125306,125306,125306272900,1,,,,,,0,726,43000,128,724,73000,128
1100,20160112,11, 1,2,       1801 ,,125306,125306,125306389800,1,,,,,,0,726,43000,128,724,72000,128
1100,20160112,11, 1,2,       1801 ,,125306,125306,125306490700,1,,,,,,0,726,43000,128,724,71000,128
1100,20160112,11, 1,2,       1801 ,,125306,125306,125306598100,1,,,,,,0,726,43000,128,724,70000,128
1100,20160112,11, 1,2,       1801 ,,125307,125307,125307223900,1,,,,,,0,726,44000,128,724,70000,128
1100,20160112,11, 1,2,       1801 ,,125307,125307,125307252800,1,,,,,,0,726,43000,128,724,70000,128
1100,20160112,11, 1,2,       1801 ,,125311,125311,125311275400,1,,,,,,0,726,44000,128,724,70000,128
1100,20160112,11, 1,2,       1801 ,,125311,125311,125311276600,1,,,,,,0,726,45000,128,724,70000,128
1100,20160112,11, 1,2,       1801 ,,125311,125311,125311277200,1,,,,,,0,726,45000,128,724,76000,128
1100,20160112,11, 1,2,       1801 ,,125318,125318,125318948900,1,,,,,,0,726,45000,128,724,78000,128
1100,20160112,11, 1,2,       1801 ,,125319,125319,125319130300,1,,,,,,0,726,45000,128,724,76000,128
1100,20160112,11, 1,2,       1801 ,,125319,125319,125319131900,1,,,,,,0,726,41000,128,724,76000,128
1100,20160112,11, 1,2,       1801 ,,125324,125324,125324420000,1,,,,,,0,726,41000,128,725,10000,128
1100,20160112,11, 1,2,       1801 ,,125324,125324,125324423100,1,,,,,,0,726,41000,128,725,12000,128
1100,20160112,11, 1,2,       1801 ,,125324,125324,125324423800,1,,,,,,0,726,41000,128,725,13000,128
1100,20160112,11, 1,2,       1801 ,,125324,125324,125324424500,1,,,,,,0,726,36000,128,725,13000,128
1100,20160112,11, 1,2,       1801 ,,125324,125324,125324425300,1,,,,,,0,726,31000,128,725,13000,128
1100,20160112,11, 1,2,       1801 ,,125324,125324,125324426000,1,,,,,,0,726,31000,128,725,19000,128
1100,20160112,11, 1,2,       1801 ,,125324,125324,125324426700,1,,,,,,0,726,27000,128,725,19000,128
1100,20160112,11, 1,2,       1801 ,,125324,125324,125324427500,1,,,,,,0,726,27000,128,725,21000,128
1100,20160112,11, 1,2,       1801 ,,125324,125324,125324428100,1,,,,,,0,726,26000,128,725,21000,128
1100,20160112,11, 1,2,       1801 ,,125324,125324,125324428800,1,,,,,,0,726,21000,128,725,21000,128
1100,20160112,11, 1,2,       1801 ,,125324,125324,125324429500,1,,,,,,0,726,21000,128,725,24000,128
1100,20160112,11, 1,2,       1801 ,,125324,125324,125324430200,1,,,,,,0,726,21000,128,725,30000,128
1100,20160112,11, 1,2,       1801 ,,125324,125324,125324431000,1,,,,,,0,726,20000,128,725,30000,128
1100,20160112,11, 1,2,       1801 ,,125324,125324,125324432500,1,,,,,,0,726,19000,128,725,30000,128
1100,20160112,11, 1,2,       1801 ,,125324,125324,125324474500,1,,,,,,0,726,19000,128,725,31000,128
1100,20160112,11, 1,2,       1801 ,,125324,125324,125324478500,1,,,,,,0,726,11000,128,725,31000,128
1100,20160112,11, 1,2,       1801 ,,125324,125324,125324479700,1,,,,,,0,726,8000,128,725,31000,128
1100,20160112,11, 1,2,       1801 ,,125324,125324,125324480500,1,,,,,,0,726,6000,128,725,31000,128
1100,20160112,11, 1,2,       1801 ,,125325,125325,125325759100,1,,,,,,0,726,10000,128,725,31000,128
1100,20160112,11, 1,2,       1801 ,,125333,125333,125333460400,1,,,,,,0,726,10000,128,725,25000,128
1100,20160112,11, 1,2,       1801 ,,125333,125333,125333520400,1,,,,,,0,726,11000,128,725,25000,128
1100,20160112,11, 1,2,       1801 ,,125333,125333,125333522500,1,,,,,,0,726,14000,128,725,25000,128
1100,20160112,11, 1,2,       1801 ,,125333,125333,125333523300,1,,,,,,0,726,16000,128,725,25000,128
1100,20160112,11, 1,2,       1801 ,,125335,125335,125335648200,1,,,,,,0,726,24000,128,725,25000,128
1100,20160112,11, 1,2,       1801 ,,125335,125335,125335650200,1,,,,,,0,726,25000,128,725,25000,128
1100,20160112,11, 1,2,       1801 ,,125342,125342,125342978500,1,,,,,,0,726,25000,128,725,22000,128
1100,20160112,11, 1,2,       1801 ,,125342,125342,125342981500,1,,,,,,0,726,33000,128,725,22000,128
1100,20160112,11, 1,2,       1801 ,,125342,125342,125342982900,1,,,,,,0,726,33000,128,725,16000,128
1100,20160112,11, 1,2,       1801 ,,125342,125342,125342983700,1,,,,,,0,726,33000,128,725,14000,128
1100,20160112,11, 1,2,       1801 ,,125342,125342,125342990000,1,,,,,,0,726,33000,128,725,12000,128
1100,20160112,11, 1,2,       1801 ,,125342,125342,125342994300,1,,,,,,0,726,33000,128,725,11000,128
1100,20160112,11, 1,2,       1801 ,,125344,125344,125344960000,1,,,,,,0,726,33000,128,725,13000,128
1100,20160112,11, 1,2,       1801 ,125346,125346,125346,125346224800,1,725,16,0,1000,0,0,726,33000,128,725,12000,128
1100,20160112,11, 1,2,       1801 ,,125346,125346,125346233100,1,,,,,,0,726,33000,128,725,12000,128
1100,20160112,11, 1,2,       1801 ,,125346,125346,125346552100,1,,,,,,0,726,43000,128,725,12000,128
1100,20160112,11, 1,2,       1801 ,,125346,125346,125346860000,1,,,,,,0,726,43000,128,725,10000,128
1100,20160112,11, 1,2,       1801 ,,125348,125348,125348970000,1,,,,,,0,726,43000,128,725,12000,128
1100,20160112,11, 1,2,       1801 ,,125348,125348,125348978300,1,,,,,,0,726,43000,128,725,11000,128
1100,20160112,11, 1,2,       1801 ,,125358,125358,125358559000,1,,,,,,0,726,43000,128,725,12000,128
1100,20160112,11, 1,2,       1801 ,,125358,125358,125358561400,1,,,,,,0,726,43000,128,725,18000,128
1100,20160112,11, 1,2,       1801 ,,125359,125359,125359051600,1,,,,,,0,726,43000,128,725,17000,128
1100,20160112,11, 1,2,       1801 ,,125402,125402,125402324500,1,,,,,,0,726,44000,128,725,17000,128
1100,20160112,11, 1,2,       1801 ,,125403,125403,125403167300,1,,,,,,0,726,44000,128,725,18000,128
1100,20160112,11, 1,2,       1801 ,,125404,125404,125404439000,1,,,,,,0,726,44000,128,725,19000,128
1100,20160112,11, 1,2,       1801 ,,125405,125405,125405772400,1,,,,,,0,726,45000,128,725,19000,128
1100,20160112,11, 1,2,       1801 ,,125408,125408,125408648600,1,,,,,,0,726,45000,128,725,20000,128
1100,20160112,11, 1,2,       1801 ,125412,125412,125412,125412401300,1,725,16,0,5000,0,0,726,45000,128,725,15000,128
1100,20160112,11, 1,2,       1801 ,125414,125414,125414,125414229600,1,725,16,0,1000,0,0,726,45000,128,725,14000,128
1100,20160112,11, 1,2,       1801 ,,125415,125415,125415416800,1,,,,,,0,726,50000,128,725,14000,128
1100,20160112,11, 1,2,       1801 ,,125415,125415,125415418100,1,,,,,,0,726,50000,128,725,8000,128
1100,20160112,11, 1,2,       1801 ,,125415,125415,125415537300,1,,,,,,0,726,54000,128,725,8000,128
1100,20160112,11, 1,2,       1801 ,,125421,125421,125421618200,1,,,,,,0,726,54000,128,725,6000,128
1100,20160112,11, 1,2,       1801 ,125421,125421,125421,125421621300,1,725,16,0,6000,0,0,726,54000,128,724,77000,128
1100,20160112,11, 1,2,       1801 ,,125421,125421,125421622900,1,,,,,,0,726,54000,128,724,77000,128
1100,20160112,11, 1,2,       1801 ,,125421,125421,125421624300,1,,,,,,0,725,1000,128,724,77000,128
1100,20160112,11, 1,2,       1801 ,,125421,125421,125421625100,1,,,,,,0,725,2000,128,724,77000,128
1100,20160112,11, 1,2,       1801 ,,125421,125421,125421626500,1,,,,,,0,725,2000,128,724,76000,128
1100,20160112,11, 1,2,       1801 ,125421,125421,125421,125421630000,1,725,48,0,2000,0,0,726,55000,128,724,76000,128
1100,20160112,11, 1,2,       1801 ,,125421,125421,125421631300,1,,,,,,0,726,59000,128,724,76000,128
1100,20160112,11, 1,2,       1801 ,,125421,125421,125421632100,1,,,,,,0,726,59000,128,724,70000,128
1100,20160112,11, 1,2,       1801 ,,125421,125421,125421633000,1,,,,,,0,726,59000,128,724,69000,128
1100,20160112,11, 1,2,       1801 ,,125421,125421,125421633900,1,,,,,,0,726,63000,128,724,69000,128
1100,20160112,11, 1,2,       1801 ,,125421,125421,125421634700,1,,,,,,0,726,63000,128,724,67000,128
1100,20160112,11, 1,2,       1801 ,,125421,125421,125421635500,1,,,,,,0,726,63000,128,724,66000,128
1100,20160112,11, 1,2,       1801 ,,125421,125421,125421638600,1,,,,,,0,726,63000,128,724,67000,128
1100,20160112,11, 1,2,       1801 ,,125421,125421,125421643100,1,,,,,,0,726,63000,128,725,2000,128
1100,20160112,11, 1,2,       1801 ,,125421,125421,125421644500,1,,,,,,0,726,68000,128,725,2000,128
1100,20160112,11, 1,2,       1801 ,,125421,125421,125421659800,1,,,,,,0,726,68000,128,725,4000,128
1100,20160112,11, 1,2,       1801 ,,125421,125421,125421661300,1,,,,,,0,726,64000,128,725,4000,128
1100,20160112,11, 1,2,       1801 ,,125421,125421,125421691400,1,,,,,,0,726,69000,128,725,4000,128
1100,20160112,11, 1,2,       1801 ,,125421,125421,125421697500,1,,,,,,0,726,70000,128,725,4000,128
1100,20160112,11, 1,2,       1801 ,,125421,125421,125421747600,1,,,,,,0,726,69000,128,725,4000,128
1100,20160112,11, 1,2,       1801 ,,125421,125421,125421749800,1,,,,,,0,726,64000,128,725,4000,128
1100,20160112,11, 1,2,       1801 ,125421,125421,125421,125421776100,1,725,16,0,1000,0,0,726,63000,128,725,3000,128
1100,20160112,11, 1,2,       1801 ,125421,125421,125421,125421777600,1,725,16,0,3000,0,0,726,63000,128,724,57000,128
1100,20160112,11, 1,2,       1801 ,,125421,125421,125421782200,1,,,,,,0,725,1000,128,724,57000,128
1100,20160112,11, 1,2,       1801 ,,125421,125421,125421782900,1,,,,,,0,725,1000,128,724,55000,128
1100,20160112,11, 1,2,       1801 ,,125421,125421,125421784500,1,,,,,,0,725,3000,128,724,55000,128
1100,20160112,11, 1,2,       1801 ,,125421,125421,125421785900,1,,,,,,0,725,3000,128,724,57000,128
1100,20160112,11, 1,2,       1801 ,,125421,125421,125421788000,1,,,,,,0,725,3000,128,724,56000,128
1100,20160112,11, 1,2,       1801 ,,125422,125422,125422433000,1,,,,,,0,725,3000,128,724,55000,128
1100,20160112,11, 1,2,       1801 ,,125422,125422,125422986100,1,,,,,,0,725,3000,128,724,56000,128
1100,20160112,11, 1,2,       1801 ,,125423,125423,125423633400,1,,,,,,0,725,3000,128,724,57000,128
1100,20160112,11, 1,2,       1801 ,,125423,125423,125423675400,1,,,,,,0,725,3000,128,724,56000,128
1100,20160112,11, 1,2,       1801 ,,125423,125423,125423769400,1,,,,,,0,725,3000,128,724,55000,128
1100,20160112,11, 1,2,       1801 ,,125423,125423,125423848400,1,,,,,,0,725,3000,128,724,54000,128
1100,20160112,11, 1,2,       1801 ,,125424,125424,125424082000,1,,,,,,0,725,3000,128,724,50000,128
1100,20160112,11, 1,2,       1801 ,,125425,125425,125425474500,1,,,,,,0,725,4000,128,724,50000,128
1100,20160112,11, 1,2,       1801 ,,125425,125425,125425892800,1,,,,,,0,725,5000,128,724,50000,128
1100,20160112,11, 1,2,       1801 ,,125427,125427,125427610300,1,,,,,,0,725,5000,128,724,48000,128
1100,20160112,11, 1,2,       1801 ,,125427,125427,125427612400,1,,,,,,0,725,5000,128,724,44000,128
1100,20160112,11, 1,2,       1801 ,,125427,125427,125427614800,1,,,,,,0,725,6000,128,724,44000,128
1100,20160112,11, 1,2,       1801 ,,125429,125429,125429771700,1,,,,,,0,725,6000,128,724,45000,128
1100,20160112,11, 1,2,       1801 ,,125432,125432,125432180900,1,,,,,,0,725,6000,128,724,47000,128
1100,20160112,11, 1,2,       1801 ,,125432,125432,125432191500,1,,,,,,0,725,4000,128,724,47000,128
1100,20160112,11, 1,2,       1801 ,,125432,125432,125432194100,1,,,,,,0,725,3000,128,724,47000,128
1100,20160112,11, 1,2,       1801 ,,125432,125432,125432198600,1,,,,,,0,725,3000,128,724,53000,128
1100,20160112,11, 1,2,       1801 ,125432,125432,125432,125432200900,1,725,48,0,1000,0,0,725,2000,128,724,53000,128
1100,20160112,11, 1,2,       1801 ,125432,125432,125432,125432202700,1,725,48,0,2000,0,0,726,69000,128,724,53000,128
1100,20160112,11, 1,2,       1801 ,,125432,125432,125432203900,1,,,,,,0,726,69000,128,725,2000,128
1100,20160112,11, 1,2,       1801 ,,125432,125432,125432205200,1,,,,,,0,726,69000,128,725,3000,128
1100,20160112,11, 1,2,       1801 ,,125432,125432,125432209100,1,,,,,,0,726,67000,128,725,3000,128
1100,20160112,11, 1,2,       1801 ,,125432,125432,125432212300,1,,,,,,0,726,66000,128,725,3000,128
1100,20160112,11, 1,2,       1801 ,,125432,125432,125432213200,1,,,,,,0,726,67000,128,725,3000,128
1100,20160112,11, 1,2,       1801 ,,125432,125432,125432215500,1,,,,,,0,726,67000,128,725,4000,128
1100,20160112,11, 1,2,       1801 ,,125432,125432,125432260200,1,,,,,,0,726,63000,128,725,4000,128
1100,20160112,11, 1,2,       1801 ,,125432,125432,125432261700,1,,,,,,0,726,63000,128,725,7000,128
1100,20160112,11, 1,2,       1801 ,,125432,125432,125432262400,1,,,,,,0,726,59000,128,725,7000,128
1100,20160112,11, 1,2,       1801 ,,125432,125432,125432270300,1,,,,,,0,726,58000,128,725,7000,128
1100,20160112,11, 1,2,       1801 ,,125432,125432,125432280000,1,,,,,,0,726,53000,128,725,7000,128
1100,20160112,11, 1,2,       1801 ,,125432,125432,125432432200,1,,,,,,0,726,52000,128,725,7000,128
1100,20160112,11, 1,2,       1801 ,,125436,125436,125436819600,1,,,,,,0,726,44000,128,725,7000,128
1100,20160112,11, 1,2,       1801 ,,125436,125436,125436822500,1,,,,,,0,726,40000,128,725,7000,128
1100,20160112,11, 1,2,       1801 ,,125436,125436,125436825100,1,,,,,,0,726,40000,128,725,9000,128
1100,20160112,11, 1,2,       1801 ,,125436,125436,125436833100,1,,,,,,0,726,40000,128,725,11000,128
1100,20160112,11, 1,2,       1801 ,,125436,125436,125436914200,1,,,,,,0,726,38000,128,725,11000,128
1100,20160112,11, 1,2,       1801 ,,125439,125439,125439712600,1,,,,,,0,726,37000,128,725,11000,128
1100,20160112,11, 1,2,       1801 ,,125439,125439,125439714100,1,,,,,,0,726,37000,128,725,17000,128
1100,20160112,11, 1,2,       1801 ,,125439,125439,125439715200,1,,,,,,0,726,36000,128,725,17000,128
1100,20160112,11, 1,2,       1801 ,,125440,125440,125440764000,1,,,,,,0,726,36000,128,725,18000,128
1100,20160112,11, 1,2,       1801 ,,125441,125441,125441604700,1,,,,,,0,726,28000,128,725,18000,128
1100,20160112,11, 1,2,       1801 ,,125441,125441,125441606200,1,,,,,,0,726,28000,128,725,24000,128
1100,20160112,11, 1,2,       1801 ,,125441,125441,125441607400,1,,,,,,0,726,25000,128,725,24000,128
1100,20160112,11, 1,2,       1801 ,,125456,125456,125456040500,1,,,,,,0,726,24000,128,725,24000,128
1100,20160112,11, 1,2,       1801 ,,125456,125456,125456041900,1,,,,,,0,726,24000,128,725,25000,128
1100,20160112,11, 1,2,       1801 ,,125458,125458,125458525200,1,,,,,,0,726,26000,128,725,25000,128
1100,20160112,11, 1,2,       1801 ,,125458,125458,125458526000,1,,,,,,0,726,26000,128,725,23000,128
1100,20160112,11, 1,2,       1801 ,125458,125458,125458,125458534500,1,725,16,0,2000,0,0,726,26000,128,725,21000,128
1100,20160112,11, 1,2,       1801 ,,125458,125458,125458536900,1,,,,,,0,726,27000,128,725,21000,128
1100,20160112,11, 1,2,       1801 ,,125458,125458,125458538000,1,,,,,,0,726,28000,128,725,21000,128
1100,20160112,11, 1,2,       1801 ,,125458,125458,125458539600,1,,,,,,0,726,31000,128,725,21000,128
1100,20160112,11, 1,2,       1801 ,,125458,125458,125458541500,1,,,,,,0,726,31000,128,725,15000,128
1100,20160112,11, 1,2,       1801 ,,125458,125458,125458542200,1,,,,,,0,726,31000,128,725,14000,128
1100,20160112,11, 1,2,       1801 ,,125458,125458,125458664200,1,,,,,,0,726,31000,128,725,16000,128
1100,20160112,11, 1,2,       1801 ,,125500,125500,125500259700,1,,,,,,0,726,29000,128,725,16000,128
1100,20160112,11, 1,2,       1801 ,,125500,125500,125500626000,1,,,,,,0,726,28000,128,725,16000,128
1100,20160112,11, 1,2,       1801 ,,125503,125503,125503878100,1,,,,,,0,726,30000,128,725,16000,128
1100,20160112,11, 1,2,       1801 ,125503,125503,125503,125503889300,1,725,16,0,1000,0,0,726,30000,128,725,15000,128
1100,20160112,11, 1,2,       1801 ,,125503,125503,125503891100,1,,,,,,0,726,30000,128,725,15000,128
1100,20160112,11, 1,2,       1801 ,,125511,125511,125511840900,1,,,,,,0,726,28000,128,725,15000,128
1100,20160112,11, 1,2,       1801 ,,125511,125511,125511871300,1,,,,,,0,726,28000,128,725,17000,128
1100,20160112,11, 1,2,       1801 ,,125511,125511,125511874300,1,,,,,,0,726,27000,128,725,17000,128
1100,20160112,11, 1,2,       1801 ,,125513,125513,125513151100,1,,,,,,0,726,27000,128,725,15000,128
1100,20160112,11, 1,2,       1801 ,,125517,125517,125517190700,1,,,,,,0,726,27000,128,725,16000,128
1100,20160112,11, 1,2,       1801 ,,125517,125517,125517504700,1,,,,,,0,726,29000,128,725,16000,128
1100,20160112,11, 1,2,       1801 ,,125518,125518,125518707700,1,,,,,,0,726,27000,128,725,16000,128
1100,20160112,11, 1,2,       1801 ,,125526,125526,125526689900,1,,,,,,0,726,27000,128,725,15000,128
1100,20160112,11, 1,2,       1801 ,,125527,125527,125527060200,1,,,,,,0,726,29000,128,725,15000,128
1100,20160112,11, 1,2,       1801 ,,125527,125527,125527082000,1,,,,,,0,726,30000,128,725,15000,128
1100,20160112,11, 1,2,       1801 ,,125528,125528,125528112000,1,,,,,,0,726,29000,128,725,15000,128
1100,20160112,11, 1,2,       1801 ,,125528,125528,125528271800,1,,,,,,0,726,30000,128,725,15000,128
1100,20160112,11, 1,2,       1801 ,,125528,125528,125528592600,1,,,,,,0,726,29000,128,725,15000,128
1100,20160112,11, 1,2,       1801 ,,125528,125528,125528817700,1,,,,,,0,726,30000,128,725,15000,128
1100,20160112,11, 1,2,       1801 ,,125530,125530,125530871500,1,,,,,,0,726,31000,128,725,15000,128
1100,20160112,11, 1,2,       1801 ,,125535,125535,125535663300,1,,,,,,0,726,30000,128,725,15000,128
1100,20160112,11, 1,2,       1801 ,,125539,125539,125539381800,1,,,,,,0,726,31000,128,725,15000,128
1100,20160112,11, 1,2,       1801 ,,125540,125540,125540447100,1,,,,,,0,726,32000,128,725,15000,128
1100,20160112,11, 1,2,       1801 ,,125540,125540,125540448500,1,,,,,,0,726,37000,128,725,15000,128
1100,20160112,11, 1,2,       1801 ,,125540,125540,125540449700,1,,,,,,0,726,37000,128,725,13000,128
1100,20160112,11, 1,2,       1801 ,,125540,125540,125540450500,1,,,,,,0,726,37000,128,725,7000,128
1100,20160112,11, 1,2,       1801 ,,125540,125540,125540452000,1,,,,,,0,726,37000,128,725,4000,128
1100,20160112,11, 1,2,       1801 ,,125540,125540,125540690200,1,,,,,,0,726,37000,128,725,5000,128
1100,20160112,11, 1,2,       1801 ,,125544,125544,125544549900,1,,,,,,0,726,37000,128,725,6000,128
1100,20160112,11, 1,2,       1801 ,,125546,125546,125546929900,1,,,,,,0,726,36000,128,725,6000,128
1100,20160112,11, 1,2,       1801 ,,125547,125547,125547098500,1,,,,,,0,726,37000,128,725,6000,128
1100,20160112,11, 1,2,       1801 ,,125552,125552,125552064700,1,,,,,,0,726,36000,128,725,6000,128
1100,20160112,11, 1,2,       1801 ,,125552,125552,125552070200,1,,,,,,0,726,37000,128,725,6000,128
1100,20160112,11, 1,2,       1801 ,,125553,125553,125553809500,1,,,,,,0,726,36000,128,725,6000,128
1100,20160112,11, 1,2,       1801 ,,125601,125601,125601405200,1,,,,,,0,726,37000,128,725,6000,128
1100,20160112,11, 1,2,       1801 ,,125603,125603,125603584800,1,,,,,,0,726,37000,128,725,7000,128
1100,20160112,11, 1,2,       1801 ,,125604,125604,125604112100,1,,,,,,0,726,36000,128,725,7000,128
1100,20160112,11, 1,2,       1801 ,,125607,125607,125607458400,1,,,,,,0,726,40000,128,725,7000,128
1100,20160112,11, 1,2,       1801 ,,125608,125608,125608469400,1,,,,,,0,726,40000,128,725,8000,128
1100,20160112,11, 1,2,       1801 ,,125624,125624,125624922000,1,,,,,,0,726,41000,128,725,8000,128
1100,20160112,11, 1,2,       1801 ,,125627,125627,125627365000,1,,,,,,0,726,41000,128,725,9000,128
1100,20160112,11, 1,2,       1801 ,,125627,125627,125627366500,1,,,,,,0,726,42000,128,725,9000,128
1100,20160112,11, 1,2,       1801 ,,125631,125631,125631103000,1,,,,,,0,726,43000,128,725,9000,128
1100,20160112,11, 1,2,       1801 ,,125633,125633,125633574100,1,,,,,,0,726,47000,128,725,9000,128
1100,20160112,11, 1,2,       1801 ,,125633,125633,125633578000,1,,,,,,0,726,47000,128,725,8000,128
1100,20160112,11, 1,2,       1801 ,,125633,125633,125633594300,1,,,,,,0,726,52000,128,725,8000,128
1100,20160112,11, 1,2,       1801 ,,125633,125633,125633598600,1,,,,,,0,726,53000,128,725,8000,128
1100,20160112,11, 1,2,       1801 ,,125633,125633,125633809400,1,,,,,,0,726,54000,128,725,8000,128
1100,20160112,11, 1,2,       1801 ,,125634,125634,125634289600,1,,,,,,0,726,54000,128,725,7000,128
1100,20160112,11, 1,2,       1801 ,125634,125634,125634,125634959500,1,725,16,0,3000,0,0,726,54000,128,725,4000,128
1100,20160112,11, 1,2,       1801 ,125634,125634,125634,125634961700,1,725,16,0,1000,0,0,726,54000,128,725,3000,128
1100,20160112,11, 1,2,       1801 ,125634,125634,125634,125634962600,1,725,16,0,1000,0,0,726,54000,128,725,2000,128
1100,20160112,11, 1,2,       1801 ,125634,125634,125634,125634963600,1,725,16,0,2000,0,0,726,54000,128,724,78000,128
1100,20160112,11, 1,2,       1801 ,,125634,125634,125634971200,1,,,,,,0,725,2000,128,724,78000,128
1100,20160112,11, 1,2,       1801 ,125634,125634,125634,125634977500,1,725,48,0,2000,0,0,726,69000,128,724,78000,128
1100,20160112,11, 1,2,       1801 ,,125634,125634,125634978600,1,,,,,,0,726,73000,128,724,78000,128
1100,20160112,11, 1,2,       1801 ,,125634,125634,125634979400,1,,,,,,0,726,77000,128,724,78000,128
1100,20160112,11, 1,2,       1801 ,,125634,125634,125634980100,1,,,,,,0,726,77000,128,724,72000,128
1100,20160112,11, 1,2,       1801 ,,125634,125634,125634980900,1,,,,,,0,726,77000,128,724,71000,128
1100,20160112,11, 1,2,       1801 ,,125634,125634,125634983100,1,,,,,,0,726,77000,128,724,72000,128
1100,20160112,11, 1,2,       1801 ,,125634,125634,125634983900,1,,,,,,0,726,76000,128,724,72000,128
1100,20160112,11, 1,2,       1801 ,,125634,125634,125634985700,1,,,,,,0,726,76000,128,724,68000,128
1100,20160112,11, 1,2,       1801 ,,125634,125634,125634995300,1,,,,,,0,726,77000,128,724,68000,128
1100,20160112,11, 1,2,       1801 ,,125635,125635,125635024900,1,,,,,,0,726,77000,128,724,64000,128
1100,20160112,11, 1,2,       1801 ,,125635,125635,125635150000,1,,,,,,0,726,76000,128,724,64000,128
1100,20160112,11, 1,2,       1801 ,,125636,125636,125636648500,1,,,,,,0,726,76000,128,724,63000,128
1100,20160112,11, 1,2,       1801 ,,125636,125636,125636656500,1,,,,,,0,726,76000,128,724,62000,128
1100,20160112,11, 1,2,       1801 ,,125636,125636,125636810000,1,,,,,,0,726,76000,128,724,61000,128
1100,20160112,11, 1,2,       1801 ,,125636,125636,125636811500,1,,,,,,0,726,72000,128,724,61000,128
1100,20160112,11, 1,2,       1801 ,,125639,125639,125639620200,1,,,,,,0,726,72000,128,724,63000,128
1100,20160112,11, 1,2,       1801 ,,125653,125653,125653478200,1,,,,,,0,726,72000,128,724,64000,128
1100,20160112,11, 1,2,       1801 ,,125653,125653,125653480000,1,,,,,,0,726,72000,128,724,70000,128
1100,20160112,11, 1,2,       1801 ,,125653,125653,125653481100,1,,,,,,0,726,71000,128,724,70000,128
1100,20160112,11, 1,2,       1801 ,,125653,125653,125653572700,1,,,,,,0,726,71000,128,724,76000,128
1100,20160112,11, 1,2,       1801 ,,125653,125653,125653573900,1,,,,,,0,726,71000,128,724,77000,128
1100,20160112,11, 1,2,       1801 ,,125654,125654,125654629600,1,,,,,,0,726,66000,128,724,77000,128
1100,20160112,11, 1,2,       1801 ,,125654,125654,125654723900,1,,,,,,0,726,62000,128,724,77000,128
1100,20160112,11, 1,2,       1801 ,,125654,125654,125654725300,1,,,,,,0,726,58000,128,724,77000,128
1100,20160112,11, 1,2,       1801 ,,125654,125654,125654727000,1,,,,,,0,726,56000,128,724,77000,128
1100,20160112,11, 1,2,       1801 ,,125654,125654,125654743900,1,,,,,,0,726,55000,128,724,77000,128
1100,20160112,11, 1,2,       1801 ,,125659,125659,125659151000,1,,,,,,0,726,55000,128,724,76000,128
1100,20160112,11, 1,2,       1801 ,,125701,125701,125701217200,1,,,,,,0,726,55000,128,725,1000,128
1100,20160112,11, 1,2,       1801 ,,125701,125701,125701219400,1,,,,,,0,726,55000,128,725,3000,128
1100,20160112,11, 1,2,       1801 ,,125701,125701,125701220000,1,,,,,,0,726,55000,128,725,4000,128
1100,20160112,11, 1,2,       1801 ,,125701,125701,125701221500,1,,,,,,0,726,46000,128,725,4000,128
1100,20160112,11, 1,2,       1801 ,,125701,125701,125701222200,1,,,,,,0,726,46000,128,725,6000,128
1100,20160112,11, 1,2,       1801 ,,125701,125701,125701222900,1,,,,,,0,726,45000,128,725,6000,128
1100,20160112,11, 1,2,       1801 ,,125701,125701,125701223600,1,,,,,,0,726,40000,128,725,6000,128
1100,20160112,11, 1,2,       1801 ,,125701,125701,125701235400,1,,,,,,0,726,36000,128,725,6000,128
1100,20160112,11, 1,2,       1801 ,,125701,125701,125701237300,1,,,,,,0,726,36000,128,725,8000,128
1100,20160112,11, 1,2,       1801 ,,125701,125701,125701239100,1,,,,,,0,726,36000,128,725,14000,128
1100,20160112,11, 1,2,       1801 ,,125702,125702,125702643800,1,,,,,,0,726,37000,128,725,14000,128
1100,20160112,11, 1,2,       1801 ,,125704,125704,125704015200,1,,,,,,0,726,37000,128,725,15000,128
1100,20160112,11, 1,2,       1801 ,,125705,125705,125705012400,1,,,,,,0,726,37000,128,725,17000,128
1100,20160112,11, 1,2,       1801 ,,125707,125707,125707647600,1,,,,,,0,726,36000,128,725,17000,128
1100,20160112,11, 1,2,       1801 ,,125707,125707,125707649000,1,,,,,,0,726,35000,128,725,17000,128
1100,20160112,11, 1,2,       1801 ,,125709,125709,125709440700,1,,,,,,0,726,36000,128,725,17000,128
1100,20160112,11, 1,2,       1801 ,,125712,125712,125712424400,1,,,,,,0,726,35000,128,725,17000,128
1100,20160112,11, 1,2,       1801 ,,125712,125712,125712578200,1,,,,,,0,726,36000,128,725,17000,128
1100,20160112,11, 1,2,       1801 ,,125712,125712,125712744900,1,,,,,,0,726,38000,128,725,17000,128
1100,20160112,11, 1,2,       1801 ,,125712,125712,125712746400,1,,,,,,0,726,38000,128,725,11000,128
1100,20160112,11, 1,2,       1801 ,,125712,125712,125712957200,1,,,,,,0,726,39000,128,725,11000,128
1100,20160112,11, 1,2,       1801 ,,125714,125714,125714359500,1,,,,,,0,726,39000,128,725,9000,128
1100,20160112,11, 1,2,       1801 ,125717,125717,125717,125717284700,1,725,16,0,1000,0,0,726,39000,128,725,8000,128
1100,20160112,11, 1,2,       1801 ,,125717,125717,125717286300,1,,,,,,0,726,40000,128,725,8000,128
1100,20160112,11, 1,2,       1801 ,,125717,125717,125717287600,1,,,,,,0,726,45000,128,725,8000,128
1100,20160112,11, 1,2,       1801 ,,125717,125717,125717292700,1,,,,,,0,726,45000,128,725,7000,128
1100,20160112,11, 1,2,       1801 ,,125717,125717,125717571300,1,,,,,,0,726,44000,128,725,7000,128
1100,20160112,11, 1,2,       1801 ,,125717,125717,125717598800,1,,,,,,0,726,44000,128,725,5000,128
1100,20160112,11, 1,2,       1801 ,,125717,125717,125717641600,1,,,,,,0,726,45000,128,725,5000,128
1100,20160112,11, 1,2,       1801 ,,125717,125717,125717643600,1,,,,,,0,726,50000,128,725,5000,128
1100,20160112,11, 1,2,       1801 ,,125717,125717,125717817000,1,,,,,,0,726,50000,128,725,4000,128
1100,20160112,11, 1,2,       1801 ,,125719,125719,125719710900,1,,,,,,0,726,54000,128,725,4000,128
1100,20160112,11, 1,2,       1801 ,,125719,125719,125719712100,1,,,,,,0,726,54000,128,725,3000,128
1100,20160112,11, 1,2,       1801 ,,125719,125719,125719713500,1,,,,,,0,726,54000,128,725,1000,128
1100,20160112,11, 1,2,       1801 ,,125719,125719,125719714700,1,,,,,,0,726,55000,128,725,1000,128
1100,20160112,11, 1,2,       1801 ,,125719,125719,125719715300,1,,,,,,0,726,59000,128,725,1000,128
1100,20160112,11, 1,2,       1801 ,,125723,125723,125723598500,1,,,,,,0,726,59000,128,725,3000,128
1100,20160112,11, 1,2,       1801 ,,125723,125723,125723599800,1,,,,,,0,726,58000,128,725,3000,128
1100,20160112,11, 1,2,       1801 ,,125723,125723,125723792700,1,,,,,,0,726,59000,128,725,3000,128
1100,20160112,11, 1,2,       1801 ,,125724,125724,125724098500,1,,,,,,0,726,58000,128,725,3000,128
1100,20160112,11, 1,2,       1801 ,,125724,125724,125724151000,1,,,,,,0,726,58000,128,725,4000,128
1100,20160112,11, 1,2,       1801 ,,125724,125724,125724270100,1,,,,,,0,726,57000,128,725,4000,128
1100,20160112,11, 1,2,       1801 ,,125724,125724,125724575500,1,,,,,,0,726,57000,128,725,5000,128
1100,20160112,11, 1,2,       1801 ,,125725,125725,125725029100,1,,,,,,0,726,57000,128,725,7000,128
1100,20160112,11, 1,2,       1801 ,,125725,125725,125725031200,1,,,,,,0,726,53000,128,725,7000,128
1100,20160112,11, 1,2,       1801 ,,125725,125725,125725032100,1,,,,,,0,726,53000,128,725,10000,128
1100,20160112,11, 1,2,       1801 ,,125725,125725,125725812800,1,,,,,,0,726,51000,128,725,10000,128
1100,20160112,11, 1,2,       1801 ,,125729,125729,125729273200,1,,,,,,0,726,51000,128,725,9000,128
1100,20160112,11, 1,2,       1801 ,,125730,125730,125730898100,1,,,,,,0,726,52000,128,725,9000,128
1100,20160112,11, 1,2,       1801 ,,125733,125733,125733401200,1,,,,,,0,726,52000,128,725,10000,128
1100,20160112,11, 1,2,       1801 ,,125739,125739,125739226200,1,,,,,,0,726,52000,128,725,11000,128
1100,20160112,11, 1,2,       1801 ,,125739,125739,125739227700,1,,,,,,0,726,47000,128,725,11000,128
1100,20160112,11, 1,2,       1801 ,,125739,125739,125739381100,1,,,,,,0,726,47000,128,725,10000,128
1100,20160112,11, 1,2,       1801 ,,125740,125740,125740291100,1,,,,,,0,726,47000,128,725,11000,128
1100,20160112,11, 1,2,       1801 ,,125740,125740,125740392200,1,,,,,,0,726,42000,128,725,11000,128
1100,20160112,11, 1,2,       1801 ,,125741,125741,125741029800,1,,,,,,0,726,42000,128,725,10000,128
1100,20160112,11, 1,2,       1801 ,,125743,125743,125743104400,1,,,,,,0,726,42000,128,725,11000,128
1100,20160112,11, 1,2,       1801 ,,125745,125745,125745403400,1,,,,,,0,726,42000,128,725,10000,128
1100,20160112,11, 1,2,       1801 ,,125748,125748,125748309200,1,,,,,,0,726,43000,128,725,10000,128
1100,20160112,11, 1,2,       1801 ,,125751,125751,125751622000,1,,,,,,0,726,43000,128,725,11000,128
1100,20160112,11, 1,2,       1801 ,,125753,125753,125753291700,1,,,,,,0,726,43000,128,725,10000,128
1100,20160112,11, 1,2,       1801 ,,125754,125754,125754240300,1,,,,,,0,726,43000,128,725,11000,128
1100,20160112,11, 1,2,       1801 ,,125754,125754,125754536400,1,,,,,,0,726,39000,128,725,11000,128
1100,20160112,11, 1,2,       1801 ,,125754,125754,125754538300,1,,,,,,0,726,39000,128,725,17000,128
1100,20160112,11, 1,2,       1801 ,,125754,125754,125754539400,1,,,,,,0,726,38000,128,725,17000,128
1100,20160112,11, 1,2,       1801 ,,125754,125754,125754540200,1,,,,,,0,726,33000,128,725,17000,128
1100,20160112,11, 1,2,       1801 ,,125754,125754,125754541000,1,,,,,,0,726,33000,128,725,19000,128
1100,20160112,11, 1,2,       1801 ,,125754,125754,125754792400,1,,,,,,0,726,33000,128,725,18000,128
1100,20160112,11, 1,2,       1801 ,,125804,125804,125804350200,1,,,,,,0,726,33000,128,725,19000,128
1100,20160112,11, 1,2,       1801 ,,125807,125807,125807968000,1,,,,,,0,726,33000,128,725,20000,128
1100,20160112,11, 1,2,       1801 ,,125808,125808,125808669400,1,,,,,,0,726,33000,128,725,21000,128
1100,20160112,11, 1,2,       1801 ,,125808,125808,125808858500,1,,,,,,0,726,38000,128,725,21000,128
1100,20160112,11, 1,2,       1801 ,,125808,125808,125808859700,1,,,,,,0,726,38000,128,725,15000,128
1100,20160112,11, 1,2,       1801 ,,125811,125811,125811405600,1,,,,,,0,726,39000,128,725,15000,128
1100,20160112,11, 1,2,       1801 ,,125811,125811,125811407000,1,,,,,,0,726,39000,128,725,14000,128
1100,20160112,11, 1,2,       1801 ,,125811,125811,125811407700,1,,,,,,0,726,44000,128,725,14000,128
1100,20160112,11, 1,2,       1801 ,,125811,125811,125811408400,1,,,,,,0,726,49000,128,725,14000,128
1100,20160112,11, 1,2,       1801 ,,125811,125811,125811409000,1,,,,,,0,726,49000,128,725,12000,128
1100,20160112,11, 1,2,       1801 ,,125816,125816,125816620200,1,,,,,,0,726,49000,128,725,10000,128
1100,20160112,11, 1,2,       1801 ,,125816,125816,125816677200,1,,,,,,0,726,50000,128,725,10000,128
1100,20160112,11, 1,2,       1801 ,,125816,125816,125816679300,1,,,,,,0,726,50000,128,725,7000,128
1100,20160112,11, 1,2,       1801 ,,125816,125816,125816814400,1,,,,,,0,726,52000,128,725,7000,128
1100,20160112,11, 1,2,       1801 ,,125816,125816,125816815200,1,,,,,,0,726,52000,128,725,5000,128
1100,20160112,11, 1,2,       1801 ,,125817,125817,125817538300,1,,,,,,0,726,56000,128,725,5000,128
1100,20160112,11, 1,2,       1801 ,,125818,125818,125818002800,1,,,,,,0,726,56000,128,725,7000,128
1100,20160112,11, 1,2,       1801 ,,125818,125818,125818023000,1,,,,,,0,726,55000,128,725,7000,128
1100,20160112,11, 1,2,       1801 ,,125819,125819,125819712800,1,,,,,,0,726,54000,128,725,7000,128
1100,20160112,11, 1,2,       1801 ,,125822,125822,125822313600,1,,,,,,0,726,55000,128,725,7000,128
1100,20160112,11, 1,2,       1801 ,,125824,125824,125824209000,1,,,,,,0,726,56000,128,725,7000,128
1100,20160112,11, 1,2,       1801 ,,125828,125828,125828230000,1,,,,,,0,726,55000,128,725,7000,128
1100,20160112,11, 1,2,       1801 ,,125828,125828,125828384700,1,,,,,,0,726,55000,128,725,8000,128
1100,20160112,11, 1,2,       1801 ,,125828,125828,125828386100,1,,,,,,0,726,55000,128,725,11000,128
1100,20160112,11, 1,2,       1801 ,,125828,125828,125828758400,1,,,,,,0,726,53000,128,725,11000,128
1100,20160112,11, 1,2,       1801 ,,125831,125831,125831978400,1,,,,,,0,726,48000,128,725,11000,128
1100,20160112,11, 1,2,       1801 ,,125831,125831,125831979300,1,,,,,,0,726,48000,128,725,13000,128
1100,20160112,11, 1,2,       1801 ,,125831,125831,125831990600,1,,,,,,0,726,43000,128,725,13000,128
1100,20160112,11, 1,2,       1801 ,,125832,125832,125832537300,1,,,,,,0,726,39000,128,725,13000,128
1100,20160112,11, 1,2,       1801 ,,125832,125832,125832539000,1,,,,,,0,726,39000,128,725,19000,128
1100,20160112,11, 1,2,       1801 ,,125832,125832,125832540500,1,,,,,,0,726,39000,128,725,21000,128
1100,20160112,11, 1,2,       1801 ,125835,125835,125835,125835189700,1,725,16,0,2000,0,0,726,39000,128,725,19000,128
1100,20160112,11, 1,2,       1801 ,,125836,125836,125836669500,1,,,,,,0,726,39000,128,725,18000,128
1100,20160112,11, 1,2,       1801 ,,125836,125836,125836701000,1,,,,,,0,726,39000,128,725,12000,128
1100,20160112,11, 1,2,       1801 ,,125836,125836,125836710000,1,,,,,,0,726,40000,128,725,12000,128
1100,20160112,11, 1,2,       1801 ,,125836,125836,125836711400,1,,,,,,0,726,40000,128,725,10000,128
1100,20160112,11, 1,2,       1801 ,,125838,125838,125838502900,1,,,,,,0,726,39000,128,725,10000,128
1100,20160112,11, 1,2,       1801 ,,125838,125838,125838504500,1,,,,,,0,726,44000,128,725,10000,128
1100,20160112,11, 1,2,       1801 ,,125838,125838,125838505100,1,,,,,,0,726,49000,128,725,10000,128
1100,20160112,11, 1,2,       1801 ,,125839,125839,125839003500,1,,,,,,0,726,48000,128,725,10000,128
1100,20160112,11, 1,2,       1801 ,,125839,125839,125839004900,1,,,,,,0,726,49000,128,725,10000,128
1100,20160112,11, 1,2,       1801 ,125840,125840,125840,125840766700,1,725,16,0,1000,0,0,726,49000,128,725,9000,128
1100,20160112,11, 1,2,       1801 ,,125840,125840,125840769000,1,,,,,,0,726,49000,128,725,6000,128
1100,20160112,11, 1,2,       1801 ,,125840,125840,125840769900,1,,,,,,0,726,49000,128,725,4000,128
1100,20160112,11, 1,2,       1801 ,,125840,125840,125840770600,1,,,,,,0,726,50000,128,725,4000,128
1100,20160112,11, 1,2,       1801 ,,125841,125841,125841151700,1,,,,,,0,726,50000,128,725,5000,128
1100,20160112,11, 1,2,       1801 ,,125842,125842,125842103700,1,,,,,,0,726,50000,128,725,6000,128
1100,20160112,11, 1,2,       1801 ,,125842,125842,125842108100,1,,,,,,0,726,52000,128,725,6000,128
1100,20160112,11, 1,2,       1801 ,125843,125843,125843,125843475900,1,726,48,0,1000,0,0,726,51000,128,725,6000,128
1100,20160112,11, 1,2,       1801 ,,125843,125843,125843480500,1,,,,,,0,726,49000,128,725,6000,128
1100,20160112,11, 1,2,       1801 ,,125846,125846,125846290400,1,,,,,,0,726,51000,128,725,6000,128
1100,20160112,11, 1,2,       1801 ,,125846,125846,125846366000,1,,,,,,0,726,52000,128,725,6000,128
1100,20160112,11, 1,2,       1801 ,,125851,125851,125851537500,1,,,,,,0,726,56000,128,725,6000,128
1100,20160112,11, 1,2,       1801 ,,125857,125857,125857669200,1,,,,,,0,726,54000,128,725,6000,128
1100,20160112,11, 1,2,       1801 ,,125900,125900,125900435100,1,,,,,,0,726,54000,128,725,7000,128
1100,20160112,11, 1,2,       1801 ,,125901,125901,125901668500,1,,,,,,0,726,56000,128,725,7000,128
1100,20160112,11, 1,2,       1801 ,,125903,125903,125903225200,1,,,,,,0,726,55000,128,725,7000,128
1100,20160112,11, 1,2,       1801 ,,125903,125903,125903282800,1,,,,,,0,726,53000,128,725,7000,128
1100,20160112,11, 1,2,       1801 ,,125903,125903,125903451400,1,,,,,,0,726,53000,128,725,8000,128
1100,20160112,11, 1,2,       1801 ,,125903,125903,125903453500,1,,,,,,0,726,53000,128,725,11000,128
1100,20160112,11, 1,2,       1801 ,,125903,125903,125903649600,1,,,,,,0,726,52000,128,725,11000,128
1100,20160112,11, 1,2,       1801 ,,125904,125904,125904342000,1,,,,,,0,726,52000,128,725,13000,128
1100,20160112,11, 1,2,       1801 ,125907,125907,125907,125907302800,1,725,16,0,2000,0,0,726,52000,128,725,11000,128
1100,20160112,11, 1,2,       1801 ,,125909,125909,125909393400,1,,,,,,0,726,53000,128,725,11000,128
1100,20160112,11, 1,2,       1801 ,,125910,125910,125910273200,1,,,,,,0,726,52000,128,725,11000,128
1100,20160112,11, 1,2,       1801 ,,125911,125911,125911788700,1,,,,,,0,726,53000,128,725,11000,128
1100,20160112,11, 1,2,       1801 ,,125912,125912,125912216000,1,,,,,,0,726,52000,128,725,11000,128
1100,20160112,11, 1,2,       1801 ,125913,125913,125913,125913547300,1,725,16,0,1000,0,0,726,52000,128,725,10000,128
1100,20160112,11, 1,2,       1801 ,,125917,125917,125917589700,1,,,,,,0,726,52000,128,725,10000,128
1100,20160112,11, 1,2,       1801 ,,125917,125917,125917800200,1,,,,,,0,726,52000,128,725,12000,128
1100,20160112,11, 1,2,       1801 ,,125917,125917,125917801400,1,,,,,,0,726,47000,128,725,12000,128
1100,20160112,11, 1,2,       1801 ,,125917,125917,125917802200,1,,,,,,0,726,47000,128,725,18000,128
1100,20160112,11, 1,2,       1801 ,,125918,125918,125918571100,1,,,,,,0,726,43000,128,725,18000,128
1100,20160112,11, 1,2,       1801 ,,125918,125918,125918572600,1,,,,,,0,726,42000,128,725,18000,128
1100,20160112,11, 1,2,       1801 ,,125919,125919,125919678400,1,,,,,,0,726,42000,128,725,19000,128
1100,20160112,11, 1,2,       1801 ,,125920,125920,125920857300,1,,,,,,0,726,41000,128,725,19000,128
1100,20160112,11, 1,2,       1801 ,,125925,125925,125925990700,1,,,,,,0,726,42000,128,725,19000,128
1100,20160112,11, 1,2,       1801 ,,125930,125930,125930689200,1,,,,,,0,726,43000,128,725,19000,128
1100,20160112,11, 1,2,       1801 ,,125930,125930,125930860800,1,,,,,,0,726,42000,128,725,19000,128
1100,20160112,11, 1,2,       1801 ,125931,125931,125931,125931880900,1,725,16,0,1000,0,0,726,42000,128,725,18000,128
1100,20160112,11, 1,2,       1801 ,,125931,125931,125931912900,1,,,,,,0,726,43000,128,725,18000,128
1100,20160112,11, 1,2,       1801 ,125934,125934,125934,125934251100,1,726,48,0,1000,0,0,726,42000,128,725,18000,128
1100,20160112,11, 1,2,       1801 ,,125934,125934,125934253600,1,,,,,,0,726,41000,128,725,18000,128
1100,20160112,11, 1,2,       1801 ,,125934,125934,125934334700,1,,,,,,0,726,42000,128,725,18000,128
1100,20160112,11, 1,2,       1801 ,,125934,125934,125934980500,1,,,,,,0,726,41000,128,725,18000,128
1100,20160112,11, 1,2,       1801 ,,125934,125934,125934981800,1,,,,,,0,726,41000,128,725,19000,128
1100,20160112,11, 1,2,       1801 ,,125939,125939,125939426800,1,,,,,,0,726,42000,128,725,19000,128
1100,20160112,11, 1,2,       1801 ,,125939,125939,125939470300,1,,,,,,0,726,41000,128,725,19000,128
1100,20160112,11, 1,2,       1801 ,,125939,125939,125939620200,1,,,,,,0,726,42000,128,725,19000,128
1100,20160112,11, 1,2,       1801 ,,125941,125941,125941591000,1,,,,,,0,726,42000,128,725,13000,128
1100,20160112,11, 1,2,       1801 ,,125941,125941,125941592400,1,,,,,,0,726,42000,128,725,15000,128
1100,20160112,11, 1,2,       1801 ,,125941,125941,125941593100,1,,,,,,0,726,47000,128,725,15000,128
1100,20160112,11, 1,2,       1801 ,,125941,125941,125941660600,1,,,,,,0,726,47000,128,725,14000,128
1100,20160112,11, 1,2,       1801 ,,125945,125945,125945439500,1,,,,,,0,726,47000,128,725,12000,128
1100,20160112,11, 1,2,       1801 ,,125945,125945,125945449500,1,,,,,,0,726,49000,128,725,12000,128
1100,20160112,11, 1,2,       1801 ,,125945,125945,125945538000,1,,,,,,0,726,53000,128,725,12000,128
1100,20160112,11, 1,2,       1801 ,,125945,125945,125945539500,1,,,,,,0,726,53000,128,725,11000,128
1100,20160112,11, 1,2,       1801 ,,125946,125946,125946718500,1,,,,,,0,726,52000,128,725,11000,128
1100,20160112,11, 1,2,       1801 ,,125946,125946,125946719800,1,,,,,,0,726,53000,128,725,11000,128
1100,20160112,11, 1,2,       1801 ,,125947,125947,125947500200,1,,,,,,0,726,53000,128,725,12000,128
1100,20160112,11, 1,2,       1801 ,125947,125947,125947,125947774400,1,725,16,0,1000,0,0,726,53000,128,725,11000,128
1100,20160112,11, 1,2,       1801 ,,125948,125948,125948559800,1,,,,,,0,726,53000,128,725,11000,128
1100,20160112,11, 1,2,       1801 ,,125954,125954,125954337000,1,,,,,,0,726,54000,128,725,11000,128
1100,20160112,11, 1,2,       1801 ,,125954,125954,125954341000,1,,,,,,0,726,55000,128,725,11000,128
1100,20160112,11, 1,2,       1801 ,,125955,125955,125955091500,1,,,,,,0,726,55000,128,725,12000,128
1100,20160112,11, 1,2,       1801 ,,125955,125955,125955111600,1,,,,,,0,726,54000,128,725,12000,128
1100,20160112,11, 1,2,       1801 ,,125955,125955,125955114100,1,,,,,,0,726,53000,128,725,12000,128
1100,20160112,11, 1,2,       1801 ,125955,125955,125955,125955116500,1,725,16,0,1000,0,0,726,53000,128,725,11000,128
1100,20160112,11, 1,2,       1801 ,125955,125955,125955,125955119100,1,725,16,0,1000,0,0,726,53000,128,725,10000,128
1100,20160112,11, 1,2,       1801 ,,125955,125955,125955657100,1,,,,,,0,726,54000,128,725,10000,128
1100,20160112,11, 1,2,       1801 ,,125957,125957,125957081500,1,,,,,,0,726,53000,128,725,10000,128
1100,20160112,11, 1,2,       1801 ,,125959,125959,125959875400,1,,,,,,0,726,53000,128,725,12000,128
1100,20160112,11, 1,2,       1801 ,,125959,125959,125959876300,1,,,,,,0,726,51000,128,725,12000,128
1100,20160112,11, 1,2,       1801 ,,130004,130004,130004444500,1,,,,,,0,726,51000,128,725,13000,128
1100,20160112,11, 1,2,       1801 ,,130004,130004,130004535800,1,,,,,,0,726,47000,128,725,13000,128
1100,20160112,11, 1,2,       1801 ,,130004,130004,130004538100,1,,,,,,0,726,47000,128,725,22000,128
1100,20160112,11, 1,2,       1801 ,,130004,130004,130004539500,1,,,,,,0,726,46000,128,725,22000,128
1100,20160112,11, 1,2,       1801 ,,130008,130008,130008591100,1,,,,,,0,726,46000,128,725,23000,128
1100,20160112,11, 1,2,       1801 ,,130008,130008,130008593400,1,,,,,,0,726,46000,128,725,24000,128
1100,20160112,11, 1,2,       1801 ,,130009,130009,130009120900,1,,,,,,0,726,47000,128,725,24000,128
1100,20160112,11, 1,2,       1801 ,,130009,130009,130009811700,1,,,,,,0,726,48000,128,725,24000,128
1100,20160112,11, 1,2,       1801 ,,130009,130009,130009990300,1,,,,,,0,726,48000,128,725,23000,128
1100,20160112,11, 1,2,       1801 ,,130009,130009,130009992900,1,,,,,,0,726,48000,128,725,14000,128
1100,20160112,11, 1,2,       1801 ,,130012,130012,130012340400,1,,,,,,0,726,50000,128,725,14000,128
1100,20160112,11, 1,2,       1801 ,,130012,130012,130012342100,1,,,,,,0,726,50000,128,725,13000,128
1100,20160112,11, 1,2,       1801 ,,130012,130012,130012865200,1,,,,,,0,726,49000,128,725,13000,128
1100,20160112,11, 1,2,       1801 ,,130012,130012,130012877200,1,,,,,,0,726,49000,128,725,14000,128
1100,20160112,11, 1,2,       1801 ,,130013,130013,130013899500,1,,,,,,0,726,53000,128,725,14000,128
1100,20160112,11, 1,2,       1801 ,,130015,130015,130015317100,1,,,,,,0,726,53000,128,725,13000,128
1100,20160112,11, 1,2,       1801 ,,130017,130017,130017311500,1,,,,,,0,726,54000,128,725,13000,128
1100,20160112,11, 1,2,       1801 ,,130017,130017,130017421300,1,,,,,,0,726,53000,128,725,13000,128
1100,20160112,11, 1,2,       1801 ,,130018,130018,130018232200,1,,,,,,0,726,53000,128,725,14000,128
1100,20160112,11, 1,2,       1801 ,,130018,130018,130018279000,1,,,,,,0,726,53000,128,725,13000,128
1100,20160112,11, 1,2,       1801 ,,130018,130018,130018501800,1,,,,,,0,726,53000,128,725,14000,128
1100,20160112,11, 1,2,       1801 ,,130018,130018,130018831300,1,,,,,,0,726,51000,128,725,14000,128
1100,20160112,11, 1,2,       1801 ,,130020,130020,130020389900,1,,,,,,0,726,51000,128,725,23000,128
1100,20160112,11, 1,2,       1801 ,,130023,130023,130023056100,1,,,,,,0,726,52000,128,725,23000,128
1100,20160112,11, 1,2,       1801 ,,130023,130023,130023740400,1,,,,,,0,726,47000,128,725,23000,128
1100,20160112,11, 1,2,       1801 ,,130034,130034,130034627300,1,,,,,,0,726,47000,128,725,24000,128
1100,20160112,11, 1,2,       1801 ,,130034,130034,130034628900,1,,,,,,0,726,47000,128,725,30000,128
1100,20160112,11, 1,2,       1801 ,,130034,130034,130034629600,1,,,,,,0,726,47000,128,725,32000,128
1100,20160112,11, 1,2,       1801 ,,130034,130034,130034630400,1,,,,,,0,726,42000,128,725,32000,128
1100,20160112,11, 1,2,       1801 ,,130040,130040,130040901500,1,,,,,,0,726,42000,128,725,33000,128
1100,20160112,11, 1,2,       1801 ,,130050,130050,130050880900,1,,,,,,0,726,43000,128,725,33000,128
1100,20160112,11, 1,2,       1801 ,,130052,130052,130052148900,1,,,,,,0,726,43000,128,725,32000,128
1100,20160112,11, 1,2,       1801 ,,130102,130102,130102316400,1,,,,,,0,726,42000,128,725,32000,128
1100,20160112,11, 1,2,       1801 ,,130102,130102,130102865000,1,,,,,,0,726,43000,128,725,32000,128
1100,20160112,11, 1,2,       1801 ,,130102,130102,130102866400,1,,,,,,0,726,43000,128,725,26000,128
1100,20160112,11, 1,2,       1801 ,,130109,130109,130109087300,1,,,,,,0,726,42000,128,725,26000,128
1100,20160112,11, 1,2,       1801 ,,130114,130114,130114809200,1,,,,,,0,726,43000,128,725,26000,128
1100,20160112,11, 1,2,       1801 ,,130114,130114,130114810800,1,,,,,,0,726,47000,128,725,26000,128
1100,20160112,11, 1,2,       1801 ,,130114,130114,130114811400,1,,,,,,0,726,52000,128,725,26000,128
1100,20160112,11, 1,2,       1801 ,,130114,130114,130114812100,1,,,,,,0,726,52000,128,725,25000,128
1100,20160112,11, 1,2,       1801 ,,130114,130114,130114813400,1,,,,,,0,726,52000,128,725,23000,128
1100,20160112,11, 1,2,       1801 ,,130122,130122,130122018500,1,,,,,,0,726,51000,128,725,23000,128
1100,20160112,11, 1,2,       1801 ,,130122,130122,130122020100,1,,,,,,0,726,52000,128,725,23000,128
1100,20160112,11, 1,2,       1801 ,,130124,130124,130124937100,1,,,,,,0,726,52000,128,725,24000,128
1100,20160112,11, 1,2,       1801 ,,130126,130126,130126052400,1,,,,,,0,726,52000,128,725,23000,128
1100,20160112,11, 1,2,       1801 ,,130126,130126,130126476800,1,,,,,,0,726,53000,128,725,23000,128
1100,20160112,11, 1,2,       1801 ,,130126,130126,130126846900,1,,,,,,0,726,53000,128,725,24000,128
1100,20160112,11, 1,2,       1801 ,,130127,130127,130127654500,1,,,,,,0,726,53000,128,725,23000,128
1100,20160112,11, 1,2,       1801 ,,130127,130127,130127921200,1,,,,,,0,726,54000,128,725,23000,128
1100,20160112,11, 1,2,       1801 ,,130127,130127,130127968100,1,,,,,,0,726,54000,128,725,21000,128
1100,20160112,11, 1,2,       1801 ,,130127,130127,130127969600,1,,,,,,0,726,56000,128,725,21000,128
1100,20160112,11, 1,2,       1801 ,,130128,130128,130128223500,1,,,,,,0,726,54000,128,725,21000,128
1100,20160112,11, 1,2,       1801 ,,130128,130128,130128430300,1,,,,,,0,726,54000,128,725,12000,128
1100,20160112,11, 1,2,       1801 ,,130128,130128,130128524700,1,,,,,,0,726,56000,128,725,12000,128
1100,20160112,11, 1,2,       1801 ,,130129,130129,130129542400,1,,,,,,0,726,60000,128,725,12000,128
1100,20160112,11, 1,2,       1801 ,,130129,130129,130129547100,1,,,,,,0,726,60000,128,725,11000,128
1100,20160112,11, 1,2,       1801 ,,130129,130129,130129561400,1,,,,,,0,726,60000,128,725,12000,128
1100,20160112,11, 1,2,       1801 ,,130129,130129,130129567300,1,,,,,,0,726,60000,128,725,13000,128
1100,20160112,11, 1,2,       1801 ,,130134,130134,130134028800,1,,,,,,0,726,58000,128,725,13000,128
1100,20160112,11, 1,2,       1801 ,,130135,130135,130135164000,1,,,,,,0,726,58000,128,725,14000,128
1100,20160112,11, 1,2,       1801 ,,130142,130142,130142480000,1,,,,,,0,726,60000,128,725,14000,128
1100,20160112,11, 1,2,       1801 ,,130142,130142,130142594200,1,,,,,,0,726,58000,128,725,14000,128
1100,20160112,11, 1,2,       1801 ,,130146,130146,130146771500,1,,,,,,0,726,57000,128,725,14000,128
1100,20160112,11, 1,2,       1801 ,,130146,130146,130146814200,1,,,,,,0,726,57000,128,725,16000,128
1100,20160112,11, 1,2,       1801 ,,130148,130148,130148846600,1,,,,,,0,726,58000,128,725,16000,128
1100,20160112,11, 1,2,       1801 ,130148,130148,130148,130148922700,1,725,16,0,5000,0,0,726,58000,128,725,11000,128
1100,20160112,11, 1,2,       1801 ,,130148,130148,130148927800,1,,,,,,0,726,58000,128,725,10000,128
1100,20160112,11, 1,2,       1801 ,130149,130149,130149,130149109000,1,725,16,0,5000,0,0,726,58000,128,725,5000,128
1100,20160112,11, 1,2,       1801 ,,130149,130149,130149110900,1,,,,,,0,726,58000,128,725,3000,128
1100,20160112,11, 1,2,       1801 ,130149,130149,130149,130149111600,1,725,16,0,3000,0,0,726,58000,128,724,86000,128
1100,20160112,11, 1,2,       1801 ,,130149,130149,130149113800,1,,,,,,0,726,58000,128,725,2000,128
1100,20160112,11, 1,2,       1801 ,,130149,130149,130149115500,1,,,,,,0,726,59000,128,725,2000,128
1100,20160112,11, 1,2,       1801 ,,130149,130149,130149118700,1,,,,,,0,726,55000,128,725,2000,128
1100,20160112,11, 1,2,       1801 ,,130149,130149,130149120600,1,,,,,,0,726,57000,128,725,2000,128
1100,20160112,11, 1,2,       1801 ,,130149,130149,130149121400,1,,,,,,0,726,62000,128,725,2000,128
1100,20160112,11, 1,2,       1801 ,,130149,130149,130149122800,1,,,,,,0,726,61000,128,725,2000,128
1100,20160112,11, 1,2,       1801 ,,130149,130149,130149124400,1,,,,,,0,726,61000,128,725,3000,128
1100,20160112,11, 1,2,       1801 ,,130149,130149,130149125100,1,,,,,,0,726,61000,128,725,6000,128
1100,20160112,11, 1,2,       1801 ,,130149,130149,130149125800,1,,,,,,0,726,56000,128,725,6000,128
1100,20160112,11, 1,2,       1801 ,,130149,130149,130149128000,1,,,,,,0,726,56000,128,725,4000,128
1100,20160112,11, 1,2,       1801 ,,130149,130149,130149134400,1,,,,,,0,726,56000,128,725,5000,128
1100,20160112,11, 1,2,       1801 ,,130149,130149,130149135300,1,,,,,,0,726,56000,128,725,6000,128
1100,20160112,11, 1,2,       1801 ,,130149,130149,130149264300,1,,,,,,0,726,56000,128,725,8000,128
1100,20160112,11, 1,2,       1801 ,,130150,130150,130150889100,1,,,,,,0,726,56000,128,725,10000,128
1100,20160112,11, 1,2,       1801 ,,130156,130156,130156490700,1,,,,,,0,726,55000,128,725,10000,128
1100,20160112,11, 1,2,       1801 ,,130159,130159,130159630300,1,,,,,,0,726,56000,128,725,10000,128
1100,20160112,11, 1,2,       1801 ,,130200,130200,130200389800,1,,,,,,0,726,57000,128,725,10000,128
1100,20160112,11, 1,2,       1801 ,130201,130201,130201,130201522300,1,725,16,0,4000,0,0,726,53000,128,725,6000,128
1100,20160112,11, 1,2,       1801 ,,130201,130201,130201524600,1,,,,,,0,726,53000,128,725,6000,128
1100,20160112,11, 1,2,       1801 ,,130205,130205,130205393500,1,,,,,,0,726,52000,128,725,6000,128
1100,20160112,11, 1,2,       1801 ,,130208,130208,130208520700,1,,,,,,0,726,52000,128,725,7000,128
1100,20160112,11, 1,2,       1801 ,,130210,130210,130210152100,1,,,,,,0,726,51000,128,725,7000,128
1100,20160112,11, 1,2,       1801 ,,130211,130211,130211431100,1,,,,,,0,726,52000,128,725,7000,128
1100,20160112,11, 1,2,       1801 ,,130211,130211,130211928600,1,,,,,,0,726,56000,128,725,7000,128
1100,20160112,11, 1,2,       1801 ,,130212,130212,130212981200,1,,,,,,0,726,55000,128,725,7000,128
1100,20160112,11, 1,2,       1801 ,,130213,130213,130213120700,1,,,,,,0,726,56000,128,725,7000,128
1100,20160112,11, 1,2,       1801 ,,130213,130213,130213141300,1,,,,,,0,726,55000,128,725,7000,128
1100,20160112,11, 1,2,       1801 ,,130217,130217,130217387500,1,,,,,,0,726,55000,128,725,8000,128
1100,20160112,11, 1,2,       1801 ,,130219,130219,130219964400,1,,,,,,0,726,55000,128,725,10000,128
1100,20160112,11, 1,2,       1801 ,,130219,130219,130219965200,1,,,,,,0,726,53000,128,725,10000,128
1100,20160112,11, 1,2,       1801 ,,130219,130219,130219966000,1,,,,,,0,726,48000,128,725,10000,128
1100,20160112,11, 1,2,       1801 ,,130220,130220,130220481200,1,,,,,,0,726,48000,128,725,9000,128
1100,20160112,11, 1,2,       1801 ,,130220,130220,130220605600,1,,,,,,0,726,48000,128,725,7000,128
1100,20160112,11, 1,2,       1801 ,,130220,130220,130220610200,1,,,,,,0,726,49000,128,725,7000,128
1100,20160112,11, 1,2,       1801 ,,130220,130220,130220910000,1,,,,,,0,726,48000,128,725,7000,128
1100,20160112,11, 1,2,       1801 ,,130221,130221,130221366400,1,,,,,,0,726,49000,128,725,7000,128
1100,20160112,11, 1,2,       1801 ,,130221,130221,130221752700,1,,,,,,0,726,48000,128,725,7000,128
1100,20160112,11, 1,2,       1801 ,,130223,130223,130223319300,1,,,,,,0,726,49000,128,725,7000,128
1100,20160112,11, 1,2,       1801 ,130223,130223,130223,130223664200,1,725,16,0,1000,0,0,726,49000,128,725,6000,128
1100,20160112,11, 1,2,       1801 ,,130223,130223,130223666400,1,,,,,,0,726,51000,128,725,6000,128
1100,20160112,11, 1,2,       1801 ,,130228,130228,130228800600,1,,,,,,0,726,50000,128,725,6000,128
1100,20160112,11, 1,2,       1801 ,,130228,130228,130228802800,1,,,,,,0,726,55000,128,725,6000,128
1100,20160112,11, 1,2,       1801 ,,130231,130231,130231925800,1,,,,,,0,726,56000,128,725,6000,128
1100,20160112,11, 1,2,       1801 ,,130231,130231,130231927400,1,,,,,,0,726,65000,128,725,6000,128
1100,20160112,11, 1,2,       1801 ,,130233,130233,130233549100,1,,,,,,0,726,64000,128,725,6000,128
1100,20160112,11, 1,2,       1801 ,,130234,130234,130234338600,1,,,,,,0,726,64000,128,725,7000,128
1100,20160112,11, 1,2,       1801 ,,130235,130235,130235109000,1,,,,,,0,726,64000,128,725,8000,128
1100,20160112,11, 1,2,       1801 ,,130235,130235,130235128300,1,,,,,,0,726,55000,128,725,8000,128
1100,20160112,11, 1,2,       1801 ,,130235,130235,130235609000,1,,,,,,0,726,55000,128,725,7000,128
1100,20160112,11, 1,2,       1801 ,,130235,130235,130235729700,1,,,,,,0,726,55000,128,725,8000,128
1100,20160112,11, 1,2,       1801 ,,130239,130239,130239161100,1,,,,,,0,726,55000,128,725,7000,128
1100,20160112,11, 1,2,       1801 ,,130245,130245,130245711700,1,,,,,,0,726,56000,128,725,7000,128
1100,20160112,11, 1,2,       1801 ,,130248,130248,130248409200,1,,,,,,0,726,57000,128,725,7000,128
1100,20160112,11, 1,2,       1801 ,,130248,130248,130248411800,1,,,,,,0,726,66000,128,725,7000,128
1100,20160112,11, 1,2,       1801 ,,130248,130248,130248441200,1,,,,,,0,726,66000,128,725,8000,128
1100,20160112,11, 1,2,       1801 ,,130249,130249,130249178000,1,,,,,,0,726,65000,128,725,8000,128
1100,20160112,11, 1,2,       1801 ,,130254,130254,130254107800,1,,,,,,0,726,66000,128,725,8000,128
1100,20160112,11, 1,2,       1801 ,,130254,130254,130254731100,1,,,,,,0,726,65000,128,725,8000,128
1100,20160112,11, 1,2,       1801 ,,130302,130302,130302933400,1,,,,,,0,726,65000,128,725,9000,128
1100,20160112,11, 1,2,       1801 ,,130305,130305,130305028200,1,,,,,,0,726,56000,128,725,9000,128
1100,20160112,11, 1,2,       1801 ,,130305,130305,130305494300,1,,,,,,0,726,57000,128,725,9000,128
1100,20160112,11, 1,2,       1801 ,,130307,130307,130307701600,1,,,,,,0,726,56000,128,725,9000,128
1100,20160112,11, 1,2,       1801 ,,130313,130313,130313580800,1,,,,,,0,726,54000,128,725,9000,128
1100,20160112,11, 1,2,       1801 ,,130313,130313,130313585400,1,,,,,,0,726,54000,128,725,11000,128
1100,20160112,11, 1,2,       1801 ,,130313,130313,130313608700,1,,,,,,0,726,54000,128,725,12000,128
1100,20160112,11, 1,2,       1801 ,,130314,130314,130314500100,1,,,,,,0,726,54000,128,725,21000,128
1100,20160112,11, 1,2,       1801 ,,130314,130314,130314501500,1,,,,,,0,726,54000,128,725,24000,128
1100,20160112,11, 1,2,       1801 ,,130314,130314,130314502200,1,,,,,,0,726,54000,128,725,26000,128
1100,20160112,11, 1,2,       1801 ,,130314,130314,130314503000,1,,,,,,0,726,54000,128,725,31000,128
1100,20160112,11, 1,2,       1801 ,,130315,130315,130315541600,1,,,,,,0,726,50000,128,725,31000,128
1100,20160112,11, 1,2,       1801 ,,130315,130315,130315649900,1,,,,,,0,726,45000,128,725,31000,128
1100,20160112,11, 1,2,       1801 ,,130315,130315,130315651300,1,,,,,,0,726,44000,128,725,31000,128
1100,20160112,11, 1,2,       1801 ,,130324,130324,130324994900,1,,,,,,0,726,44000,128,725,32000,128
1100,20160112,11, 1,2,       1801 ,,130324,130324,130324996400,1,,,,,,0,726,44000,128,725,34000,128
1100,20160112,11, 1,2,       1801 ,,130325,130325,130325020500,1,,,,,,0,726,39000,128,725,34000,128
1100,20160112,11, 1,2,       1801 ,,130325,130325,130325021400,1,,,,,,0,726,37000,128,725,34000,128
1100,20160112,11, 1,2,       1801 ,,130325,130325,130325022100,1,,,,,,0,726,37000,128,725,40000,128
1100,20160112,11, 1,2,       1801 ,,130325,130325,130325023300,1,,,,,,0,726,36000,128,725,40000,128
1100,20160112,11, 1,2,       1801 ,,130325,130325,130325024000,1,,,,,,0,726,35000,128,725,40000,128
1100,20160112,11, 1,2,       1801 ,,130325,130325,130325039900,1,,,,,,0,726,34000,128,725,40000,128
1100,20160112,11, 1,2,       1801 ,,130325,130325,130325191000,1,,,,,,0,726,33000,128,725,40000,128
1100,20160112,11, 1,2,       1801 ,,130326,130326,130326029200,1,,,,,,0,726,33000,128,725,38000,128
1100,20160112,11, 1,2,       1801 ,,130327,130327,130327739100,1,,,,,,0,726,33000,128,725,39000,128
1100,20160112,11, 1,2,       1801 ,,130327,130327,130327741200,1,,,,,,0,726,33000,128,725,40000,128
1100,20160112,11, 1,2,       1801 ,130333,130333,130333,130333402000,1,726,48,0,1000,0,0,726,32000,128,725,40000,128
1100,20160112,11, 1,2,       1801 ,,130333,130333,130333403700,1,,,,,,0,726,30000,128,725,40000,128
1100,20160112,11, 1,2,       1801 ,,130333,130333,130333405200,1,,,,,,0,726,30000,128,725,44000,128
1100,20160112,11, 1,2,       1801 ,130333,130333,130333,130333405900,1,726,48,0,4000,0,0,726,26000,128,725,44000,128
1100,20160112,11, 1,2,       1801 ,130333,130333,130333,130333406900,1,726,48,0,7000,0,0,726,19000,128,725,44000,128
1100,20160112,11, 1,2,       1801 ,130333,130333,130333,130333407800,1,726,48,0,1000,0,0,726,18000,128,725,44000,128
1100,20160112,11, 1,2,       1801 ,130333,130333,130333,130333408800,1,726,48,0,1000,0,0,726,17000,128,725,44000,128
1100,20160112,11, 1,2,       1801 ,,130333,130333,130333409800,1,,,,,,0,726,14000,128,725,44000,128
1100,20160112,11, 1,2,       1801 ,130333,130333,130333,130333410700,1,726,48,0,10000,0,0,726,4000,128,725,44000,128
1100,20160112,11, 1,2,       1801 ,130333,130333,130333,130333413400,1,726,48,0,4000,0,0,727,60000,128,725,44000,128
1100,20160112,11, 1,2,       1801 ,,130333,130333,130333414600,1,,,,,,0,727,60000,128,726,4000,128
1100,20160112,11, 1,2,       1801 ,,130333,130333,130333425600,1,,,,,,0,727,60000,128,726,5000,128
1100,20160112,11, 1,2,       1801 ,,130333,130333,130333427100,1,,,,,,0,727,59000,128,726,5000,128
1100,20160112,11, 1,2,       1801 ,,130333,130333,130333428700,1,,,,,,0,727,59000,128,726,7000,128
1100,20160112,11, 1,2,       1801 ,,130333,130333,130333431300,1,,,,,,0,727,59000,128,726,8000,128
1100,20160112,11, 1,2,       1801 ,,130333,130333,130333435500,1,,,,,,0,727,57000,128,726,8000,128
1100,20160112,11, 1,2,       1801 ,,130333,130333,130333437600,1,,,,,,0,727,53000,128,726,8000,128
1100,20160112,11, 1,2,       1801 ,,130333,130333,130333439600,1,,,,,,0,727,55000,128,726,8000,128
1100,20160112,11, 1,2,       1801 ,,130333,130333,130333440200,1,,,,,,0,727,55000,128,726,12000,128
1100,20160112,11, 1,2,       1801 ,,130333,130333,130333443500,1,,,,,,0,727,55000,128,726,14000,128
1100,20160112,11, 1,2,       1801 ,,130333,130333,130333444200,1,,,,,,0,727,55000,128,726,16000,128
1100,20160112,11, 1,2,       1801 ,,130333,130333,130333445600,1,,,,,,0,727,50000,128,726,16000,128
1100,20160112,11, 1,2,       1801 ,,130333,130333,130333446400,1,,,,,,0,727,45000,128,726,16000,128
1100,20160112,11, 1,2,       1801 ,,130333,130333,130333448600,1,,,,,,0,727,43000,128,726,16000,128
1100,20160112,11, 1,2,       1801 ,,130333,130333,130333451700,1,,,,,,0,727,39000,128,726,16000,128
1100,20160112,11, 1,2,       1801 ,,130333,130333,130333452500,1,,,,,,0,727,38000,128,726,16000,128
1100,20160112,11, 1,2,       1801 ,,130333,130333,130333453200,1,,,,,,0,727,34000,128,726,16000,128
1100,20160112,11, 1,2,       1801 ,,130333,130333,130333458100,1,,,,,,0,727,34000,128,726,18000,128
1100,20160112,11, 1,2,       1801 ,,130333,130333,130333458700,1,,,,,,0,727,29000,128,726,18000,128
1100,20160112,11, 1,2,       1801 ,,130333,130333,130333459400,1,,,,,,0,727,29000,128,726,19000,128
1100,20160112,11, 1,2,       1801 ,,130333,130333,130333460200,1,,,,,,0,727,29000,128,726,25000,128
1100,20160112,11, 1,2,       1801 ,,130333,130333,130333461600,1,,,,,,0,727,29000,128,726,26000,128
1100,20160112,11, 1,2,       1801 ,,130333,130333,130333462300,1,,,,,,0,727,29000,128,726,27000,128
1100,20160112,11, 1,2,       1801 ,,130333,130333,130333462800,1,,,,,,0,727,29000,128,726,30000,128
1100,20160112,11, 1,2,       1801 ,,130333,130333,130333464200,1,,,,,,0,727,29000,128,726,31000,128
1100,20160112,11, 1,2,       1801 ,,130333,130333,130333640900,1,,,,,,0,727,30000,128,726,31000,128
1100,20160112,11, 1,2,       1801 ,,130333,130333,130333642600,1,,,,,,0,727,30000,128,726,30000,128
1100,20160112,11, 1,2,       1801 ,,130334,130334,130334385400,1,,,,,,0,727,31000,128,726,30000,128
1100,20160112,11, 1,2,       1801 ,,130334,130334,130334401800,1,,,,,,0,727,31000,128,726,26000,128
1100,20160112,11, 1,2,       1801 ,,130335,130335,130335511800,1,,,,,,0,727,31000,128,726,27000,128
1100,20160112,11, 1,2,       1801 ,,130336,130336,130336177800,1,,,,,,0,727,29000,128,726,27000,128
1100,20160112,11, 1,2,       1801 ,,130338,130338,130338544200,1,,,,,,0,727,29000,128,726,28000,128
1100,20160112,11, 1,2,       1801 ,,130338,130338,130338871300,1,,,,,,0,727,31000,128,726,28000,128
1100,20160112,11, 1,2,       1801 ,,130338,130338,130338872000,1,,,,,,0,727,31000,128,726,26000,128
1100,20160112,11, 1,2,       1801 ,,130338,130338,130338874600,1,,,,,,0,727,31000,128,726,25000,128
1100,20160112,11, 1,2,       1801 ,130338,130338,130338,130338881400,1,726,16,0,8000,0,0,727,31000,128,726,17000,128
1100,20160112,11, 1,2,       1801 ,,130338,130338,130338883300,1,,,,,,0,727,31000,128,726,11000,128
1100,20160112,11, 1,2,       1801 ,,130338,130338,130338884100,1,,,,,,0,727,31000,128,726,9000,128
1100,20160112,11, 1,2,       1801 ,,130338,130338,130338884900,1,,,,,,0,727,32000,128,726,9000,128
1100,20160112,11, 1,2,       1801 ,,130338,130338,130338885600,1,,,,,,0,727,32000,128,726,8000,128
1100,20160112,11, 1,2,       1801 ,,130338,130338,130338886300,1,,,,,,0,727,33000,128,726,8000,128
1100,20160112,11, 1,2,       1801 ,,130338,130338,130338887700,1,,,,,,0,727,33000,128,726,5000,128
1100,20160112,11, 1,2,       1801 ,130338,130338,130338,130338889000,1,726,16,0,1000,0,0,727,33000,128,726,4000,128
1100,20160112,11, 1,2,       1801 ,130339,130339,130339,130339090900,1,726,16,0,2000,0,0,727,33000,128,726,2000,128
1100,20160112,11, 1,2,       1801 ,130339,130339,130339,130339092400,1,726,16,0,1000,0,0,727,33000,128,726,1000,128
1100,20160112,11, 1,2,       1801 ,130339,130339,130339,130339094000,1,726,16,0,1000,0,0,727,33000,128,725,52000,128
1100,20160112,11, 1,2,       1801 ,,130339,130339,130339097600,1,,,,,,0,727,33000,128,725,52000,128
1100,20160112,11, 1,2,       1801 ,,130339,130339,130339099700,1,,,,,,0,726,6000,128,725,52000,128
1100,20160112,11, 1,2,       1801 ,,130339,130339,130339100900,1,,,,,,0,726,6000,128,725,51000,128
1100,20160112,11, 1,2,       1801 ,,130339,130339,130339103800,1,,,,,,0,726,8000,128,725,51000,128
1100,20160112,11, 1,2,       1801 ,130339,130339,130339,130339104500,1,726,48,0,1000,0,0,726,7000,128,725,51000,128
1100,20160112,11, 1,2,       1801 ,,130339,130339,130339105400,1,,,,,,0,726,7000,128,725,51000,128
1100,20160112,11, 1,2,       1801 ,,130339,130339,130339108000,1,,,,,,0,726,7000,128,725,47000,128
1100,20160112,11, 1,2,       1801 ,,130339,130339,130339110100,1,,,,,,0,726,7000,128,725,43000,128
1100,20160112,11, 1,2,       1801 ,,130340,130340,130340306900,1,,,,,,0,726,7000,128,725,42000,128
1100,20160112,11, 1,2,       1801 ,,130341,130341,130341867000,1,,,,,,0,726,8000,128,725,42000,128
1100,20160112,11, 1,2,       1801 ,,130342,130342,130342330000,1,,,,,,0,726,9000,128,725,42000,128
1100,20160112,11, 1,2,       1801 ,130344,130344,130344,130344309300,1,726,48,0,1000,0,0,726,8000,128,725,42000,128
1100,20160112,11, 1,2,       1801 ,,130344,130344,130344340300,1,,,,,,0,726,7000,128,725,42000,128
1100,20160112,11, 1,2,       1801 ,,130344,130344,130344917800,1,,,,,,0,726,8000,128,725,42000,128
1100,20160112,11, 1,2,       1801 ,,130347,130347,130347911800,1,,,,,,0,726,7000,128,725,42000,128
1100,20160112,11, 1,2,       1801 ,130347,130347,130347,130347915100,1,726,48,0,1000,0,0,726,6000,128,725,42000,128
1100,20160112,11, 1,2,       1801 ,130347,130347,130347,130347916300,1,726,48,0,1000,0,0,726,5000,128,725,42000,128
1100,20160112,11, 1,2,       1801 ,130347,130347,130347,130347917700,1,726,48,0,2000,0,0,726,3000,128,725,42000,128
1100,20160112,11, 1,2,       1801 ,,130347,130347,130347918900,1,,,,,,0,726,1000,128,725,42000,128
1100,20160112,11, 1,2,       1801 ,130347,130347,130347,130347919900,1,726,48,0,1000,0,0,727,56000,128,726,1000,128
1100,20160112,11, 1,2,       1801 ,,130347,130347,130347921300,1,,,,,,0,727,56000,128,726,2000,128
1100,20160112,11, 1,2,       1801 ,,130347,130347,130347922300,1,,,,,,0,727,54000,128,726,2000,128
1100,20160112,11, 1,2,       1801 ,,130347,130347,130347923500,1,,,,,,0,727,54000,128,726,3000,128
1100,20160112,11, 1,2,       1801 ,,130347,130347,130347928200,1,,,,,,0,727,54000,128,726,4000,128
1100,20160112,11, 1,2,       1801 ,130347,130347,130347,130347931900,1,726,16,0,1000,0,0,727,54000,128,726,3000,128
1100,20160112,11, 1,2,       1801 ,,130347,130347,130347933300,1,,,,,,0,727,54000,128,726,5000,128
1100,20160112,11, 1,2,       1801 ,,130347,130347,130347934000,1,,,,,,0,727,52000,128,726,5000,128
1100,20160112,11, 1,2,       1801 ,,130347,130347,130347934900,1,,,,,,0,727,51000,128,726,5000,128
1100,20160112,11, 1,2,       1801 ,,130347,130347,130347935700,1,,,,,,0,727,46000,128,726,5000,128
1100,20160112,11, 1,2,       1801 ,,130347,130347,130347936700,1,,,,,,0,727,48000,128,726,5000,128
1100,20160112,11, 1,2,       1801 ,,130347,130347,130347938700,1,,,,,,0,727,47000,128,726,5000,128
1100,20160112,11, 1,2,       1801 ,,130347,130347,130347939900,1,,,,,,0,727,43000,128,726,5000,128
1100,20160112,11, 1,2,       1801 ,,130347,130347,130347960800,1,,,,,,0,727,43000,128,726,6000,128
1100,20160112,11, 1,2,       1801 ,,130348,130348,130348948900,1,,,,,,0,727,43000,128,726,5000,128
1100,20160112,11, 1,2,       1801 ,,130348,130348,130348950200,1,,,,,,0,727,44000,128,726,5000,128
1100,20160112,11, 1,2,       1801 ,,130349,130349,130349609000,1,,,,,,0,727,56000,128,726,5000,128
1100,20160112,11, 1,2,       1801 ,,130352,130352,130352310600,1,,,,,,0,727,60000,128,726,5000,128
1100,20160112,11, 1,2,       1801 ,,130352,130352,130352680000,1,,,,,,0,727,60000,128,726,4000,128
1100,20160112,11, 1,2,       1801 ,,130354,130354,130354490400,1,,,,,,0,727,60000,128,726,5000,128
1100,20160112,11, 1,2,       1801 ,,130356,130356,130356921300,1,,,,,,0,727,60000,128,726,4000,128
1100,20160112,11, 1,2,       1801 ,,130357,130357,130357486700,1,,,,,,0,727,60000,128,726,2000,128
1100,20160112,11, 1,2,       1801 ,,130358,130358,130358829900,1,,,,,,0,727,60000,128,726,4000,128
1100,20160112,11, 1,2,       1801 ,,130359,130359,130359865800,1,,,,,,0,727,60000,128,726,5000,128
1100,20160112,11, 1,2,       1801 ,,130359,130359,130359869700,1,,,,,,0,727,59000,128,726,5000,128
1100,20160112,11, 1,2,       1801 ,130359,130359,130359,130359880900,1,727,48,0,4000,0,0,727,55000,128,726,5000,128
1100,20160112,11, 1,2,       1801 ,,130359,130359,130359941500,1,,,,,,0,727,53000,128,726,5000,128
1100,20160112,11, 1,2,       1801 ,,130359,130359,130359944900,1,,,,,,0,727,55000,128,726,5000,128
1100,20160112,11, 1,2,       1801 ,,130359,130359,130359961400,1,,,,,,0,727,55000,128,726,7000,128
1100,20160112,11, 1,2,       1801 ,,130400,130400,130400025500,1,,,,,,0,727,55000,128,726,5000,128
1100,20160112,11, 1,2,       1801 ,,130401,130401,130401535400,1,,,,,,0,727,51000,128,726,5000,128
1100,20160112,11, 1,2,       1801 ,,130405,130405,130405141300,1,,,,,,0,727,52000,128,726,5000,128
1100,20160112,11, 1,2,       1801 ,,130405,130405,130405170800,1,,,,,,0,727,51000,128,726,5000,128
1100,20160112,11, 1,2,       1801 ,,130407,130407,130407418600,1,,,,,,0,727,53000,128,726,5000,128
1100,20160112,11, 1,2,       1801 ,,130408,130408,130408113100,1,,,,,,0,727,48000,128,726,5000,128
1100,20160112,11, 1,2,       1801 ,,130408,130408,130408384100,1,,,,,,0,727,52000,128,726,5000,128
1100,20160112,11, 1,2,       1801 ,,130409,130409,130409979500,1,,,,,,0,727,53000,128,726,5000,128
1100,20160112,11, 1,2,       1801 ,,130410,130410,130410734800,1,,,,,,0,727,52000,128,726,5000,128
1100,20160112,11, 1,2,       1801 ,130411,130411,130411,130411324100,1,727,48,0,2000,0,0,727,50000,128,726,5000,128
1100,20160112,11, 1,2,       1801 ,,130411,130411,130411746900,1,,,,,,0,727,50000,128,726,5000,128
1100,20160112,11, 1,2,       1801 ,,130414,130414,130414525300,1,,,,,,0,727,49000,128,726,5000,128
1100,20160112,11, 1,2,       1801 ,,130414,130414,130414640000,1,,,,,,0,727,47000,128,726,5000,128
1100,20160112,11, 1,2,       1801 ,,130414,130414,130414650200,1,,,,,,0,727,47000,128,726,7000,128
1100,20160112,11, 1,2,       1801 ,,130414,130414,130414882100,1,,,,,,0,727,46000,128,726,7000,128
1100,20160112,11, 1,2,       1801 ,,130414,130414,130414918600,1,,,,,,0,727,48000,128,726,7000,128
1100,20160112,11, 1,2,       1801 ,,130414,130414,130414919300,1,,,,,,0,727,48000,128,726,5000,128
1100,20160112,11, 1,2,       1801 ,,130414,130414,130414920100,1,,,,,,0,727,45000,128,726,5000,128
1100,20160112,11, 1,2,       1801 ,,130415,130415,130415019400,1,,,,,,0,727,46000,128,726,5000,128
1100,20160112,11, 1,2,       1801 ,,130415,130415,130415720600,1,,,,,,0,727,47000,128,726,5000,128
1100,20160112,11, 1,2,       1801 ,,130419,130419,130419110400,1,,,,,,0,727,47000,128,726,4000,128
1100,20160112,11, 1,2,       1801 ,,130420,130420,130420020800,1,,,,,,0,727,48000,128,726,4000,128
1100,20160112,11, 1,2,       1801 ,,130420,130420,130420509400,1,,,,,,0,727,49000,128,726,4000,128
1100,20160112,11, 1,2,       1801 ,,130420,130420,130420868600,1,,,,,,0,727,48000,128,726,4000,128
1100,20160112,11, 1,2,       1801 ,,130422,130422,130422146600,1,,,,,,0,727,46000,128,726,4000,128
1100,20160112,11, 1,2,       1801 ,,130422,130422,130422568800,1,,,,,,0,727,47000,128,726,4000,128
1100,20160112,11, 1,2,       1801 ,130423,130423,130423,130423987100,1,727,48,0,1000,0,0,727,46000,128,726,4000,128
1100,20160112,11, 1,2,       1801 ,,130426,130426,130426236000,1,,,,,,0,727,46000,128,726,5000,128
1100,20160112,11, 1,2,       1801 ,,130428,130428,130428264000,1,,,,,,0,727,46000,128,726,4000,128
1100,20160112,11, 1,2,       1801 ,,130429,130429,130429290800,1,,,,,,0,727,46000,128,726,5000,128
1100,20160112,11, 1,2,       1801 ,,130429,130429,130429324800,1,,,,,,0,727,46000,128,726,4000,128
1100,20160112,11, 1,2,       1801 ,,130432,130432,130432697600,1,,,,,,0,727,46000,128,726,5000,128
1100,20160112,11, 1,2,       1801 ,,130432,130432,130432980700,1,,,,,,0,727,46000,128,726,4000,128
1100,20160112,11, 1,2,       1801 ,,130435,130435,130435908500,1,,,,,,0,727,46000,128,726,6000,128
1100,20160112,11, 1,2,       1801 ,,130443,130443,130443044400,1,,,,,,0,727,46000,128,726,7000,128
1100,20160112,11, 1,2,       1801 ,,130444,130444,130444109500,1,,,,,,0,727,41000,128,726,7000,128
1100,20160112,11, 1,2,       1801 ,,130444,130444,130444111100,1,,,,,,0,727,41000,128,726,10000,128
1100,20160112,11, 1,2,       1801 ,,130444,130444,130444126100,1,,,,,,0,727,40000,128,726,10000,128
1100,20160112,11, 1,2,       1801 ,,130444,130444,130444226200,1,,,,,,0,727,39000,128,726,10000,128
1100,20160112,11, 1,2,       1801 ,,130444,130444,130444235500,1,,,,,,0,727,35000,128,726,10000,128
1100,20160112,11, 1,2,       1801 ,,130444,130444,130444337700,1,,,,,,0,727,36000,128,726,10000,128
1100,20160112,11, 1,2,       1801 ,,130445,130445,130445919400,1,,,,,,0,727,35000,128,726,10000,128
1100,20160112,11, 1,2,       1801 ,,130445,130445,130445946300,1,,,,,,0,727,36000,128,726,10000,128
1100,20160112,11, 1,2,       1801 ,,130446,130446,130446900800,1,,,,,,0,727,37000,128,726,10000,128
1100,20160112,11, 1,2,       1801 ,,130447,130447,130447509500,1,,,,,,0,727,37000,128,726,9000,128
1100,20160112,11, 1,2,       1801 ,,130456,130456,130456688600,1,,,,,,0,727,38000,128,726,9000,128
1100,20160112,11, 1,2,       1801 ,,130456,130456,130456690100,1,,,,,,0,727,43000,128,726,9000,128
1100,20160112,11, 1,2,       1801 ,,130508,130508,130508796400,1,,,,,,0,727,44000,128,726,9000,128
1100,20160112,11, 1,2,       1801 ,,130509,130509,130509543200,1,,,,,,0,727,48000,128,726,9000,128
1100,20160112,11, 1,2,       1801 ,,130509,130509,130509544400,1,,,,,,0,727,48000,128,726,6000,128
1100,20160112,11, 1,2,       1801 ,,130516,130516,130516027300,1,,,,,,0,727,48000,128,726,4000,128
1100,20160112,11, 1,2,       1801 ,,130516,130516,130516868900,1,,,,,,0,727,49000,128,726,4000,128
1100,20160112,11, 1,2,       1801 ,,130519,130519,130519928300,1,,,,,,0,727,48000,128,726,4000,128
1100,20160112,11, 1,2,       1801 ,,130521,130521,130521982000,1,,,,,,0,727,48000,128,726,5000,128
1100,20160112,11, 1,2,       1801 ,,130524,130524,130524657600,1,,,,,,0,727,48000,128,726,4000,128
1100,20160112,11, 1,2,       1801 ,,130525,130525,130525968200,1,,,,,,0,727,49000,128,726,4000,128
1100,20160112,11, 1,2,       1801 ,,130529,130529,130529127900,1,,,,,,0,727,48000,128,726,4000,128
1100,20160112,11, 1,2,       1801 ,,130538,130538,130538959500,1,,,,,,0,727,48000,128,726,9000,128
1100,20160112,11, 1,2,       1801 ,,130543,130543,130543749500,1,,,,,,0,727,49000,128,726,9000,128
1100,20160112,11, 1,2,       1801 ,,130543,130543,130543772800,1,,,,,,0,727,49000,128,726,8000,128
1100,20160112,11, 1,2,       1801 ,130543,130543,130543,130543802600,1,726,16,0,1000,0,0,727,49000,128,726,7000,128
1100,20160112,11, 1,2,       1801 ,130543,130543,130543,130543805500,1,726,16,0,3000,0,0,727,49000,128,726,4000,128
1100,20160112,11, 1,2,       1801 ,130543,130543,130543,130543806900,1,726,16,0,2000,0,0,727,49000,128,726,2000,128
1100,20160112,11, 1,2,       1801 ,130543,130543,130543,130543808600,1,726,16,0,2000,0,0,727,49000,128,725,73000,128
1100,20160112,11, 1,2,       1801 ,,130543,130543,130543809800,1,,,,,,0,727,49000,128,725,71000,128
1100,20160112,11, 1,2,       1801 ,,130543,130543,130543812300,1,,,,,,0,726,1000,128,725,71000,128
1100,20160112,11, 1,2,       1801 ,,130543,130543,130543819000,1,,,,,,0,726,3000,128,725,71000,128
1100,20160112,11, 1,2,       1801 ,,130543,130543,130543822000,1,,,,,,0,726,3000,128,725,70000,128
1100,20160112,11, 1,2,       1801 ,,130543,130543,130543823000,1,,,,,,0,726,3000,128,725,66000,128
1100,20160112,11, 1,2,       1801 ,130543,130543,130543,130543825800,1,726,48,0,1000,0,0,726,2000,128,725,66000,128
1100,20160112,11, 1,2,       1801 ,,130543,130543,130543827200,1,,,,,,0,726,2000,128,725,66000,128
1100,20160112,11, 1,2,       1801 ,130543,130543,130543,130543828600,1,726,48,0,1000,0,0,726,1000,128,725,66000,128
1100,20160112,11, 1,2,       1801 ,,130543,130543,130543829800,1,,,,,,0,726,1000,128,725,66000,128
1100,20160112,11, 1,2,       1801 ,,130543,130543,130543831600,1,,,,,,0,726,2000,128,725,66000,128
1100,20160112,11, 1,2,       1801 ,,130543,130543,130543832500,1,,,,,,0,726,4000,128,725,66000,128
1100,20160112,11, 1,2,       1801 ,,130543,130543,130543835800,1,,,,,,0,726,3000,128,725,66000,128
1100,20160112,11, 1,2,       1801 ,130543,130543,130543,130543838500,1,726,48,0,1000,0,0,726,2000,128,725,66000,128
1100,20160112,11, 1,2,       1801 ,130543,130543,130543,130543839700,1,726,48,0,1000,0,0,726,1000,128,725,66000,128
1100,20160112,11, 1,2,       1801 ,,130543,130543,130543842200,1,,,,,,0,726,1000,128,725,66000,128
1100,20160112,11, 1,2,       1801 ,130543,130543,130543,130543844000,1,726,48,0,1000,0,0,727,55000,128,725,66000,128
1100,20160112,11, 1,2,       1801 ,,130543,130543,130543850400,1,,,,,,0,727,55000,128,726,6000,128
1100,20160112,11, 1,2,       1801 ,,130543,130543,130543851200,1,,,,,,0,727,53000,128,726,6000,128
1100,20160112,11, 1,2,       1801 ,,130543,130543,130543854200,1,,,,,,0,727,49000,128,726,6000,128
1100,20160112,11, 1,2,       1801 ,,130543,130543,130543855700,1,,,,,,0,727,49000,128,726,7000,128
1100,20160112,11, 1,2,       1801 ,,130543,130543,130543919900,1,,,,,,0,727,49000,128,726,9000,128
1100,20160112,11, 1,2,       1801 ,,130543,130543,130543938100,1,,,,,,0,727,48000,128,726,9000,128
1100,20160112,11, 1,2,       1801 ,,130543,130543,130543973000,1,,,,,,0,727,53000,128,726,9000,128
1100,20160112,11, 1,2,       1801 ,,130544,130544,130544026800,1,,,,,,0,727,50000,128,726,9000,128
1100,20160112,11, 1,2,       1801 ,,130544,130544,130544028000,1,,,,,,0,727,51000,128,726,9000,128
1100,20160112,11, 1,2,       1801 ,,130544,130544,130544033600,1,,,,,,0,727,46000,128,726,9000,128
1100,20160112,11, 1,2,       1801 ,,130544,130544,130544034800,1,,,,,,0,727,45000,128,726,9000,128
1100,20160112,11, 1,2,       1801 ,,130544,130544,130544115700,1,,,,,,0,727,48000,128,726,9000,128
1100,20160112,11, 1,2,       1801 ,130544,130544,130544,130544208000,1,726,16,0,1000,0,0,727,47000,128,726,8000,128
1100,20160112,11, 1,2,       1801 ,,130544,130544,130544209500,1,,,,,,0,727,48000,128,726,8000,128
1100,20160112,11, 1,2,       1801 ,,130545,130545,130545537900,1,,,,,,0,727,47000,128,726,8000,128
1100,20160112,11, 1,2,       1801 ,130546,130546,130546,130546248500,1,726,16,0,8000,0,0,727,47000,128,725,63000,128
1100,20160112,11, 1,2,       1801 ,,130546,130546,130546250300,1,,,,,,0,727,47000,128,725,63000,128
1100,20160112,11, 1,2,       1801 ,,130546,130546,130546252400,1,,,,,,0,727,48000,128,725,63000,128
1100,20160112,11, 1,2,       1801 ,,130546,130546,130546253100,1,,,,,,0,727,48000,128,725,61000,128
1100,20160112,11, 1,2,       1801 ,,130546,130546,130546254600,1,,,,,,0,727,48000,128,725,57000,128
1100,20160112,11, 1,2,       1801 ,130546,130546,130546,130546818900,1,725,16,0,14000,0,0,727,48000,128,725,43000,128
1100,20160112,11, 1,2,       1801 ,,130546,130546,130546821000,1,,,,,,0,726,2000,128,725,43000,128
1100,20160112,11, 1,2,       1801 ,,130546,130546,130546823900,1,,,,,,0,726,3000,128,725,43000,128
1100,20160112,11, 1,2,       1801 ,,130546,130546,130546825300,1,,,,,,0,726,5000,128,725,43000,128
1100,20160112,11, 1,2,       1801 ,,130546,130546,130546829900,1,,,,,,0,726,8000,128,725,43000,128
1100,20160112,11, 1,2,       1801 ,,130546,130546,130546831400,1,,,,,,0,726,10000,128,725,43000,128
1100,20160112,11, 1,2,       1801 ,,130546,130546,130546832000,1,,,,,,0,726,11000,128,725,43000,128
1100,20160112,11, 1,2,       1801 ,,130546,130546,130546833800,1,,,,,,0,726,13000,128,725,43000,128
1100,20160112,11, 1,2,       1801 ,,130546,130546,130546863300,1,,,,,,0,726,13000,128,725,42000,128
1100,20160112,11, 1,2,       1801 ,,130548,130548,130548024700,1,,,,,,0,726,13000,128,725,44000,128
1100,20160112,11, 1,2,       1801 ,130551,130551,130551,130551327400,1,726,48,0,2000,0,0,726,11000,128,725,44000,128
1100,20160112,11, 1,2,       1801 ,,130551,130551,130551329500,1,,,,,,0,726,11000,128,725,46000,128
1100,20160112,11, 1,2,       1801 ,,130551,130551,130551330300,1,,,,,,0,726,9000,128,725,46000,128
1100,20160112,11, 1,2,       1801 ,,130556,130556,130556075700,1,,,,,,0,726,9000,128,725,47000,128
1100,20160112,11, 1,2,       1801 ,,130556,130556,130556254400,1,,,,,,0,726,7000,128,725,47000,128
1100,20160112,11, 1,2,       1801 ,130556,130556,130556,130556255200,1,726,48,0,4000,0,0,726,3000,128,725,47000,128
1100,20160112,11, 1,2,       1801 ,130556,130556,130556,130556256900,1,726,48,0,3000,0,0,727,54000,128,725,47000,128
1100,20160112,11, 1,2,       1801 ,,130556,130556,130556262800,1,,,,,,0,727,54000,128,725,48000,128
1100,20160112,11, 1,2,       1801 ,,130556,130556,130556264600,1,,,,,,0,727,52000,128,725,48000,128
1100,20160112,11, 1,2,       1801 ,,130556,130556,130556265300,1,,,,,,0,727,52000,128,726,1000,128
1100,20160112,11, 1,2,       1801 ,,130556,130556,130556266600,1,,,,,,0,727,52000,128,726,2000,128
1100,20160112,11, 1,2,       1801 ,,130556,130556,130556267200,1,,,,,,0,727,52000,128,726,3000,128
1100,20160112,11, 1,2,       1801 ,,130556,130556,130556269300,1,,,,,,0,727,48000,128,726,3000,128
1100,20160112,11, 1,2,       1801 ,,130556,130556,130556271600,1,,,,,,0,727,49000,128,726,3000,128
1100,20160112,11, 1,2,       1801 ,,130556,130556,130556272300,1,,,,,,0,727,51000,128,726,3000,128
1100,20160112,11, 1,2,       1801 ,,130556,130556,130556274600,1,,,,,,0,727,51000,128,726,4000,128
1100,20160112,11, 1,2,       1801 ,,130556,130556,130556275900,1,,,,,,0,727,46000,128,726,4000,128
1100,20160112,11, 1,2,       1801 ,,130556,130556,130556276600,1,,,,,,0,727,46000,128,726,8000,128
1100,20160112,11, 1,2,       1801 ,,130556,130556,130556278100,1,,,,,,0,727,45000,128,726,8000,128
1100,20160112,11, 1,2,       1801 ,,130556,130556,130556280700,1,,,,,,0,727,44000,128,726,8000,128
1100,20160112,11, 1,2,       1801 ,,130556,130556,130556281500,1,,,,,,0,727,43000,128,726,8000,128
1100,20160112,11, 1,2,       1801 ,,130556,130556,130556282800,1,,,,,,0,727,42000,128,726,8000,128
1100,20160112,11, 1,2,       1801 ,,130556,130556,130556285400,1,,,,,,0,727,38000,128,726,8000,128
1100,20160112,11, 1,2,       1801 ,,130556,130556,130556305000,1,,,,,,0,727,40000,128,726,8000,128
1100,20160112,11, 1,2,       1801 ,,130556,130556,130556779600,1,,,,,,0,727,41000,128,726,8000,128
1100,20160112,11, 1,2,       1801 ,,130600,130600,130600273900,1,,,,,,0,727,41000,128,726,9000,128
1100,20160112,11, 1,2,       1801 ,,130600,130600,130600281400,1,,,,,,0,727,40000,128,726,9000,128
1100,20160112,11, 1,2,       1801 ,,130602,130602,130602366900,1,,,,,,0,727,40000,128,726,10000,128
1100,20160112,11, 1,2,       1801 ,,130603,130603,130603992100,1,,,,,,0,727,40000,128,726,11000,128
1100,20160112,11, 1,2,       1801 ,,130604,130604,130604005900,1,,,,,,0,727,59000,128,726,11000,128
1100,20160112,11, 1,2,       1801 ,,130605,130605,130605588700,1,,,,,,0,727,60000,128,726,11000,128
1100,20160112,11, 1,2,       1801 ,,130608,130608,130608481400,1,,,,,,0,727,60000,128,726,12000,128
1100,20160112,11, 1,2,       1801 ,,130608,130608,130608995600,1,,,,,,0,727,60000,128,726,11000,128
1100,20160112,11, 1,2,       1801 ,,130609,130609,130609004400,1,,,,,,0,727,60000,128,726,12000,128
1100,20160112,11, 1,2,       1801 ,,130609,130609,130609222200,1,,,,,,0,727,60000,128,726,13000,128
1100,20160112,11, 1,2,       1801 ,,130611,130611,130611634600,1,,,,,,0,727,65000,128,726,13000,128
1100,20160112,11, 1,2,       1801 ,130611,130611,130611,130611635900,1,726,16,0,1000,0,0,727,65000,128,726,12000,128
1100,20160112,11, 1,2,       1801 ,,130611,130611,130611637400,1,,,,,,0,727,66000,128,726,12000,128
1100,20160112,11, 1,2,       1801 ,,130612,130612,130612549300,1,,,,,,0,727,65000,128,726,12000,128
1100,20160112,11, 1,2,       1801 ,,130615,130615,130615965200,1,,,,,,0,727,64000,128,726,12000,128
1100,20160112,11, 1,2,       1801 ,,130616,130616,130616001300,1,,,,,,0,727,64000,128,726,13000,128
1100,20160112,11, 1,2,       1801 ,,130616,130616,130616052400,1,,,,,,0,727,62000,128,726,13000,128
1100,20160112,11, 1,2,       1801 ,,130616,130616,130616072200,1,,,,,,0,727,62000,128,726,12000,128
1100,20160112,11, 1,2,       1801 ,,130617,130617,130617440600,1,,,,,,0,727,63000,128,726,12000,128
1100,20160112,11, 1,2,       1801 ,,130617,130617,130617599900,1,,,,,,0,727,62000,128,726,12000,128
1100,20160112,11, 1,2,       1801 ,,130633,130633,130633452000,1,,,,,,0,727,62000,128,726,13000,128
1100,20160112,11, 1,2,       1801 ,,130634,130634,130634667700,1,,,,,,0,727,62000,128,726,15000,128
1100,20160112,11, 1,2,       1801 ,,130635,130635,130635601200,1,,,,,,0,727,62000,128,726,14000,128
1100,20160112,11, 1,2,       1801 ,130636,130636,130636,130636265600,1,727,48,0,1000,0,0,727,61000,128,726,14000,128
1100,20160112,11, 1,2,       1801 ,,130640,130640,130640704200,1,,,,,,0,727,61000,128,726,14000,128
1100,20160112,11, 1,2,       1801 ,,130642,130642,130642029400,1,,,,,,0,727,61000,128,726,15000,128
1100,20160112,11, 1,2,       1801 ,,130642,130642,130642351700,1,,,,,,0,727,61000,128,726,14000,128
1100,20160112,11, 1,2,       1801 ,,130643,130643,130643781100,1,,,,,,0,727,62000,128,726,14000,128
1100,20160112,11, 1,2,       1801 ,,130643,130643,130643831100,1,,,,,,0,727,62000,128,726,12000,128
1100,20160112,11, 1,2,       1801 ,,130649,130649,130649420000,1,,,,,,0,727,64000,128,726,12000,128
1100,20160112,11, 1,2,       1801 ,,130649,130649,130649428500,1,,,,,,0,727,65000,128,726,12000,128
1100,20160112,11, 1,2,       1801 ,,130650,130650,130650547200,1,,,,,,0,727,69000,128,726,12000,128
1100,20160112,11, 1,2,       1801 ,,130653,130653,130653041600,1,,,,,,0,727,69000,128,726,13000,128
1100,20160112,11, 1,2,       1801 ,,130654,130654,130654169500,1,,,,,,0,727,67000,128,726,13000,128
1100,20160112,11, 1,2,       1801 ,,130654,130654,130654171100,1,,,,,,0,727,66000,128,726,13000,128
1100,20160112,11, 1,2,       1801 ,,130659,130659,130659394900,1,,,,,,0,727,65000,128,726,13000,128
1100,20160112,11, 1,2,       1801 ,,130659,130659,130659410400,1,,,,,,0,727,65000,128,726,14000,128
1100,20160112,11, 1,2,       1801 ,,130659,130659,130659428400,1,,,,,,0,727,65000,128,726,16000,128
1100,20160112,11, 1,2,       1801 ,,130659,130659,130659542900,1,,,,,,0,727,61000,128,726,16000,128
1100,20160112,11, 1,2,       1801 ,,130700,130700,130700399400,1,,,,,,0,727,56000,128,726,16000,128
1100,20160112,11, 1,2,       1801 ,,130700,130700,130700401400,1,,,,,,0,727,56000,128,726,22000,128
1100,20160112,11, 1,2,       1801 ,,130700,130700,130700403100,1,,,,,,0,727,56000,128,726,27000,128
1100,20160112,11, 1,2,       1801 ,,130700,130700,130700403800,1,,,,,,0,727,56000,128,726,29000,128
1100,20160112,11, 1,2,       1801 ,,130700,130700,130700404700,1,,,,,,0,727,56000,128,726,30000,128
1100,20160112,11, 1,2,       1801 ,,130700,130700,130700405500,1,,,,,,0,727,52000,128,726,30000,128
1100,20160112,11, 1,2,       1801 ,,130700,130700,130700406300,1,,,,,,0,727,52000,128,726,39000,128
1100,20160112,11, 1,2,       1801 ,,130700,130700,130700407700,1,,,,,,0,727,51000,128,726,39000,128
1100,20160112,11, 1,2,       1801 ,,130700,130700,130700408400,1,,,,,,0,727,50000,128,726,39000,128
1100,20160112,11, 1,2,       1801 ,,130701,130701,130701005800,1,,,,,,0,727,31000,128,726,39000,128
1100,20160112,11, 1,2,       1801 ,,130701,130701,130701007900,1,,,,,,0,727,31000,128,726,41000,128
1100,20160112,11, 1,2,       1801 ,,130701,130701,130701008600,1,,,,,,0,727,30000,128,726,41000,128
1100,20160112,11, 1,2,       1801 ,,130701,130701,130701009400,1,,,,,,0,727,26000,128,726,41000,128
1100,20160112,11, 1,2,       1801 ,,130702,130702,130702819000,1,,,,,,0,727,27000,128,726,41000,128
1100,20160112,11, 1,2,       1801 ,,130704,130704,130704161300,1,,,,,,0,727,26000,128,726,41000,128
1100,20160112,11, 1,2,       1801 ,,130704,130704,130704782000,1,,,,,,0,727,24000,128,726,41000,128
1100,20160112,11, 1,2,       1801 ,,130704,130704,130704782800,1,,,,,,0,727,19000,128,726,41000,128
1100,20160112,11, 1,2,       1801 ,,130704,130704,130704783600,1,,,,,,0,727,13000,128,726,41000,128
1100,20160112,11, 1,2,       1801 ,,130704,130704,130704784400,1,,,,,,0,727,11000,128,726,41000,128
1100,20160112,11, 1,2,       1801 ,,130704,130704,130704785200,1,,,,,,0,727,9000,128,726,41000,128
1100,20160112,11, 1,2,       1801 ,130704,130704,130704,130704785900,1,727,48,0,2000,0,0,727,7000,128,726,41000,128
1100,20160112,11, 1,2,       1801 ,,130704,130704,130704786900,1,,,,,,0,727,7000,128,726,40000,128
1100,20160112,11, 1,2,       1801 ,,130704,130704,130704787800,1,,,,,,0,727,7000,128,726,39000,128
1100,20160112,11, 1,2,       1801 ,130704,130704,130704,130704788600,1,727,48,0,1000,0,0,727,6000,128,726,39000,128
1100,20160112,11, 1,2,       1801 ,,130704,130704,130704789600,1,,,,,,0,727,4000,128,726,39000,128
1100,20160112,11, 1,2,       1801 ,130704,130704,130704,130704790400,1,727,48,0,1000,0,0,727,3000,128,726,39000,128
1100,20160112,11, 1,2,       1801 ,,130704,130704,130704791400,1,,,,,,0,727,3000,128,726,40000,128
1100,20160112,11, 1,2,       1801 ,130704,130704,130704,130704793000,1,727,48,0,3000,0,0,728,63000,128,726,40000,128
1100,20160112,11, 1,2,       1801 ,,130704,130704,130704798000,1,,,,,,0,728,63000,128,727,1000,128
1100,20160112,11, 1,2,       1801 ,,130704,130704,130704798700,1,,,,,,0,728,60000,128,727,1000,128
1100,20160112,11, 1,2,       1801 ,,130704,130704,130704801300,1,,,,,,0,728,60000,128,727,2000,128
1100,20160112,11, 1,2,       1801 ,,130704,130704,130704802600,1,,,,,,0,728,56000,128,727,2000,128
1100,20160112,11, 1,2,       1801 ,,130704,130704,130704803300,1,,,,,,0,728,57000,128,727,2000,128
1100,20160112,11, 1,2,       1801 ,,130704,130704,130704804000,1,,,,,,0,728,55000,128,727,2000,128
1100,20160112,11, 1,2,       1801 ,,130704,130704,130704805300,1,,,,,,0,728,53000,128,727,2000,128
1100,20160112,11, 1,2,       1801 ,,130704,130704,130704807400,1,,,,,,0,728,54000,128,727,2000,128
1100,20160112,11, 1,2,       1801 ,,130704,130704,130704807900,1,,,,,,0,728,56000,128,727,2000,128
1100,20160112,11, 1,2,       1801 ,130704,130704,130704,130704810700,1,727,16,0,1000,0,0,728,56000,128,727,1000,128
1100,20160112,11, 1,2,       1801 ,130704,130704,130704,130704811700,1,727,16,0,1000,0,0,728,56000,128,726,51000,128
1100,20160112,11, 1,2,       1801 ,,130704,130704,130704813400,1,,,,,,0,728,56000,128,726,51000,128
1100,20160112,11, 1,2,       1801 ,,130704,130704,130704815900,1,,,,,,0,728,56000,128,726,55000,128
1100,20160112,11, 1,2,       1801 ,,130704,130704,130704817500,1,,,,,,0,728,56000,128,727,1000,128
1100,20160112,11, 1,2,       1801 ,,130704,130704,130704819300,1,,,,,,0,728,55000,128,727,1000,128
1100,20160112,11, 1,2,       1801 ,,130704,130704,130704820000,1,,,,,,0,728,53000,128,727,1000,128
1100,20160112,11, 1,2,       1801 ,,130704,130704,130704821400,1,,,,,,0,728,52000,128,727,1000,128
1100,20160112,11, 1,2,       1801 ,,130704,130704,130704822200,1,,,,,,0,728,48000,128,727,1000,128
1100,20160112,11, 1,2,       1801 ,130704,130704,130704,130704824600,1,727,16,0,1000,0,0,727,5000,128,726,59000,128
1100,20160112,11, 1,2,       1801 ,,130704,130704,130704825400,1,,,,,,0,727,5000,128,726,59000,128
1100,20160112,11, 1,2,       1801 ,130704,130704,130704,130704826900,1,727,48,0,4000,0,0,727,1000,128,726,59000,128
1100,20160112,11, 1,2,       1801 ,130704,130704,130704,130704827800,1,727,48,0,1000,0,0,728,48000,128,726,59000,128
1100,20160112,11, 1,2,       1801 ,,130704,130704,130704828700,1,,,,,,0,728,47000,128,726,59000,128
1100,20160112,11, 1,2,       1801 ,,130704,130704,130704831100,1,,,,,,0,728,49000,128,726,59000,128
1100,20160112,11, 1,2,       1801 ,,130704,130704,130704832100,1,,,,,,0,728,49000,128,726,58000,128
1100,20160112,11, 1,2,       1801 ,,130704,130704,130704834200,1,,,,,,0,727,2000,128,726,58000,128
1100,20160112,11, 1,2,       1801 ,,130704,130704,130704834900,1,,,,,,0,727,2000,128,726,54000,128
1100,20160112,11, 1,2,       1801 ,130704,130704,130704,130704835600,1,727,48,0,1000,0,0,727,1000,128,726,54000,128
1100,20160112,11, 1,2,       1801 ,130704,130704,130704,130704836500,1,727,48,0,1000,0,0,728,49000,128,726,54000,128
1100,20160112,11, 1,2,       1801 ,,130704,130704,130704838200,1,,,,,,0,728,47000,128,726,54000,128
1100,20160112,11, 1,2,       1801 ,,130704,130704,130704839000,1,,,,,,0,728,47000,128,727,1000,128
1100,20160112,11, 1,2,       1801 ,,130704,130704,130704839700,1,,,,,,0,728,47000,128,727,2000,128
1100,20160112,11, 1,2,       1801 ,,130704,130704,130704841300,1,,,,,,0,728,47000,128,727,1000,128
1100,20160112,11, 1,2,       1801 ,,130704,130704,130704842700,1,,,,,,0,728,48000,128,727,1000,128
1100,20160112,11, 1,2,       1801 ,,130704,130704,130704843300,1,,,,,,0,728,48000,128,727,3000,128
1100,20160112,11, 1,2,       1801 ,,130704,130704,130704846500,1,,,,,,0,728,48000,128,727,4000,128
1100,20160112,11, 1,2,       1801 ,,130704,130704,130704847700,1,,,,,,0,728,47000,128,727,4000,128
1100,20160112,11, 1,2,       1801 ,,130704,130704,130704897300,1,,,,,,0,728,47000,128,727,5000,128
1100,20160112,11, 1,2,       1801 ,,130706,130706,130706006000,1,,,,,,0,728,66000,128,727,5000,128
1100,20160112,11, 1,2,       1801 ,,130706,130706,130706007800,1,,,,,,0,728,67000,128,727,5000,128
1100,20160112,11, 1,2,       1801 ,,130706,130706,130706010900,1,,,,,,0,728,67000,128,727,4000,128
1100,20160112,11, 1,2,       1801 ,,130706,130706,130706012400,1,,,,,,0,728,67000,128,727,2000,128
1100,20160112,11, 1,2,       1801 ,,130706,130706,130706028200,1,,,,,,0,728,67000,128,727,3000,128
1100,20160112,11, 1,2,       1801 ,,130707,130707,130707559900,1,,,,,,0,728,82000,128,727,3000,128
1100,20160112,11, 1,2,       1801 ,,130709,130709,130709846300,1,,,,,,0,728,86000,128,727,3000,128
1100,20160112,11, 1,2,       1801 ,,130724,130724,130724011400,1,,,,,,0,728,90000,128,727,3000,128
1100,20160112,11, 1,2,       1801 ,,130726,130726,130726721100,1,,,,,,0,728,91000,128,727,3000,128
1100,20160112,11, 1,2,       1801 ,,130735,130735,130735590100,1,,,,,,0,728,91000,128,727,5000,128
1100,20160112,11, 1,2,       1801 ,,130737,130737,130737179800,1,,,,,,0,728,90000,128,727,5000,128
1100,20160112,11, 1,2,       1801 ,,130737,130737,130737186000,1,,,,,,0,728,90000,128,727,6000,128
1100,20160112,11, 1,2,       1801 ,,130737,130737,130737312500,1,,,,,,0,728,89000,128,727,6000,128
1100,20160112,11, 1,2,       1801 ,,130738,130738,130738334800,1,,,,,,0,728,90000,128,727,6000,128
1100,20160112,11, 1,2,       1801 ,,130738,130738,130738416000,1,,,,,,0,728,89000,128,727,6000,128
1100,20160112,11, 1,2,       1801 ,,130746,130746,130746401300,1,,,,,,0,728,89000,128,727,5000,128
1100,20160112,11, 1,2,       1801 ,,130747,130747,130747632400,1,,,,,,0,728,89000,128,727,6000,128
1100,20160112,11, 1,2,       1801 ,,130748,130748,130748498700,1,,,,,,0,728,89000,128,727,5000,128
1100,20160112,11, 1,2,       1801 ,130758,130758,130758,130758200500,1,728,48,0,1000,0,0,728,88000,128,727,4000,128
1100,20160112,11, 1,2,       1801 ,,130758,130758,130758202100,1,,,,,,0,728,87000,128,727,4000,128
1100,20160112,11, 1,2,       1801 ,,130758,130758,130758549300,1,,,,,,0,728,88000,128,727,4000,128
1100,20160112,11, 1,2,       1801 ,,130808,130808,130808334100,1,,,,,,0,728,92000,128,727,4000,128
1100,20160112,11, 1,2,       1801 ,,130808,130808,130808600000,1,,,,,,0,728,92000,128,727,5000,128
1100,20160112,11, 1,2,       1801 ,,130808,130808,130808961400,1,,,,,,0,728,93000,128,727,5000,128
1100,20160112,11, 1,2,       1801 ,,130809,130809,130809039700,1,,,,,,0,728,94000,128,727,5000,128
1100,20160112,11, 1,2,       1801 ,,130809,130809,130809161600,1,,,,,,0,728,94000,128,727,6000,128
1100,20160112,11, 1,2,       1801 ,,130816,130816,130816174600,1,,,,,,0,728,93000,128,727,6000,128
1100,20160112,11, 1,2,       1801 ,,130816,130816,130816205000,1,,,,,,0,728,94000,128,727,6000,128
1100,20160112,11, 1,2,       1801 ,,130816,130816,130816720400,1,,,,,,0,728,94000,128,727,7000,128
1100,20160112,11, 1,2,       1801 ,,130818,130818,130818421300,1,,,,,,0,728,93000,128,727,7000,128
1100,20160112,11, 1,2,       1801 ,,130827,130827,130827508300,1,,,,,,0,728,94000,128,727,7000,128
1100,20160112,11, 1,2,       1801 ,,130829,130829,130829613500,1,,,,,,0,728,93000,128,727,7000,128
1100,20160112,11, 1,2,       1801 ,130837,130837,130837,130837098000,1,727,16,0,5000,0,0,728,93000,128,727,2000,128
1100,20160112,11, 1,2,       1801 ,,130837,130837,130837101000,1,,,,,,0,728,93000,128,727,2000,128
1100,20160112,11, 1,2,       1801 ,,130837,130837,130837122100,1,,,,,,0,728,93000,128,727,1000,128
1100,20160112,11, 1,2,       1801 ,,130837,130837,130837132600,1,,,,,,0,728,93000,128,727,4000,128
1100,20160112,11, 1,2,       1801 ,,130837,130837,130837175000,1,,,,,,0,728,93000,128,727,5000,128
1100,20160112,11, 1,2,       1801 ,130837,130837,130837,130837557500,1,727,16,0,1000,0,0,728,93000,128,727,4000,128
1100,20160112,11, 1,2,       1801 ,,130837,130837,130837559800,1,,,,,,0,728,94000,128,727,4000,128
1100,20160112,11, 1,2,       1801 ,,130837,130837,130837566500,1,,,,,,0,728,93000,128,727,4000,128
1100,20160112,11, 1,2,       1801 ,,130837,130837,130837721500,1,,,,,,0,728,94000,128,727,4000,128
1100,20160112,11, 1,2,       1801 ,,130841,130841,130841870600,1,,,,,,0,728,95000,128,727,4000,128
1100,20160112,11, 1,2,       1801 ,,130842,130842,130842145800,1,,,,,,0,728,95000,128,727,5000,128
1100,20160112,11, 1,2,       1801 ,,130845,130845,130845631100,1,,,,,,0,728,95000,128,727,6000,128
1100,20160112,11, 1,2,       1801 ,,130848,130848,130848771100,1,,,,,,0,728,84000,128,727,6000,128
1100,20160112,11, 1,2,       1801 ,,130850,130850,130850407100,1,,,,,,0,728,80000,128,727,6000,128
1100,20160112,11, 1,2,       1801 ,,130901,130901,130901250700,1,,,,,,0,728,79000,128,727,6000,128
1100,20160112,11, 1,2,       1801 ,,130901,130901,130901252100,1,,,,,,0,728,78000,128,727,6000,128
1100,20160112,11, 1,2,       1801 ,,130901,130901,130901308000,1,,,,,,0,728,78000,128,727,7000,128
1100,20160112,11, 1,2,       1801 ,,130904,130904,130904302100,1,,,,,,0,728,79000,128,727,7000,128
1100,20160112,11, 1,2,       1801 ,,130904,130904,130904302900,1,,,,,,0,728,79000,128,727,6000,128
1100,20160112,11, 1,2,       1801 ,,130905,130905,130905718800,1,,,,,,0,728,79000,128,727,7000,128
1100,20160112,11, 1,2,       1801 ,,130907,130907,130907854800,1,,,,,,0,728,78000,128,727,7000,128
1100,20160112,11, 1,2,       1801 ,,130909,130909,130909001400,1,,,,,,0,728,79000,128,727,7000,128
1100,20160112,11, 1,2,       1801 ,,130921,130921,130921000700,1,,,,,,0,728,79000,128,727,17000,128
1100,20160112,11, 1,2,       1801 ,,130921,130921,130921002900,1,,,,,,0,728,74000,128,727,17000,128
1100,20160112,11, 1,2,       1801 ,,130922,130922,130922005500,1,,,,,,0,728,55000,128,727,17000,128
1100,20160112,11, 1,2,       1801 ,,130926,130926,130926185400,1,,,,,,0,728,54000,128,727,17000,128
1100,20160112,11, 1,2,       1801 ,,130926,130926,130926186900,1,,,,,,0,728,54000,128,727,18000,128
1100,20160112,11, 1,2,       1801 ,,130926,130926,130926188200,1,,,,,,0,728,54000,128,727,23000,128
1100,20160112,11, 1,2,       1801 ,,130926,130926,130926188800,1,,,,,,0,728,54000,128,727,25000,128
1100,20160112,11, 1,2,       1801 ,,130926,130926,130926189600,1,,,,,,0,728,54000,128,727,26000,128
1100,20160112,11, 1,2,       1801 ,,130926,130926,130926545400,1,,,,,,0,728,50000,128,727,26000,128
1100,20160112,11, 1,2,       1801 ,,130929,130929,130929851400,1,,,,,,0,728,51000,128,727,26000,128
1100,20160112,11, 1,2,       1801 ,,130944,130944,130944404900,1,,,,,,0,728,51000,128,727,28000,128
1100,20160112,11, 1,2,       1801 ,,130947,130947,130947866200,1,,,,,,0,728,50000,128,727,28000,128
1100,20160112,11, 1,2,       1801 ,,130949,130949,130949813100,1,,,,,,0,728,51000,128,727,28000,128
1100,20160112,11, 1,2,       1801 ,,130949,130949,130949902000,1,,,,,,0,728,50000,128,727,28000,128
1100,20160112,11, 1,2,       1801 ,,130949,130949,130949938600,1,,,,,,0,728,51000,128,727,28000,128
1100,20160112,11, 1,2,       1801 ,,130949,130949,130949947200,1,,,,,,0,728,50000,128,727,28000,128
1100,20160112,11, 1,2,       1801 ,,130952,130952,130952141600,1,,,,,,0,728,50000,128,727,29000,128
1100,20160112,11, 1,2,       1801 ,,130952,130952,130952287800,1,,,,,,0,728,49000,128,727,29000,128
1100,20160112,11, 1,2,       1801 ,,130952,130952,130952289400,1,,,,,,0,728,45000,128,727,29000,128
1100,20160112,11, 1,2,       1801 ,,130952,130952,130952297400,1,,,,,,0,728,40000,128,727,29000,128
1100,20160112,11, 1,2,       1801 ,,130952,130952,130952299300,1,,,,,,0,728,39000,128,727,29000,128
1100,20160112,11, 1,2,       1801 ,,130952,130952,130952300100,1,,,,,,0,728,35000,128,727,29000,128
1100,20160112,11, 1,2,       1801 ,,130952,130952,130952301300,1,,,,,,0,728,35000,128,727,35000,128
1100,20160112,11, 1,2,       1801 ,,130952,130952,130952302500,1,,,,,,0,728,34000,128,727,35000,128
1100,20160112,11, 1,2,       1801 ,,130952,130952,130952305800,1,,,,,,0,728,32000,128,727,35000,128
1100,20160112,11, 1,2,       1801 ,,130952,130952,130952306600,1,,,,,,0,728,32000,128,727,44000,128
1100,20160112,11, 1,2,       1801 ,,130952,130952,130952307800,1,,,,,,0,728,30000,128,727,44000,128
1100,20160112,11, 1,2,       1801 ,,130952,130952,130952308500,1,,,,,,0,728,29000,128,727,44000,128
1100,20160112,11, 1,2,       1801 ,,130952,130952,130952309200,1,,,,,,0,728,27000,128,727,44000,128
1100,20160112,11, 1,2,       1801 ,,130952,130952,130952310000,1,,,,,,0,728,19000,128,727,44000,128
1100,20160112,11, 1,2,       1801 ,,130952,130952,130952310700,1,,,,,,0,728,15000,128,727,44000,128
1100,20160112,11, 1,2,       1801 ,,130952,130952,130952311400,1,,,,,,0,728,15000,128,727,46000,128
1100,20160112,11, 1,2,       1801 ,130952,130952,130952,130952312200,1,728,48,0,2000,0,0,728,13000,128,727,46000,128
1100,20160112,11, 1,2,       1801 ,,130952,130952,130952313200,1,,,,,,0,728,13000,128,727,45000,128
1100,20160112,11, 1,2,       1801 ,,130952,130952,130952314000,1,,,,,,0,728,13000,128,727,44000,128
1100,20160112,11, 1,2,       1801 ,,130952,130952,130952315100,1,,,,,,0,728,13000,128,727,45000,128
1100,20160112,11, 1,2,       1801 ,130952,130952,130952,130952315800,1,728,48,0,1000,0,0,728,12000,128,727,45000,128
1100,20160112,11, 1,2,       1801 ,,130952,130952,130952316800,1,,,,,,0,728,12000,128,727,45000,128
1100,20160112,11, 1,2,       1801 ,,130952,130952,130952318400,1,,,,,,0,728,12000,128,727,44000,128
1100,20160112,11, 1,2,       1801 ,130952,130952,130952,130952319300,1,728,48,0,12000,0,0,729,76000,128,727,44000,128
1100,20160112,11, 1,2,       1801 ,,130952,130952,130952322000,1,,,,,,0,729,76000,128,728,1000,128
1100,20160112,11, 1,2,       1801 ,,130952,130952,130952324700,1,,,,,,0,729,76000,128,728,7000,128
1100,20160112,11, 1,2,       1801 ,,130952,130952,130952326100,1,,,,,,0,729,76000,128,728,8000,128
1100,20160112,11, 1,2,       1801 ,,130952,130952,130952327400,1,,,,,,0,729,73000,128,728,8000,128
1100,20160112,11, 1,2,       1801 ,,130952,130952,130952329500,1,,,,,,0,729,67000,128,728,8000,128
1100,20160112,11, 1,2,       1801 ,,130952,130952,130952332900,1,,,,,,0,729,68000,128,728,8000,128
1100,20160112,11, 1,2,       1801 ,,130952,130952,130952333500,1,,,,,,0,729,70000,128,728,8000,128
1100,20160112,11, 1,2,       1801 ,,130952,130952,130952336800,1,,,,,,0,729,68000,128,728,8000,128
1100,20160112,11, 1,2,       1801 ,,130952,130952,130952341100,1,,,,,,0,729,68000,128,728,9000,128
1100,20160112,11, 1,2,       1801 ,,130952,130952,130952344000,1,,,,,,0,729,63000,128,728,9000,128
1100,20160112,11, 1,2,       1801 ,,130952,130952,130952345400,1,,,,,,0,729,63000,128,728,11000,128
1100,20160112,11, 1,2,       1801 ,,130952,130952,130952346800,1,,,,,,0,729,62000,128,728,11000,128
1100,20160112,11, 1,2,       1801 ,,130952,130952,130952348100,1,,,,,,0,729,59000,128,728,11000,128
1100,20160112,11, 1,2,       1801 ,,130952,130952,130952349500,1,,,,,,0,729,55000,128,728,11000,128
1100,20160112,11, 1,2,       1801 ,,130952,130952,130952353600,1,,,,,,0,729,50000,128,728,11000,128
1100,20160112,11, 1,2,       1801 ,,130952,130952,130952364300,1,,,,,,0,729,50000,128,728,14000,128
1100,20160112,11, 1,2,       1801 ,130952,130952,130952,130952830900,1,728,16,0,10000,0,0,729,50000,128,728,4000,128
1100,20160112,11, 1,2,       1801 ,,130952,130952,130952832900,1,,,,,,0,729,50000,128,728,4000,128
1100,20160112,11, 1,2,       1801 ,,130952,130952,130952834000,1,,,,,,0,729,51000,128,728,4000,128
1100,20160112,11, 1,2,       1801 ,,130952,130952,130952866300,1,,,,,,0,729,50000,128,728,4000,128
1100,20160112,11, 1,2,       1801 ,,130952,130952,130952938800,1,,,,,,0,729,50000,128,728,5000,128
1100,20160112,11, 1,2,       1801 ,,130954,130954,130954364000,1,,,,,,0,729,50000,128,728,6000,128
1100,20160112,11, 1,2,       1801 ,,130954,130954,130954365000,1,,,,,,0,729,49000,128,728,6000,128
1100,20160112,11, 1,2,       1801 ,,130958,130958,130958236100,1,,,,,,0,729,52000,128,728,6000,128
1100,20160112,11, 1,2,       1801 ,,130958,130958,130958237600,1,,,,,,0,729,53000,128,728,6000,128
1100,20160112,11, 1,2,       1801 ,,131000,131000,131000374800,1,,,,,,0,729,57000,128,728,6000,128
1100,20160112,11, 1,2,       1801 ,,131000,131000,131000376700,1,,,,,,0,729,62000,128,728,6000,128
1100,20160112,11, 1,2,       1801 ,,131000,131000,131000431700,1,,,,,,0,729,63000,128,728,6000,128
1100,20160112,11, 1,2,       1801 ,131003,131003,131003,131003936700,1,728,16,0,2000,0,0,729,63000,128,728,4000,128
1100,20160112,11, 1,2,       1801 ,131003,131003,131003,131003938500,1,728,16,0,4000,0,0,729,63000,128,727,63000,128
1100,20160112,11, 1,2,       1801 ,,131003,131003,131003940400,1,,,,,,0,728,2000,128,727,63000,128
1100,20160112,11, 1,2,       1801 ,,131003,131003,131003945700,1,,,,,,0,728,2000,128,727,62000,128
1100,20160112,11, 1,2,       1801 ,,131003,131003,131003949300,1,,,,,,0,728,8000,128,727,62000,128
1100,20160112,11, 1,2,       1801 ,,131003,131003,131003950300,1,,,,,,0,728,8000,128,727,57000,128
1100,20160112,11, 1,2,       1801 ,,131003,131003,131003952100,1,,,,,,0,728,9000,128,727,57000,128
1100,20160112,11, 1,2,       1801 ,,131003,131003,131003953500,1,,,,,,0,728,11000,128,727,57000,128
1100,20160112,11, 1,2,       1801 ,,131003,131003,131003954800,1,,,,,,0,728,11000,128,727,51000,128
1100,20160112,11, 1,2,       1801 ,,131003,131003,131003956200,1,,,,,,0,728,15000,128,727,51000,128
1100,20160112,11, 1,2,       1801 ,,131003,131003,131003956800,1,,,,,,0,728,15000,128,727,46000,128
1100,20160112,11, 1,2,       1801 ,,131003,131003,131003958400,1,,,,,,0,728,16000,128,727,46000,128
1100,20160112,11, 1,2,       1801 ,,131003,131003,131003959800,1,,,,,,0,728,18000,128,727,46000,128
1100,20160112,11, 1,2,       1801 ,,131003,131003,131003960500,1,,,,,,0,728,20000,128,727,46000,128
1100,20160112,11, 1,2,       1801 ,,131003,131003,131003962000,1,,,,,,0,728,20000,128,727,42000,128
1100,20160112,11, 1,2,       1801 ,,131003,131003,131003963600,1,,,,,,0,728,20000,128,727,40000,128
1100,20160112,11, 1,2,       1801 ,,131003,131003,131003964700,1,,,,,,0,728,20000,128,727,39000,128
1100,20160112,11, 1,2,       1801 ,,131003,131003,131003965500,1,,,,,,0,728,20000,128,727,34000,128
1100,20160112,11, 1,2,       1801 ,,131003,131003,131003970500,1,,,,,,0,728,21000,128,727,34000,128
1100,20160112,11, 1,2,       1801 ,,131003,131003,131003974800,1,,,,,,0,728,22000,128,727,34000,128
1100,20160112,11, 1,2,       1801 ,,131004,131004,131004551600,1,,,,,,0,728,22000,128,727,35000,128
1100,20160112,11, 1,2,       1801 ,,131004,131004,131004559600,1,,,,,,0,728,22000,128,727,31000,128
1100,20160112,11, 1,2,       1801 ,,131007,131007,131007499300,1,,,,,,0,728,22000,128,727,30000,128
1100,20160112,11, 1,2,       1801 ,,131007,131007,131007501000,1,,,,,,0,728,25000,128,727,30000,128
1100,20160112,11, 1,2,       1801 ,,131007,131007,131007502200,1,,,,,,0,728,25000,128,727,29000,128
1100,20160112,11, 1,2,       1801 ,,131008,131008,131008579700,1,,,,,,0,728,25000,128,727,30000,128
1100,20160112,11, 1,2,       1801 ,,131008,131008,131008844700,1,,,,,,0,728,25000,128,727,31000,128
1100,20160112,11, 1,2,       1801 ,,131009,131009,131009333400,1,,,,,,0,728,25000,128,727,30000,128
1100,20160112,11, 1,2,       1801 ,,131010,131010,131010285700,1,,,,,,0,728,26000,128,727,30000,128
1100,20160112,11, 1,2,       1801 ,,131012,131012,131012875100,1,,,,,,0,728,26000,128,727,31000,128
1100,20160112,11, 1,2,       1801 ,,131014,131014,131014506600,1,,,,,,0,728,26000,128,727,30000,128
1100,20160112,11, 1,2,       1801 ,,131014,131014,131014508100,1,,,,,,0,728,27000,128,727,30000,128
1100,20160112,11, 1,2,       1801 ,,131017,131017,131017521800,1,,,,,,0,728,27000,128,727,31000,128
1100,20160112,11, 1,2,       1801 ,,131017,131017,131017572000,1,,,,,,0,728,26000,128,727,31000,128
1100,20160112,11, 1,2,       1801 ,,131017,131017,131017573500,1,,,,,,0,728,26000,128,727,36000,128
1100,20160112,11, 1,2,       1801 ,,131021,131021,131021055000,1,,,,,,0,728,26000,128,727,39000,128
1100,20160112,11, 1,2,       1801 ,,131025,131025,131025600000,1,,,,,,0,728,26000,128,727,35000,128
1100,20160112,11, 1,2,       1801 ,,131025,131025,131025601400,1,,,,,,0,728,26000,128,727,36000,128
1100,20160112,11, 1,2,       1801 ,,131028,131028,131028230000,1,,,,,,0,728,22000,128,727,36000,128
1100,20160112,11, 1,2,       1801 ,,131028,131028,131028232100,1,,,,,,0,728,21000,128,727,36000,128
1100,20160112,11, 1,2,       1801 ,,131028,131028,131028233000,1,,,,,,0,728,19000,128,727,36000,128
1100,20160112,11, 1,2,       1801 ,,131028,131028,131028234900,1,,,,,,0,728,18000,128,727,36000,128
1100,20160112,11, 1,2,       1801 ,,131028,131028,131028318900,1,,,,,,0,728,19000,128,727,36000,128
1100,20160112,11, 1,2,       1801 ,,131029,131029,131029271500,1,,,,,,0,728,17000,128,727,36000,128
1100,20160112,11, 1,2,       1801 ,,131029,131029,131029272300,1,,,,,,0,728,16000,128,727,36000,128
1100,20160112,11, 1,2,       1801 ,,131029,131029,131029273100,1,,,,,,0,728,13000,128,727,36000,128
1100,20160112,11, 1,2,       1801 ,,131031,131031,131031179900,1,,,,,,0,728,15000,128,727,36000,128
1100,20160112,11, 1,2,       1801 ,,131040,131040,131040189100,1,,,,,,0,728,15000,128,727,35000,128
1100,20160112,11, 1,2,       1801 ,,131041,131041,131041588600,1,,,,,,0,728,16000,128,727,35000,128
1100,20160112,11, 1,2,       1801 ,,131041,131041,131041590600,1,,,,,,0,728,19000,128,727,35000,128
1100,20160112,11, 1,2,       1801 ,,131041,131041,131041592700,1,,,,,,0,728,21000,128,727,35000,128
1100,20160112,11, 1,2,       1801 ,,131041,131041,131041681600,1,,,,,,0,728,22000,128,727,35000,128
1100,20160112,11, 1,2,       1801 ,,131051,131051,131051590100,1,,,,,,0,728,23000,128,727,35000,128
1100,20160112,11, 1,2,       1801 ,,131051,131051,131051591700,1,,,,,,0,728,28000,128,727,35000,128
1100,20160112,11, 1,2,       1801 ,,131052,131052,131052401500,1,,,,,,0,728,27000,128,727,35000,128
1100,20160112,11, 1,2,       1801 ,,131110,131110,131110172900,1,,,,,,0,728,27000,128,727,36000,128
1100,20160112,11, 1,2,       1801 ,,131112,131112,131112920800,1,,,,,,0,728,27000,128,727,35000,128
1100,20160112,11, 1,2,       1801 ,,131112,131112,131112979300,1,,,,,,0,728,28000,128,727,35000,128
1100,20160112,11, 1,2,       1801 ,,131112,131112,131112980600,1,,,,,,0,728,28000,128,727,34000,128
1100,20160112,11, 1,2,       1801 ,,131113,131113,131113059900,1,,,,,,0,728,28000,128,727,31000,128
1100,20160112,11, 1,2,       1801 ,,131113,131113,131113061300,1,,,,,,0,728,32000,128,727,31000,128
1100,20160112,11, 1,2,       1801 ,,131116,131116,131116661200,1,,,,,,0,728,31000,128,727,31000,128
1100,20160112,11, 1,2,       1801 ,131124,131124,131124,131124922000,1,728,48,0,4000,0,0,728,27000,128,727,31000,128
1100,20160112,11, 1,2,       1801 ,,131125,131125,131125000600,1,,,,,,0,728,27000,128,727,32000,128
1100,20160112,11, 1,2,       1801 ,,131125,131125,131125026700,1,,,,,,0,728,26000,128,727,32000,128
1100,20160112,11, 1,2,       1801 ,,131125,131125,131125699900,1,,,,,,0,728,26000,128,727,31000,128
1100,20160112,11, 1,2,       1801 ,,131130,131130,131130880600,1,,,,,,0,728,27000,128,727,31000,128
1100,20160112,11, 1,2,       1801 ,,131130,131130,131130883300,1,,,,,,0,728,28000,128,727,31000,128
1100,20160112,11, 1,2,       1801 ,,131132,131132,131132632500,1,,,,,,0,728,27000,128,727,31000,128
1100,20160112,11, 1,2,       1801 ,,131133,131133,131133871400,1,,,,,,0,728,28000,128,727,31000,128
1100,20160112,11, 1,2,       1801 ,,131144,131144,131144591400,1,,,,,,0,728,27000,128,727,31000,128
1100,20160112,11, 1,2,       1801 ,,131146,131146,131146271000,1,,,,,,0,728,28000,128,727,31000,128
1100,20160112,11, 1,2,       1801 ,,131146,131146,131146381200,1,,,,,,0,728,30000,128,727,31000,128
1100,20160112,11, 1,2,       1801 ,,131146,131146,131146382200,1,,,,,,0,728,30000,128,727,29000,128
1100,20160112,11, 1,2,       1801 ,,131146,131146,131146558700,1,,,,,,0,728,28000,128,727,29000,128
1100,20160112,11, 1,2,       1801 ,,131147,131147,131147771900,1,,,,,,0,728,30000,128,727,29000,128
1100,20160112,11, 1,2,       1801 ,,131152,131152,131152469300,1,,,,,,0,728,29000,128,727,29000,128
1100,20160112,11, 1,2,       1801 ,,131153,131153,131153848300,1,,,,,,0,728,27000,128,727,29000,128
1100,20160112,11, 1,2,       1801 ,,131156,131156,131156807600,1,,,,,,0,728,28000,128,727,29000,128
1100,20160112,11, 1,2,       1801 ,,131157,131157,131157639300,1,,,,,,0,728,27000,128,727,29000,128
1100,20160112,11, 1,2,       1801 ,,131158,131158,131158078700,1,,,,,,0,728,27000,128,727,31000,128
1100,20160112,11, 1,2,       1801 ,131158,131158,131158,131158168600,1,728,48,0,1000,0,0,728,26000,128,727,30000,128
1100,20160112,11, 1,2,       1801 ,,131200,131200,131200291100,1,,,,,,0,728,26000,128,727,30000,128
1100,20160112,11, 1,2,       1801 ,131201,131201,131201,131201588600,1,728,48,0,1000,0,0,728,25000,128,727,30000,128
1100,20160112,11, 1,2,       1801 ,,131202,131202,131202799500,1,,,,,,0,728,26000,128,727,30000,128
1100,20160112,11, 1,2,       1801 ,,131203,131203,131203411100,1,,,,,,0,728,26000,128,727,31000,128
1100,20160112,11, 1,2,       1801 ,,131206,131206,131206723700,1,,,,,,0,728,30000,128,727,31000,128
1100,20160112,11, 1,2,       1801 ,,131208,131208,131208579800,1,,,,,,0,728,30000,128,727,32000,128
1100,20160112,11, 1,2,       1801 ,,131208,131208,131208715400,1,,,,,,0,728,29000,128,727,32000,128
1100,20160112,11, 1,2,       1801 ,,131210,131210,131210121400,1,,,,,,0,728,30000,128,727,32000,128
1100,20160112,11, 1,2,       1801 ,,131212,131212,131212351600,1,,,,,,0,728,29000,128,727,32000,128
1100,20160112,11, 1,2,       1801 ,,131212,131212,131212951800,1,,,,,,0,728,30000,128,727,32000,128
1100,20160112,11, 1,2,       1801 ,,131214,131214,131214440500,1,,,,,,0,728,30000,128,727,30000,128
1100,20160112,11, 1,2,       1801 ,,131214,131214,131214441400,1,,,,,,0,728,32000,128,727,30000,128
1100,20160112,11, 1,2,       1801 ,,131218,131218,131218815500,1,,,,,,0,728,32000,128,727,31000,128
1100,20160112,11, 1,2,       1801 ,,131219,131219,131219844300,1,,,,,,0,728,30000,128,727,31000,128
1100,20160112,11, 1,2,       1801 ,,131219,131219,131219851300,1,,,,,,0,728,29000,128,727,31000,128
1100,20160112,11, 1,2,       1801 ,,131219,131219,131219873200,1,,,,,,0,728,29000,128,727,33000,128
1100,20160112,11, 1,2,       1801 ,,131222,131222,131222578100,1,,,,,,0,728,26000,128,727,33000,128
1100,20160112,11, 1,2,       1801 ,,131227,131227,131227032000,1,,,,,,0,728,21000,128,727,33000,128
1100,20160112,11, 1,2,       1801 ,,131227,131227,131227034100,1,,,,,,0,728,19000,128,727,33000,128
1100,20160112,11, 1,2,       1801 ,,131227,131227,131227034800,1,,,,,,0,728,18000,128,727,33000,128
1100,20160112,11, 1,2,       1801 ,,131227,131227,131227036100,1,,,,,,0,728,17000,128,727,33000,128
1100,20160112,11, 1,2,       1801 ,,131227,131227,131227072600,1,,,,,,0,728,17000,128,727,34000,128
1100,20160112,11, 1,2,       1801 ,,131227,131227,131227074000,1,,,,,,0,728,15000,128,727,34000,128
1100,20160112,11, 1,2,       1801 ,,131227,131227,131227074700,1,,,,,,0,728,15000,128,727,39000,128
1100,20160112,11, 1,2,       1801 ,,131227,131227,131227397000,1,,,,,,0,728,14000,128,727,39000,128
1100,20160112,11, 1,2,       1801 ,,131227,131227,131227425400,1,,,,,,0,728,13000,128,727,39000,128
1100,20160112,11, 1,2,       1801 ,,131229,131229,131229200000,1,,,,,,0,728,13000,128,727,38000,128
1100,20160112,11, 1,2,       1801 ,,131231,131231,131231052900,1,,,,,,0,728,13000,128,727,41000,128
1100,20160112,11, 1,2,       1801 ,,131231,131231,131231861600,1,,,,,,0,728,13000,128,727,42000,128
1100,20160112,11, 1,2,       1801 ,,131231,131231,131231952000,1,,,,,,0,728,11000,128,727,42000,128
1100,20160112,11, 1,2,       1801 ,,131232,131232,131232028700,1,,,,,,0,728,9000,128,727,42000,128
1100,20160112,11, 1,2,       1801 ,,131232,131232,131232030400,1,,,,,,0,728,9000,128,727,43000,128
1100,20160112,11, 1,2,       1801 ,,131232,131232,131232230300,1,,,,,,0,728,11000,128,727,43000,128
1100,20160112,11, 1,2,       1801 ,,131232,131232,131232231600,1,,,,,,0,728,11000,128,727,42000,128
1100,20160112,11, 1,2,       1801 ,,131232,131232,131232538000,1,,,,,,0,728,11000,128,727,46000,128
1100,20160112,11, 1,2,       1801 ,,131235,131235,131235691400,1,,,,,,0,728,11000,128,727,45000,128
1100,20160112,11, 1,2,       1801 ,,131239,131239,131239416100,1,,,,,,0,728,11000,128,727,46000,128
1100,20160112,11, 1,2,       1801 ,,131239,131239,131239471500,1,,,,,,0,728,11000,128,727,45000,128
1100,20160112,11, 1,2,       1801 ,,131242,131242,131242694800,1,,,,,,0,728,12000,128,727,45000,128
1100,20160112,11, 1,2,       1801 ,,131244,131244,131244559100,1,,,,,,0,728,11000,128,727,45000,128
1100,20160112,11, 1,2,       1801 ,,131249,131249,131249868900,1,,,,,,0,728,11000,128,727,46000,128
1100,20160112,11, 1,2,       1801 ,,131251,131251,131251423100,1,,,,,,0,728,11000,128,727,45000,128
1100,20160112,11, 1,2,       1801 ,131251,131251,131251,131251434100,1,728,48,0,1000,0,0,728,10000,128,727,45000,128
1100,20160112,11, 1,2,       1801 ,,131253,131253,131253687300,1,,,,,,0,728,10000,128,727,44000,128
1100,20160112,11, 1,2,       1801 ,,131253,131253,131253699400,1,,,,,,0,728,10000,128,727,45000,128
1100,20160112,11, 1,2,       1801 ,,131254,131254,131254152900,1,,,,,,0,728,10000,128,727,44000,128
1100,20160112,11, 1,2,       1801 ,,131254,131254,131254154300,1,,,,,,0,728,10000,128,727,45000,128
1100,20160112,11, 1,2,       1801 ,,131254,131254,131254280200,1,,,,,,0,728,11000,128,727,45000,128
1100,20160112,11, 1,2,       1801 ,,131254,131254,131254690800,1,,,,,,0,728,12000,128,727,45000,128
1100,20160112,11, 1,2,       1801 ,,131255,131255,131255664800,1,,,,,,0,728,14000,128,727,45000,128
1100,20160112,11, 1,2,       1801 ,,131255,131255,131255666900,1,,,,,,0,728,15000,128,727,45000,128
1100,20160112,11, 1,2,       1801 ,,131256,131256,131256536600,1,,,,,,0,728,15000,128,727,41000,128
1100,20160112,11, 1,2,       1801 ,,131256,131256,131256538800,1,,,,,,0,728,17000,128,727,41000,128
1100,20160112,11, 1,2,       1801 ,,131301,131301,131301583300,1,,,,,,0,728,16000,128,727,41000,128
1100,20160112,11, 1,2,       1801 ,,131304,131304,131304444600,1,,,,,,0,728,14000,128,727,41000,128
1100,20160112,11, 1,2,       1801 ,,131304,131304,131304446800,1,,,,,,0,728,12000,128,727,41000,128
1100,20160112,11, 1,2,       1801 ,,131304,131304,131304449200,1,,,,,,0,728,11000,128,727,41000,128
1100,20160112,11, 1,2,       1801 ,,131304,131304,131304736600,1,,,,,,0,728,11000,128,727,42000,128
1100,20160112,11, 1,2,       1801 ,,131306,131306,131306011400,1,,,,,,0,728,12000,128,727,42000,128
1100,20160112,11, 1,2,       1801 ,,131312,131312,131312816900,1,,,,,,0,728,13000,128,727,42000,128
1100,20160112,11, 1,2,       1801 ,,131312,131312,131312818600,1,,,,,,0,728,18000,128,727,42000,128
1100,20160112,11, 1,2,       1801 ,,131312,131312,131312820200,1,,,,,,0,728,19000,128,727,42000,128
1100,20160112,11, 1,2,       1801 ,,131312,131312,131312820800,1,,,,,,0,728,21000,128,727,42000,128
1100,20160112,11, 1,2,       1801 ,,131312,131312,131312821500,1,,,,,,0,728,22000,128,727,42000,128
1100,20160112,11, 1,2,       1801 ,,131315,131315,131315429900,1,,,,,,0,728,22000,128,727,37000,128
1100,20160112,11, 1,2,       1801 ,,131315,131315,131315431400,1,,,,,,0,728,25000,128,727,37000,128
1100,20160112,11, 1,2,       1801 ,,131315,131315,131315432100,1,,,,,,0,728,27000,128,727,37000,128
1100,20160112,11, 1,2,       1801 ,,131315,131315,131315432700,1,,,,,,0,728,27000,128,727,36000,128
1100,20160112,11, 1,2,       1801 ,,131320,131320,131320610700,1,,,,,,0,728,26000,128,727,36000,128
1100,20160112,11, 1,2,       1801 ,,131323,131323,131323958600,1,,,,,,0,728,26000,128,727,38000,128
1100,20160112,11, 1,2,       1801 ,,131326,131326,131326231700,1,,,,,,0,728,27000,128,727,38000,128
1100,20160112,11, 1,2,       1801 ,,131326,131326,131326269900,1,,,,,,0,728,29000,128,727,38000,128
1100,20160112,11, 1,2,       1801 ,,131328,131328,131328127600,1,,,,,,0,728,27000,128,727,38000,128
1100,20160112,11, 1,2,       1801 ,131337,131337,131337,131337360700,1,728,48,0,1000,0,0,728,26000,128,727,38000,128
1100,20160112,11, 1,2,       1801 ,,131338,131338,131338801300,1,,,,,,0,728,25000,128,727,38000,128
1100,20160112,11, 1,2,       1801 ,131358,131358,131358,131358224000,1,728,48,0,1000,0,0,728,24000,128,727,37000,128
1100,20160112,11, 1,2,       1801 ,,131358,131358,131358459300,1,,,,,,0,728,24000,128,727,38000,128
1100,20160112,11, 1,2,       1801 ,,131358,131358,131358460700,1,,,,,,0,728,21000,128,727,38000,128
1100,20160112,11, 1,2,       1801 ,,131358,131358,131358462400,1,,,,,,0,728,20000,128,727,38000,128
1100,20160112,11, 1,2,       1801 ,,131358,131358,131358463700,1,,,,,,0,728,18000,128,727,38000,128
1100,20160112,11, 1,2,       1801 ,,131358,131358,131358464900,1,,,,,,0,728,17000,128,727,38000,128
1100,20160112,11, 1,2,       1801 ,,131358,131358,131358465600,1,,,,,,0,728,15000,128,727,38000,128
1100,20160112,11, 1,2,       1801 ,,131359,131359,131359808800,1,,,,,,0,728,19000,128,727,38000,128
1100,20160112,11, 1,2,       1801 ,,131359,131359,131359810800,1,,,,,,0,728,21000,128,727,38000,128
1100,20160112,11, 1,2,       1801 ,,131403,131403,131403038100,1,,,,,,0,728,21000,128,727,37000,128
1100,20160112,11, 1,2,       1801 ,,131403,131403,131403040100,1,,,,,,0,728,22000,128,727,37000,128
1100,20160112,11, 1,2,       1801 ,,131403,131403,131403886400,1,,,,,,0,728,22000,128,727,38000,128
1100,20160112,11, 1,2,       1801 ,,131403,131403,131403888300,1,,,,,,0,728,21000,128,727,38000,128
1100,20160112,11, 1,2,       1801 ,,131405,131405,131405501300,1,,,,,,0,728,20000,128,727,38000,128
1100,20160112,11, 1,2,       1801 ,,131405,131405,131405502600,1,,,,,,0,728,20000,128,727,39000,128
1100,20160112,11, 1,2,       1801 ,,131405,131405,131405503300,1,,,,,,0,728,21000,128,727,39000,128
1100,20160112,11, 1,2,       1801 ,,131407,131407,131407450800,1,,,,,,0,728,21000,128,727,38000,128
1100,20160112,11, 1,2,       1801 ,,131407,131407,131407453200,1,,,,,,0,728,22000,128,727,38000,128
1100,20160112,11, 1,2,       1801 ,,131408,131408,131408557200,1,,,,,,0,728,22000,128,727,39000,128
1100,20160112,11, 1,2,       1801 ,,131408,131408,131408559000,1,,,,,,0,728,21000,128,727,39000,128
1100,20160112,11, 1,2,       1801 ,,131410,131410,131410560400,1,,,,,,0,728,21000,128,727,40000,128
1100,20160112,11, 1,2,       1801 ,,131411,131411,131411692100,1,,,,,,0,728,21000,128,727,39000,128
1100,20160112,11, 1,2,       1801 ,,131411,131411,131411694100,1,,,,,,0,728,22000,128,727,39000,128
1100,20160112,11, 1,2,       1801 ,,131417,131417,131417021300,1,,,,,,0,728,22000,128,727,40000,128
1100,20160112,11, 1,2,       1801 ,,131417,131417,131417023900,1,,,,,,0,728,21000,128,727,40000,128
1100,20160112,11, 1,2,       1801 ,,131419,131419,131419261900,1,,,,,,0,728,21000,128,727,39000,128
1100,20160112,11, 1,2,       1801 ,,131419,131419,131419264400,1,,,,,,0,728,22000,128,727,39000,128
1100,20160112,11, 1,2,       1801 ,,131419,131419,131419832300,1,,,,,,0,728,22000,128,727,40000,128
1100,20160112,11, 1,2,       1801 ,,131419,131419,131419834700,1,,,,,,0,728,21000,128,727,40000,128
1100,20160112,11, 1,2,       1801 ,,131419,131419,131419947100,1,,,,,,0,728,19000,128,727,40000,128
1100,20160112,11, 1,2,       1801 ,,131419,131419,131419948800,1,,,,,,0,728,18000,128,727,40000,128
1100,20160112,11, 1,2,       1801 ,,131420,131420,131420422000,1,,,,,,0,728,18000,128,727,39000,128
1100,20160112,11, 1,2,       1801 ,,131420,131420,131420441800,1,,,,,,0,728,18000,128,727,40000,128
1100,20160112,11, 1,2,       1801 ,,131420,131420,131420461300,1,,,,,,0,728,18000,128,727,39000,128
1100,20160112,11, 1,2,       1801 ,,131421,131421,131421052100,1,,,,,,0,728,18000,128,727,40000,128
1100,20160112,11, 1,2,       1801 ,,131423,131423,131423519700,1,,,,,,0,728,20000,128,727,40000,128
1100,20160112,11, 1,2,       1801 ,,131423,131423,131423522000,1,,,,,,0,728,23000,128,727,40000,128
1100,20160112,11, 1,2,       1801 ,,131423,131423,131423522700,1,,,,,,0,728,25000,128,727,40000,128
1100,20160112,11, 1,2,       1801 ,,131423,131423,131423523400,1,,,,,,0,728,25000,128,727,38000,128
1100,20160112,11, 1,2,       1801 ,,131423,131423,131423524100,1,,,,,,0,728,34000,128,727,38000,128
1100,20160112,11, 1,2,       1801 ,,131423,131423,131423524800,1,,,,,,0,728,35000,128,727,38000,128
1100,20160112,11, 1,2,       1801 ,,131423,131423,131423525500,1,,,,,,0,728,35000,128,727,29000,128
1100,20160112,11, 1,2,       1801 ,,131423,131423,131423526200,1,,,,,,0,728,35000,128,727,28000,128
1100,20160112,11, 1,2,       1801 ,,131423,131423,131423526900,1,,,,,,0,728,37000,128,727,28000,128
1100,20160112,11, 1,2,       1801 ,,131423,131423,131423528500,1,,,,,,0,728,37000,128,727,27000,128
1100,20160112,11, 1,2,       1801 ,131423,131423,131423,131423529700,1,727,16,0,12000,0,0,728,37000,128,727,15000,128
1100,20160112,11, 1,2,       1801 ,,131423,131423,131423530700,1,,,,,,0,728,37000,128,727,15000,128
1100,20160112,11, 1,2,       1801 ,,131423,131423,131423531500,1,,,,,,0,728,38000,128,727,15000,128
1100,20160112,11, 1,2,       1801 ,,131423,131423,131423532100,1,,,,,,0,728,38000,128,727,14000,128
1100,20160112,11, 1,2,       1801 ,131423,131423,131423,131423532900,1,727,16,0,1000,0,0,728,38000,128,727,13000,128
1100,20160112,11, 1,2,       1801 ,131423,131423,131423,131423533900,1,727,16,0,1000,0,0,728,38000,128,727,12000,128
1100,20160112,11, 1,2,       1801 ,131423,131423,131423,131423534900,1,727,16,0,2000,0,0,728,38000,128,727,10000,128
1100,20160112,11, 1,2,       1801 ,,131423,131423,131423535800,1,,,,,,0,728,37000,128,727,10000,128
1100,20160112,11, 1,2,       1801 ,131423,131423,131423,131423536600,1,727,16,0,2000,0,0,728,37000,128,727,8000,128
1100,20160112,11, 1,2,       1801 ,131423,131423,131423,131423537800,1,727,16,0,2000,0,0,728,37000,128,727,6000,128
1100,20160112,11, 1,2,       1801 ,,131423,131423,131423538900,1,,,,,,0,728,37000,128,727,4000,128
1100,20160112,11, 1,2,       1801 ,,131423,131423,131423539800,1,,,,,,0,728,38000,128,727,4000,128
1100,20160112,11, 1,2,       1801 ,,131423,131423,131423540600,1,,,,,,0,728,37000,128,727,4000,128
1100,20160112,11, 1,2,       1801 ,131423,131423,131423,131423541400,1,727,16,0,4000,0,0,728,37000,128,726,73000,128
1100,20160112,11, 1,2,       1801 ,,131423,131423,131423545500,1,,,,,,0,727,1000,128,726,73000,128
1100,20160112,11, 1,2,       1801 ,,131423,131423,131423549500,1,,,,,,0,727,2000,128,726,73000,128
1100,20160112,11, 1,2,       1801 ,,131423,131423,131423553100,1,,,,,,0,727,2000,128,726,72000,128
1100,20160112,11, 1,2,       1801 ,,131423,131423,131423553900,1,,,,,,0,727,2000,128,726,73000,128
1100,20160112,11, 1,2,       1801 ,,131423,131423,131423554500,1,,,,,,0,727,2000,128,726,72000,128
1100,20160112,11, 1,2,       1801 ,,131423,131423,131423558700,1,,,,,,0,727,2000,128,726,68000,128
1100,20160112,11, 1,2,       1801 ,131423,131423,131423,131423560900,1,727,48,0,1000,0,0,727,1000,128,726,68000,128
1100,20160112,11, 1,2,       1801 ,,131423,131423,131423561800,1,,,,,,0,727,3000,128,726,68000,128
1100,20160112,11, 1,2,       1801 ,131423,131423,131423,131423563800,1,727,48,0,1000,0,0,727,2000,128,726,68000,128
1100,20160112,11, 1,2,       1801 ,,131423,131423,131423564800,1,,,,,,0,727,2000,128,726,68000,128
1100,20160112,11, 1,2,       1801 ,,131423,131423,131423565500,1,,,,,,0,727,2000,128,726,63000,128
1100,20160112,11, 1,2,       1801 ,,131423,131423,131423567700,1,,,,,,0,727,6000,128,726,63000,128
1100,20160112,11, 1,2,       1801 ,,131423,131423,131423571500,1,,,,,,0,727,2000,128,726,63000,128
1100,20160112,11, 1,2,       1801 ,,131423,131423,131423572900,1,,,,,,0,727,3000,128,726,63000,128
1100,20160112,11, 1,2,       1801 ,,131423,131423,131423573600,1,,,,,,0,727,3000,128,726,57000,128
1100,20160112,11, 1,2,       1801 ,,131423,131423,131423575800,1,,,,,,0,727,7000,128,726,57000,128
1100,20160112,11, 1,2,       1801 ,,131423,131423,131423578900,1,,,,,,0,727,7000,128,726,63000,128
1100,20160112,11, 1,2,       1801 ,,131423,131423,131423607300,1,,,,,,0,727,8000,128,726,63000,128
1100,20160112,11, 1,2,       1801 ,,131423,131423,131423610300,1,,,,,,0,727,8000,128,726,59000,128
1100,20160112,11, 1,2,       1801 ,,131424,131424,131424552200,1,,,,,,0,727,8000,128,726,58000,128
1100,20160112,11, 1,2,       1801 ,,131426,131426,131426121100,1,,,,,,0,727,4000,128,726,58000,128
1100,20160112,11, 1,2,       1801 ,,131428,131428,131428537200,1,,,,,,0,727,5000,128,726,58000,128
1100,20160112,11, 1,2,       1801 ,,131429,131429,131429393300,1,,,,,,0,727,6000,128,726,58000,128
1100,20160112,11, 1,2,       1801 ,,131429,131429,131429909100,1,,,,,,0,727,6000,128,726,54000,128
1100,20160112,11, 1,2,       1801 ,,131432,131432,131432551400,1,,,,,,0,727,8000,128,726,54000,128
1100,20160112,11, 1,2,       1801 ,,131433,131433,131433087300,1,,,,,,0,727,7000,128,726,54000,128
1100,20160112,11, 1,2,       1801 ,,131433,131433,131433179900,1,,,,,,0,727,6000,128,726,54000,128
1100,20160112,11, 1,2,       1801 ,,131435,131435,131435204800,1,,,,,,0,727,8000,128,726,54000,128
1100,20160112,11, 1,2,       1801 ,,131435,131435,131435206800,1,,,,,,0,727,8000,128,726,52000,128
1100,20160112,11, 1,2,       1801 ,,131435,131435,131435209100,1,,,,,,0,727,9000,128,726,52000,128
1100,20160112,11, 1,2,       1801 ,,131435,131435,131435211200,1,,,,,,0,727,13000,128,726,52000,128
1100,20160112,11, 1,2,       1801 ,,131435,131435,131435216600,1,,,,,,0,727,13000,128,726,51000,128
1100,20160112,11, 1,2,       1801 ,,131435,131435,131435223000,1,,,,,,0,727,13000,128,726,50000,128
1100,20160112,11, 1,2,       1801 ,,131435,131435,131435259700,1,,,,,,0,727,15000,128,726,50000,128
1100,20160112,11, 1,2,       1801 ,,131435,131435,131435282400,1,,,,,,0,727,15000,128,726,45000,128
1100,20160112,11, 1,2,       1801 ,,131435,131435,131435294600,1,,,,,,0,727,17000,128,726,45000,128
1100,20160112,11, 1,2,       1801 ,,131435,131435,131435405800,1,,,,,,0,727,18000,128,726,45000,128
1100,20160112,11, 1,2,       1801 ,,131435,131435,131435867300,1,,,,,,0,727,27000,128,726,45000,128
1100,20160112,11, 1,2,       1801 ,,131437,131437,131437401800,1,,,,,,0,727,27000,128,726,44000,128
1100,20160112,11, 1,2,       1801 ,,131438,131438,131438194900,1,,,,,,0,727,18000,128,726,44000,128
1100,20160112,11, 1,2,       1801 ,,131438,131438,131438196600,1,,,,,,0,727,23000,128,726,44000,128
1100,20160112,11, 1,2,       1801 ,,131441,131441,131441065200,1,,,,,,0,727,23000,128,726,45000,128
1100,20160112,11, 1,2,       1801 ,,131441,131441,131441588800,1,,,,,,0,727,23000,128,726,44000,128
1100,20160112,11, 1,2,       1801 ,,131441,131441,131441589600,1,,,,,,0,727,23000,128,726,41000,128
1100,20160112,11, 1,2,       1801 ,,131441,131441,131441590400,1,,,,,,0,727,23000,128,726,40000,128
1100,20160112,11, 1,2,       1801 ,,131443,131443,131443769000,1,,,,,,0,727,22000,128,726,40000,128
1100,20160112,11, 1,2,       1801 ,,131443,131443,131443842000,1,,,,,,0,727,23000,128,726,40000,128
1100,20160112,11, 1,2,       1801 ,,131443,131443,131443902000,1,,,,,,0,727,22000,128,726,40000,128
1100,20160112,11, 1,2,       1801 ,,131443,131443,131443931200,1,,,,,,0,727,23000,128,726,40000,128
1100,20160112,11, 1,2,       1801 ,,131452,131452,131452714700,1,,,,,,0,727,24000,128,726,40000,128
1100,20160112,11, 1,2,       1801 ,,131456,131456,131456857700,1,,,,,,0,727,23000,128,726,40000,128
1100,20160112,11, 1,2,       1801 ,,131503,131503,131503972700,1,,,,,,0,727,23000,128,726,41000,128
1100,20160112,11, 1,2,       1801 ,,131504,131504,131504010700,1,,,,,,0,727,23000,128,726,43000,128
1100,20160112,11, 1,2,       1801 ,,131504,131504,131504012200,1,,,,,,0,727,22000,128,726,43000,128
1100,20160112,11, 1,2,       1801 ,,131504,131504,131504478400,1,,,,,,0,727,22000,128,726,44000,128
1100,20160112,11, 1,2,       1801 ,,131504,131504,131504971700,1,,,,,,0,727,22000,128,726,43000,128
1100,20160112,11, 1,2,       1801 ,,131505,131505,131505037800,1,,,,,,0,727,24000,128,726,43000,128
1100,20160112,11, 1,2,       1801 ,,131505,131505,131505346000,1,,,,,,0,727,24000,128,726,41000,128
1100,20160112,11, 1,2,       1801 ,,131505,131505,131505880100,1,,,,,,0,727,24000,128,726,40000,128
1100,20160112,11, 1,2,       1801 ,,131505,131505,131505974300,1,,,,,,0,727,23000,128,726,40000,128
1100,20160112,11, 1,2,       1801 ,,131509,131509,131509938800,1,,,,,,0,727,23000,128,726,38000,128
1100,20160112,11, 1,2,       1801 ,,131517,131517,131517612000,1,,,,,,0,727,24000,128,726,38000,128
1100,20160112,11, 1,2,       1801 ,,131522,131522,131522007200,1,,,,,,0,727,33000,128,726,38000,128
1100,20160112,11, 1,2,       1801 ,,131522,131522,131522008400,1,,,,,,0,727,33000,128,726,36000,128
1100,20160112,11, 1,2,       1801 ,,131522,131522,131522009100,1,,,,,,0,727,33000,128,726,34000,128
1100,20160112,11, 1,2,       1801 ,,131522,131522,131522009800,1,,,,,,0,727,37000,128,726,34000,128
1100,20160112,11, 1,2,       1801 ,,131522,131522,131522010500,1,,,,,,0,727,37000,128,726,33000,128
1100,20160112,11, 1,2,       1801 ,,131522,131522,131522016900,1,,,,,,0,727,37000,128,726,32000,128
1100,20160112,11, 1,2,       1801 ,,131522,131522,131522597700,1,,,,,,0,727,37000,128,726,31000,128
1100,20160112,11, 1,2,       1801 ,,131522,131522,131522599100,1,,,,,,0,727,38000,128,726,31000,128
1100,20160112,11, 1,2,       1801 ,131527,131527,131527,131527899000,1,726,16,0,5000,0,0,727,38000,128,726,26000,128
1100,20160112,11, 1,2,       1801 ,131527,131527,131527,131527900900,1,726,16,0,26000,0,0,727,38000,128,725,74000,128
1100,20160112,11, 1,2,       1801 ,,131527,131527,131527906600,1,,,,,,0,727,38000,128,725,73000,128
1100,20160112,11, 1,2,       1801 ,,131527,131527,131527907300,1,,,,,,0,726,2000,128,725,73000,128
1100,20160112,11, 1,2,       1801 ,,131527,131527,131527908900,1,,,,,,0,726,2000,128,725,72000,128
1100,20160112,11, 1,2,       1801 ,,131527,131527,131527914200,1,,,,,,0,726,2000,128,725,69000,128
1100,20160112,11, 1,2,       1801 ,,131527,131527,131527915000,1,,,,,,0,726,3000,128,725,69000,128
1100,20160112,11, 1,2,       1801 ,,131527,131527,131527917100,1,,,,,,0,726,3000,128,725,66000,128
1100,20160112,11, 1,2,       1801 ,,131527,131527,131527917900,1,,,,,,0,726,7000,128,725,66000,128
1100,20160112,11, 1,2,       1801 ,,131527,131527,131527920800,1,,,,,,0,726,7000,128,725,65000,128
1100,20160112,11, 1,2,       1801 ,,131527,131527,131527921500,1,,,,,,0,726,7000,128,725,64000,128
1100,20160112,11, 1,2,       1801 ,,131527,131527,131527922200,1,,,,,,0,726,9000,128,725,64000,128
1100,20160112,11, 1,2,       1801 ,,131527,131527,131527923700,1,,,,,,0,726,10000,128,725,64000,128
1100,20160112,11, 1,2,       1801 ,,131527,131527,131527927200,1,,,,,,0,726,10000,128,725,63000,128
1100,20160112,11, 1,2,       1801 ,,131527,131527,131527928600,1,,,,,,0,726,10000,128,725,64000,128
1100,20160112,11, 1,2,       1801 ,,131527,131527,131527932000,1,,,,,,0,726,10000,128,725,63000,128
1100,20160112,11, 1,2,       1801 ,,131527,131527,131527934100,1,,,,,,0,726,10000,128,725,58000,128
1100,20160112,11, 1,2,       1801 ,,131527,131527,131527935600,1,,,,,,0,726,10000,128,725,57000,128
1100,20160112,11, 1,2,       1801 ,,131527,131527,131527938500,1,,,,,,0,726,10000,128,725,53000,128
1100,20160112,11, 1,2,       1801 ,,131527,131527,131527977100,1,,,,,,0,726,11000,128,725,53000,128
1100,20160112,11, 1,2,       1801 ,,131528,131528,131528125700,1,,,,,,0,726,12000,128,725,53000,128
1100,20160112,11, 1,2,       1801 ,,131528,131528,131528793400,1,,,,,,0,726,12000,128,725,49000,128
1100,20160112,11, 1,2,       1801 ,,131528,131528,131528840700,1,,,,,,0,726,12000,128,725,48000,128
1100,20160112,11, 1,2,       1801 ,131530,131530,131530,131530513100,1,726,48,0,2000,0,0,726,10000,128,725,48000,128
1100,20160112,11, 1,2,       1801 ,,131530,131530,131530514800,1,,,,,,0,726,10000,128,725,49000,128
1100,20160112,11, 1,2,       1801 ,,131530,131530,131530673200,1,,,,,,0,726,10000,128,725,47000,128
1100,20160112,11, 1,2,       1801 ,131532,131532,131532,131532084700,1,726,48,0,1000,0,0,726,9000,128,725,47000,128
1100,20160112,11, 1,2,       1801 ,,131532,131532,131532243900,1,,,,,,0,726,9000,128,725,47000,128
1100,20160112,11, 1,2,       1801 ,,131536,131536,131536740800,1,,,,,,0,726,9000,128,725,46000,128
1100,20160112,11, 1,2,       1801 ,,131541,131541,131541832600,1,,,,,,0,726,18000,128,725,46000,128
1100,20160112,11, 1,2,       1801 ,,131541,131541,131541833900,1,,,,,,0,726,18000,128,725,45000,128
1100,20160112,11, 1,2,       1801 ,,131541,131541,131541834700,1,,,,,,0,726,20000,128,725,45000,128
1100,20160112,11, 1,2,       1801 ,,131541,131541,131541835400,1,,,,,,0,726,21000,128,725,45000,128
1100,20160112,11, 1,2,       1801 ,,131541,131541,131541836100,1,,,,,,0,726,23000,128,725,45000,128
1100,20160112,11, 1,2,       1801 ,,131541,131541,131541945000,1,,,,,,0,726,24000,128,725,45000,128
1100,20160112,11, 1,2,       1801 ,,131545,131545,131545236900,1,,,,,,0,726,31000,128,725,45000,128
1100,20160112,11, 1,2,       1801 ,,131545,131545,131545304000,1,,,,,,0,726,31000,128,725,44000,128
1100,20160112,11, 1,2,       1801 ,,131546,131546,131546954300,1,,,,,,0,726,31000,128,725,42000,128
1100,20160112,11, 1,2,       1801 ,,131550,131550,131550062500,1,,,,,,0,726,32000,128,725,42000,128
1100,20160112,11, 1,2,       1801 ,,131550,131550,131550063600,1,,,,,,0,726,32000,128,725,40000,128
1100,20160112,11, 1,2,       1801 ,,131551,131551,131551047200,1,,,,,,0,726,34000,128,725,40000,128
1100,20160112,11, 1,2,       1801 ,,131551,131551,131551053900,1,,,,,,0,726,35000,128,725,40000,128
1100,20160112,11, 1,2,       1801 ,,131551,131551,131551060100,1,,,,,,0,726,37000,128,725,40000,128
1100,20160112,11, 1,2,       1801 ,,131551,131551,131551090800,1,,,,,,0,726,37000,128,725,38000,128
1100,20160112,11, 1,2,       1801 ,,131551,131551,131551092100,1,,,,,,0,726,37000,128,725,35000,128
1100,20160112,11, 1,2,       1801 ,,131551,131551,131551094400,1,,,,,,0,726,37000,128,725,31000,128
1100,20160112,11, 1,2,       1801 ,,131551,131551,131551096400,1,,,,,,0,726,37000,128,725,30000,128
1100,20160112,11, 1,2,       1801 ,,131551,131551,131551115000,1,,,,,,0,726,38000,128,725,30000,128
1100,20160112,11, 1,2,       1801 ,,131551,131551,131551152100,1,,,,,,0,726,38000,128,725,25000,128
1100,20160112,11, 1,2,       1801 ,,131551,131551,131551200400,1,,,,,,0,726,43000,128,725,25000,128
1100,20160112,11, 1,2,       1801 ,,131551,131551,131551266400,1,,,,,,0,726,38000,128,725,25000,128
1100,20160112,11, 1,2,       1801 ,,131551,131551,131551611500,1,,,,,,0,726,38000,128,725,26000,128
1100,20160112,11, 1,2,       1801 ,,131553,131553,131553214900,1,,,,,,0,726,39000,128,725,26000,128
1100,20160112,11, 1,2,       1801 ,,131556,131556,131556093900,1,,,,,,0,726,39000,128,725,18000,128
1100,20160112,11, 1,2,       1801 ,131556,131556,131556,131556095700,1,725,16,0,2000,0,0,726,39000,128,725,16000,128
1100,20160112,11, 1,2,       1801 ,,131556,131556,131556096800,1,,,,,,0,726,39000,128,725,16000,128
1100,20160112,11, 1,2,       1801 ,,131558,131558,131558148300,1,,,,,,0,726,39000,128,725,17000,128
1100,20160112,11, 1,2,       1801 ,,131608,131608,131608677500,1,,,,,,0,726,39000,128,725,18000,128
1100,20160112,11, 1,2,       1801 ,,131609,131609,131609640600,1,,,,,,0,726,39000,128,725,19000,128
1100,20160112,11, 1,2,       1801 ,131621,131621,131621,131621107300,1,726,48,0,1000,0,0,726,38000,128,725,19000,128
1100,20160112,11, 1,2,       1801 ,,131624,131624,131624004600,1,,,,,,0,726,38000,128,725,19000,128
1100,20160112,11, 1,2,       1801 ,,131624,131624,131624005500,1,,,,,,0,726,57000,128,725,19000,128
1100,20160112,11, 1,2,       1801 ,,131624,131624,131624007600,1,,,,,,0,726,62000,128,725,19000,128
1100,20160112,11, 1,2,       1801 ,,131625,131625,131625030200,1,,,,,,0,726,60000,128,725,19000,128
1100,20160112,11, 1,2,       1801 ,,131629,131629,131629426400,1,,,,,,0,726,60000,128,725,20000,128
1100,20160112,11, 1,2,       1801 ,,131636,131636,131636043800,1,,,,,,0,726,64000,128,725,20000,128
1100,20160112,11, 1,2,       1801 ,,131645,131645,131645035900,1,,,,,,0,726,64000,128,725,21000,128
1100,20160112,11, 1,2,       1801 ,,131647,131647,131647502200,1,,,,,,0,726,63000,128,725,21000,128
1100,20160112,11, 1,2,       1801 ,,131647,131647,131647505700,1,,,,,,0,726,63000,128,725,24000,128
1100,20160112,11, 1,2,       1801 ,,131650,131650,131650647700,1,,,,,,0,726,63000,128,725,23000,128
1100,20160112,11, 1,2,       1801 ,,131652,131652,131652548900,1,,,,,,0,726,64000,128,725,23000,128
1100,20160112,11, 1,2,       1801 ,,131652,131652,131652693900,1,,,,,,0,726,63000,128,725,23000,128
1100,20160112,11, 1,2,       1801 ,,131653,131653,131653172400,1,,,,,,0,726,64000,128,725,23000,128
1100,20160112,11, 1,2,       1801 ,,131653,131653,131653554800,1,,,,,,0,726,63000,128,725,23000,128
1100,20160112,11, 1,2,       1801 ,,131653,131653,131653556200,1,,,,,,0,726,63000,128,725,20000,128
1100,20160112,11, 1,2,       1801 ,,131658,131658,131658787600,1,,,,,,0,726,63000,128,725,22000,128
1100,20160112,11, 1,2,       1801 ,131659,131659,131659,131659117500,1,725,16,0,1000,0,0,726,63000,128,725,21000,128
1100,20160112,11, 1,2,       1801 ,131700,131700,131700,131700322500,1,725,16,0,5000,0,0,726,63000,128,725,16000,128
1100,20160112,11, 1,2,       1801 ,131700,131700,131700,131700325200,1,725,16,0,16000,0,0,726,63000,128,724,83000,128
1100,20160112,11, 1,2,       1801 ,,131700,131700,131700328400,1,,,,,,0,725,2000,128,724,83000,128
1100,20160112,11, 1,2,       1801 ,,131700,131700,131700329900,1,,,,,,0,725,2000,128,724,81000,128
1100,20160112,11, 1,2,       1801 ,,131700,131700,131700339600,1,,,,,,0,725,2000,128,724,77000,128
1100,20160112,11, 1,2,       1801 ,,131700,131700,131700340700,1,,,,,,0,725,3000,128,724,77000,128
1100,20160112,11, 1,2,       1801 ,,131700,131700,131700341600,1,,,,,,0,725,3000,128,724,76000,128
1100,20160112,11, 1,2,       1801 ,,131700,131700,131700344000,1,,,,,,0,725,7000,128,724,76000,128
1100,20160112,11, 1,2,       1801 ,131700,131700,131700,131700350500,1,725,48,0,2000,0,0,725,5000,128,724,76000,128
1100,20160112,11, 1,2,       1801 ,,131700,131700,131700352600,1,,,,,,0,725,6000,128,724,76000,128
1100,20160112,11, 1,2,       1801 ,,131700,131700,131700356300,1,,,,,,0,725,8000,128,724,76000,128
1100,20160112,11, 1,2,       1801 ,,131700,131700,131700359800,1,,,,,,0,725,9000,128,724,76000,128
1100,20160112,11, 1,2,       1801 ,,131700,131700,131700363700,1,,,,,,0,725,9000,128,724,75000,128
1100,20160112,11, 1,2,       1801 ,,131700,131700,131700365300,1,,,,,,0,725,9000,128,724,74000,128
1100,20160112,11, 1,2,       1801 ,,131700,131700,131700384600,1,,,,,,0,725,9000,128,724,68000,128
1100,20160112,11, 1,2,       1801 ,,131700,131700,131700400500,1,,,,,,0,725,9000,128,724,70000,128
1100,20160112,11, 1,2,       1801 ,,131700,131700,131700411300,1,,,,,,0,725,9000,128,724,66000,128
1100,20160112,11, 1,2,       1801 ,,131700,131700,131700435800,1,,,,,,0,725,9000,128,724,67000,128
1100,20160112,11, 1,2,       1801 ,,131700,131700,131700447200,1,,,,,,0,725,9000,128,724,71000,128
1100,20160112,11, 1,2,       1801 ,,131700,131700,131700455200,1,,,,,,0,725,10000,128,724,71000,128
1100,20160112,11, 1,2,       1801 ,,131700,131700,131700516100,1,,,,,,0,725,11000,128,724,71000,128
1100,20160112,11, 1,2,       1801 ,,131700,131700,131700613200,1,,,,,,0,725,12000,128,724,71000,128
1100,20160112,11, 1,2,       1801 ,,131700,131700,131700613900,1,,,,,,0,725,12000,128,724,69000,128
1100,20160112,11, 1,2,       1801 ,,131700,131700,131700804500,1,,,,,,0,725,13000,128,724,69000,128
1100,20160112,11, 1,2,       1801 ,,131700,131700,131700806300,1,,,,,,0,725,15000,128,724,69000,128
1100,20160112,11, 1,2,       1801 ,,131701,131701,131701152800,1,,,,,,0,725,16000,128,724,69000,128
1100,20160112,11, 1,2,       1801 ,,131701,131701,131701267400,1,,,,,,0,725,16000,128,724,70000,128
1100,20160112,11, 1,2,       1801 ,,131701,131701,131701640700,1,,,,,,0,725,16000,128,724,69000,128
1100,20160112,11, 1,2,       1801 ,,131701,131701,131701859400,1,,,,,,0,725,16000,128,724,68000,128
1100,20160112,11, 1,2,       1801 ,,131702,131702,131702953600,1,,,,,,0,725,16000,128,724,67000,128
1100,20160112,11, 1,2,       1801 ,,131708,131708,131708274600,1,,,,,,0,725,18000,128,724,67000,128
1100,20160112,11, 1,2,       1801 ,,131710,131710,131710113300,1,,,,,,0,725,18000,128,724,63000,128
1100,20160112,11, 1,2,       1801 ,,131713,131713,131713201800,1,,,,,,0,725,17000,128,724,63000,128
1100,20160112,11, 1,2,       1801 ,,131713,131713,131713323300,1,,,,,,0,725,15000,128,724,63000,128
1100,20160112,11, 1,2,       1801 ,131713,131713,131713,131713330700,1,725,48,0,1000,0,0,725,14000,128,724,63000,128
1100,20160112,11, 1,2,       1801 ,,131713,131713,131713333300,1,,,,,,0,725,14000,128,724,64000,128
1100,20160112,11, 1,2,       1801 ,,131713,131713,131713363000,1,,,,,,0,725,14000,128,724,65000,128
1100,20160112,11, 1,2,       1801 ,,131713,131713,131713364900,1,,,,,,0,725,12000,128,724,65000,128
1100,20160112,11, 1,2,       1801 ,131713,131713,131713,131713366100,1,725,48,0,12000,0,0,726,80000,128,724,65000,128
1100,20160112,11, 1,2,       1801 ,,131713,131713,131713367800,1,,,,,,0,726,79000,128,724,65000,128
1100,20160112,11, 1,2,       1801 ,,131713,131713,131713368900,1,,,,,,0,726,79000,128,725,6000,128
1100,20160112,11, 1,2,       1801 ,,131713,131713,131713370000,1,,,,,,0,726,79000,128,725,7000,128
1100,20160112,11, 1,2,       1801 ,,131713,131713,131713371300,1,,,,,,0,726,78000,128,725,7000,128
1100,20160112,11, 1,2,       1801 ,,131713,131713,131713372100,1,,,,,,0,726,76000,128,725,7000,128
1100,20160112,11, 1,2,       1801 ,,131713,131713,131713374500,1,,,,,,0,726,76000,128,725,8000,128
1100,20160112,11, 1,2,       1801 ,,131713,131713,131713376100,1,,,,,,0,726,78000,128,725,8000,128
1100,20160112,11, 1,2,       1801 ,,131713,131713,131713379200,1,,,,,,0,726,78000,128,725,10000,128
1100,20160112,11, 1,2,       1801 ,,131713,131713,131713382300,1,,,,,,0,726,76000,128,725,10000,128
1100,20160112,11, 1,2,       1801 ,,131713,131713,131713383100,1,,,,,,0,726,76000,128,725,12000,128
1100,20160112,11, 1,2,       1801 ,,131713,131713,131713384400,1,,,,,,0,726,76000,128,725,13000,128
1100,20160112,11, 1,2,       1801 ,,131713,131713,131713385000,1,,,,,,0,726,76000,128,725,16000,128
1100,20160112,11, 1,2,       1801 ,,131713,131713,131713385600,1,,,,,,0,726,75000,128,725,16000,128
1100,20160112,11, 1,2,       1801 ,,131713,131713,131713387000,1,,,,,,0,726,70000,128,725,16000,128
1100,20160112,11, 1,2,       1801 ,,131713,131713,131713388500,1,,,,,,0,726,70000,128,725,18000,128
1100,20160112,11, 1,2,       1801 ,,131713,131713,131713389100,1,,,,,,0,726,66000,128,725,18000,128
1100,20160112,11, 1,2,       1801 ,,131713,131713,131713397000,1,,,,,,0,726,66000,128,725,19000,128
1100,20160112,11, 1,2,       1801 ,,131713,131713,131713400600,1,,,,,,0,726,61000,128,725,19000,128
1100,20160112,11, 1,2,       1801 ,,131713,131713,131713411100,1,,,,,,0,726,55000,128,725,19000,128
1100,20160112,11, 1,2,       1801 ,,131713,131713,131713425500,1,,,,,,0,726,55000,128,725,20000,128
1100,20160112,11, 1,2,       1801 ,,131713,131713,131713644500,1,,,,,,0,726,56000,128,725,20000,128
1100,20160112,11, 1,2,       1801 ,,131714,131714,131714318400,1,,,,,,0,726,56000,128,725,21000,128
1100,20160112,11, 1,2,       1801 ,,131715,131715,131715860400,1,,,,,,0,726,52000,128,725,21000,128
1100,20160112,11, 1,2,       1801 ,,131715,131715,131715979000,1,,,,,,0,726,50000,128,725,21000,128
1100,20160112,11, 1,2,       1801 ,,131717,131717,131717260100,1,,,,,,0,726,50000,128,725,25000,128
1100,20160112,11, 1,2,       1801 ,,131717,131717,131717711500,1,,,,,,0,726,51000,128,725,25000,128
1100,20160112,11, 1,2,       1801 ,131725,131725,131725,131725257000,1,725,16,0,1000,0,0,726,51000,128,725,24000,128
1100,20160112,11, 1,2,       1801 ,,131725,131725,131725264500,1,,,,,,0,726,51000,128,725,24000,128
1100,20160112,11, 1,2,       1801 ,,131733,131733,131733154900,1,,,,,,0,726,50000,128,725,24000,128
1100,20160112,11, 1,2,       1801 ,,131733,131733,131733603400,1,,,,,,0,726,51000,128,725,24000,128
1100,20160112,11, 1,2,       1801 ,,131739,131739,131739461200,1,,,,,,0,726,50000,128,725,24000,128
1100,20160112,11, 1,2,       1801 ,,131741,131741,131741941200,1,,,,,,0,726,51000,128,725,24000,128
1100,20160112,11, 1,2,       1801 ,,131743,131743,131743287500,1,,,,,,0,726,51000,128,725,26000,128
1100,20160112,11, 1,2,       1801 ,,131744,131744,131744403000,1,,,,,,0,726,53000,128,725,26000,128
1100,20160112,11, 1,2,       1801 ,,131752,131752,131752869500,1,,,,,,0,726,52000,128,725,26000,128
1100,20160112,11, 1,2,       1801 ,,131757,131757,131757704200,1,,,,,,0,726,53000,128,725,26000,128
1100,20160112,11, 1,2,       1801 ,,131759,131759,131759401500,1,,,,,,0,726,54000,128,725,26000,128
1100,20160112,11, 1,2,       1801 ,,131759,131759,131759403200,1,,,,,,0,726,59000,128,725,26000,128
1100,20160112,11, 1,2,       1801 ,,131759,131759,131759404400,1,,,,,,0,726,63000,128,725,26000,128
1100,20160112,11, 1,2,       1801 ,,131800,131800,131800249300,1,,,,,,0,726,63000,128,725,24000,128
1100,20160112,11, 1,2,       1801 ,,131800,131800,131800250800,1,,,,,,0,726,63000,128,725,21000,128
1100,20160112,11, 1,2,       1801 ,,131800,131800,131800665600,1,,,,,,0,726,63000,128,725,22000,128
1100,20160112,11, 1,2,       1801 ,,131803,131803,131803269100,1,,,,,,0,726,63000,128,725,23000,128
1100,20160112,11, 1,2,       1801 ,,131803,131803,131803273200,1,,,,,,0,726,63000,128,725,24000,128
1100,20160112,11, 1,2,       1801 ,,131811,131811,131811558700,1,,,,,,0,726,62000,128,725,24000,128
1100,20160112,11, 1,2,       1801 ,,131811,131811,131811756200,1,,,,,,0,726,63000,128,725,24000,128
1100,20160112,11, 1,2,       1801 ,,131821,131821,131821532500,1,,,,,,0,726,64000,128,725,24000,128
1100,20160112,11, 1,2,       1801 ,,131821,131821,131821539800,1,,,,,,0,726,63000,128,725,24000,128
1100,20160112,11, 1,2,       1801 ,,131822,131822,131822240200,1,,,,,,0,726,63000,128,725,23000,128
1100,20160112,11, 1,2,       1801 ,,131822,131822,131822336400,1,,,,,,0,726,65000,128,725,23000,128
1100,20160112,11, 1,2,       1801 ,,131824,131824,131824941400,1,,,,,,0,726,65000,128,725,25000,128
1100,20160112,11, 1,2,       1801 ,,131827,131827,131827379700,1,,,,,,0,726,60000,128,725,25000,128
1100,20160112,11, 1,2,       1801 ,,131827,131827,131827381300,1,,,,,,0,726,60000,128,725,28000,128
1100,20160112,11, 1,2,       1801 ,,131827,131827,131827381900,1,,,,,,0,726,60000,128,725,33000,128
1100,20160112,11, 1,2,       1801 ,,131827,131827,131827383100,1,,,,,,0,726,56000,128,725,33000,128
1100,20160112,11, 1,2,       1801 ,131831,131831,131831,131831127300,1,725,16,0,1000,0,0,726,56000,128,725,32000,128
1100,20160112,11, 1,2,       1801 ,,131831,131831,131831337500,1,,,,,,0,726,57000,128,725,32000,128
1100,20160112,11, 1,2,       1801 ,,131831,131831,131831339100,1,,,,,,0,726,57000,128,725,27000,128
1100,20160112,11, 1,2,       1801 ,,131832,131832,131832648000,1,,,,,,0,726,56000,128,725,27000,128
1100,20160112,11, 1,2,       1801 ,,131833,131833,131833040600,1,,,,,,0,726,57000,128,725,27000,128
1100,20160112,11, 1,2,       1801 ,,131834,131834,131834128300,1,,,,,,0,726,56000,128,725,27000,128
1100,20160112,11, 1,2,       1801 ,,131834,131834,131834129800,1,,,,,,0,726,60000,128,725,27000,128
1100,20160112,11, 1,2,       1801 ,,131834,131834,131834130400,1,,,,,,0,726,65000,128,725,27000,128
1100,20160112,11, 1,2,       1801 ,,131834,131834,131834131600,1,,,,,,0,726,65000,128,725,24000,128
1100,20160112,11, 1,2,       1801 ,,131834,131834,131834325800,1,,,,,,0,726,69000,128,725,24000,128
1100,20160112,11, 1,2,       1801 ,,131834,131834,131834546000,1,,,,,,0,726,73000,128,725,24000,128
1100,20160112,11, 1,2,       1801 ,,131835,131835,131835116600,1,,,,,,0,726,72000,128,725,24000,128
1100,20160112,11, 1,2,       1801 ,,131839,131839,131839032500,1,,,,,,0,726,73000,128,725,24000,128
1100,20160112,11, 1,2,       1801 ,,131845,131845,131845179200,1,,,,,,0,726,72000,128,725,24000,128
1100,20160112,11, 1,2,       1801 ,,131846,131846,131846605000,1,,,,,,0,726,73000,128,725,24000,128
1100,20160112,11, 1,2,       1801 ,,131850,131850,131850668300,1,,,,,,0,726,72000,128,725,24000,128
1100,20160112,11, 1,2,       1801 ,,131851,131851,131851496300,1,,,,,,0,726,73000,128,725,24000,128
1100,20160112,11, 1,2,       1801 ,,131853,131853,131853134300,1,,,,,,0,726,72000,128,725,24000,128
1100,20160112,11, 1,2,       1801 ,,131853,131853,131853393700,1,,,,,,0,726,73000,128,725,24000,128
1100,20160112,11, 1,2,       1801 ,,131858,131858,131858153200,1,,,,,,0,726,72000,128,725,24000,128
1100,20160112,11, 1,2,       1801 ,,131909,131909,131909094400,1,,,,,,0,726,73000,128,725,24000,128
1100,20160112,11, 1,2,       1801 ,,131909,131909,131909146000,1,,,,,,0,726,73000,128,725,22000,128
1100,20160112,11, 1,2,       1801 ,,131909,131909,131909147400,1,,,,,,0,726,73000,128,725,18000,128
1100,20160112,11, 1,2,       1801 ,,131909,131909,131909148700,1,,,,,,0,726,73000,128,725,16000,128
1100,20160112,11, 1,2,       1801 ,,131910,131910,131910921000,1,,,,,,0,726,73000,128,725,15000,128
1100,20160112,11, 1,2,       1801 ,,131910,131910,131910969500,1,,,,,,0,726,73000,128,725,16000,128
1100,20160112,11, 1,2,       1801 ,,131912,131912,131912871100,1,,,,,,0,726,72000,128,725,16000,128
1100,20160112,11, 1,2,       1801 ,,131916,131916,131916381700,1,,,,,,0,726,73000,128,725,16000,128
1100,20160112,11, 1,2,       1801 ,,131916,131916,131916721100,1,,,,,,0,726,72000,128,725,16000,128
1100,20160112,11, 1,2,       1801 ,,131916,131916,131916820700,1,,,,,,0,726,73000,128,725,16000,128
1100,20160112,11, 1,2,       1801 ,,131916,131916,131916830600,1,,,,,,0,726,74000,128,725,16000,128
1100,20160112,11, 1,2,       1801 ,,131916,131916,131916850000,1,,,,,,0,726,73000,128,725,16000,128
1100,20160112,11, 1,2,       1801 ,,131916,131916,131916851100,1,,,,,,0,726,72000,128,725,16000,128
1100,20160112,11, 1,2,       1801 ,,131917,131917,131917290700,1,,,,,,0,726,73000,128,725,16000,128
1100,20160112,11, 1,2,       1801 ,,131917,131917,131917559800,1,,,,,,0,726,72000,128,725,16000,128
1100,20160112,11, 1,2,       1801 ,,131918,131918,131918270300,1,,,,,,0,726,73000,128,725,16000,128
1100,20160112,11, 1,2,       1801 ,131918,131918,131918,131918478100,1,725,16,0,1000,0,0,726,73000,128,725,15000,128
1100,20160112,11, 1,2,       1801 ,,131918,131918,131918506200,1,,,,,,0,726,73000,128,725,14000,128
1100,20160112,11, 1,2,       1801 ,,131918,131918,131918554100,1,,,,,,0,726,73000,128,725,12000,128
1100,20160112,11, 1,2,       1801 ,,131918,131918,131918555700,1,,,,,,0,726,74000,128,725,12000,128
1100,20160112,11, 1,2,       1801 ,131918,131918,131918,131918556400,1,725,16,0,1000,0,0,726,74000,128,725,11000,128
1100,20160112,11, 1,2,       1801 ,131918,131918,131918,131918558100,1,725,16,0,1000,0,0,726,74000,128,725,10000,128
1100,20160112,11, 1,2,       1801 ,131918,131918,131918,131918559400,1,725,16,0,10000,0,0,726,74000,128,724,80000,128
1100,20160112,11, 1,2,       1801 ,,131918,131918,131918565100,1,,,,,,0,725,1000,128,724,80000,128
1100,20160112,11, 1,2,       1801 ,,131918,131918,131918566100,1,,,,,,0,725,1000,128,724,79000,128
1100,20160112,11, 1,2,       1801 ,,131918,131918,131918570400,1,,,,,,0,725,1000,128,724,77000,128
1100,20160112,11, 1,2,       1801 ,,131918,131918,131918578000,1,,,,,,0,725,3000,128,724,77000,128
1100,20160112,11, 1,2,       1801 ,131918,131918,131918,131918579000,1,725,48,0,1000,0,0,725,2000,128,724,77000,128
1100,20160112,11, 1,2,       1801 ,,131918,131918,131918580100,1,,,,,,0,725,6000,128,724,77000,128
1100,20160112,11, 1,2,       1801 ,,131918,131918,131918582000,1,,,,,,0,725,10000,128,724,77000,128
1100,20160112,11, 1,2,       1801 ,,131918,131918,131918582800,1,,,,,,0,725,10000,128,724,76000,128
1100,20160112,11, 1,2,       1801 ,,131918,131918,131918583700,1,,,,,,0,725,11000,128,724,76000,128
1100,20160112,11, 1,2,       1801 ,,131918,131918,131918585500,1,,,,,,0,725,7000,128,724,76000,128
1100,20160112,11, 1,2,       1801 ,,131918,131918,131918586800,1,,,,,,0,725,9000,128,724,76000,128
1100,20160112,11, 1,2,       1801 ,,131918,131918,131918588000,1,,,,,,0,725,8000,128,724,76000,128
1100,20160112,11, 1,2,       1801 ,131918,131918,131918,131918589400,1,725,48,0,1000,0,0,725,7000,128,724,76000,128
1100,20160112,11, 1,2,       1801 ,,131918,131918,131918605600,1,,,,,,0,725,7000,128,724,71000,128
1100,20160112,11, 1,2,       1801 ,131918,131918,131918,131918626700,1,724,16,0,1000,0,0,725,7000,128,724,70000,128
1100,20160112,11, 1,2,       1801 ,,131918,131918,131918628600,1,,,,,,0,725,8000,128,724,70000,128
1100,20160112,11, 1,2,       1801 ,131918,131918,131918,131918637800,1,724,16,0,1000,0,0,725,8000,128,724,69000,128
1100,20160112,11, 1,2,       1801 ,,131918,131918,131918680600,1,,,,,,0,725,9000,128,724,69000,128
1100,20160112,11, 1,2,       1801 ,,131918,131918,131918699000,1,,,,,,0,725,10000,128,724,69000,128
1100,20160112,11, 1,2,       1801 ,,131918,131918,131918811200,1,,,,,,0,725,10000,128,724,65000,128
1100,20160112,11, 1,2,       1801 ,,131918,131918,131918881400,1,,,,,,0,725,11000,128,724,65000,128
1100,20160112,11, 1,2,       1801 ,,131919,131919,131919112400,1,,,,,,0,725,12000,128,724,65000,128
1100,20160112,11, 1,2,       1801 ,,131919,131919,131919419500,1,,,,,,0,725,12000,128,724,64000,128
1100,20160112,11, 1,2,       1801 ,,131919,131919,131919958700,1,,,,,,0,725,14000,128,724,64000,128
1100,20160112,11, 1,2,       1801 ,,131919,131919,131919960300,1,,,,,,0,725,19000,128,724,64000,128
1100,20160112,11, 1,2,       1801 ,,131920,131920,131920149700,1,,,,,,0,725,20000,128,724,64000,128
1100,20160112,11, 1,2,       1801 ,,131921,131921,131921762000,1,,,,,,0,725,19000,128,724,64000,128
1100,20160112,11, 1,2,       1801 ,,131924,131924,131924991000,1,,,,,,0,725,18000,128,724,64000,128
1100,20160112,11, 1,2,       1801 ,,131925,131925,131925932800,1,,,,,,0,725,19000,128,724,64000,128
1100,20160112,11, 1,2,       1801 ,,131926,131926,131926252100,1,,,,,,0,725,20000,128,724,64000,128
1100,20160112,11, 1,2,       1801 ,,131926,131926,131926559300,1,,,,,,0,725,19000,128,724,64000,128
1100,20160112,11, 1,2,       1801 ,,131927,131927,131927595300,1,,,,,,0,725,20000,128,724,64000,128
1100,20160112,11, 1,2,       1801 ,,131928,131928,131928462300,1,,,,,,0,725,21000,128,724,64000,128
1100,20160112,11, 1,2,       1801 ,,131928,131928,131928466600,1,,,,,,0,725,25000,128,724,64000,128
1100,20160112,11, 1,2,       1801 ,,131928,131928,131928752600,1,,,,,,0,725,25000,128,724,63000,128
1100,20160112,11, 1,2,       1801 ,,131929,131929,131929006000,1,,,,,,0,725,44000,128,724,63000,128
1100,20160112,11, 1,2,       1801 ,,131929,131929,131929007500,1,,,,,,0,725,44000,128,724,60000,128
1100,20160112,11, 1,2,       1801 ,,131929,131929,131929692100,1,,,,,,0,725,44000,128,724,58000,128
1100,20160112,11, 1,2,       1801 ,,131929,131929,131929701500,1,,,,,,0,725,44000,128,724,56000,128
1100,20160112,11, 1,2,       1801 ,,131929,131929,131929736500,1,,,,,,0,725,45000,128,724,56000,128
1100,20160112,11, 1,2,       1801 ,,131929,131929,131929738900,1,,,,,,0,725,45000,128,724,55000,128
1100,20160112,11, 1,2,       1801 ,,131929,131929,131929750400,1,,,,,,0,725,54000,128,724,55000,128
1100,20160112,11, 1,2,       1801 ,,131930,131930,131930050400,1,,,,,,0,725,54000,128,724,57000,128
1100,20160112,11, 1,2,       1801 ,,131930,131930,131930737900,1,,,,,,0,725,53000,128,724,57000,128
1100,20160112,11, 1,2,       1801 ,,131933,131933,131933564400,1,,,,,,0,725,53000,128,724,55000,128
1100,20160112,11, 1,2,       1801 ,,131936,131936,131936006600,1,,,,,,0,725,34000,128,724,55000,128
1100,20160112,11, 1,2,       1801 ,,131936,131936,131936008300,1,,,,,,0,725,34000,128,724,57000,128
1100,20160112,11, 1,2,       1801 ,,131936,131936,131936009800,1,,,,,,0,725,34000,128,724,60000,128
1100,20160112,11, 1,2,       1801 ,,131936,131936,131936010400,1,,,,,,0,725,34000,128,724,62000,128
1100,20160112,11, 1,2,       1801 ,,131936,131936,131936019200,1,,,,,,0,725,30000,128,724,62000,128
1100,20160112,11, 1,2,       1801 ,,131936,131936,131936426000,1,,,,,,0,725,30000,128,724,58000,128
1100,20160112,11, 1,2,       1801 ,,131936,131936,131936579200,1,,,,,,0,725,21000,128,724,58000,128
1100,20160112,11, 1,2,       1801 ,,131936,131936,131936580500,1,,,,,,0,725,21000,128,724,59000,128
1100,20160112,11, 1,2,       1801 ,,131937,131937,131937248700,1,,,,,,0,725,21000,128,724,58000,128
1100,20160112,11, 1,2,       1801 ,,131937,131937,131937250000,1,,,,,,0,725,21000,128,724,59000,128
1100,20160112,11, 1,2,       1801 ,,131937,131937,131937930500,1,,,,,,0,725,20000,128,724,59000,128
1100,20160112,11, 1,2,       1801 ,,131938,131938,131938410500,1,,,,,,0,725,19000,128,724,59000,128
1100,20160112,11, 1,2,       1801 ,,131938,131938,131938429100,1,,,,,,0,725,19000,128,724,60000,128
1100,20160112,11, 1,2,       1801 ,,131938,131938,131938434400,1,,,,,,0,725,18000,128,724,60000,128
1100,20160112,11, 1,2,       1801 ,,131938,131938,131938435800,1,,,,,,0,725,13000,128,724,60000,128
1100,20160112,11, 1,2,       1801 ,,131938,131938,131938436500,1,,,,,,0,725,11000,128,724,60000,128
1100,20160112,11, 1,2,       1801 ,,131938,131938,131938437200,1,,,,,,0,725,10000,128,724,60000,128
1100,20160112,11, 1,2,       1801 ,131938,131938,131938,131938438900,1,725,48,0,5000,0,0,725,5000,128,724,60000,128
1100,20160112,11, 1,2,       1801 ,131938,131938,131938,131938440100,1,725,48,0,1000,0,0,725,4000,128,724,60000,128
1100,20160112,11, 1,2,       1801 ,,131938,131938,131938441100,1,,,,,,0,725,4000,128,724,60000,128
1100,20160112,11, 1,2,       1801 ,131938,131938,131938,131938442000,1,725,48,0,4000,0,0,726,60000,128,724,60000,128
1100,20160112,11, 1,2,       1801 ,,131938,131938,131938443300,1,,,,,,0,726,60000,128,724,60000,128
1100,20160112,11, 1,2,       1801 ,,131938,131938,131938448100,1,,,,,,0,726,60000,128,725,2000,128
1100,20160112,11, 1,2,       1801 ,,131938,131938,131938450000,1,,,,,,0,726,60000,128,725,3000,128
1100,20160112,11, 1,2,       1801 ,,131938,131938,131938450800,1,,,,,,0,726,59000,128,725,3000,128
1100,20160112,11, 1,2,       1801 ,,131938,131938,131938452100,1,,,,,,0,726,59000,128,725,8000,128
1100,20160112,11, 1,2,       1801 ,,131938,131938,131938452900,1,,,,,,0,726,59000,128,725,9000,128
1100,20160112,11, 1,2,       1801 ,,131938,131938,131938458400,1,,,,,,0,726,59000,128,725,11000,128
1100,20160112,11, 1,2,       1801 ,,131938,131938,131938459100,1,,,,,,0,726,59000,128,725,13000,128
1100,20160112,11, 1,2,       1801 ,,131938,131938,131938461600,1,,,,,,0,726,61000,128,725,13000,128
1100,20160112,11, 1,2,       1801 ,,131938,131938,131938462900,1,,,,,,0,726,59000,128,725,13000,128
1100,20160112,11, 1,2,       1801 ,,131938,131938,131938463600,1,,,,,,0,726,59000,128,725,15000,128
1100,20160112,11, 1,2,       1801 ,,131938,131938,131938464300,1,,,,,,0,726,59000,128,725,16000,128
1100,20160112,11, 1,2,       1801 ,,131938,131938,131938465800,1,,,,,,0,726,55000,128,725,16000,128
1100,20160112,11, 1,2,       1801 ,,131939,131939,131939454200,1,,,,,,0,726,55000,128,725,15000,128
1100,20160112,11, 1,2,       1801 ,,131940,131940,131940004700,1,,,,,,0,726,54000,128,725,15000,128
1100,20160112,11, 1,2,       1801 ,,131940,131940,131940732600,1,,,,,,0,726,55000,128,725,15000,128
1100,20160112,11, 1,2,       1801 ,,131941,131941,131941590300,1,,,,,,0,726,51000,128,725,15000,128
1100,20160112,11, 1,2,       1801 ,,131944,131944,131944664800,1,,,,,,0,726,52000,128,725,15000,128
1100,20160112,11, 1,2,       1801 ,,131944,131944,131944731100,1,,,,,,0,726,52000,128,725,13000,128
1100,20160112,11, 1,2,       1801 ,131951,131951,131951,131951450200,1,725,16,0,2000,0,0,726,52000,128,725,11000,128
1100,20160112,11, 1,2,       1801 ,131953,131953,131953,131953104800,1,725,16,0,6000,0,0,726,52000,128,725,5000,128
1100,20160112,11, 1,2,       1801 ,,131953,131953,131953106500,1,,,,,,0,726,53000,128,725,5000,128
1100,20160112,11, 1,2,       1801 ,,131953,131953,131953107300,1,,,,,,0,726,55000,128,725,5000,128
1100,20160112,11, 1,2,       1801 ,131953,131953,131953,131953108500,1,725,16,0,1000,0,0,726,55000,128,725,4000,128
1100,20160112,11, 1,2,       1801 ,131953,131953,131953,131953109400,1,725,16,0,4000,0,0,726,55000,128,724,72000,128
1100,20160112,11, 1,2,       1801 ,,131953,131953,131953110200,1,,,,,,0,725,1000,128,724,72000,128
1100,20160112,11, 1,2,       1801 ,,131953,131953,131953112900,1,,,,,,0,725,1000,128,724,70000,128
1100,20160112,11, 1,2,       1801 ,,131953,131953,131953116200,1,,,,,,0,725,1000,128,724,68000,128
1100,20160112,11, 1,2,       1801 ,,131953,131953,131953117000,1,,,,,,0,725,3000,128,724,68000,128
1100,20160112,11, 1,2,       1801 ,,131953,131953,131953119900,1,,,,,,0,725,3000,128,724,67000,128
1100,20160112,11, 1,2,       1801 ,131953,131953,131953,131953120700,1,725,48,0,3000,0,0,726,57000,128,724,67000,128
1100,20160112,11, 1,2,       1801 ,,131953,131953,131953121400,1,,,,,,0,726,57000,128,724,65000,128
1100,20160112,11, 1,2,       1801 ,,131953,131953,131953122200,1,,,,,,0,725,1000,128,724,65000,128
1100,20160112,11, 1,2,       1801 ,,131953,131953,131953124400,1,,,,,,0,725,2000,128,724,65000,128
1100,20160112,11, 1,2,       1801 ,131953,131953,131953,131953128100,1,725,48,0,2000,0,0,726,62000,128,725,4000,128
1100,20160112,11, 1,2,       1801 ,,131953,131953,131953129300,1,,,,,,0,726,60000,128,725,4000,128
1100,20160112,11, 1,2,       1801 ,131953,131953,131953,131953131700,1,725,16,0,1000,0,0,726,60000,128,725,3000,128
1100,20160112,11, 1,2,       1801 ,,131953,131953,131953133200,1,,,,,,0,726,60000,128,725,3000,128
1100,20160112,11, 1,2,       1801 ,,131953,131953,131953134000,1,,,,,,0,726,60000,128,725,4000,128
1100,20160112,11, 1,2,       1801 ,,131953,131953,131953136300,1,,,,,,0,726,58000,128,725,4000,128
1100,20160112,11, 1,2,       1801 ,,131953,131953,131953137000,1,,,,,,0,726,58000,128,725,6000,128
1100,20160112,11, 1,2,       1801 ,,131953,131953,131953137600,1,,,,,,0,726,60000,128,725,6000,128
1100,20160112,11, 1,2,       1801 ,,131953,131953,131953138400,1,,,,,,0,726,60000,128,725,7000,128
1100,20160112,11, 1,2,       1801 ,,131953,131953,131953142900,1,,,,,,0,726,59000,128,725,7000,128
1100,20160112,11, 1,2,       1801 ,131953,131953,131953,131953150000,1,725,16,0,1000,0,0,726,59000,128,725,6000,128
1100,20160112,11, 1,2,       1801 ,,131954,131954,131954118600,1,,,,,,0,726,59000,128,725,6000,128
1100,20160112,11, 1,2,       1801 ,,131955,131955,131955098700,1,,,,,,0,726,58000,128,725,6000,128
1100,20160112,11, 1,2,       1801 ,,131956,131956,131956535900,1,,,,,,0,726,62000,128,725,6000,128
1100,20160112,11, 1,2,       1801 ,,131956,131956,131956537400,1,,,,,,0,726,58000,128,725,6000,128
1100,20160112,11, 1,2,       1801 ,,132000,132000,132000048700,1,,,,,,0,726,56000,128,725,6000,128
1100,20160112,11, 1,2,       1801 ,132001,132001,132001,132001977600,1,725,16,0,2000,0,0,726,56000,128,725,4000,128
1100,20160112,11, 1,2,       1801 ,,132001,132001,132001979200,1,,,,,,0,726,57000,128,725,4000,128
1100,20160112,11, 1,2,       1801 ,,132002,132002,132002746700,1,,,,,,0,726,56000,128,725,4000,128
1100,20160112,11, 1,2,       1801 ,,132003,132003,132003248300,1,,,,,,0,726,55000,128,725,4000,128
1100,20160112,11, 1,2,       1801 ,,132008,132008,132008601100,1,,,,,,0,726,55000,128,725,5000,128
1100,20160112,11, 1,2,       1801 ,,132015,132015,132015090100,1,,,,,,0,726,57000,128,725,5000,128
1100,20160112,11, 1,2,       1801 ,,132015,132015,132015099100,1,,,,,,0,726,58000,128,725,5000,128
1100,20160112,11, 1,2,       1801 ,,132020,132020,132020311400,1,,,,,,0,726,58000,128,725,4000,128
1100,20160112,11, 1,2,       1801 ,132020,132020,132020,132020313300,1,725,16,0,4000,0,0,726,58000,128,724,75000,128
1100,20160112,11, 1,2,       1801 ,,132020,132020,132020315400,1,,,,,,0,725,1000,128,724,75000,128
1100,20160112,11, 1,2,       1801 ,,132020,132020,132020316100,1,,,,,,0,725,1000,128,724,73000,128
1100,20160112,11, 1,2,       1801 ,,132020,132020,132020320400,1,,,,,,0,725,1000,128,724,71000,128
1100,20160112,11, 1,2,       1801 ,,132020,132020,132020321800,1,,,,,,0,725,1000,128,724,70000,128
1100,20160112,11, 1,2,       1801 ,,132020,132020,132020323500,1,,,,,,0,725,3000,128,724,70000,128
1100,20160112,11, 1,2,       1801 ,,132020,132020,132020326900,1,,,,,,0,725,4000,128,724,70000,128
1100,20160112,11, 1,2,       1801 ,,132020,132020,132020329100,1,,,,,,0,725,4000,128,724,69000,128
1100,20160112,11, 1,2,       1801 ,,132020,132020,132020334700,1,,,,,,0,725,4000,128,724,64000,128
1100,20160112,11, 1,2,       1801 ,,132020,132020,132020336800,1,,,,,,0,725,5000,128,724,64000,128
1100,20160112,11, 1,2,       1801 ,,132020,132020,132020360200,1,,,,,,0,725,5000,128,724,60000,128
1100,20160112,11, 1,2,       1801 ,,132021,132021,132021461000,1,,,,,,0,725,5000,128,724,59000,128
1100,20160112,11, 1,2,       1801 ,,132024,132024,132024459200,1,,,,,,0,725,14000,128,724,59000,128
1100,20160112,11, 1,2,       1801 ,,132024,132024,132024460600,1,,,,,,0,725,18000,128,724,59000,128
1100,20160112,11, 1,2,       1801 ,,132024,132024,132024461200,1,,,,,,0,725,20000,128,724,59000,128
1100,20160112,11, 1,2,       1801 ,,132024,132024,132024461900,1,,,,,,0,725,25000,128,724,59000,128
1100,20160112,11, 1,2,       1801 ,,132024,132024,132024462500,1,,,,,,0,725,27000,128,724,59000,128
1100,20160112,11, 1,2,       1801 ,,132024,132024,132024464000,1,,,,,,0,725,27000,128,724,56000,128
1100,20160112,11, 1,2,       1801 ,,132025,132025,132025145100,1,,,,,,0,725,28000,128,724,56000,128
1100,20160112,11, 1,2,       1801 ,,132031,132031,132031006700,1,,,,,,0,725,47000,128,724,56000,128
1100,20160112,11, 1,2,       1801 ,,132031,132031,132031007900,1,,,,,,0,725,47000,128,724,55000,128
1100,20160112,11, 1,2,       1801 ,,132031,132031,132031008600,1,,,,,,0,725,48000,128,724,55000,128
1100,20160112,11, 1,2,       1801 ,,132031,132031,132031016100,1,,,,,,0,725,48000,128,724,60000,128
1100,20160112,11, 1,2,       1801 ,,132032,132032,132032710400,1,,,,,,0,725,48000,128,724,56000,128
1100,20160112,11, 1,2,       1801 ,,132034,132034,132034392100,1,,,,,,0,725,47000,128,724,56000,128
1100,20160112,11, 1,2,       1801 ,,132034,132034,132034393900,1,,,,,,0,725,47000,128,724,59000,128
1100,20160112,11, 1,2,       1801 ,,132034,132034,132034454900,1,,,,,,0,725,47000,128,724,60000,128
1100,20160112,11, 1,2,       1801 ,,132034,132034,132034569600,1,,,,,,0,725,47000,128,724,59000,128
1100,20160112,11, 1,2,       1801 ,,132034,132034,132034655600,1,,,,,,0,725,47000,128,724,60000,128
1100,20160112,11, 1,2,       1801 ,,132037,132037,132037913000,1,,,,,,0,725,47000,128,724,59000,128
1100,20160112,11, 1,2,       1801 ,,132037,132037,132037914500,1,,,,,,0,725,47000,128,724,60000,128
1100,20160112,11, 1,2,       1801 ,,132039,132039,132039100300,1,,,,,,0,725,51000,128,724,60000,128
1100,20160112,11, 1,2,       1801 ,,132039,132039,132039101700,1,,,,,,0,725,51000,128,724,59000,128
1100,20160112,11, 1,2,       1801 ,,132041,132041,132041612200,1,,,,,,0,725,65000,128,724,59000,128
1100,20160112,11, 1,2,       1801 ,,132044,132044,132044005200,1,,,,,,0,725,67000,128,724,59000,128
1100,20160112,11, 1,2,       1801 ,,132047,132047,132047643900,1,,,,,,0,725,68000,128,724,59000,128
1100,20160112,11, 1,2,       1801 ,,132052,132052,132052293400,1,,,,,,0,725,68000,128,724,60000,128
1100,20160112,11, 1,2,       1801 ,,132054,132054,132054699800,1,,,,,,0,725,63000,128,724,60000,128
1100,20160112,11, 1,2,       1801 ,132056,132056,132056,132056395400,1,724,16,0,5000,0,0,725,63000,128,724,55000,128
1100,20160112,11, 1,2,       1801 ,,132056,132056,132056957900,1,,,,,,0,725,63000,128,724,56000,128
1100,20160112,11, 1,2,       1801 ,132057,132057,132057,132057870700,1,724,16,0,3000,0,0,725,63000,128,724,53000,128
1100,20160112,11, 1,2,       1801 ,,132101,132101,132101927200,1,,,,,,0,725,49000,128,724,53000,128
1100,20160112,11, 1,2,       1801 ,,132102,132102,132102006100,1,,,,,,0,725,30000,128,724,53000,128
1100,20160112,11, 1,2,       1801 ,,132102,132102,132102007400,1,,,,,,0,725,29000,128,724,53000,128
1100,20160112,11, 1,2,       1801 ,,132102,132102,132102008100,1,,,,,,0,725,28000,128,724,53000,128
1100,20160112,11, 1,2,       1801 ,,132102,132102,132102008800,1,,,,,,0,725,19000,128,724,53000,128
1100,20160112,11, 1,2,       1801 ,,132102,132102,132102009600,1,,,,,,0,725,17000,128,724,53000,128
1100,20160112,11, 1,2,       1801 ,,132102,132102,132102010400,1,,,,,,0,725,17000,128,724,54000,128
1100,20160112,11, 1,2,       1801 ,,132102,132102,132102011000,1,,,,,,0,725,15000,128,724,54000,128
1100,20160112,11, 1,2,       1801 ,132102,132102,132102,132102011700,1,725,48,0,2000,0,0,725,13000,128,724,54000,128
1100,20160112,11, 1,2,       1801 ,132102,132102,132102,132102012800,1,725,48,0,2000,0,0,725,11000,128,724,54000,128
1100,20160112,11, 1,2,       1801 ,132102,132102,132102,132102013800,1,725,48,0,1000,0,0,725,10000,128,724,54000,128
1100,20160112,11, 1,2,       1801 ,132102,132102,132102,132102015100,1,725,48,0,1000,0,0,725,9000,128,724,54000,128
1100,20160112,11, 1,2,       1801 ,132102,132102,132102,132102016000,1,725,48,0,2000,0,0,725,7000,128,724,54000,128
1100,20160112,11, 1,2,       1801 ,,132102,132102,132102017300,1,,,,,,0,725,7000,128,724,54000,128
1100,20160112,11, 1,2,       1801 ,,132102,132102,132102018500,1,,,,,,0,725,7000,128,724,59000,128
1100,20160112,11, 1,2,       1801 ,,132102,132102,132102019100,1,,,,,,0,725,7000,128,724,60000,128
1100,20160112,11, 1,2,       1801 ,132102,132102,132102,132102019900,1,725,48,0,7000,0,0,726,59000,128,724,60000,128
1100,20160112,11, 1,2,       1801 ,,132102,132102,132102023700,1,,,,,,0,726,57000,128,724,60000,128
1100,20160112,11, 1,2,       1801 ,,132102,132102,132102025100,1,,,,,,0,726,57000,128,725,2000,128
1100,20160112,11, 1,2,       1801 ,,132102,132102,132102025900,1,,,,,,0,726,57000,128,725,3000,128
1100,20160112,11, 1,2,       1801 ,,132102,132102,132102027200,1,,,,,,0,726,57000,128,725,5000,128
1100,20160112,11, 1,2,       1801 ,,132102,132102,132102028000,1,,,,,,0,726,59000,128,725,5000,128
1100,20160112,11, 1,2,       1801 ,,132102,132102,132102028800,1,,,,,,0,726,61000,128,725,5000,128
1100,20160112,11, 1,2,       1801 ,132102,132102,132102,132102029500,1,725,16,0,2000,0,0,726,61000,128,725,3000,128
1100,20160112,11, 1,2,       1801 ,132102,132102,132102,132102030500,1,725,16,0,2000,0,0,726,61000,128,725,1000,128
1100,20160112,11, 1,2,       1801 ,,132102,132102,132102031700,1,,,,,,0,726,61000,128,725,1000,128
1100,20160112,11, 1,2,       1801 ,,132102,132102,132102033500,1,,,,,,0,726,59000,128,725,1000,128
1100,20160112,11, 1,2,       1801 ,,132102,132102,132102034300,1,,,,,,0,726,59000,128,725,2000,128
1100,20160112,11, 1,2,       1801 ,,132102,132102,132102037000,1,,,,,,0,726,59000,128,725,6000,128
1100,20160112,11, 1,2,       1801 ,132102,132102,132102,132102037600,1,725,16,0,2000,0,0,726,59000,128,725,4000,128
1100,20160112,11, 1,2,       1801 ,132102,132102,132102,132102038700,1,725,16,0,2000,0,0,726,59000,128,725,2000,128
1100,20160112,11, 1,2,       1801 ,,132102,132102,132102039700,1,,,,,,0,726,54000,128,725,2000,128
1100,20160112,11, 1,2,       1801 ,,132102,132102,132102040500,1,,,,,,0,726,54000,128,725,8000,128
1100,20160112,11, 1,2,       1801 ,,132102,132102,132102041200,1,,,,,,0,726,53000,128,725,8000,128
1100,20160112,11, 1,2,       1801 ,132102,132102,132102,132102043200,1,725,16,0,3000,0,0,726,53000,128,725,5000,128
1100,20160112,11, 1,2,       1801 ,,132102,132102,132102044300,1,,,,,,0,726,51000,128,725,5000,128
1100,20160112,11, 1,2,       1801 ,,132102,132102,132102045200,1,,,,,,0,726,52000,128,725,5000,128
1100,20160112,11, 1,2,       1801 ,,132102,132102,132102047100,1,,,,,,0,726,48000,128,725,5000,128
1100,20160112,11, 1,2,       1801 ,,132102,132102,132102048500,1,,,,,,0,726,47000,128,725,5000,128
1100,20160112,11, 1,2,       1801 ,,132102,132102,132102050600,1,,,,,,0,726,47000,128,725,9000,128
1100,20160112,11, 1,2,       1801 ,,132102,132102,132102060200,1,,,,,,0,726,47000,128,725,10000,128
1100,20160112,11, 1,2,       1801 ,,132102,132102,132102217500,1,,,,,,0,726,47000,128,725,11000,128
1100,20160112,11, 1,2,       1801 ,,132102,132102,132102259700,1,,,,,,0,726,47000,128,725,12000,128
1100,20160112,11, 1,2,       1801 ,,132102,132102,132102709200,1,,,,,,0,726,47000,128,725,7000,128
1100,20160112,11, 1,2,       1801 ,,132103,132103,132103076300,1,,,,,,0,726,47000,128,725,8000,128
1100,20160112,11, 1,2,       1801 ,,132105,132105,132105390800,1,,,,,,0,726,48000,128,725,8000,128
1100,20160112,11, 1,2,       1801 ,,132108,132108,132108078700,1,,,,,,0,726,48000,128,725,7000,128
1100,20160112,11, 1,2,       1801 ,,132108,132108,132108310900,1,,,,,,0,726,44000,128,725,7000,128
1100,20160112,11, 1,2,       1801 ,,132108,132108,132108541400,1,,,,,,0,726,43000,128,725,7000,128
1100,20160112,11, 1,2,       1801 ,,132109,132109,132109034200,1,,,,,,0,726,43000,128,725,8000,128
1100,20160112,11, 1,2,       1801 ,,132109,132109,132109362100,1,,,,,,0,726,44000,128,725,8000,128
1100,20160112,11, 1,2,       1801 ,,132111,132111,132111843400,1,,,,,,0,726,45000,128,725,8000,128
1100,20160112,11, 1,2,       1801 ,,132114,132114,132114298900,1,,,,,,0,726,46000,128,725,8000,128
1100,20160112,11, 1,2,       1801 ,,132116,132116,132116178300,1,,,,,,0,726,45000,128,725,8000,128
1100,20160112,11, 1,2,       1801 ,,132116,132116,132116180400,1,,,,,,0,726,50000,128,725,8000,128
1100,20160112,11, 1,2,       1801 ,,132116,132116,132116181500,1,,,,,,0,726,51000,128,725,8000,128
1100,20160112,11, 1,2,       1801 ,,132116,132116,132116238200,1,,,,,,0,726,50000,128,725,8000,128
1100,20160112,11, 1,2,       1801 ,,132120,132120,132120535200,1,,,,,,0,726,54000,128,725,8000,128
1100,20160112,11, 1,2,       1801 ,,132133,132133,132133005400,1,,,,,,0,726,73000,128,725,8000,128
1100,20160112,11, 1,2,       1801 ,,132133,132133,132133006700,1,,,,,,0,726,74000,128,725,8000,128
1100,20160112,11, 1,2,       1801 ,132138,132138,132138,132138895000,1,725,16,0,8000,0,0,726,74000,128,724,71000,128
1100,20160112,11, 1,2,       1801 ,,132138,132138,132138897400,1,,,,,,0,725,1000,128,724,71000,128
1100,20160112,11, 1,2,       1801 ,,132138,132138,132138900400,1,,,,,,0,725,3000,128,724,71000,128
1100,20160112,11, 1,2,       1801 ,,132138,132138,132138901000,1,,,,,,0,725,3000,128,724,69000,128
1100,20160112,11, 1,2,       1801 ,,132138,132138,132138902900,1,,,,,,0,725,3000,128,724,66000,128
1100,20160112,11, 1,2,       1801 ,,132138,132138,132138904700,1,,,,,,0,725,4000,128,724,66000,128
1100,20160112,11, 1,2,       1801 ,,132138,132138,132138905300,1,,,,,,0,725,4000,128,724,64000,128
1100,20160112,11, 1,2,       1801 ,132138,132138,132138,132138907500,1,725,48,0,1000,0,0,725,3000,128,724,64000,128
1100,20160112,11, 1,2,       1801 ,,132138,132138,132138908300,1,,,,,,0,725,3000,128,724,59000,128
1100,20160112,11, 1,2,       1801 ,,132138,132138,132138909100,1,,,,,,0,725,3000,128,724,58000,128
1100,20160112,11, 1,2,       1801 ,,132138,132138,132138910600,1,,,,,,0,725,3000,128,724,57000,128
1100,20160112,11, 1,2,       1801 ,,132138,132138,132138911300,1,,,,,,0,725,5000,128,724,57000,128
1100,20160112,11, 1,2,       1801 ,,132138,132138,132138914000,1,,,,,,0,725,5000,128,724,53000,128
1100,20160112,11, 1,2,       1801 ,,132138,132138,132138921300,1,,,,,,0,725,6000,128,724,53000,128
1100,20160112,11, 1,2,       1801 ,,132138,132138,132138965600,1,,,,,,0,725,6000,128,724,54000,128
1100,20160112,11, 1,2,       1801 ,,132139,132139,132139486400,1,,,,,,0,725,6000,128,724,53000,128
1100,20160112,11, 1,2,       1801 ,132139,132139,132139,132139487800,1,725,48,0,1000,0,0,725,5000,128,724,53000,128
1100,20160112,11, 1,2,       1801 ,,132139,132139,132139489100,1,,,,,,0,725,3000,128,724,53000,128
1100,20160112,11, 1,2,       1801 ,,132139,132139,132139490500,1,,,,,,0,725,3000,128,724,54000,128
1100,20160112,11, 1,2,       1801 ,,132139,132139,132139521400,1,,,,,,0,725,3000,128,724,53000,128
1100,20160112,11, 1,2,       1801 ,132139,132139,132139,132139547600,1,725,48,0,1000,0,0,725,2000,128,724,53000,128
1100,20160112,11, 1,2,       1801 ,,132140,132140,132140023100,1,,,,,,0,725,2000,128,724,53000,128
1100,20160112,11, 1,2,       1801 ,,132142,132142,132142158900,1,,,,,,0,725,2000,128,724,52000,128
1100,20160112,11, 1,2,       1801 ,,132143,132143,132143189100,1,,,,,,0,725,4000,128,724,52000,128
1100,20160112,11, 1,2,       1801 ,,132150,132150,132150529000,1,,,,,,0,725,4000,128,724,48000,128
1100,20160112,11, 1,2,       1801 ,,132150,132150,132150530800,1,,,,,,0,725,4000,128,724,53000,128
1100,20160112,11, 1,2,       1801 ,132150,132150,132150,132150532400,1,725,48,0,1000,0,0,725,3000,128,724,53000,128
1100,20160112,11, 1,2,       1801 ,,132150,132150,132150533900,1,,,,,,0,725,3000,128,724,54000,128
1100,20160112,11, 1,2,       1801 ,,132150,132150,132150816000,1,,,,,,0,725,3000,128,724,53000,128
1100,20160112,11, 1,2,       1801 ,,132153,132153,132153869700,1,,,,,,0,725,3000,128,724,52000,128
1100,20160112,11, 1,2,       1801 ,,132153,132153,132153870600,1,,,,,,0,725,4000,128,724,52000,128
1100,20160112,11, 1,2,       1801 ,,132155,132155,132155042400,1,,,,,,0,725,4000,128,724,51000,128
1100,20160112,11, 1,2,       1801 ,,132156,132156,132156563900,1,,,,,,0,725,5000,128,724,51000,128
1100,20160112,11, 1,2,       1801 ,,132156,132156,132156900500,1,,,,,,0,725,7000,128,724,51000,128
1100,20160112,11, 1,2,       1801 ,,132158,132158,132158270000,1,,,,,,0,725,5000,128,724,51000,128
1100,20160112,11, 1,2,       1801 ,,132200,132200,132200886700,1,,,,,,0,725,4000,128,724,51000,128
1100,20160112,11, 1,2,       1801 ,,132201,132201,132201537000,1,,,,,,0,725,4000,128,724,55000,128
1100,20160112,11, 1,2,       1801 ,,132203,132203,132203326100,1,,,,,,0,725,8000,128,724,55000,128
1100,20160112,11, 1,2,       1801 ,,132203,132203,132203574300,1,,,,,,0,725,8000,128,724,51000,128
1100,20160112,11, 1,2,       1801 ,,132203,132203,132203576400,1,,,,,,0,725,10000,128,724,51000,128
1100,20160112,11, 1,2,       1801 ,,132203,132203,132203578300,1,,,,,,0,725,11000,128,724,51000,128
1100,20160112,11, 1,2,       1801 ,,132208,132208,132208440200,1,,,,,,0,725,11000,128,724,52000,128
1100,20160112,11, 1,2,       1801 ,,132211,132211,132211384700,1,,,,,,0,725,12000,128,724,52000,128
1100,20160112,11, 1,2,       1801 ,,132215,132215,132215816500,1,,,,,,0,725,13000,128,724,52000,128
1100,20160112,11, 1,2,       1801 ,,132215,132215,132215817900,1,,,,,,0,725,13000,128,724,47000,128
1100,20160112,11, 1,2,       1801 ,,132216,132216,132216841300,1,,,,,,0,725,12000,128,724,47000,128
1100,20160112,11, 1,2,       1801 ,,132224,132224,132224782100,1,,,,,,0,725,12000,128,724,48000,128
1100,20160112,11, 1,2,       1801 ,,132227,132227,132227152000,1,,,,,,0,725,10000,128,724,48000,128
1100,20160112,11, 1,2,       1801 ,,132227,132227,132227153200,1,,,,,,0,725,9000,128,724,48000,128
1100,20160112,11, 1,2,       1801 ,,132227,132227,132227153900,1,,,,,,0,725,9000,128,724,53000,128
1100,20160112,11, 1,2,       1801 ,,132227,132227,132227155200,1,,,,,,0,725,9000,128,724,54000,128
1100,20160112,11, 1,2,       1801 ,,132229,132229,132229779600,1,,,,,,0,725,9000,128,724,53000,128
1100,20160112,11, 1,2,       1801 ,,132229,132229,132229782400,1,,,,,,0,725,9000,128,724,52000,128
1100,20160112,11, 1,2,       1801 ,,132234,132234,132234433100,1,,,,,,0,725,10000,128,724,52000,128
1100,20160112,11, 1,2,       1801 ,,132234,132234,132234461400,1,,,,,,0,725,10000,128,724,47000,128
1100,20160112,11, 1,2,       1801 ,,132234,132234,132234466000,1,,,,,,0,725,12000,128,724,47000,128
1100,20160112,11, 1,2,       1801 ,,132235,132235,132235007100,1,,,,,,0,725,31000,128,724,47000,128
1100,20160112,11, 1,2,       1801 ,,132235,132235,132235008200,1,,,,,,0,725,31000,128,724,46000,128
1100,20160112,11, 1,2,       1801 ,,132235,132235,132235008900,1,,,,,,0,725,33000,128,724,46000,128
1100,20160112,11, 1,2,       1801 ,,132235,132235,132235011300,1,,,,,,0,725,33000,128,724,44000,128
1100,20160112,11, 1,2,       1801 ,,132235,132235,132235013500,1,,,,,,0,725,38000,128,724,44000,128
1100,20160112,11, 1,2,       1801 ,,132237,132237,132237132800,1,,,,,,0,725,42000,128,724,44000,128
1100,20160112,11, 1,2,       1801 ,,132239,132239,132239423500,1,,,,,,0,725,37000,128,724,44000,128
1100,20160112,11, 1,2,       1801 ,,132239,132239,132239461400,1,,,,,,0,725,36000,128,724,44000,128
1100,20160112,11, 1,2,       1801 ,,132240,132240,132240410800,1,,,,,,0,725,37000,128,724,44000,128
1100,20160112,11, 1,2,       1801 ,,132253,132253,132253493100,1,,,,,,0,725,37000,128,724,45000,128
1100,20160112,11, 1,2,       1801 ,,132253,132253,132253494400,1,,,,,,0,725,38000,128,724,45000,128
1100,20160112,11, 1,2,       1801 ,132259,132259,132259,132259745000,1,724,16,0,2000,0,0,725,38000,128,724,43000,128
1100,20160112,11, 1,2,       1801 ,,132300,132300,132300330800,1,,,,,,0,725,39000,128,724,43000,128
1100,20160112,11, 1,2,       1801 ,,132306,132306,132306204500,1,,,,,,0,725,38000,128,724,43000,128
1100,20160112,11, 1,2,       1801 ,,132306,132306,132306562300,1,,,,,,0,725,39000,128,724,43000,128
1100,20160112,11, 1,2,       1801 ,,132306,132306,132306784000,1,,,,,,0,725,41000,128,724,43000,128
1100,20160112,11, 1,2,       1801 ,,132306,132306,132306784800,1,,,,,,0,725,51000,128,724,43000,128
1100,20160112,11, 1,2,       1801 ,132306,132306,132306,132306806300,1,724,16,0,2000,0,0,725,51000,128,724,41000,128
1100,20160112,11, 1,2,       1801 ,,132306,132306,132306965500,1,,,,,,0,725,51000,128,724,40000,128
1100,20160112,11, 1,2,       1801 ,132307,132307,132307,132307492400,1,724,16,0,2000,0,0,725,51000,128,724,38000,128
1100,20160112,11, 1,2,       1801 ,,132307,132307,132307494400,1,,,,,,0,725,54000,128,724,38000,128
1100,20160112,11, 1,2,       1801 ,,132307,132307,132307495100,1,,,,,,0,725,59000,128,724,38000,128
1100,20160112,11, 1,2,       1801 ,,132312,132312,132312121400,1,,,,,,0,725,60000,128,724,38000,128
1100,20160112,11, 1,2,       1801 ,,132315,132315,132315691000,1,,,,,,0,725,62000,128,724,38000,128
1100,20160112,11, 1,2,       1801 ,,132317,132317,132317269900,1,,,,,,0,725,62000,128,724,36000,128
1100,20160112,11, 1,2,       1801 ,,132317,132317,132317298300,1,,,,,,0,725,62000,128,724,33000,128
1100,20160112,11, 1,2,       1801 ,,132318,132318,132318185700,1,,,,,,0,725,63000,128,724,33000,128
1100,20160112,11, 1,2,       1801 ,132331,132331,132331,132331799500,1,724,16,0,8000,0,0,725,63000,128,724,25000,128
1100,20160112,11, 1,2,       1801 ,,132331,132331,132331801400,1,,,,,,0,725,63000,128,724,24000,128
1100,20160112,11, 1,2,       1801 ,132331,132331,132331,132331802200,1,724,16,0,24000,0,0,725,63000,128,723,91000,128
1100,20160112,11, 1,2,       1801 ,,132331,132331,132331804200,1,,,,,,0,724,1000,128,723,91000,128
1100,20160112,11, 1,2,       1801 ,,132331,132331,132331805000,1,,,,,,0,724,1000,128,723,88000,128
1100,20160112,11, 1,2,       1801 ,,132331,132331,132331809000,1,,,,,,0,724,1000,128,723,86000,128
1100,20160112,11, 1,2,       1801 ,,132331,132331,132331812400,1,,,,,,0,724,1000,128,723,84000,128
1100,20160112,11, 1,2,       1801 ,,132331,132331,132331814500,1,,,,,,0,724,3000,128,723,84000,128
1100,20160112,11, 1,2,       1801 ,,132331,132331,132331820200,1,,,,,,0,724,3000,128,723,82000,128
1100,20160112,11, 1,2,       1801 ,,132331,132331,132331821000,1,,,,,,0,724,4000,128,723,82000,128
1100,20160112,11, 1,2,       1801 ,,132331,132331,132331821600,1,,,,,,0,724,6000,128,723,82000,128
1100,20160112,11, 1,2,       1801 ,,132331,132331,132331823800,1,,,,,,0,724,6000,128,723,77000,128
1100,20160112,11, 1,2,       1801 ,,132331,132331,132331829500,1,,,,,,0,724,6000,128,723,78000,128
1100,20160112,11, 1,2,       1801 ,,132331,132331,132331831600,1,,,,,,0,724,7000,128,723,78000,128
1100,20160112,11, 1,2,       1801 ,,132331,132331,132331835200,1,,,,,,0,724,7000,128,723,74000,128
1100,20160112,11, 1,2,       1801 ,,132331,132331,132331840000,1,,,,,,0,724,7000,128,723,73000,128
1100,20160112,11, 1,2,       1801 ,,132331,132331,132331846200,1,,,,,,0,724,7000,128,723,72000,128
1100,20160112,11, 1,2,       1801 ,,132331,132331,132331850900,1,,,,,,0,724,8000,128,723,72000,128
1100,20160112,11, 1,2,       1801 ,,132331,132331,132331878600,1,,,,,,0,724,9000,128,723,72000,128
1100,20160112,11, 1,2,       1801 ,,132332,132332,132332153800,1,,,,,,0,724,8000,128,723,72000,128
1100,20160112,11, 1,2,       1801 ,,132332,132332,132332154800,1,,,,,,0,724,8000,128,723,71000,128
1100,20160112,11, 1,2,       1801 ,,132332,132332,132332646600,1,,,,,,0,724,8000,128,723,70000,128
1100,20160112,11, 1,2,       1801 ,,132332,132332,132332647700,1,,,,,,0,724,8000,128,723,69000,128
1100,20160112,11, 1,2,       1801 ,,132332,132332,132332870100,1,,,,,,0,724,8000,128,723,68000,128
1100,20160112,11, 1,2,       1801 ,,132336,132336,132336851100,1,,,,,,0,724,9000,128,723,68000,128
1100,20160112,11, 1,2,       1801 ,,132337,132337,132337010900,1,,,,,,0,724,9000,128,723,66000,128
1100,20160112,11, 1,2,       1801 ,,132337,132337,132337012100,1,,,,,,0,724,9000,128,723,67000,128
1100,20160112,11, 1,2,       1801 ,,132341,132341,132341593400,1,,,,,,0,724,11000,128,723,67000,128
1100,20160112,11, 1,2,       1801 ,,132341,132341,132341595600,1,,,,,,0,724,13000,128,723,67000,128
1100,20160112,11, 1,2,       1801 ,132341,132341,132341,132341677100,1,724,48,0,1000,0,0,724,12000,128,723,67000,128
1100,20160112,11, 1,2,       1801 ,,132341,132341,132341837600,1,,,,,,0,724,12000,128,723,67000,128
1100,20160112,11, 1,2,       1801 ,,132342,132342,132342534900,1,,,,,,0,724,12000,128,723,66000,128
1100,20160112,11, 1,2,       1801 ,,132342,132342,132342537500,1,,,,,,0,724,11000,128,723,66000,128
1100,20160112,11, 1,2,       1801 ,,132343,132343,132343935300,1,,,,,,0,724,13000,128,723,66000,128
1100,20160112,11, 1,2,       1801 ,,132344,132344,132344641400,1,,,,,,0,724,13000,128,723,62000,128
1100,20160112,11, 1,2,       1801 ,,132344,132344,132344642800,1,,,,,,0,724,14000,128,723,62000,128
1100,20160112,11, 1,2,       1801 ,,132344,132344,132344644000,1,,,,,,0,724,14000,128,723,61000,128
1100,20160112,11, 1,2,       1801 ,,132344,132344,132344645500,1,,,,,,0,724,14000,128,723,56000,128
1100,20160112,11, 1,2,       1801 ,,132348,132348,132348091400,1,,,,,,0,724,15000,128,723,56000,128
1100,20160112,11, 1,2,       1801 ,,132348,132348,132348204800,1,,,,,,0,724,16000,128,723,56000,128
1100,20160112,11, 1,2,       1801 ,,132354,132354,132354255400,1,,,,,,0,724,18000,128,723,56000,128
1100,20160112,11, 1,2,       1801 ,,132400,132400,132400047400,1,,,,,,0,724,22000,128,723,56000,128
1100,20160112,11, 1,2,       1801 ,,132400,132400,132400055300,1,,,,,,0,724,24000,128,723,56000,128
1100,20160112,11, 1,2,       1801 ,,132400,132400,132400057100,1,,,,,,0,724,24000,128,723,55000,128
1100,20160112,11, 1,2,       1801 ,,132402,132402,132402970800,1,,,,,,0,724,25000,128,723,55000,128
1100,20160112,11, 1,2,       1801 ,,132403,132403,132403332500,1,,,,,,0,724,25000,128,723,59000,128
1100,20160112,11, 1,2,       1801 ,,132404,132404,132404186400,1,,,,,,0,724,25000,128,723,60000,128
1100,20160112,11, 1,2,       1801 ,,132408,132408,132408335600,1,,,,,,0,724,24000,128,723,60000,128
1100,20160112,11, 1,2,       1801 ,,132408,132408,132408336400,1,,,,,,0,724,24000,128,723,58000,128
1100,20160112,11, 1,2,       1801 ,,132408,132408,132408586000,1,,,,,,0,724,24000,128,723,59000,128
1100,20160112,11, 1,2,       1801 ,,132409,132409,132409536500,1,,,,,,0,724,24000,128,723,63000,128
1100,20160112,11, 1,2,       1801 ,,132409,132409,132409537900,1,,,,,,0,724,23000,128,723,63000,128
1100,20160112,11, 1,2,       1801 ,,132409,132409,132409538700,1,,,,,,0,724,21000,128,723,63000,128
1100,20160112,11, 1,2,       1801 ,,132410,132410,132410681500,1,,,,,,0,724,21000,128,723,62000,128
1100,20160112,11, 1,2,       1801 ,,132411,132411,132411691000,1,,,,,,0,724,21000,128,723,63000,128
1100,20160112,11, 1,2,       1801 ,,132411,132411,132411692300,1,,,,,,0,724,21000,128,723,64000,128
1100,20160112,11, 1,2,       1801 ,,132413,132413,132413205400,1,,,,,,0,724,21000,128,723,63000,128
1100,20160112,11, 1,2,       1801 ,,132413,132413,132413207100,1,,,,,,0,724,21000,128,723,62000,128
1100,20160112,11, 1,2,       1801 ,,132422,132422,132422721200,1,,,,,,0,724,21000,128,723,63000,128
1100,20160112,11, 1,2,       1801 ,,132443,132443,132443400100,1,,,,,,0,724,22000,128,723,63000,128
1100,20160112,11, 1,2,       1801 ,,132444,132444,132444735300,1,,,,,,0,724,21000,128,723,63000,128
1100,20160112,11, 1,2,       1801 ,,132446,132446,132446562900,1,,,,,,0,724,22000,128,723,63000,128
1100,20160112,11, 1,2,       1801 ,,132446,132446,132446567300,1,,,,,,0,724,24000,128,723,63000,128
1100,20160112,11, 1,2,       1801 ,,132446,132446,132446569000,1,,,,,,0,724,24000,128,723,57000,128
1100,20160112,11, 1,2,       1801 ,,132446,132446,132446569900,1,,,,,,0,724,24000,128,723,53000,128
1100,20160112,11, 1,2,       1801 ,,132447,132447,132447641000,1,,,,,,0,724,23000,128,723,53000,128
1100,20160112,11, 1,2,       1801 ,,132448,132448,132448376600,1,,,,,,0,724,23000,128,723,54000,128
1100,20160112,11, 1,2,       1801 ,,132505,132505,132505725800,1,,,,,,0,724,23000,128,723,49000,128
1100,20160112,11, 1,2,       1801 ,,132506,132506,132506129500,1,,,,,,0,724,24000,128,723,49000,128
1100,20160112,11, 1,2,       1801 ,,132506,132506,132506535600,1,,,,,,0,724,24000,128,723,45000,128
1100,20160112,11, 1,2,       1801 ,,132506,132506,132506736100,1,,,,,,0,724,34000,128,723,45000,128
1100,20160112,11, 1,2,       1801 ,,132506,132506,132506737500,1,,,,,,0,724,34000,128,723,44000,128
1100,20160112,11, 1,2,       1801 ,,132506,132506,132506738300,1,,,,,,0,724,37000,128,723,44000,128
1100,20160112,11, 1,2,       1801 ,,132506,132506,132506739600,1,,,,,,0,724,37000,128,723,40000,128
1100,20160112,11, 1,2,       1801 ,,132523,132523,132523350900,1,,,,,,0,724,36000,128,723,40000,128
1100,20160112,11, 1,2,       1801 ,,132523,132523,132523352300,1,,,,,,0,724,37000,128,723,40000,128
1100,20160112,11, 1,2,       1801 ,,132536,132536,132536174400,1,,,,,,0,724,38000,128,723,40000,128
1100,20160112,11, 1,2,       1801 ,,132536,132536,132536176200,1,,,,,,0,724,43000,128,723,40000,128
1100,20160112,11, 1,2,       1801 ,,132536,132536,132536190700,1,,,,,,0,724,43000,128,723,39000,128
1100,20160112,11, 1,2,       1801 ,,132538,132538,132538030700,1,,,,,,0,724,42000,128,723,39000,128
1100,20160112,11, 1,2,       1801 ,,132541,132541,132541004900,1,,,,,,0,724,61000,128,723,39000,128
1100,20160112,11, 1,2,       1801 ,,132541,132541,132541006400,1,,,,,,0,724,61000,128,723,37000,128
1100,20160112,11, 1,2,       1801 ,,132541,132541,132541007100,1,,,,,,0,724,61000,128,723,34000,128
1100,20160112,11, 1,2,       1801 ,,132541,132541,132541018400,1,,,,,,0,724,62000,128,723,34000,128
1100,20160112,11, 1,2,       1801 ,,132541,132541,132541019800,1,,,,,,0,724,62000,128,723,26000,128
1100,20160112,11, 1,2,       1801 ,,132541,132541,132541021000,1,,,,,,0,724,62000,128,723,25000,128
1100,20160112,11, 1,2,       1801 ,,132541,132541,132541025900,1,,,,,,0,724,62000,128,723,24000,128
1100,20160112,11, 1,2,       1801 ,,132541,132541,132541026600,1,,,,,,0,724,62000,128,723,23000,128
1100,20160112,11, 1,2,       1801 ,,132541,132541,132541028900,1,,,,,,0,724,62000,128,723,21000,128
1100,20160112,11, 1,2,       1801 ,132541,132541,132541,132541030300,1,723,16,0,1000,0,0,724,62000,128,723,20000,128
1100,20160112,11, 1,2,       1801 ,,132541,132541,132541031900,1,,,,,,0,724,62000,128,723,19000,128
1100,20160112,11, 1,2,       1801 ,,132541,132541,132541037900,1,,,,,,0,724,61000,128,723,19000,128
1100,20160112,11, 1,2,       1801 ,,132541,132541,132541038600,1,,,,,,0,724,60000,128,723,19000,128
1100,20160112,11, 1,2,       1801 ,,132541,132541,132541048500,1,,,,,,0,724,60000,128,723,21000,128
1100,20160112,11, 1,2,       1801 ,,132541,132541,132541088900,1,,,,,,0,724,60000,128,723,22000,128
1100,20160112,11, 1,2,       1801 ,,132541,132541,132541195200,1,,,,,,0,724,61000,128,723,22000,128
1100,20160112,11, 1,2,       1801 ,,132543,132543,132543041600,1,,,,,,0,724,62000,128,723,22000,128
1100,20160112,11, 1,2,       1801 ,,132546,132546,132546021900,1,,,,,,0,724,61000,128,723,22000,128
1100,20160112,11, 1,2,       1801 ,,132550,132550,132550132900,1,,,,,,0,724,61000,128,723,21000,128
1100,20160112,11, 1,2,       1801 ,,132555,132555,132555832300,1,,,,,,0,724,62000,128,723,21000,128
1100,20160112,11, 1,2,       1801 ,,132558,132558,132558077700,1,,,,,,0,724,65000,128,723,21000,128
1100,20160112,11, 1,2,       1801 ,132558,132558,132558,132558203900,1,724,48,0,1000,0,0,724,64000,128,723,20000,128
1100,20160112,11, 1,2,       1801 ,132558,132558,132558,132558591100,1,724,48,0,1000,0,0,724,63000,128,723,20000,128
1100,20160112,11, 1,2,       1801 ,,132558,132558,132558601800,1,,,,,,0,724,62000,128,723,20000,128
1100,20160112,11, 1,2,       1801 ,,132600,132600,132600624900,1,,,,,,0,724,61000,128,723,20000,128
1100,20160112,11, 1,2,       1801 ,,132600,132600,132600626500,1,,,,,,0,724,61000,128,723,25000,128
1100,20160112,11, 1,2,       1801 ,,132600,132600,132600627700,1,,,,,,0,724,56000,128,723,25000,128
1100,20160112,11, 1,2,       1801 ,,132600,132600,132600628400,1,,,,,,0,724,56000,128,723,30000,128
1100,20160112,11, 1,2,       1801 ,,132600,132600,132600629600,1,,,,,,0,724,53000,128,723,30000,128
1100,20160112,11, 1,2,       1801 ,,132600,132600,132600632300,1,,,,,,0,724,53000,128,723,33000,128
1100,20160112,11, 1,2,       1801 ,,132601,132601,132601489700,1,,,,,,0,724,54000,128,723,33000,128
1100,20160112,11, 1,2,       1801 ,132604,132604,132604,132604213500,1,723,16,0,5000,0,0,724,54000,128,723,28000,128
1100,20160112,11, 1,2,       1801 ,,132604,132604,132604216700,1,,,,,,0,724,56000,128,723,28000,128
1100,20160112,11, 1,2,       1801 ,,132604,132604,132604224600,1,,,,,,0,724,55000,128,723,28000,128
1100,20160112,11, 1,2,       1801 ,132604,132604,132604,132604225300,1,723,16,0,1000,0,0,724,55000,128,723,27000,128
1100,20160112,11, 1,2,       1801 ,132604,132604,132604,132604233900,1,723,16,0,1000,0,0,724,55000,128,723,26000,128
1100,20160112,11, 1,2,       1801 ,,132604,132604,132604319100,1,,,,,,0,724,55000,128,723,26000,128
1100,20160112,11, 1,2,       1801 ,,132608,132608,132608675700,1,,,,,,0,724,55000,128,723,27000,128
1100,20160112,11, 1,2,       1801 ,,132608,132608,132608677100,1,,,,,,0,724,58000,128,723,27000,128
1100,20160112,11, 1,2,       1801 ,,132608,132608,132608950400,1,,,,,,0,724,58000,128,723,22000,128
1100,20160112,11, 1,2,       1801 ,,132608,132608,132608952300,1,,,,,,0,724,63000,128,723,22000,128
1100,20160112,11, 1,2,       1801 ,,132609,132609,132609537900,1,,,,,,0,724,67000,128,723,22000,128
1100,20160112,11, 1,2,       1801 ,,132610,132610,132610813000,1,,,,,,0,724,67000,128,723,23000,128
1100,20160112,11, 1,2,       1801 ,,132610,132610,132610845400,1,,,,,,0,724,67000,128,723,28000,128
1100,20160112,11, 1,2,       1801 ,132621,132621,132621,132621898400,1,724,48,0,1000,0,0,724,66000,128,723,28000,128
1100,20160112,11, 1,2,       1801 ,,132622,132622,132622094100,1,,,,,,0,724,67000,128,723,28000,128
1100,20160112,11, 1,2,       1801 ,132635,132635,132635,132635264600,1,724,48,0,1000,0,0,724,66000,128,723,28000,128
1100,20160112,11, 1,2,       1801 ,132635,132635,132635,132635566000,1,724,48,0,1000,0,0,724,65000,128,723,28000,128
1100,20160112,11, 1,2,       1801 ,,132636,132636,132636798700,1,,,,,,0,724,65000,128,723,28000,128
1100,20160112,11, 1,2,       1801 ,,132639,132639,132639485400,1,,,,,,0,724,65000,128,723,29000,128
1100,20160112,11, 1,2,       1801 ,,132640,132640,132640309100,1,,,,,,0,724,62000,128,723,29000,128
1100,20160112,11, 1,2,       1801 ,,132640,132640,132640311100,1,,,,,,0,724,62000,128,723,34000,128
1100,20160112,11, 1,2,       1801 ,,132640,132640,132640313900,1,,,,,,0,724,61000,128,723,34000,128
1100,20160112,11, 1,2,       1801 ,,132640,132640,132640319100,1,,,,,,0,724,59000,128,723,34000,128
1100,20160112,11, 1,2,       1801 ,,132640,132640,132640322400,1,,,,,,0,724,59000,128,723,35000,128
1100,20160112,11, 1,2,       1801 ,,132640,132640,132640546900,1,,,,,,0,724,55000,128,723,35000,128
1100,20160112,11, 1,2,       1801 ,,132644,132644,132644293500,1,,,,,,0,724,50000,128,723,35000,128
1100,20160112,11, 1,2,       1801 ,,132645,132645,132645284800,1,,,,,,0,724,50000,128,723,37000,128
1100,20160112,11, 1,2,       1801 ,,132645,132645,132645286400,1,,,,,,0,724,50000,128,723,38000,128
1100,20160112,11, 1,2,       1801 ,,132645,132645,132645289900,1,,,,,,0,724,50000,128,723,39000,128
1100,20160112,11, 1,2,       1801 ,,132645,132645,132645845800,1,,,,,,0,724,50000,128,723,37000,128
1100,20160112,11, 1,2,       1801 ,,132645,132645,132645847400,1,,,,,,0,724,50000,128,723,36000,128
1100,20160112,11, 1,2,       1801 ,,132645,132645,132645970600,1,,,,,,0,724,50000,128,723,38000,128
1100,20160112,11, 1,2,       1801 ,,132646,132646,132646420300,1,,,,,,0,724,50000,128,723,36000,128
1100,20160112,11, 1,2,       1801 ,,132649,132649,132649733900,1,,,,,,0,724,49000,128,723,36000,128
1100,20160112,11, 1,2,       1801 ,,132649,132649,132649734900,1,,,,,,0,724,45000,128,723,36000,128
1100,20160112,11, 1,2,       1801 ,,132649,132649,132649736700,1,,,,,,0,724,42000,128,723,36000,128
1100,20160112,11, 1,2,       1801 ,,132657,132657,132657115200,1,,,,,,0,724,43000,128,723,36000,128
1100,20160112,11, 1,2,       1801 ,,132657,132657,132657116600,1,,,,,,0,724,43000,128,723,37000,128
1100,20160112,11, 1,2,       1801 ,,132703,132703,132703021500,1,,,,,,0,724,43000,128,723,36000,128
1100,20160112,11, 1,2,       1801 ,,132703,132703,132703311400,1,,,,,,0,724,44000,128,723,36000,128
1100,20160112,11, 1,2,       1801 ,,132703,132703,132703312700,1,,,,,,0,724,44000,128,723,35000,128
1100,20160112,11, 1,2,       1801 ,,132703,132703,132703372400,1,,,,,,0,724,44000,128,723,38000,128
1100,20160112,11, 1,2,       1801 ,,132707,132707,132707308500,1,,,,,,0,724,43000,128,723,38000,128
1100,20160112,11, 1,2,       1801 ,,132707,132707,132707781000,1,,,,,,0,724,43000,128,723,39000,128
1100,20160112,11, 1,2,       1801 ,,132709,132709,132709630300,1,,,,,,0,724,43000,128,723,41000,128
1100,20160112,11, 1,2,       1801 ,,132709,132709,132709632200,1,,,,,,0,724,43000,128,723,42000,128
1100,20160112,11, 1,2,       1801 ,,132709,132709,132709633500,1,,,,,,0,724,42000,128,723,42000,128
1100,20160112,11, 1,2,       1801 ,,132712,132712,132712005700,1,,,,,,0,724,23000,128,723,42000,128
1100,20160112,11, 1,2,       1801 ,,132712,132712,132712007100,1,,,,,,0,724,23000,128,723,43000,128
1100,20160112,11, 1,2,       1801 ,,132712,132712,132712007700,1,,,,,,0,724,13000,128,723,43000,128
1100,20160112,11, 1,2,       1801 ,,132712,132712,132712008500,1,,,,,,0,724,11000,128,723,43000,128
1100,20160112,11, 1,2,       1801 ,132712,132712,132712,132712009300,1,724,48,0,1000,0,0,724,10000,128,723,43000,128
1100,20160112,11, 1,2,       1801 ,132712,132712,132712,132712010300,1,724,48,0,3000,0,0,724,7000,128,723,43000,128
1100,20160112,11, 1,2,       1801 ,,132712,132712,132712011500,1,,,,,,0,724,5000,128,723,43000,128
1100,20160112,11, 1,2,       1801 ,,132712,132712,132712012300,1,,,,,,0,724,5000,128,723,41000,128
1100,20160112,11, 1,2,       1801 ,,132712,132712,132712013000,1,,,,,,0,724,5000,128,723,40000,128
1100,20160112,11, 1,2,       1801 ,132712,132712,132712,132712013800,1,724,48,0,1000,0,0,724,4000,128,723,40000,128
1100,20160112,11, 1,2,       1801 ,132712,132712,132712,132712014800,1,724,48,0,1000,0,0,724,3000,128,723,40000,128
1100,20160112,11, 1,2,       1801 ,132712,132712,132712,132712015800,1,724,48,0,3000,0,0,725,64000,128,723,40000,128
1100,20160112,11, 1,2,       1801 ,,132712,132712,132712020500,1,,,,,,0,725,63000,128,723,40000,128
1100,20160112,11, 1,2,       1801 ,,132712,132712,132712023400,1,,,,,,0,725,63000,128,724,3000,128
1100,20160112,11, 1,2,       1801 ,,132712,132712,132712024100,1,,,,,,0,725,63000,128,724,4000,128
1100,20160112,11, 1,2,       1801 ,,132712,132712,132712025600,1,,,,,,0,725,63000,128,724,5000,128
1100,20160112,11, 1,2,       1801 ,,132712,132712,132712027700,1,,,,,,0,725,63000,128,724,7000,128
1100,20160112,11, 1,2,       1801 ,,132712,132712,132712029400,1,,,,,,0,725,65000,128,724,7000,128
1100,20160112,11, 1,2,       1801 ,,132712,132712,132712030100,1,,,,,,0,725,65000,128,724,9000,128
1100,20160112,11, 1,2,       1801 ,,132712,132712,132712036400,1,,,,,,0,725,60000,128,724,9000,128
1100,20160112,11, 1,2,       1801 ,,132712,132712,132712037900,1,,,,,,0,725,58000,128,724,9000,128
1100,20160112,11, 1,2,       1801 ,,132712,132712,132712038600,1,,,,,,0,725,58000,128,724,10000,128
1100,20160112,11, 1,2,       1801 ,,132712,132712,132712039400,1,,,,,,0,725,58000,128,724,15000,128
1100,20160112,11, 1,2,       1801 ,,132712,132712,132712040000,1,,,,,,0,725,58000,128,724,16000,128
1100,20160112,11, 1,2,       1801 ,,132712,132712,132712042300,1,,,,,,0,725,54000,128,724,16000,128
1100,20160112,11, 1,2,       1801 ,,132712,132712,132712045600,1,,,,,,0,725,53000,128,724,16000,128
1100,20160112,11, 1,2,       1801 ,,132712,132712,132712046400,1,,,,,,0,725,53000,128,724,19000,128
1100,20160112,11, 1,2,       1801 ,,132712,132712,132712047700,1,,,,,,0,725,48000,128,724,19000,128
1100,20160112,11, 1,2,       1801 ,,132712,132712,132712049500,1,,,,,,0,725,48000,128,724,20000,128
1100,20160112,11, 1,2,       1801 ,,132712,132712,132712060800,1,,,,,,0,725,48000,128,724,21000,128
1100,20160112,11, 1,2,       1801 ,,132713,132713,132713017100,1,,,,,,0,725,48000,128,724,20000,128
1100,20160112,11, 1,2,       1801 ,,132714,132714,132714799600,1,,,,,,0,725,44000,128,724,20000,128
1100,20160112,11, 1,2,       1801 ,,132716,132716,132716161500,1,,,,,,0,725,44000,128,724,19000,128
1100,20160112,11, 1,2,       1801 ,132717,132717,132717,132717534600,1,724,16,0,1000,0,0,725,44000,128,724,18000,128
1100,20160112,11, 1,2,       1801 ,,132717,132717,132717542900,1,,,,,,0,725,44000,128,724,18000,128
1100,20160112,11, 1,2,       1801 ,,132719,132719,132719080600,1,,,,,,0,725,44000,128,724,19000,128
1100,20160112,11, 1,2,       1801 ,,132722,132722,132722221900,1,,,,,,0,725,45000,128,724,19000,128
1100,20160112,11, 1,2,       1801 ,,132729,132729,132729385400,1,,,,,,0,725,46000,128,724,19000,128
1100,20160112,11, 1,2,       1801 ,,132730,132730,132730710800,1,,,,,,0,725,50000,128,724,19000,128
1100,20160112,11, 1,2,       1801 ,,132730,132730,132730712200,1,,,,,,0,725,50000,128,724,14000,128
1100,20160112,11, 1,2,       1801 ,,132730,132730,132730712900,1,,,,,,0,725,55000,128,724,14000,128
1100,20160112,11, 1,2,       1801 ,,132730,132730,132730714200,1,,,,,,0,725,55000,128,724,13000,128
1100,20160112,11, 1,2,       1801 ,,132730,132730,132730714900,1,,,,,,0,725,55000,128,724,10000,128
1100,20160112,11, 1,2,       1801 ,,132730,132730,132730715700,1,,,,,,0,725,56000,128,724,10000,128
1100,20160112,11, 1,2,       1801 ,,132738,132738,132738849300,1,,,,,,0,725,55000,128,724,10000,128
1100,20160112,11, 1,2,       1801 ,132758,132758,132758,132758197700,1,725,48,0,1000,0,0,725,54000,128,724,9000,128
1100,20160112,11, 1,2,       1801 ,132801,132801,132801,132801013600,1,724,16,0,7000,0,0,725,54000,128,724,2000,128
1100,20160112,11, 1,2,       1801 ,,132801,132801,132801016500,1,,,,,,0,725,55000,128,724,2000,128
1100,20160112,11, 1,2,       1801 ,132801,132801,132801,132801017200,1,724,16,0,1000,0,0,725,55000,128,724,1000,128
1100,20160112,11, 1,2,       1801 ,132801,132801,132801,132801018200,1,724,16,0,1000,0,0,725,55000,128,723,77000,128
1100,20160112,11, 1,2,       1801 ,,132801,132801,132801020300,1,,,,,,0,724,2000,128,723,77000,128
1100,20160112,11, 1,2,       1801 ,,132801,132801,132801022400,1,,,,,,0,724,2000,128,723,76000,128
1100,20160112,11, 1,2,       1801 ,,132801,132801,132801023100,1,,,,,,0,724,2000,128,723,77000,128
1100,20160112,11, 1,2,       1801 ,,132801,132801,132801026600,1,,,,,,0,724,2000,128,723,75000,128
1100,20160112,11, 1,2,       1801 ,132801,132801,132801,132801028100,1,724,48,0,1000,0,0,724,1000,128,723,75000,128
1100,20160112,11, 1,2,       1801 ,132801,132801,132801,132801029000,1,724,48,0,1000,0,0,725,61000,128,723,75000,128
1100,20160112,11, 1,2,       1801 ,,132801,132801,132801030100,1,,,,,,0,725,65000,128,723,75000,128
1100,20160112,11, 1,2,       1801 ,,132801,132801,132801030900,1,,,,,,0,724,2000,128,723,75000,128
1100,20160112,11, 1,2,       1801 ,,132801,132801,132801031500,1,,,,,,0,724,2000,128,723,69000,128
1100,20160112,11, 1,2,       1801 ,,132801,132801,132801035000,1,,,,,,0,724,2000,128,723,71000,128
1100,20160112,11, 1,2,       1801 ,,132801,132801,132801035700,1,,,,,,0,724,2000,128,723,69000,128
1100,20160112,11, 1,2,       1801 ,,132801,132801,132801036400,1,,,,,,0,724,2000,128,723,65000,128
1100,20160112,11, 1,2,       1801 ,,132801,132801,132801890700,1,,,,,,0,724,2000,128,723,64000,128
1100,20160112,11, 1,2,       1801 ,,132802,132802,132802582800,1,,,,,,0,724,3000,128,723,64000,128
1100,20160112,11, 1,2,       1801 ,,132802,132802,132802583500,1,,,,,,0,724,3000,128,723,54000,128
1100,20160112,11, 1,2,       1801 ,,132802,132802,132802584700,1,,,,,,0,724,3000,128,723,53000,128
1100,20160112,11, 1,2,       1801 ,,132802,132802,132802593100,1,,,,,,0,724,3000,128,723,58000,128
1100,20160112,11, 1,2,       1801 ,,132803,132803,132803076200,1,,,,,,0,724,3000,128,723,59000,128
1100,20160112,11, 1,2,       1801 ,,132803,132803,132803439400,1,,,,,,0,724,4000,128,723,59000,128
1100,20160112,11, 1,2,       1801 ,,132803,132803,132803555100,1,,,,,,0,724,4000,128,723,55000,128
1100,20160112,11, 1,2,       1801 ,,132808,132808,132808564500,1,,,,,,0,724,4000,128,723,56000,128
1100,20160112,11, 1,2,       1801 ,,132812,132812,132812423800,1,,,,,,0,724,5000,128,723,56000,128
1100,20160112,11, 1,2,       1801 ,,132819,132819,132819398900,1,,,,,,0,724,5000,128,723,57000,128
1100,20160112,11, 1,2,       1801 ,,132819,132819,132819544100,1,,,,,,0,724,5000,128,723,61000,128
1100,20160112,11, 1,2,       1801 ,,132823,132823,132823279700,1,,,,,,0,724,5000,128,723,62000,128
1100,20160112,11, 1,2,       1801 ,,132827,132827,132827294000,1,,,,,,0,724,6000,128,723,62000,128
1100,20160112,11, 1,2,       1801 ,,132827,132827,132827305400,1,,,,,,0,724,7000,128,723,62000,128
1100,20160112,11, 1,2,       1801 ,,132827,132827,132827310000,1,,,,,,0,724,8000,128,723,62000,128
1100,20160112,11, 1,2,       1801 ,,132827,132827,132827325300,1,,,,,,0,724,7000,128,723,62000,128
1100,20160112,11, 1,2,       1801 ,,132829,132829,132829376600,1,,,,,,0,724,8000,128,723,62000,128
1100,20160112,11, 1,2,       1801 ,,132832,132832,132832999600,1,,,,,,0,724,8000,128,723,61000,128
1100,20160112,11, 1,2,       1801 ,,132834,132834,132834383600,1,,,,,,0,724,8000,128,723,66000,128
1100,20160112,11, 1,2,       1801 ,,132835,132835,132835848800,1,,,,,,0,724,8000,128,723,65000,128
1100,20160112,11, 1,2,       1801 ,132836,132836,132836,132836346500,1,724,48,0,1000,0,0,724,7000,128,723,65000,128
1100,20160112,11, 1,2,       1801 ,,132836,132836,132836348000,1,,,,,,0,724,7000,128,723,66000,128
1100,20160112,11, 1,2,       1801 ,,132840,132840,132840520400,1,,,,,,0,724,7000,128,723,67000,128
1100,20160112,11, 1,2,       1801 ,,132845,132845,132845340100,1,,,,,,0,724,7000,128,723,66000,128
1100,20160112,11, 1,2,       1801 ,,132848,132848,132848649700,1,,,,,,0,724,7000,128,723,67000,128
1100,20160112,11, 1,2,       1801 ,,132852,132852,132852327800,1,,,,,,0,724,7000,128,723,68000,128
1100,20160112,11, 1,2,       1801 ,,132852,132852,132852871400,1,,,,,,0,724,7000,128,723,67000,128
1100,20160112,11, 1,2,       1801 ,,132853,132853,132853619000,1,,,,,,0,724,7000,128,723,68000,128
1100,20160112,11, 1,2,       1801 ,,132854,132854,132854098600,1,,,,,,0,724,7000,128,723,67000,128
1100,20160112,11, 1,2,       1801 ,,132855,132855,132855531100,1,,,,,,0,724,7000,128,723,68000,128
1100,20160112,11, 1,2,       1801 ,132855,132855,132855,132855881300,1,724,48,0,1000,0,0,724,6000,128,723,68000,128
1100,20160112,11, 1,2,       1801 ,,132855,132855,132855882800,1,,,,,,0,724,5000,128,723,68000,128
1100,20160112,11, 1,2,       1801 ,,132856,132856,132856360900,1,,,,,,0,724,7000,128,723,68000,128
1100,20160112,11, 1,2,       1801 ,,132856,132856,132856362300,1,,,,,,0,724,7000,128,723,67000,128
1100,20160112,11, 1,2,       1801 ,132857,132857,132857,132857098900,1,724,48,0,1000,0,0,724,6000,128,723,67000,128
1100,20160112,11, 1,2,       1801 ,,132857,132857,132857391400,1,,,,,,0,724,7000,128,723,67000,128
1100,20160112,11, 1,2,       1801 ,,132902,132902,132902099300,1,,,,,,0,724,7000,128,723,64000,128
1100,20160112,11, 1,2,       1801 ,,132902,132902,132902100500,1,,,,,,0,724,7000,128,723,63000,128
1100,20160112,11, 1,2,       1801 ,,132904,132904,132904391700,1,,,,,,0,724,7000,128,723,62000,128
1100,20160112,11, 1,2,       1801 ,,132904,132904,132904411200,1,,,,,,0,724,7000,128,723,63000,128
1100,20160112,11, 1,2,       1801 ,,132904,132904,132904700900,1,,,,,,0,724,7000,128,723,62000,128
1100,20160112,11, 1,2,       1801 ,,132908,132908,132908313000,1,,,,,,0,724,7000,128,723,63000,128
1100,20160112,11, 1,2,       1801 ,,132908,132908,132908596000,1,,,,,,0,724,7000,128,723,62000,128
1100,20160112,11, 1,2,       1801 ,,132915,132915,132915861400,1,,,,,,0,724,7000,128,723,71000,128
1100,20160112,11, 1,2,       1801 ,,132915,132915,132915862700,1,,,,,,0,724,7000,128,723,72000,128
1100,20160112,11, 1,2,       1801 ,,132924,132924,132924408500,1,,,,,,0,724,7000,128,723,71000,128
1100,20160112,11, 1,2,       1801 ,,132924,132924,132924410000,1,,,,,,0,724,8000,128,723,71000,128
1100,20160112,11, 1,2,       1801 ,,132924,132924,132924630900,1,,,,,,0,724,10000,128,723,71000,128
1100,20160112,11, 1,2,       1801 ,,132924,132924,132924634000,1,,,,,,0,724,12000,128,723,71000,128
1100,20160112,11, 1,2,       1801 ,,132924,132924,132924637200,1,,,,,,0,724,12000,128,723,67000,128
1100,20160112,11, 1,2,       1801 ,,132924,132924,132924640200,1,,,,,,0,724,12000,128,723,65000,128
1100,20160112,11, 1,2,       1801 ,,132925,132925,132925543800,1,,,,,,0,724,12000,128,723,61000,128
1100,20160112,11, 1,2,       1801 ,,132926,132926,132926440600,1,,,,,,0,724,11000,128,723,61000,128
1100,20160112,11, 1,2,       1801 ,,132937,132937,132937022300,1,,,,,,0,724,11000,128,723,62000,128
1100,20160112,11, 1,2,       1801 ,,132937,132937,132937460300,1,,,,,,0,724,9000,128,723,62000,128
1100,20160112,11, 1,2,       1801 ,,132937,132937,132937462500,1,,,,,,0,724,7000,128,723,62000,128
1100,20160112,11, 1,2,       1801 ,,132937,132937,132937463700,1,,,,,,0,724,7000,128,723,63000,128
1100,20160112,11, 1,2,       1801 ,,132940,132940,132940634100,1,,,,,,0,724,7000,128,723,62000,128
1100,20160112,11, 1,2,       1801 ,,132941,132941,132941842300,1,,,,,,0,724,8000,128,723,62000,128
1100,20160112,11, 1,2,       1801 ,,132941,132941,132941844300,1,,,,,,0,724,8000,128,723,61000,128
1100,20160112,11, 1,2,       1801 ,132948,132948,132948,132948412500,1,724,48,0,1000,0,0,724,7000,128,723,61000,128
1100,20160112,11, 1,2,       1801 ,,132948,132948,132948429200,1,,,,,,0,724,8000,128,723,61000,128
1100,20160112,11, 1,2,       1801 ,,132948,132948,132948431900,1,,,,,,0,724,9000,128,723,61000,128
1100,20160112,11, 1,2,       1801 ,,132948,132948,132948790500,1,,,,,,0,724,10000,128,723,61000,128
1100,20160112,11, 1,2,       1801 ,,132948,132948,132948792400,1,,,,,,0,724,12000,128,723,61000,128
1100,20160112,11, 1,2,       1801 ,132958,132958,132958,132958196200,1,724,48,0,1000,0,0,724,11000,128,723,60000,128
1100,20160112,11, 1,2,       1801 ,,132958,132958,132958197800,1,,,,,,0,724,12000,128,723,60000,128
1100,20160112,11, 1,2,       1801 ,,132958,132958,132958198500,1,,,,,,0,724,16000,128,723,60000,128
1100,20160112,11, 1,2,       1801 ,,132958,132958,132958199200,1,,,,,,0,724,16000,128,723,62000,128
1100,20160112,11, 1,2,       1801 ,,132958,132958,132958199900,1,,,,,,0,724,14000,128,723,62000,128
1100,20160112,11, 1,2,       1801 ,,132958,132958,132958200700,1,,,,,,0,724,14000,128,723,61000,128
1100,20160112,11, 1,2,       1801 ,,132958,132958,132958201400,1,,,,,,0,724,16000,128,723,61000,128
1100,20160112,11, 1,2,       1801 ,,132958,132958,132958202000,1,,,,,,0,724,16000,128,723,62000,128
1100,20160112,11, 1,2,       1801 ,,133002,133002,133002979600,1,,,,,,0,724,16000,128,723,60000,128
1100,20160112,11, 1,2,       1801 ,,133003,133003,133003082800,1,,,,,,0,724,16000,128,723,61000,128
1100,20160112,11, 1,2,       1801 ,,133004,133004,133004290700,1,,,,,,0,724,26000,128,723,61000,128
1100,20160112,11, 1,2,       1801 ,,133004,133004,133004292200,1,,,,,,0,724,28000,128,723,61000,128
1100,20160112,11, 1,2,       1801 ,,133004,133004,133004292800,1,,,,,,0,724,33000,128,723,61000,128
1100,20160112,11, 1,2,       1801 ,,133004,133004,133004294300,1,,,,,,0,724,33000,128,723,60000,128
1100,20160112,11, 1,2,       1801 ,,133008,133008,133008539000,1,,,,,,0,724,33000,128,723,61000,128
1100,20160112,11, 1,2,       1801 ,,133010,133010,133010505800,1,,,,,,0,724,33000,128,723,62000,128
1100,20160112,11, 1,2,       1801 ,,133022,133022,133022690500,1,,,,,,0,724,28000,128,723,62000,128
1100,20160112,11, 1,2,       1801 ,,133022,133022,133022711100,1,,,,,,0,724,28000,128,723,63000,128
1100,20160112,11, 1,2,       1801 ,,133024,133024,133024351400,1,,,,,,0,724,28000,128,723,65000,128
1100,20160112,11, 1,2,       1801 ,,133024,133024,133024374300,1,,,,,,0,724,18000,128,723,65000,128
1100,20160112,11, 1,2,       1801 ,,133024,133024,133024375500,1,,,,,,0,724,18000,128,723,66000,128
1100,20160112,11, 1,2,       1801 ,,133024,133024,133024376100,1,,,,,,0,724,17000,128,723,66000,128
1100,20160112,11, 1,2,       1801 ,,133024,133024,133024376800,1,,,,,,0,724,16000,128,723,66000,128
1100,20160112,11, 1,2,       1801 ,,133024,133024,133024377600,1,,,,,,0,724,14000,128,723,66000,128
1100,20160112,11, 1,2,       1801 ,,133024,133024,133024378400,1,,,,,,0,724,12000,128,723,66000,128
1100,20160112,11, 1,2,       1801 ,,133024,133024,133024379100,1,,,,,,0,724,10000,128,723,66000,128
1100,20160112,11, 1,2,       1801 ,,133024,133024,133024544200,1,,,,,,0,724,10000,128,723,70000,128
1100,20160112,11, 1,2,       1801 ,,133024,133024,133024579000,1,,,,,,0,724,12000,128,723,70000,128
1100,20160112,11, 1,2,       1801 ,,133031,133031,133031749100,1,,,,,,0,724,12000,128,723,69000,128
1100,20160112,11, 1,2,       1801 ,,133033,133033,133033011600,1,,,,,,0,724,11000,128,723,69000,128
1100,20160112,11, 1,2,       1801 ,,133035,133035,133035474900,1,,,,,,0,724,11000,128,723,71000,128
1100,20160112,11, 1,2,       1801 ,,133035,133035,133035978600,1,,,,,,0,724,11000,128,723,70000,128
1100,20160112,11, 1,2,       1801 ,,133035,133035,133035980800,1,,,,,,0,724,12000,128,723,70000,128
1100,20160112,11, 1,2,       1801 ,,133036,133036,133036032700,1,,,,,,0,724,13000,128,723,70000,128
1100,20160112,11, 1,2,       1801 ,,133036,133036,133036048200,1,,,,,,0,724,12000,128,723,70000,128
1100,20160112,11, 1,2,       1801 ,,133036,133036,133036331600,1,,,,,,0,724,12000,128,723,69000,128
1100,20160112,11, 1,2,       1801 ,,133037,133037,133037788800,1,,,,,,0,724,12000,128,723,70000,128
1100,20160112,11, 1,2,       1801 ,,133041,133041,133041190400,1,,,,,,0,724,12000,128,723,69000,128
1100,20160112,11, 1,2,       1801 ,,133041,133041,133041191900,1,,,,,,0,724,12000,128,723,70000,128
1100,20160112,11, 1,2,       1801 ,,133041,133041,133041234100,1,,,,,,0,724,13000,128,723,70000,128
1100,20160112,11, 1,2,       1801 ,,133042,133042,133042390700,1,,,,,,0,724,13000,128,723,71000,128
1100,20160112,11, 1,2,       1801 ,,133043,133043,133043207500,1,,,,,,0,724,13000,128,723,70000,128
1100,20160112,11, 1,2,       1801 ,,133043,133043,133043680200,1,,,,,,0,724,13000,128,723,75000,128
1100,20160112,11, 1,2,       1801 ,,133045,133045,133045390700,1,,,,,,0,724,13000,128,723,76000,128
1100,20160112,11, 1,2,       1801 ,,133046,133046,133046813800,1,,,,,,0,724,13000,128,723,74000,128
1100,20160112,11, 1,2,       1801 ,,133048,133048,133048661300,1,,,,,,0,724,13000,128,723,75000,128
1100,20160112,11, 1,2,       1801 ,,133054,133054,133054611800,1,,,,,,0,724,13000,128,723,74000,128
1100,20160112,11, 1,2,       1801 ,133104,133104,133104,133104726400,1,724,48,0,1000,0,0,724,12000,128,723,74000,128
1100,20160112,11, 1,2,       1801 ,,133104,133104,133104728200,1,,,,,,0,724,8000,128,723,74000,128
1100,20160112,11, 1,2,       1801 ,,133104,133104,133104729500,1,,,,,,0,724,8000,128,723,75000,128
1100,20160112,11, 1,2,       1801 ,,133104,133104,133104887700,1,,,,,,0,724,8000,128,723,76000,128
1100,20160112,11, 1,2,       1801 ,,133107,133107,133107639400,1,,,,,,0,724,9000,128,723,76000,128
1100,20160112,11, 1,2,       1801 ,,133107,133107,133107649400,1,,,,,,0,724,9000,128,723,75000,128
1100,20160112,11, 1,2,       1801 ,,133107,133107,133107670000,1,,,,,,0,724,11000,128,723,75000,128
1100,20160112,11, 1,2,       1801 ,,133107,133107,133107682400,1,,,,,,0,724,12000,128,723,75000,128
1100,20160112,11, 1,2,       1801 ,,133107,133107,133107685100,1,,,,,,0,724,14000,128,723,75000,128
1100,20160112,11, 1,2,       1801 ,,133107,133107,133107737600,1,,,,,,0,724,19000,128,723,75000,128
1100,20160112,11, 1,2,       1801 ,,133107,133107,133107755300,1,,,,,,0,724,19000,128,723,70000,128
1100,20160112,11, 1,2,       1801 ,133115,133115,133115,133115430600,1,724,48,0,1000,0,0,724,18000,128,723,70000,128
1100,20160112,11, 1,2,       1801 ,,133115,133115,133115432200,1,,,,,,0,724,19000,128,723,70000,128
1100,20160112,11, 1,2,       1801 ,,133115,133115,133115435800,1,,,,,,0,724,21000,128,723,70000,128
1100,20160112,11, 1,2,       1801 ,,133115,133115,133115544000,1,,,,,,0,724,21000,128,723,66000,128
1100,20160112,11, 1,2,       1801 ,,133115,133115,133115545300,1,,,,,,0,724,21000,128,723,65000,128
1100,20160112,11, 1,2,       1801 ,,133120,133120,133120380700,1,,,,,,0,724,20000,128,723,65000,128
1100,20160112,11, 1,2,       1801 ,,133124,133124,133124978300,1,,,,,,0,724,21000,128,723,65000,128
1100,20160112,11, 1,2,       1801 ,,133128,133128,133128905000,1,,,,,,0,724,20000,128,723,65000,128
1100,20160112,11, 1,2,       1801 ,,133134,133134,133134726100,1,,,,,,0,724,20000,128,723,66000,128
1100,20160112,11, 1,2,       1801 ,,133135,133135,133135992600,1,,,,,,0,724,21000,128,723,66000,128
1100,20160112,11, 1,2,       1801 ,,133136,133136,133136342900,1,,,,,,0,724,20000,128,723,66000,128
1100,20160112,11, 1,2,       1801 ,,133137,133137,133137599500,1,,,,,,0,724,21000,128,723,66000,128
1100,20160112,11, 1,2,       1801 ,,133140,133140,133140587600,1,,,,,,0,724,20000,128,723,66000,128
1100,20160112,11, 1,2,       1801 ,,133140,133140,133140640000,1,,,,,,0,724,21000,128,723,66000,128
1100,20160112,11, 1,2,       1801 ,,133142,133142,133142165600,1,,,,,,0,724,20000,128,723,66000,128
1100,20160112,11, 1,2,       1801 ,,133143,133143,133143190300,1,,,,,,0,724,21000,128,723,66000,128
1100,20160112,11, 1,2,       1801 ,,133144,133144,133144704900,1,,,,,,0,724,20000,128,723,66000,128
1100,20160112,11, 1,2,       1801 ,,133147,133147,133147936700,1,,,,,,0,724,21000,128,723,66000,128
1100,20160112,11, 1,2,       1801 ,,133149,133149,133149106800,1,,,,,,0,724,20000,128,723,66000,128
1100,20160112,11, 1,2,       1801 ,,133149,133149,133149223500,1,,,,,,0,724,21000,128,723,66000,128
1100,20160112,11, 1,2,       1801 ,,133150,133150,133150853600,1,,,,,,0,724,20000,128,723,66000,128
1100,20160112,11, 1,2,       1801 ,133158,133158,133158,133158169300,1,724,48,0,1000,0,0,724,19000,128,723,65000,128
1100,20160112,11, 1,2,       1801 ,,133201,133201,133201588700,1,,,,,,0,724,19000,128,723,65000,128
1100,20160112,11, 1,2,       1801 ,,133202,133202,133202124400,1,,,,,,0,724,23000,128,723,65000,128
1100,20160112,11, 1,2,       1801 ,,133203,133203,133203930800,1,,,,,,0,724,23000,128,723,66000,128
1100,20160112,11, 1,2,       1801 ,,133208,133208,133208105800,1,,,,,,0,724,23000,128,723,65000,128
1100,20160112,11, 1,2,       1801 ,,133208,133208,133208361600,1,,,,,,0,724,23000,128,723,67000,128
1100,20160112,11, 1,2,       1801 ,,133208,133208,133208364300,1,,,,,,0,724,23000,128,723,68000,128
1100,20160112,11, 1,2,       1801 ,,133208,133208,133208369600,1,,,,,,0,724,21000,128,723,68000,128
1100,20160112,11, 1,2,       1801 ,,133208,133208,133208371800,1,,,,,,0,724,21000,128,723,73000,128
1100,20160112,11, 1,2,       1801 ,,133208,133208,133208390800,1,,,,,,0,724,21000,128,723,74000,128
1100,20160112,11, 1,2,       1801 ,,133208,133208,133208402500,1,,,,,,0,724,19000,128,723,74000,128
1100,20160112,11, 1,2,       1801 ,,133208,133208,133208446400,1,,,,,,0,724,17000,128,723,74000,128
1100,20160112,11, 1,2,       1801 ,,133208,133208,133208455200,1,,,,,,0,724,12000,128,723,74000,128
1100,20160112,11, 1,2,       1801 ,,133208,133208,133208458600,1,,,,,,0,724,11000,128,723,74000,128
1100,20160112,11, 1,2,       1801 ,133208,133208,133208,133208512300,1,724,48,0,2000,0,0,724,9000,128,723,74000,128
1100,20160112,11, 1,2,       1801 ,,133208,133208,133208514100,1,,,,,,0,724,7000,128,723,74000,128
1100,20160112,11, 1,2,       1801 ,,133208,133208,133208515600,1,,,,,,0,724,6000,128,723,74000,128
1100,20160112,11, 1,2,       1801 ,133208,133208,133208,133208519400,1,724,48,0,1000,0,0,724,5000,128,723,74000,128
1100,20160112,11, 1,2,       1801 ,133208,133208,133208,133208555200,1,724,48,0,5000,0,0,725,95000,128,723,74000,128
1100,20160112,11, 1,2,       1801 ,,133208,133208,133208557400,1,,,,,,0,725,95000,128,723,74000,128
1100,20160112,11, 1,2,       1801 ,,133208,133208,133208558300,1,,,,,,0,725,91000,128,723,74000,128
1100,20160112,11, 1,2,       1801 ,,133208,133208,133208560500,1,,,,,,0,725,91000,128,724,1000,128
1100,20160112,11, 1,2,       1801 ,,133208,133208,133208561500,1,,,,,,0,725,90000,128,724,1000,128
1100,20160112,11, 1,2,       1801 ,133208,133208,133208,133208563300,1,724,16,0,1000,0,0,724,1000,128,723,74000,128
1100,20160112,11, 1,2,       1801 ,,133208,133208,133208567100,1,,,,,,0,724,1000,128,723,74000,128
1100,20160112,11, 1,2,       1801 ,,133208,133208,133208570800,1,,,,,,0,724,1000,128,723,76000,128
1100,20160112,11, 1,2,       1801 ,,133208,133208,133208572800,1,,,,,,0,724,1000,128,723,80000,128
1100,20160112,11, 1,2,       1801 ,133208,133208,133208,133208574800,1,724,48,0,1000,0,0,725,87000,128,723,80000,128
1100,20160112,11, 1,2,       1801 ,,133208,133208,133208576200,1,,,,,,0,725,87000,128,723,80000,128
1100,20160112,11, 1,2,       1801 ,,133208,133208,133208577600,1,,,,,,0,724,1000,128,723,80000,128
1100,20160112,11, 1,2,       1801 ,,133208,133208,133208578500,1,,,,,,0,724,7000,128,723,80000,128
1100,20160112,11, 1,2,       1801 ,,133208,133208,133208579800,1,,,,,,0,724,9000,128,723,80000,128
1100,20160112,11, 1,2,       1801 ,,133208,133208,133208581200,1,,,,,,0,724,9000,128,723,78000,128
1100,20160112,11, 1,2,       1801 ,,133208,133208,133208582100,1,,,,,,0,724,13000,128,723,78000,128
1100,20160112,11, 1,2,       1801 ,,133208,133208,133208584500,1,,,,,,0,724,13000,128,723,74000,128
1100,20160112,11, 1,2,       1801 ,,133208,133208,133208585600,1,,,,,,0,724,15000,128,723,74000,128
1100,20160112,11, 1,2,       1801 ,,133208,133208,133208586400,1,,,,,,0,724,11000,128,723,74000,128
1100,20160112,11, 1,2,       1801 ,,133208,133208,133208595600,1,,,,,,0,724,15000,128,723,74000,128
1100,20160112,11, 1,2,       1801 ,,133208,133208,133208597200,1,,,,,,0,724,16000,128,723,74000,128
1100,20160112,11, 1,2,       1801 ,133208,133208,133208,133208603100,1,724,48,0,1000,0,0,724,15000,128,723,74000,128
1100,20160112,11, 1,2,       1801 ,,133208,133208,133208607200,1,,,,,,0,724,18000,128,723,74000,128
1100,20160112,11, 1,2,       1801 ,,133208,133208,133208645300,1,,,,,,0,724,18000,128,723,69000,128
1100,20160112,11, 1,2,       1801 ,,133208,133208,133208757500,1,,,,,,0,724,18000,128,723,68000,128
1100,20160112,11, 1,2,       1801 ,,133208,133208,133208769500,1,,,,,,0,724,18000,128,723,67000,128
1100,20160112,11, 1,2,       1801 ,133208,133208,133208,133208902400,1,724,48,0,1000,0,0,724,17000,128,723,67000,128
1100,20160112,11, 1,2,       1801 ,133209,133209,133209,133209110000,1,724,48,0,1000,0,0,724,16000,128,723,67000,128
1100,20160112,11, 1,2,       1801 ,,133209,133209,133209173400,1,,,,,,0,724,16000,128,723,67000,128
1100,20160112,11, 1,2,       1801 ,,133209,133209,133209211100,1,,,,,,0,724,16000,128,723,73000,128
1100,20160112,11, 1,2,       1801 ,,133209,133209,133209212700,1,,,,,,0,724,13000,128,723,73000,128
1100,20160112,11, 1,2,       1801 ,,133209,133209,133209214300,1,,,,,,0,724,13000,128,723,83000,128
1100,20160112,11, 1,2,       1801 ,,133209,133209,133209236300,1,,,,,,0,724,13000,128,723,77000,128
1100,20160112,11, 1,2,       1801 ,,133209,133209,133209836500,1,,,,,,0,724,13000,128,723,76000,128
1100,20160112,11, 1,2,       1801 ,,133210,133210,133210247400,1,,,,,,0,724,13000,128,723,75000,128
1100,20160112,11, 1,2,       1801 ,,133210,133210,133210831800,1,,,,,,0,724,13000,128,723,76000,128
1100,20160112,11, 1,2,       1801 ,,133211,133211,133211738400,1,,,,,,0,724,13000,128,723,74000,128
1100,20160112,11, 1,2,       1801 ,,133211,133211,133211959800,1,,,,,,0,724,13000,128,723,73000,128
1100,20160112,11, 1,2,       1801 ,,133215,133215,133215381000,1,,,,,,0,724,13000,128,723,74000,128
1100,20160112,11, 1,2,       1801 ,,133216,133216,133216825800,1,,,,,,0,724,13000,128,723,72000,128
1100,20160112,11, 1,2,       1801 ,,133217,133217,133217022400,1,,,,,,0,724,15000,128,723,72000,128
1100,20160112,11, 1,2,       1801 ,,133217,133217,133217024000,1,,,,,,0,724,15000,128,723,77000,128
1100,20160112,11, 1,2,       1801 ,,133221,133221,133221020700,1,,,,,,0,724,15000,128,723,78000,128
1100,20160112,11, 1,2,       1801 ,,133221,133221,133221022200,1,,,,,,0,724,15000,128,723,79000,128
1100,20160112,11, 1,2,       1801 ,,133226,133226,133226692000,1,,,,,,0,724,15000,128,723,78000,128
1100,20160112,11, 1,2,       1801 ,,133227,133227,133227310900,1,,,,,,0,724,15000,128,723,82000,128
1100,20160112,11, 1,2,       1801 ,,133230,133230,133230719600,1,,,,,,0,724,15000,128,723,72000,128
1100,20160112,11, 1,2,       1801 ,,133230,133230,133230721700,1,,,,,,0,724,17000,128,723,72000,128
1100,20160112,11, 1,2,       1801 ,,133249,133249,133249543300,1,,,,,,0,724,17000,128,723,68000,128
1100,20160112,11, 1,2,       1801 ,,133253,133253,133253831900,1,,,,,,0,724,17000,128,723,69000,128
1100,20160112,11, 1,2,       1801 ,,133255,133255,133255321000,1,,,,,,0,724,17000,128,723,68000,128
1100,20160112,11, 1,2,       1801 ,,133255,133255,133255838800,1,,,,,,0,724,19000,128,723,68000,128
1100,20160112,11, 1,2,       1801 ,,133255,133255,133255851500,1,,,,,,0,724,20000,128,723,68000,128
1100,20160112,11, 1,2,       1801 ,,133255,133255,133255853500,1,,,,,,0,724,21000,128,723,68000,128
1100,20160112,11, 1,2,       1801 ,,133255,133255,133255855300,1,,,,,,0,724,23000,128,723,68000,128
1100,20160112,11, 1,2,       1801 ,,133257,133257,133257893900,1,,,,,,0,724,23000,128,723,69000,128
1100,20160112,11, 1,2,       1801 ,,133257,133257,133257895100,1,,,,,,0,724,24000,128,723,69000,128
1100,20160112,11, 1,2,       1801 ,,133258,133258,133258662000,1,,,,,,0,724,24000,128,723,70000,128
1100,20160112,11, 1,2,       1801 ,,133258,133258,133258682900,1,,,,,,0,724,24000,128,723,69000,128
1100,20160112,11, 1,2,       1801 ,,133304,133304,133304687400,1,,,,,,0,724,24000,128,723,70000,128
1100,20160112,11, 1,2,       1801 ,,133304,133304,133304688600,1,,,,,,0,724,23000,128,723,70000,128
1100,20160112,11, 1,2,       1801 ,,133305,133305,133305083400,1,,,,,,0,724,23000,128,723,71000,128
1100,20160112,11, 1,2,       1801 ,,133311,133311,133311089900,1,,,,,,0,724,23000,128,723,72000,128
1100,20160112,11, 1,2,       1801 ,,133311,133311,133311499700,1,,,,,,0,724,21000,128,723,72000,128
1100,20160112,11, 1,2,       1801 ,,133311,133311,133311501300,1,,,,,,0,724,17000,128,723,72000,128
1100,20160112,11, 1,2,       1801 ,,133311,133311,133311971500,1,,,,,,0,724,17000,128,723,71000,128
1100,20160112,11, 1,2,       1801 ,,133312,133312,133312241500,1,,,,,,0,724,17000,128,723,72000,128
1100,20160112,11, 1,2,       1801 ,,133312,133312,133312261300,1,,,,,,0,724,17000,128,723,71000,128
1100,20160112,11, 1,2,       1801 ,,133313,133313,133313150700,1,,,,,,0,724,17000,128,723,72000,128
1100,20160112,11, 1,2,       1801 ,,133313,133313,133313171000,1,,,,,,0,724,17000,128,723,71000,128
1100,20160112,11, 1,2,       1801 ,133315,133315,133315,133315628700,1,724,48,0,1000,0,0,724,16000,128,723,70000,128
1100,20160112,11, 1,2,       1801 ,,133315,133315,133315631500,1,,,,,,0,724,14000,128,723,70000,128
1100,20160112,11, 1,2,       1801 ,,133315,133315,133315633600,1,,,,,,0,724,16000,128,723,70000,128
1100,20160112,11, 1,2,       1801 ,,133316,133316,133316761600,1,,,,,,0,724,16000,128,723,71000,128
1100,20160112,11, 1,2,       1801 ,,133318,133318,133318224600,1,,,,,,0,724,16000,128,723,70000,128
1100,20160112,11, 1,2,       1801 ,,133318,133318,133318241200,1,,,,,,0,724,16000,128,723,71000,128
1100,20160112,11, 1,2,       1801 ,,133326,133326,133326152700,1,,,,,,0,724,14000,128,723,71000,128
1100,20160112,11, 1,2,       1801 ,133326,133326,133326,133326323500,1,723,16,0,10000,0,0,724,14000,128,723,61000,128
1100,20160112,11, 1,2,       1801 ,,133326,133326,133326326600,1,,,,,,0,724,24000,128,723,61000,128
1100,20160112,11, 1,2,       1801 ,,133326,133326,133326327200,1,,,,,,0,724,24000,128,723,60000,128
1100,20160112,11, 1,2,       1801 ,,133326,133326,133326328900,1,,,,,,0,724,24000,128,723,59000,128
1100,20160112,11, 1,2,       1801 ,,133326,133326,133326329700,1,,,,,,0,724,26000,128,723,59000,128
1100,20160112,11, 1,2,       1801 ,,133326,133326,133326330400,1,,,,,,0,724,28000,128,723,59000,128
1100,20160112,11, 1,2,       1801 ,,133326,133326,133326331100,1,,,,,,0,724,29000,128,723,59000,128
1100,20160112,11, 1,2,       1801 ,,133326,133326,133326331700,1,,,,,,0,724,29000,128,723,54000,128
1100,20160112,11, 1,2,       1801 ,,133326,133326,133326367300,1,,,,,,0,724,29000,128,723,55000,128
1100,20160112,11, 1,2,       1801 ,,133329,133329,133329812700,1,,,,,,0,724,29000,128,723,54000,128
1100,20160112,11, 1,2,       1801 ,,133330,133330,133330730200,1,,,,,,0,724,29000,128,723,53000,128
1100,20160112,11, 1,2,       1801 ,,133331,133331,133331398500,1,,,,,,0,724,30000,128,723,53000,128
1100,20160112,11, 1,2,       1801 ,,133346,133346,133346611900,1,,,,,,0,724,30000,128,723,52000,128
1100,20160112,11, 1,2,       1801 ,,133346,133346,133346614600,1,,,,,,0,724,33000,128,723,52000,128
1100,20160112,11, 1,2,       1801 ,,133346,133346,133346638400,1,,,,,,0,724,38000,128,723,52000,128
1100,20160112,11, 1,2,       1801 ,,133346,133346,133346856700,1,,,,,,0,724,38000,128,723,47000,128
1100,20160112,11, 1,2,       1801 ,,133346,133346,133346866000,1,,,,,,0,724,38000,128,723,45000,128
1100,20160112,11, 1,2,       1801 ,133346,133346,133346,133346866700,1,723,16,0,12000,0,0,724,38000,128,723,33000,128
1100,20160112,11, 1,2,       1801 ,,133346,133346,133346868200,1,,,,,,0,724,38000,128,723,33000,128
1100,20160112,11, 1,2,       1801 ,,133346,133346,133346868900,1,,,,,,0,724,38000,128,723,32000,128
1100,20160112,11, 1,2,       1801 ,133346,133346,133346,133346869600,1,723,16,0,2000,0,0,724,38000,128,723,30000,128
1100,20160112,11, 1,2,       1801 ,133346,133346,133346,133346870900,1,723,16,0,3000,0,0,724,38000,128,723,27000,128
1100,20160112,11, 1,2,       1801 ,133346,133346,133346,133346872000,1,723,16,0,27000,0,0,724,38000,128,722,106000,128
1100,20160112,11, 1,2,       1801 ,,133346,133346,133346875000,1,,,,,,0,724,37000,128,722,106000,128
1100,20160112,11, 1,2,       1801 ,,133346,133346,133346875800,1,,,,,,0,724,36000,128,722,106000,128
1100,20160112,11, 1,2,       1801 ,,133346,133346,133346880200,1,,,,,,0,723,2000,128,722,106000,128
1100,20160112,11, 1,2,       1801 ,,133346,133346,133346883600,1,,,,,,0,723,2000,128,722,104000,128
1100,20160112,11, 1,2,       1801 ,,133346,133346,133346885900,1,,,,,,0,723,3000,128,722,104000,128
1100,20160112,11, 1,2,       1801 ,,133346,133346,133346888800,1,,,,,,0,723,7000,128,722,104000,128
1100,20160112,11, 1,2,       1801 ,,133346,133346,133346889400,1,,,,,,0,723,11000,128,722,104000,128
1100,20160112,11, 1,2,       1801 ,,133346,133346,133346890300,1,,,,,,0,723,13000,128,722,104000,128
1100,20160112,11, 1,2,       1801 ,,133346,133346,133346892200,1,,,,,,0,723,13000,128,722,103000,128
1100,20160112,11, 1,2,       1801 ,,133346,133346,133346893600,1,,,,,,0,723,13000,128,722,102000,128
1100,20160112,11, 1,2,       1801 ,,133346,133346,133346894300,1,,,,,,0,723,13000,128,722,101000,128
1100,20160112,11, 1,2,       1801 ,,133346,133346,133346895000,1,,,,,,0,723,13000,128,722,99000,128
1100,20160112,11, 1,2,       1801 ,133346,133346,133346,133346897200,1,723,48,0,2000,0,0,723,11000,128,722,99000,128
1100,20160112,11, 1,2,       1801 ,,133346,133346,133346898100,1,,,,,,0,723,11000,128,722,99000,128
1100,20160112,11, 1,2,       1801 ,,133346,133346,133346899600,1,,,,,,0,723,11000,128,722,94000,128
1100,20160112,11, 1,2,       1801 ,,133346,133346,133346903100,1,,,,,,0,723,13000,128,722,94000,128
1100,20160112,11, 1,2,       1801 ,,133346,133346,133346903700,1,,,,,,0,723,14000,128,722,94000,128
1100,20160112,11, 1,2,       1801 ,,133346,133346,133346908000,1,,,,,,0,723,10000,128,722,94000,128
1100,20160112,11, 1,2,       1801 ,,133346,133346,133346909500,1,,,,,,0,723,12000,128,722,94000,128
1100,20160112,11, 1,2,       1801 ,,133346,133346,133346911500,1,,,,,,0,723,11000,128,722,94000,128
1100,20160112,11, 1,2,       1801 ,133346,133346,133346,133346912200,1,723,48,0,1000,0,0,723,10000,128,722,94000,128
1100,20160112,11, 1,2,       1801 ,,133346,133346,133346913500,1,,,,,,0,723,10000,128,722,95000,128
1100,20160112,11, 1,2,       1801 ,,133347,133347,133347036000,1,,,,,,0,723,10000,128,722,91000,128
1100,20160112,11, 1,2,       1801 ,,133347,133347,133347186200,1,,,,,,0,723,10000,128,722,88000,128
1100,20160112,11, 1,2,       1801 ,,133348,133348,133348456500,1,,,,,,0,723,10000,128,722,87000,128
1100,20160112,11, 1,2,       1801 ,,133348,133348,133348530400,1,,,,,,0,723,10000,128,722,86000,128
1100,20160112,11, 1,2,       1801 ,,133348,133348,133348614400,1,,,,,,0,723,14000,128,722,86000,128
1100,20160112,11, 1,2,       1801 ,,133348,133348,133348615600,1,,,,,,0,723,14000,128,722,85000,128
1100,20160112,11, 1,2,       1801 ,,133348,133348,133348632500,1,,,,,,0,723,14000,128,722,84000,128
1100,20160112,11, 1,2,       1801 ,,133348,133348,133348720900,1,,,,,,0,723,14000,128,722,93000,128
1100,20160112,11, 1,2,       1801 ,,133348,133348,133348722000,1,,,,,,0,723,14000,128,722,94000,128
1100,20160112,11, 1,2,       1801 ,,133351,133351,133351274200,1,,,,,,0,723,14000,128,722,93000,128
1100,20160112,11, 1,2,       1801 ,,133351,133351,133351470200,1,,,,,,0,723,14000,128,722,94000,128
1100,20160112,11, 1,2,       1801 ,,133352,133352,133352036700,1,,,,,,0,723,15000,128,722,94000,128
1100,20160112,11, 1,2,       1801 ,,133352,133352,133352180200,1,,,,,,0,723,16000,128,722,94000,128
1100,20160112,11, 1,2,       1801 ,133354,133354,133354,133354766500,1,722,16,0,6000,0,0,723,16000,128,722,88000,128
1100,20160112,11, 1,2,       1801 ,,133354,133354,133354768600,1,,,,,,0,723,16000,128,722,87000,128
1100,20160112,11, 1,2,       1801 ,,133356,133356,133356048600,1,,,,,,0,723,16000,128,722,88000,128
1100,20160112,11, 1,2,       1801 ,133356,133356,133356,133356565300,1,722,16,0,1000,0,0,723,16000,128,722,87000,128
1100,20160112,11, 1,2,       1801 ,,133356,133356,133356567000,1,,,,,,0,723,16000,128,722,86000,128
1100,20160112,11, 1,2,       1801 ,,133356,133356,133356568100,1,,,,,,0,723,17000,128,722,86000,128
1100,20160112,11, 1,2,       1801 ,,133356,133356,133356641800,1,,,,,,0,723,16000,128,722,86000,128
1100,20160112,11, 1,2,       1801 ,,133356,133356,133356648500,1,,,,,,0,723,16000,128,722,87000,128
1100,20160112,11, 1,2,       1801 ,,133356,133356,133356824500,1,,,,,,0,723,17000,128,722,87000,128
1100,20160112,11, 1,2,       1801 ,,133356,133356,133356825800,1,,,,,,0,723,17000,128,722,86000,128
1100,20160112,11, 1,2,       1801 ,,133356,133356,133356911900,1,,,,,,0,723,17000,128,722,87000,128
1100,20160112,11, 1,2,       1801 ,,133357,133357,133357348500,1,,,,,,0,723,17000,128,722,88000,128
1100,20160112,11, 1,2,       1801 ,,133358,133358,133358390700,1,,,,,,0,723,17000,128,722,87000,128
1100,20160112,11, 1,2,       1801 ,,133359,133359,133359684000,1,,,,,,0,723,17000,128,722,82000,128
1100,20160112,11, 1,2,       1801 ,,133400,133400,133400300300,1,,,,,,0,723,13000,128,722,82000,128
1100,20160112,11, 1,2,       1801 ,,133400,133400,133400301600,1,,,,,,0,723,13000,128,722,83000,128
1100,20160112,11, 1,2,       1801 ,,133404,133404,133404316200,1,,,,,,0,723,12000,128,722,83000,128
1100,20160112,11, 1,2,       1801 ,,133404,133404,133404695200,1,,,,,,0,723,12000,128,722,84000,128
1100,20160112,11, 1,2,       1801 ,,133404,133404,133404759100,1,,,,,,0,723,15000,128,722,84000,128
1100,20160112,11, 1,2,       1801 ,,133404,133404,133404760300,1,,,,,,0,723,15000,128,722,83000,128
1100,20160112,11, 1,2,       1801 ,,133404,133404,133404867300,1,,,,,,0,723,22000,128,722,83000,128
1100,20160112,11, 1,2,       1801 ,,133404,133404,133404868700,1,,,,,,0,723,24000,128,722,83000,128
1100,20160112,11, 1,2,       1801 ,,133404,133404,133404869700,1,,,,,,0,723,24000,128,722,82000,128
1100,20160112,11, 1,2,       1801 ,,133404,133404,133404870400,1,,,,,,0,723,29000,128,722,82000,128
1100,20160112,11, 1,2,       1801 ,,133406,133406,133406042500,1,,,,,,0,723,30000,128,722,82000,128
1100,20160112,11, 1,2,       1801 ,,133406,133406,133406044600,1,,,,,,0,723,30000,128,722,81000,128
1100,20160112,11, 1,2,       1801 ,,133406,133406,133406117700,1,,,,,,0,723,31000,128,722,81000,128
1100,20160112,11, 1,2,       1801 ,,133406,133406,133406429900,1,,,,,,0,723,30000,128,722,81000,128
1100,20160112,11, 1,2,       1801 ,,133406,133406,133406601900,1,,,,,,0,723,30000,128,722,82000,128
1100,20160112,11, 1,2,       1801 ,,133406,133406,133406764400,1,,,,,,0,723,30000,128,722,79000,128
1100,20160112,11, 1,2,       1801 ,,133408,133408,133408637700,1,,,,,,0,723,30000,128,722,80000,128
1100,20160112,11, 1,2,       1801 ,,133409,133409,133409195300,1,,,,,,0,723,25000,128,722,80000,128
1100,20160112,11, 1,2,       1801 ,,133409,133409,133409200000,1,,,,,,0,723,25000,128,722,81000,128
1100,20160112,11, 1,2,       1801 ,,133409,133409,133409201100,1,,,,,,0,723,30000,128,722,81000,128
1100,20160112,11, 1,2,       1801 ,,133409,133409,133409205000,1,,,,,,0,723,30000,128,722,80000,128
1100,20160112,11, 1,2,       1801 ,,133409,133409,133409244400,1,,,,,,0,723,25000,128,722,80000,128
1100,20160112,11, 1,2,       1801 ,,133409,133409,133409246200,1,,,,,,0,723,25000,128,722,81000,128
1100,20160112,11, 1,2,       1801 ,,133409,133409,133409889400,1,,,,,,0,723,25000,128,722,80000,128
1100,20160112,11, 1,2,       1801 ,,133411,133411,133411493500,1,,,,,,0,723,30000,128,722,80000,128
1100,20160112,11, 1,2,       1801 ,,133414,133414,133414255700,1,,,,,,0,723,30000,128,722,81000,128
1100,20160112,11, 1,2,       1801 ,133418,133418,133418,133418202700,1,722,16,0,1000,0,0,723,30000,128,722,80000,128
1100,20160112,11, 1,2,       1801 ,,133418,133418,133418205400,1,,,,,,0,723,30000,128,722,81000,128
1100,20160112,11, 1,2,       1801 ,,133418,133418,133418206800,1,,,,,,0,723,31000,128,722,81000,128
1100,20160112,11, 1,2,       1801 ,,133418,133418,133418238000,1,,,,,,0,723,31000,128,722,80000,128
1100,20160112,11, 1,2,       1801 ,,133418,133418,133418239300,1,,,,,,0,723,31000,128,722,79000,128
1100,20160112,11, 1,2,       1801 ,,133419,133419,133419208600,1,,,,,,0,723,31000,128,722,80000,128
1100,20160112,11, 1,2,       1801 ,,133419,133419,133419538000,1,,,,,,0,723,31000,128,722,84000,128
1100,20160112,11, 1,2,       1801 ,,133430,133430,133430133900,1,,,,,,0,723,31000,128,722,83000,128
1100,20160112,11, 1,2,       1801 ,,133430,133430,133430831000,1,,,,,,0,723,31000,128,722,84000,128
1100,20160112,11, 1,2,       1801 ,,133430,133430,133430832400,1,,,,,,0,723,31000,128,722,85000,128
1100,20160112,11, 1,2,       1801 ,,133430,133430,133430833000,1,,,,,,0,723,31000,128,722,90000,128
1100,20160112,11, 1,2,       1801 ,,133431,133431,133431276200,1,,,,,,0,723,31000,128,722,91000,128
1100,20160112,11, 1,2,       1801 ,,133431,133431,133431277400,1,,,,,,0,723,30000,128,722,91000,128
1100,20160112,11, 1,2,       1801 ,,133431,133431,133431278200,1,,,,,,0,723,30000,128,722,90000,128
1100,20160112,11, 1,2,       1801 ,,133432,133432,133432795200,1,,,,,,0,723,30000,128,722,89000,128
1100,20160112,11, 1,2,       1801 ,,133448,133448,133448792600,1,,,,,,0,723,31000,128,722,89000,128
1100,20160112,11, 1,2,       1801 ,,133448,133448,133448860400,1,,,,,,0,723,31000,128,722,84000,128
1100,20160112,11, 1,2,       1801 ,,133451,133451,133451554700,1,,,,,,0,723,41000,128,722,84000,128
1100,20160112,11, 1,2,       1801 ,,133451,133451,133451556000,1,,,,,,0,723,41000,128,722,83000,128
1100,20160112,11, 1,2,       1801 ,,133452,133452,133452535400,1,,,,,,0,723,41000,128,722,79000,128
1100,20160112,11, 1,2,       1801 ,,133458,133458,133458712000,1,,,,,,0,723,40000,128,722,79000,128
1100,20160112,11, 1,2,       1801 ,,133459,133459,133459050600,1,,,,,,0,723,40000,128,722,80000,128
1100,20160112,11, 1,2,       1801 ,,133501,133501,133501558500,1,,,,,,0,723,30000,128,722,80000,128
1100,20160112,11, 1,2,       1801 ,,133501,133501,133501560700,1,,,,,,0,723,30000,128,722,85000,128
1100,20160112,11, 1,2,       1801 ,,133503,133503,133503090500,1,,,,,,0,723,30000,128,722,84000,128
1100,20160112,11, 1,2,       1801 ,,133503,133503,133503600200,1,,,,,,0,723,31000,128,722,84000,128
1100,20160112,11, 1,2,       1801 ,,133504,133504,133504775100,1,,,,,,0,723,33000,128,722,84000,128
1100,20160112,11, 1,2,       1801 ,,133504,133504,133504928600,1,,,,,,0,723,34000,128,722,84000,128
1100,20160112,11, 1,2,       1801 ,,133506,133506,133506132900,1,,,,,,0,723,35000,128,722,84000,128
1100,20160112,11, 1,2,       1801 ,,133506,133506,133506150400,1,,,,,,0,723,34000,128,722,84000,128
1100,20160112,11, 1,2,       1801 ,,133508,133508,133508147600,1,,,,,,0,723,35000,128,722,84000,128
1100,20160112,11, 1,2,       1801 ,,133508,133508,133508171000,1,,,,,,0,723,35000,128,722,79000,128
1100,20160112,11, 1,2,       1801 ,,133508,133508,133508563500,1,,,,,,0,723,45000,128,722,79000,128
1100,20160112,11, 1,2,       1801 ,,133515,133515,133515100700,1,,,,,,0,723,44000,128,722,79000,128
1100,20160112,11, 1,2,       1801 ,,133515,133515,133515720800,1,,,,,,0,723,45000,128,722,79000,128
1100,20160112,11, 1,2,       1801 ,,133515,133515,133515722900,1,,,,,,0,723,46000,128,722,79000,128
1100,20160112,11, 1,2,       1801 ,,133516,133516,133516291000,1,,,,,,0,723,45000,128,722,79000,128
1100,20160112,11, 1,2,       1801 ,,133516,133516,133516401900,1,,,,,,0,723,45000,128,722,80000,128
1100,20160112,11, 1,2,       1801 ,,133516,133516,133516589100,1,,,,,,0,723,45000,128,722,79000,128
1100,20160112,11, 1,2,       1801 ,,133516,133516,133516923000,1,,,,,,0,723,46000,128,722,79000,128
1100,20160112,11, 1,2,       1801 ,,133517,133517,133517276500,1,,,,,,0,723,45000,128,722,79000,128
1100,20160112,11, 1,2,       1801 ,,133517,133517,133517455100,1,,,,,,0,723,46000,128,722,79000,128
1100,20160112,11, 1,2,       1801 ,,133517,133517,133517956700,1,,,,,,0,723,45000,128,722,79000,128
1100,20160112,11, 1,2,       1801 ,,133518,133518,133518321300,1,,,,,,0,723,46000,128,722,79000,128
1100,20160112,11, 1,2,       1801 ,,133518,133518,133518450900,1,,,,,,0,723,45000,128,722,79000,128
1100,20160112,11, 1,2,       1801 ,133520,133520,133520,133520163300,1,723,48,0,1000,0,0,723,44000,128,722,79000,128
1100,20160112,11, 1,2,       1801 ,,133520,133520,133520810100,1,,,,,,0,723,45000,128,722,79000,128
1100,20160112,11, 1,2,       1801 ,,133523,133523,133523084100,1,,,,,,0,723,44000,128,722,79000,128
1100,20160112,11, 1,2,       1801 ,,133523,133523,133523130700,1,,,,,,0,723,44000,128,722,80000,128
1100,20160112,11, 1,2,       1801 ,133527,133527,133527,133527194000,1,723,48,0,1000,0,0,723,43000,128,722,80000,128
1100,20160112,11, 1,2,       1801 ,,133527,133527,133527196400,1,,,,,,0,723,43000,128,722,80000,128
1100,20160112,11, 1,2,       1801 ,,133528,133528,133528873300,1,,,,,,0,723,44000,128,722,80000,128
1100,20160112,11, 1,2,       1801 ,,133529,133529,133529789600,1,,,,,,0,723,37000,128,722,80000,128
1100,20160112,11, 1,2,       1801 ,,133538,133538,133538761000,1,,,,,,0,723,36000,128,722,80000,128
1100,20160112,11, 1,2,       1801 ,,133538,133538,133538776000,1,,,,,,0,723,36000,128,722,81000,128
1100,20160112,11, 1,2,       1801 ,,133541,133541,133541286000,1,,,,,,0,723,37000,128,722,81000,128
1100,20160112,11, 1,2,       1801 ,,133541,133541,133541287500,1,,,,,,0,723,37000,128,722,82000,128
1100,20160112,11, 1,2,       1801 ,,133548,133548,133548040300,1,,,,,,0,723,36000,128,722,82000,128
1100,20160112,11, 1,2,       1801 ,,133549,133549,133549650600,1,,,,,,0,723,37000,128,722,82000,128
1100,20160112,11, 1,2,       1801 ,,133550,133550,133550016700,1,,,,,,0,723,41000,128,722,82000,128
1100,20160112,11, 1,2,       1801 ,,133550,133550,133550017900,1,,,,,,0,723,41000,128,722,81000,128
1100,20160112,11, 1,2,       1801 ,,133552,133552,133552193800,1,,,,,,0,723,40000,128,722,81000,128
1100,20160112,11, 1,2,       1801 ,,133557,133557,133557693000,1,,,,,,0,723,40000,128,722,82000,128
1100,20160112,11, 1,2,       1801 ,,133557,133557,133557694600,1,,,,,,0,723,40000,128,722,87000,128
1100,20160112,11, 1,2,       1801 ,,133557,133557,133557696000,1,,,,,,0,723,40000,128,722,88000,128
1100,20160112,11, 1,2,       1801 ,133558,133558,133558,133558240000,1,723,48,0,1000,0,0,723,39000,128,722,87000,128
1100,20160112,11, 1,2,       1801 ,,133559,133559,133559096900,1,,,,,,0,723,39000,128,722,86000,128
1100,20160112,11, 1,2,       1801 ,,133559,133559,133559741900,1,,,,,,0,723,40000,128,722,86000,128
1100,20160112,11, 1,2,       1801 ,,133559,133559,133559743300,1,,,,,,0,723,40000,128,722,85000,128
1100,20160112,11, 1,2,       1801 ,,133601,133601,133601422400,1,,,,,,0,723,39000,128,722,85000,128
1100,20160112,11, 1,2,       1801 ,,133604,133604,133604381600,1,,,,,,0,723,40000,128,722,85000,128
1100,20160112,11, 1,2,       1801 ,,133604,133604,133604405300,1,,,,,,0,723,40000,128,722,89000,128
1100,20160112,11, 1,2,       1801 ,,133606,133606,133606146400,1,,,,,,0,723,39000,128,722,89000,128
1100,20160112,11, 1,2,       1801 ,,133607,133607,133607551600,1,,,,,,0,723,40000,128,722,89000,128
1100,20160112,11, 1,2,       1801 ,,133608,133608,133608061600,1,,,,,,0,723,39000,128,722,89000,128
1100,20160112,11, 1,2,       1801 ,,133608,133608,133608656300,1,,,,,,0,723,39000,128,722,90000,128
1100,20160112,11, 1,2,       1801 ,,133614,133614,133614271800,1,,,,,,0,723,40000,128,722,90000,128
1100,20160112,11, 1,2,       1801 ,,133621,133621,133621000300,1,,,,,,0,723,40000,128,722,81000,128
1100,20160112,11, 1,2,       1801 ,,133622,133622,133622555500,1,,,,,,0,723,39000,128,722,81000,128
1100,20160112,11, 1,2,       1801 ,,133623,133623,133623942100,1,,,,,,0,723,40000,128,722,81000,128
1100,20160112,11, 1,2,       1801 ,,133625,133625,133625124600,1,,,,,,0,723,39000,128,722,81000,128
1100,20160112,11, 1,2,       1801 ,,133628,133628,133628460600,1,,,,,,0,723,40000,128,722,81000,128
1100,20160112,11, 1,2,       1801 ,133628,133628,133628,133628963400,1,722,16,0,1000,0,0,723,40000,128,722,80000,128
1100,20160112,11, 1,2,       1801 ,,133630,133630,133630602300,1,,,,,,0,723,41000,128,722,80000,128
1100,20160112,11, 1,2,       1801 ,,133630,133630,133630691500,1,,,,,,0,723,40000,128,722,80000,128
1100,20160112,11, 1,2,       1801 ,,133634,133634,133634081400,1,,,,,,0,723,41000,128,722,80000,128
1100,20160112,11, 1,2,       1801 ,,133635,133635,133635801500,1,,,,,,0,723,40000,128,722,80000,128
1100,20160112,11, 1,2,       1801 ,,133637,133637,133637001600,1,,,,,,0,723,41000,128,722,80000,128
1100,20160112,11, 1,2,       1801 ,,133638,133638,133638830100,1,,,,,,0,723,41000,128,722,75000,128
1100,20160112,11, 1,2,       1801 ,,133641,133641,133641014300,1,,,,,,0,723,40000,128,722,75000,128
1100,20160112,11, 1,2,       1801 ,,133641,133641,133641020700,1,,,,,,0,723,40000,128,722,76000,128
1100,20160112,11, 1,2,       1801 ,,133642,133642,133642682300,1,,,,,,0,723,35000,128,722,76000,128
1100,20160112,11, 1,2,       1801 ,,133642,133642,133642684900,1,,,,,,0,723,39000,128,722,76000,128
1100,20160112,11, 1,2,       1801 ,,133642,133642,133642690700,1,,,,,,0,723,39000,128,722,70000,128
1100,20160112,11, 1,2,       1801 ,,133642,133642,133642692100,1,,,,,,0,723,35000,128,722,70000,128
1100,20160112,11, 1,2,       1801 ,,133642,133642,133642745900,1,,,,,,0,723,39000,128,722,70000,128
1100,20160112,11, 1,2,       1801 ,,133644,133644,133644282400,1,,,,,,0,723,35000,128,722,70000,128
1100,20160112,11, 1,2,       1801 ,,133644,133644,133644301700,1,,,,,,0,723,39000,128,722,70000,128
1100,20160112,11, 1,2,       1801 ,,133645,133645,133645480700,1,,,,,,0,723,39000,128,722,71000,128
1100,20160112,11, 1,2,       1801 ,,133645,133645,133645662000,1,,,,,,0,723,39000,128,722,70000,128
1100,20160112,11, 1,2,       1801 ,,133646,133646,133646181200,1,,,,,,0,723,39000,128,722,71000,128
1100,20160112,11, 1,2,       1801 ,,133646,133646,133646520900,1,,,,,,0,723,39000,128,722,70000,128
1100,20160112,11, 1,2,       1801 ,,133647,133647,133647171500,1,,,,,,0,723,40000,128,722,70000,128
1100,20160112,11, 1,2,       1801 ,,133647,133647,133647351900,1,,,,,,0,723,39000,128,722,70000,128
1100,20160112,11, 1,2,       1801 ,,133647,133647,133647363300,1,,,,,,0,723,39000,128,722,71000,128
1100,20160112,11, 1,2,       1801 ,,133647,133647,133647492600,1,,,,,,0,723,39000,128,722,70000,128
1100,20160112,11, 1,2,       1801 ,,133648,133648,133648328200,1,,,,,,0,723,40000,128,722,70000,128
1100,20160112,11, 1,2,       1801 ,,133648,133648,133648410500,1,,,,,,0,723,39000,128,722,70000,128
1100,20160112,11, 1,2,       1801 ,,133651,133651,133651746700,1,,,,,,0,723,40000,128,722,70000,128
1100,20160112,11, 1,2,       1801 ,133654,133654,133654,133654876300,1,723,48,0,2000,0,0,723,38000,128,722,70000,128
1100,20160112,11, 1,2,       1801 ,,133655,133655,133655036400,1,,,,,,0,723,38000,128,722,70000,128
1100,20160112,11, 1,2,       1801 ,,133658,133658,133658199000,1,,,,,,0,723,37000,128,722,70000,128
1100,20160112,11, 1,2,       1801 ,,133700,133700,133700027700,1,,,,,,0,723,38000,128,722,70000,128
1100,20160112,11, 1,2,       1801 ,133700,133700,133700,133700671500,1,722,16,0,1000,0,0,723,38000,128,722,69000,128
1100,20160112,11, 1,2,       1801 ,,133700,133700,133700831900,1,,,,,,0,723,38000,128,722,72000,128
1100,20160112,11, 1,2,       1801 ,,133704,133704,133704830500,1,,,,,,0,723,40000,128,722,72000,128
1100,20160112,11, 1,2,       1801 ,,133705,133705,133705267100,1,,,,,,0,723,40000,128,722,71000,128
1100,20160112,11, 1,2,       1801 ,,133708,133708,133708788600,1,,,,,,0,723,41000,128,722,71000,128
1100,20160112,11, 1,2,       1801 ,,133708,133708,133708791100,1,,,,,,0,723,44000,128,722,71000,128
1100,20160112,11, 1,2,       1801 ,,133708,133708,133708791800,1,,,,,,0,723,49000,128,722,71000,128
1100,20160112,11, 1,2,       1801 ,133711,133711,133711,133711213900,1,722,16,0,5000,0,0,723,49000,128,722,66000,128
1100,20160112,11, 1,2,       1801 ,,133711,133711,133711215800,1,,,,,,0,723,49000,128,722,58000,128
1100,20160112,11, 1,2,       1801 ,,133711,133711,133711217100,1,,,,,,0,723,49000,128,722,57000,128
1100,20160112,11, 1,2,       1801 ,,133711,133711,133711218900,1,,,,,,0,723,49000,128,722,56000,128
1100,20160112,11, 1,2,       1801 ,,133711,133711,133711222300,1,,,,,,0,723,49000,128,722,54000,128
1100,20160112,11, 1,2,       1801 ,,133712,133712,133712098400,1,,,,,,0,723,49000,128,722,52000,128
1100,20160112,11, 1,2,       1801 ,,133713,133713,133713059000,1,,,,,,0,723,49000,128,722,53000,128
1100,20160112,11, 1,2,       1801 ,133716,133716,133716,133716447900,1,722,16,0,2000,0,0,723,49000,128,722,51000,128
1100,20160112,11, 1,2,       1801 ,,133721,133721,133721749700,1,,,,,,0,723,49000,128,722,52000,128
1100,20160112,11, 1,2,       1801 ,,133721,133721,133721752500,1,,,,,,0,723,48000,128,722,52000,128
1100,20160112,11, 1,2,       1801 ,,133724,133724,133724319900,1,,,,,,0,723,48000,128,722,51000,128
1100,20160112,11, 1,2,       1801 ,,133725,133725,133725256700,1,,,,,,0,723,49000,128,722,51000,128
1100,20160112,11, 1,2,       1801 ,,133729,133729,133729029700,1,,,,,,0,723,48000,128,722,51000,128
1100,20160112,11, 1,2,       1801 ,,133729,133729,133729334200,1,,,,,,0,723,48000,128,722,52000,128
1100,20160112,11, 1,2,       1801 ,,133729,133729,133729812100,1,,,,,,0,723,48000,128,722,51000,128
1100,20160112,11, 1,2,       1801 ,,133730,133730,133730163200,1,,,,,,0,723,49000,128,722,51000,128
1100,20160112,11, 1,2,       1801 ,,133730,133730,133730295600,1,,,,,,0,723,48000,128,722,51000,128
1100,20160112,11, 1,2,       1801 ,,133730,133730,133730347200,1,,,,,,0,723,49000,128,722,51000,128
1100,20160112,11, 1,2,       1801 ,,133730,133730,133730391600,1,,,,,,0,723,50000,128,722,51000,128
1100,20160112,11, 1,2,       1801 ,,133730,133730,133730680600,1,,,,,,0,723,49000,128,722,51000,128
1100,20160112,11, 1,2,       1801 ,,133730,133730,133730905800,1,,,,,,0,723,50000,128,722,51000,128
1100,20160112,11, 1,2,       1801 ,,133735,133735,133735256100,1,,,,,,0,723,51000,128,722,51000,128
1100,20160112,11, 1,2,       1801 ,133748,133748,133748,133748288500,1,722,16,0,1000,0,0,723,51000,128,722,50000,128
1100,20160112,11, 1,2,       1801 ,,133750,133750,133750126600,1,,,,,,0,723,51000,128,722,50000,128
1100,20160112,11, 1,2,       1801 ,133750,133750,133750,133750388500,1,722,16,0,3000,0,0,723,48000,128,722,47000,128
1100,20160112,11, 1,2,       1801 ,,133750,133750,133750390200,1,,,,,,0,723,48000,128,722,47000,128
1100,20160112,11, 1,2,       1801 ,,133750,133750,133750901700,1,,,,,,0,723,49000,128,722,47000,128
1100,20160112,11, 1,2,       1801 ,,133751,133751,133751416600,1,,,,,,0,723,53000,128,722,47000,128
1100,20160112,11, 1,2,       1801 ,133758,133758,133758,133758287000,1,723,48,0,1000,0,0,723,52000,128,722,46000,128
1100,20160112,11, 1,2,       1801 ,,133758,133758,133758446300,1,,,,,,0,723,52000,128,722,43000,128
1100,20160112,11, 1,2,       1801 ,,133758,133758,133758447900,1,,,,,,0,723,52000,128,722,38000,128
1100,20160112,11, 1,2,       1801 ,133759,133759,133759,133759026000,1,722,16,0,1000,0,0,723,52000,128,722,37000,128
1100,20160112,11, 1,2,       1801 ,,133806,133806,133806911200,1,,,,,,0,723,52000,128,722,35000,128
1100,20160112,11, 1,2,       1801 ,,133806,133806,133806961700,1,,,,,,0,723,52000,128,722,34000,128
1100,20160112,11, 1,2,       1801 ,,133807,133807,133807541100,1,,,,,,0,723,52000,128,722,35000,128
1100,20160112,11, 1,2,       1801 ,,133807,133807,133807825100,1,,,,,,0,723,51000,128,722,35000,128
1100,20160112,11, 1,2,       1801 ,,133808,133808,133808724300,1,,,,,,0,723,51000,128,722,36000,128
1100,20160112,11, 1,2,       1801 ,,133809,133809,133809788600,1,,,,,,0,723,52000,128,722,36000,128
1100,20160112,11, 1,2,       1801 ,,133809,133809,133809790400,1,,,,,,0,723,54000,128,722,36000,128
1100,20160112,11, 1,2,       1801 ,,133809,133809,133809792800,1,,,,,,0,723,54000,128,722,35000,128
1100,20160112,11, 1,2,       1801 ,,133810,133810,133810071500,1,,,,,,0,723,54000,128,722,32000,128
1100,20160112,11, 1,2,       1801 ,,133811,133811,133811440600,1,,,,,,0,723,54000,128,722,33000,128
1100,20160112,11, 1,2,       1801 ,,133811,133811,133811442500,1,,,,,,0,723,53000,128,722,33000,128
1100,20160112,11, 1,2,       1801 ,,133811,133811,133811842900,1,,,,,,0,723,54000,128,722,33000,128
1100,20160112,11, 1,2,       1801 ,,133812,133812,133812337600,1,,,,,,0,723,52000,128,722,33000,128
1100,20160112,11, 1,2,       1801 ,,133814,133814,133814231100,1,,,,,,0,723,53000,128,722,33000,128
1100,20160112,11, 1,2,       1801 ,,133814,133814,133814586100,1,,,,,,0,723,53000,128,722,32000,128
1100,20160112,11, 1,2,       1801 ,,133818,133818,133818079800,1,,,,,,0,723,53000,128,722,33000,128
1100,20160112,11, 1,2,       1801 ,,133818,133818,133818081300,1,,,,,,0,723,53000,128,722,36000,128
1100,20160112,11, 1,2,       1801 ,,133818,133818,133818170600,1,,,,,,0,723,52000,128,722,36000,128
1100,20160112,11, 1,2,       1801 ,,133818,133818,133818653800,1,,,,,,0,723,53000,128,722,36000,128
1100,20160112,11, 1,2,       1801 ,,133818,133818,133818788600,1,,,,,,0,723,53000,128,722,35000,128
1100,20160112,11, 1,2,       1801 ,,133819,133819,133819330600,1,,,,,,0,723,55000,128,722,35000,128
1100,20160112,11, 1,2,       1801 ,,133819,133819,133819343600,1,,,,,,0,723,53000,128,722,35000,128
1100,20160112,11, 1,2,       1801 ,,133822,133822,133822026800,1,,,,,,0,723,54000,128,722,35000,128
1100,20160112,11, 1,2,       1801 ,133828,133828,133828,133828712000,1,722,16,0,1000,0,0,723,54000,128,722,34000,128
1100,20160112,11, 1,2,       1801 ,,133828,133828,133828713900,1,,,,,,0,723,56000,128,722,34000,128
1100,20160112,11, 1,2,       1801 ,133829,133829,133829,133829121100,1,722,16,0,1000,0,0,723,56000,128,722,33000,128
1100,20160112,11, 1,2,       1801 ,133829,133829,133829,133829122800,1,722,16,0,8000,0,0,723,56000,128,722,25000,128
1100,20160112,11, 1,2,       1801 ,,133829,133829,133829134700,1,,,,,,0,723,56000,128,722,24000,128
1100,20160112,11, 1,2,       1801 ,,133829,133829,133829159700,1,,,,,,0,723,55000,128,722,24000,128
1100,20160112,11, 1,2,       1801 ,,133829,133829,133829171000,1,,,,,,0,723,55000,128,722,23000,128
1100,20160112,11, 1,2,       1801 ,,133829,133829,133829194800,1,,,,,,0,723,54000,128,722,23000,128
1100,20160112,11, 1,2,       1801 ,,133829,133829,133829204900,1,,,,,,0,723,54000,128,722,22000,128
1100,20160112,11, 1,2,       1801 ,,133829,133829,133829226000,1,,,,,,0,723,54000,128,722,23000,128
1100,20160112,11, 1,2,       1801 ,,133833,133833,133833279600,1,,,,,,0,723,52000,128,722,23000,128
1100,20160112,11, 1,2,       1801 ,133836,133836,133836,133836317600,1,722,16,0,1000,0,0,723,52000,128,722,22000,128
1100,20160112,11, 1,2,       1801 ,,133836,133836,133836500000,1,,,,,,0,723,54000,128,722,22000,128
1100,20160112,11, 1,2,       1801 ,,133836,133836,133836501900,1,,,,,,0,723,54000,128,722,19000,128
1100,20160112,11, 1,2,       1801 ,133836,133836,133836,133836842100,1,722,16,0,19000,0,0,723,54000,128,721,114000,128
1100,20160112,11, 1,2,       1801 ,,133836,133836,133836844000,1,,,,,,0,723,55000,128,721,114000,128
1100,20160112,11, 1,2,       1801 ,,133836,133836,133836847000,1,,,,,,0,722,1000,128,721,114000,128
1100,20160112,11, 1,2,       1801 ,,133836,133836,133836849400,1,,,,,,0,722,1000,128,721,111000,128
1100,20160112,11, 1,2,       1801 ,,133836,133836,133836853200,1,,,,,,0,722,1000,128,721,109000,128
1100,20160112,11, 1,2,       1801 ,133836,133836,133836,133836854500,1,722,48,0,1000,0,0,723,61000,128,722,2000,128
1100,20160112,11, 1,2,       1801 ,,133836,133836,133836855300,1,,,,,,0,723,61000,128,722,2000,128
1100,20160112,11, 1,2,       1801 ,,133836,133836,133836856600,1,,,,,,0,723,66000,128,722,2000,128
1100,20160112,11, 1,2,       1801 ,133836,133836,133836,133836861800,1,722,16,0,2000,0,0,723,66000,128,721,103000,128
1100,20160112,11, 1,2,       1801 ,,133836,133836,133836862600,1,,,,,,0,723,66000,128,721,103000,128
1100,20160112,11, 1,2,       1801 ,,133836,133836,133836870000,1,,,,,,0,722,4000,128,721,103000,128
1100,20160112,11, 1,2,       1801 ,,133836,133836,133836874100,1,,,,,,0,722,4000,128,721,102000,128
1100,20160112,11, 1,2,       1801 ,,133836,133836,133836874800,1,,,,,,0,722,4000,128,721,96000,128
1100,20160112,11, 1,2,       1801 ,,133836,133836,133836877000,1,,,,,,0,722,5000,128,721,96000,128
1100,20160112,11, 1,2,       1801 ,133836,133836,133836,133836877700,1,722,48,0,3000,0,0,722,2000,128,721,96000,128
1100,20160112,11, 1,2,       1801 ,,133836,133836,133836878900,1,,,,,,0,722,2000,128,721,96000,128
1100,20160112,11, 1,2,       1801 ,,133836,133836,133836883200,1,,,,,,0,722,4000,128,721,96000,128
1100,20160112,11, 1,2,       1801 ,,133836,133836,133836884500,1,,,,,,0,722,4000,128,721,94000,128
1100,20160112,11, 1,2,       1801 ,,133836,133836,133836885200,1,,,,,,0,722,3000,128,721,94000,128
1100,20160112,11, 1,2,       1801 ,,133836,133836,133836889400,1,,,,,,0,722,4000,128,721,94000,128
1100,20160112,11, 1,2,       1801 ,,133836,133836,133836891500,1,,,,,,0,722,4000,128,721,90000,128
1100,20160112,11, 1,2,       1801 ,,133836,133836,133836906900,1,,,,,,0,722,4000,128,721,89000,128
1100,20160112,11, 1,2,       1801 ,,133836,133836,133836961300,1,,,,,,0,722,4000,128,721,88000,128
1100,20160112,11, 1,2,       1801 ,,133836,133836,133836963200,1,,,,,,0,722,4000,128,721,90000,128
1100,20160112,11, 1,2,       1801 ,,133836,133836,133836964400,1,,,,,,0,722,6000,128,721,90000,128
1100,20160112,11, 1,2,       1801 ,,133836,133836,133836998900,1,,,,,,0,722,6000,128,721,89000,128
1100,20160112,11, 1,2,       1801 ,,133837,133837,133837046100,1,,,,,,0,722,6000,128,721,85000,128
1100,20160112,11, 1,2,       1801 ,,133837,133837,133837080100,1,,,,,,0,722,7000,128,721,85000,128
1100,20160112,11, 1,2,       1801 ,,133837,133837,133837082000,1,,,,,,0,722,9000,128,721,85000,128
1100,20160112,11, 1,2,       1801 ,,133837,133837,133837139300,1,,,,,,0,722,9000,128,721,95000,128
1100,20160112,11, 1,2,       1801 ,,133837,133837,133837141400,1,,,,,,0,722,9000,128,721,96000,128
1100,20160112,11, 1,2,       1801 ,,133837,133837,133837172200,1,,,,,,0,722,10000,128,721,96000,128
1100,20160112,11, 1,2,       1801 ,,133838,133838,133838443000,1,,,,,,0,722,10000,128,721,97000,128
1100,20160112,11, 1,2,       1801 ,,133839,133839,133839094200,1,,,,,,0,722,10000,128,721,96000,128
1100,20160112,11, 1,2,       1801 ,,133840,133840,133840252400,1,,,,,,0,722,10000,128,721,97000,128
1100,20160112,11, 1,2,       1801 ,,133840,133840,133840687600,1,,,,,,0,722,10000,128,721,95000,128
1100,20160112,11, 1,2,       1801 ,,133840,133840,133840689600,1,,,,,,0,722,11000,128,721,95000,128
1100,20160112,11, 1,2,       1801 ,,133841,133841,133841330000,1,,,,,,0,722,11000,128,721,94000,128
1100,20160112,11, 1,2,       1801 ,,133843,133843,133843249400,1,,,,,,0,722,11000,128,721,95000,128
1100,20160112,11, 1,2,       1801 ,,133845,133845,133845483800,1,,,,,,0,722,12000,128,721,95000,128
1100,20160112,11, 1,2,       1801 ,133845,133845,133845,133845544400,1,722,48,0,5000,0,0,722,7000,128,721,95000,128
1100,20160112,11, 1,2,       1801 ,,133845,133845,133845546200,1,,,,,,0,722,6000,128,721,95000,128
1100,20160112,11, 1,2,       1801 ,,133845,133845,133845547600,1,,,,,,0,722,4000,128,721,95000,128
1100,20160112,11, 1,2,       1801 ,,133845,133845,133845548800,1,,,,,,0,722,6000,128,721,95000,128
1100,20160112,11, 1,2,       1801 ,,133845,133845,133845710200,1,,,,,,0,722,8000,128,721,95000,128
1100,20160112,11, 1,2,       1801 ,,133850,133850,133850420000,1,,,,,,0,722,12000,128,721,95000,128
1100,20160112,11, 1,2,       1801 ,,133850,133850,133850422400,1,,,,,,0,722,16000,128,721,95000,128
1100,20160112,11, 1,2,       1801 ,,133850,133850,133850555000,1,,,,,,0,722,17000,128,721,95000,128
1100,20160112,11, 1,2,       1801 ,133852,133852,133852,133852596800,1,722,48,0,1000,0,0,722,16000,128,721,94000,128
1100,20160112,11, 1,2,       1801 ,,133853,133853,133853927600,1,,,,,,0,722,16000,128,721,92000,128
1100,20160112,11, 1,2,       1801 ,,133856,133856,133856086100,1,,,,,,0,722,16000,128,721,96000,128
1100,20160112,11, 1,2,       1801 ,133901,133901,133901,133901992100,1,721,16,0,1000,0,0,722,16000,128,721,95000,128
1100,20160112,11, 1,2,       1801 ,,133901,133901,133901994100,1,,,,,,0,722,16000,128,721,94000,128
1100,20160112,11, 1,2,       1801 ,,133902,133902,133902011600,1,,,,,,0,722,12000,128,721,94000,128
1100,20160112,11, 1,2,       1801 ,,133902,133902,133902013100,1,,,,,,0,722,12000,128,721,95000,128
1100,20160112,11, 1,2,       1801 ,,133902,133902,133902013900,1,,,,,,0,722,8000,128,721,95000,128
1100,20160112,11, 1,2,       1801 ,,133902,133902,133902024900,1,,,,,,0,722,6000,128,721,95000,128
1100,20160112,11, 1,2,       1801 ,,133902,133902,133902625300,1,,,,,,0,722,6000,128,721,96000,128
1100,20160112,11, 1,2,       1801 ,,133903,133903,133903079300,1,,,,,,0,722,6000,128,721,98000,128
1100,20160112,11, 1,2,       1801 ,,133903,133903,133903594000,1,,,,,,0,722,7000,128,721,98000,128
1100,20160112,11, 1,2,       1801 ,,133904,133904,133904109800,1,,,,,,0,722,6000,128,721,98000,128
1100,20160112,11, 1,2,       1801 ,133904,133904,133904,133904201300,1,722,48,0,1000,0,0,722,5000,128,721,98000,128
1100,20160112,11, 1,2,       1801 ,133904,133904,133904,133904202900,1,722,48,0,5000,0,0,723,65000,128,721,98000,128
1100,20160112,11, 1,2,       1801 ,,133904,133904,133904207000,1,,,,,,0,723,65000,128,722,1000,128
1100,20160112,11, 1,2,       1801 ,,133904,133904,133904209700,1,,,,,,0,723,63000,128,722,1000,128
1100,20160112,11, 1,2,       1801 ,,133904,133904,133904210500,1,,,,,,0,723,63000,128,722,2000,128
1100,20160112,11, 1,2,       1801 ,,133904,133904,133904211800,1,,,,,,0,723,63000,128,722,3000,128
1100,20160112,11, 1,2,       1801 ,,133904,133904,133904213900,1,,,,,,0,723,59000,128,722,3000,128
1100,20160112,11, 1,2,       1801 ,,133904,133904,133904215400,1,,,,,,0,723,61000,128,722,3000,128
1100,20160112,11, 1,2,       1801 ,,133904,133904,133904216700,1,,,,,,0,723,61000,128,722,5000,128
1100,20160112,11, 1,2,       1801 ,,133904,133904,133904218000,1,,,,,,0,723,57000,128,722,5000,128
1100,20160112,11, 1,2,       1801 ,,133904,133904,133904218700,1,,,,,,0,723,57000,128,722,7000,128
1100,20160112,11, 1,2,       1801 ,,133904,133904,133904219400,1,,,,,,0,723,56000,128,722,7000,128
1100,20160112,11, 1,2,       1801 ,,133904,133904,133904220100,1,,,,,,0,723,54000,128,722,7000,128
1100,20160112,11, 1,2,       1801 ,,133904,133904,133904541500,1,,,,,,0,723,54000,128,722,8000,128
1100,20160112,11, 1,2,       1801 ,133905,133905,133905,133905004200,1,722,16,0,3000,0,0,723,54000,128,722,5000,128
1100,20160112,11, 1,2,       1801 ,,133905,133905,133905006000,1,,,,,,0,723,55000,128,722,5000,128
1100,20160112,11, 1,2,       1801 ,,133905,133905,133905008900,1,,,,,,0,723,55000,128,722,3000,128
1100,20160112,11, 1,2,       1801 ,,133905,133905,133905133200,1,,,,,,0,723,55000,128,722,5000,128
1100,20160112,11, 1,2,       1801 ,,133905,133905,133905266800,1,,,,,,0,723,55000,128,722,4000,128
1100,20160112,11, 1,2,       1801 ,,133906,133906,133906330000,1,,,,,,0,723,55000,128,722,5000,128
1100,20160112,11, 1,2,       1801 ,,133906,133906,133906331200,1,,,,,,0,723,54000,128,722,5000,128
1100,20160112,11, 1,2,       1801 ,,133906,133906,133906550800,1,,,,,,0,723,54000,128,722,6000,128
1100,20160112,11, 1,2,       1801 ,,133908,133908,133908083900,1,,,,,,0,723,50000,128,722,6000,128
1100,20160112,11, 1,2,       1801 ,,133908,133908,133908091500,1,,,,,,0,723,50000,128,722,7000,128
1100,20160112,11, 1,2,       1801 ,,133912,133912,133912256000,1,,,,,,0,723,50000,128,722,8000,128
1100,20160112,11, 1,2,       1801 ,,133915,133915,133915622500,1,,,,,,0,723,51000,128,722,8000,128
1100,20160112,11, 1,2,       1801 ,,133916,133916,133916667600,1,,,,,,0,723,53000,128,722,8000,128
1100,20160112,11, 1,2,       1801 ,133920,133920,133920,133920627000,1,722,16,0,1000,0,0,723,53000,128,722,7000,128
1100,20160112,11, 1,2,       1801 ,,133920,133920,133920628500,1,,,,,,0,723,54000,128,722,7000,128
1100,20160112,11, 1,2,       1801 ,,133920,133920,133920629100,1,,,,,,0,723,52000,128,722,7000,128
1100,20160112,11, 1,2,       1801 ,,133920,133920,133920948600,1,,,,,,0,723,51000,128,722,7000,128
1100,20160112,11, 1,2,       1801 ,,133922,133922,133922535500,1,,,,,,0,723,55000,128,722,7000,128
1100,20160112,11, 1,2,       1801 ,133922,133922,133922,133922571400,1,722,16,0,1000,0,0,723,55000,128,722,6000,128
1100,20160112,11, 1,2,       1801 ,,133922,133922,133922573000,1,,,,,,0,723,56000,128,722,6000,128
1100,20160112,11, 1,2,       1801 ,133923,133923,133923,133923003900,1,722,16,0,3000,0,0,723,56000,128,722,3000,128
1100,20160112,11, 1,2,       1801 ,133923,133923,133923,133923005700,1,722,16,0,1000,0,0,723,56000,128,722,2000,128
1100,20160112,11, 1,2,       1801 ,,133923,133923,133923006800,1,,,,,,0,723,58000,128,722,2000,128
1100,20160112,11, 1,2,       1801 ,133923,133923,133923,133923007600,1,722,16,0,1000,0,0,723,58000,128,722,1000,128
1100,20160112,11, 1,2,       1801 ,,133923,133923,133923014200,1,,,,,,0,723,57000,128,722,1000,128
1100,20160112,11, 1,2,       1801 ,,133923,133923,133923023100,1,,,,,,0,723,56000,128,722,1000,128
1100,20160112,11, 1,2,       1801 ,133923,133923,133923,133923023800,1,722,16,0,1000,0,0,723,56000,128,721,97000,128
1100,20160112,11, 1,2,       1801 ,,133923,133923,133923025200,1,,,,,,0,723,56000,128,721,97000,128
1100,20160112,11, 1,2,       1801 ,,133923,133923,133923025900,1,,,,,,0,723,58000,128,721,97000,128
1100,20160112,11, 1,2,       1801 ,,133923,133923,133923028900,1,,,,,,0,723,58000,128,721,95000,128
1100,20160112,11, 1,2,       1801 ,,133923,133923,133923029700,1,,,,,,0,723,58000,128,721,97000,128
1100,20160112,11, 1,2,       1801 ,133923,133923,133923,133923031600,1,721,16,0,1000,0,0,723,58000,128,721,96000,128
1100,20160112,11, 1,2,       1801 ,,133923,133923,133923035400,1,,,,,,0,723,58000,128,721,92000,128
1100,20160112,11, 1,2,       1801 ,,133923,133923,133923077700,1,,,,,,0,723,58000,128,721,91000,128
1100,20160112,11, 1,2,       1801 ,,133923,133923,133923191500,1,,,,,,0,723,58000,128,721,87000,128
1100,20160112,11, 1,2,       1801 ,,133927,133927,133927664600,1,,,,,,0,723,58000,128,721,86000,128
1100,20160112,11, 1,2,       1801 ,,133927,133927,133927667200,1,,,,,,0,723,58000,128,721,85000,128
1100,20160112,11, 1,2,       1801 ,,133927,133927,133927938300,1,,,,,,0,723,58000,128,721,95000,128
1100,20160112,11, 1,2,       1801 ,,133929,133929,133929231200,1,,,,,,0,723,58000,128,721,96000,128
1100,20160112,11, 1,2,       1801 ,,133930,133930,133930097000,1,,,,,,0,723,58000,128,721,105000,128
1100,20160112,11, 1,2,       1801 ,,133930,133930,133930098300,1,,,,,,0,723,57000,128,721,105000,128
1100,20160112,11, 1,2,       1801 ,,133932,133932,133932533900,1,,,,,,0,723,57000,128,721,107000,128
1100,20160112,11, 1,2,       1801 ,,133936,133936,133936877300,1,,,,,,0,723,57000,128,722,1000,128
1100,20160112,11, 1,2,       1801 ,,133936,133936,133936878700,1,,,,,,0,723,57000,128,722,2000,128
1100,20160112,11, 1,2,       1801 ,,133936,133936,133936879400,1,,,,,,0,723,57000,128,722,4000,128
1100,20160112,11, 1,2,       1801 ,,133936,133936,133936880000,1,,,,,,0,723,55000,128,722,4000,128
1100,20160112,11, 1,2,       1801 ,,133936,133936,133936881500,1,,,,,,0,723,50000,128,722,4000,128
1100,20160112,11, 1,2,       1801 ,,133936,133936,133936882200,1,,,,,,0,723,50000,128,722,6000,128
1100,20160112,11, 1,2,       1801 ,,133936,133936,133936885500,1,,,,,,0,723,46000,128,722,6000,128
1100,20160112,11, 1,2,       1801 ,,133938,133938,133938003900,1,,,,,,0,723,49000,128,722,6000,128
1100,20160112,11, 1,2,       1801 ,,133938,133938,133938005200,1,,,,,,0,723,43000,128,722,6000,128
1100,20160112,11, 1,2,       1801 ,,133943,133943,133943599700,1,,,,,,0,723,44000,128,722,6000,128
1100,20160112,11, 1,2,       1801 ,133945,133945,133945,133945035800,1,722,16,0,1000,0,0,723,43000,128,722,5000,128
1100,20160112,11, 1,2,       1801 ,,133948,133948,133948138300,1,,,,,,0,723,43000,128,722,5000,128
1100,20160112,11, 1,2,       1801 ,,133951,133951,133951351200,1,,,,,,0,723,44000,128,722,5000,128
1100,20160112,11, 1,2,       1801 ,,133951,133951,133951360400,1,,,,,,0,723,44000,128,722,3000,128
1100,20160112,11, 1,2,       1801 ,,133951,133951,133951363000,1,,,,,,0,723,44000,128,722,2000,128
1100,20160112,11, 1,2,       1801 ,133951,133951,133951,133951367400,1,722,16,0,1000,0,0,723,44000,128,722,1000,128
1100,20160112,11, 1,2,       1801 ,,133951,133951,133951368700,1,,,,,,0,723,44000,128,721,92000,128
1100,20160112,11, 1,2,       1801 ,,133951,133951,133951372400,1,,,,,,0,723,48000,128,721,92000,128
1100,20160112,11, 1,2,       1801 ,,133951,133951,133951374400,1,,,,,,0,723,50000,128,721,92000,128
1100,20160112,11, 1,2,       1801 ,,133951,133951,133951375900,1,,,,,,0,723,50000,128,721,90000,128
1100,20160112,11, 1,2,       1801 ,,133951,133951,133951384500,1,,,,,,0,723,55000,128,721,90000,128
1100,20160112,11, 1,2,       1801 ,,133951,133951,133951386400,1,,,,,,0,723,55000,128,721,89000,128
1100,20160112,11, 1,2,       1801 ,,133951,133951,133951469300,1,,,,,,0,723,55000,128,721,90000,128
1100,20160112,11, 1,2,       1801 ,,133951,133951,133951503500,1,,,,,,0,723,55000,128,721,91000,128
1100,20160112,11, 1,2,       1801 ,,133951,133951,133951585500,1,,,,,,0,723,55000,128,721,87000,128
1100,20160112,11, 1,2,       1801 ,133952,133952,133952,133952480800,1,721,16,0,1000,0,0,723,55000,128,721,86000,128
1100,20160112,11, 1,2,       1801 ,,133952,133952,133952483100,1,,,,,,0,723,55000,128,721,85000,128
1100,20160112,11, 1,2,       1801 ,,133952,133952,133952546600,1,,,,,,0,723,55000,128,721,84000,128
1100,20160112,11, 1,2,       1801 ,,133952,133952,133952554700,1,,,,,,0,723,55000,128,721,83000,128
1100,20160112,11, 1,2,       1801 ,,133952,133952,133952799800,1,,,,,,0,723,55000,128,721,82000,128
1100,20160112,11, 1,2,       1801 ,,133953,133953,133953148700,1,,,,,,0,723,55000,128,721,83000,128
1100,20160112,11, 1,2,       1801 ,,133953,133953,133953247300,1,,,,,,0,723,55000,128,721,85000,128
1100,20160112,11, 1,2,       1801 ,,133953,133953,133953429700,1,,,,,,0,723,55000,128,721,83000,128
1100,20160112,11, 1,2,       1801 ,133954,133954,133954,133954189000,1,721,16,0,2000,0,0,723,55000,128,721,81000,128
1100,20160112,11, 1,2,       1801 ,,133954,133954,133954190700,1,,,,,,0,723,55000,128,721,80000,128
1100,20160112,11, 1,2,       1801 ,,133954,133954,133954250500,1,,,,,,0,723,52000,128,721,80000,128
1100,20160112,11, 1,2,       1801 ,,133954,133954,133954309300,1,,,,,,0,723,52000,128,721,81000,128
1100,20160112,11, 1,2,       1801 ,,133954,133954,133954310100,1,,,,,,0,723,52000,128,721,83000,128
1100,20160112,11, 1,2,       1801 ,,133954,133954,133954579300,1,,,,,,0,723,52000,128,721,81000,128
1100,20160112,11, 1,2,       1801 ,,133955,133955,133955796800,1,,,,,,0,723,53000,128,721,81000,128
1100,20160112,11, 1,2,       1801 ,,133957,133957,133957512800,1,,,,,,0,723,53000,128,721,82000,128
1100,20160112,11, 1,2,       1801 ,,133958,133958,133958514500,1,,,,,,0,723,53000,128,721,83000,128
1100,20160112,11, 1,2,       1801 ,,134008,134008,134008971400,1,,,,,,0,723,53000,128,721,84000,128
1100,20160112,11, 1,2,       1801 ,,134009,134009,134009082400,1,,,,,,0,723,54000,128,721,84000,128
1100,20160112,11, 1,2,       1801 ,,134010,134010,134010537100,1,,,,,,0,723,54000,128,721,90000,128
1100,20160112,11, 1,2,       1801 ,,134010,134010,134010538300,1,,,,,,0,723,53000,128,721,90000,128
1100,20160112,11, 1,2,       1801 ,,134013,134013,134013757800,1,,,,,,0,723,53000,128,721,91000,128
1100,20160112,11, 1,2,       1801 ,,134015,134015,134015296100,1,,,,,,0,723,53000,128,721,90000,128
1100,20160112,11, 1,2,       1801 ,,134018,134018,134018389900,1,,,,,,0,723,53000,128,721,92000,128
1100,20160112,11, 1,2,       1801 ,,134028,134028,134028890700,1,,,,,,0,722,1000,128,721,92000,128
1100,20160112,11, 1,2,       1801 ,,134028,134028,134028893500,1,,,,,,0,722,1000,128,721,90000,128
1100,20160112,11, 1,2,       1801 ,,134028,134028,134028905800,1,,,,,,0,722,3000,128,721,90000,128
1100,20160112,11, 1,2,       1801 ,,134028,134028,134028907000,1,,,,,,0,722,3000,128,721,89000,128
1100,20160112,11, 1,2,       1801 ,,134028,134028,134028910300,1,,,,,,0,722,3000,128,721,83000,128
1100,20160112,11, 1,2,       1801 ,,134028,134028,134028965300,1,,,,,,0,722,4000,128,721,83000,128
1100,20160112,11, 1,2,       1801 ,,134028,134028,134028966400,1,,,,,,0,722,6000,128,721,83000,128
1100,20160112,11, 1,2,       1801 ,,134028,134028,134028968000,1,,,,,,0,722,8000,128,721,83000,128
1100,20160112,11, 1,2,       1801 ,,134029,134029,134029723700,1,,,,,,0,722,8000,128,721,82000,128
1100,20160112,11, 1,2,       1801 ,134029,134029,134029,134029754800,1,722,48,0,1000,0,0,722,7000,128,721,82000,128
1100,20160112,11, 1,2,       1801 ,134029,134029,134029,134029756300,1,722,48,0,7000,0,0,723,69000,128,721,82000,128
1100,20160112,11, 1,2,       1801 ,,134029,134029,134029760700,1,,,,,,0,723,69000,128,721,83000,128
1100,20160112,11, 1,2,       1801 ,,134029,134029,134029761400,1,,,,,,0,723,69000,128,722,1000,128
1100,20160112,11, 1,2,       1801 ,,134029,134029,134029762000,1,,,,,,0,723,69000,128,722,2000,128
1100,20160112,11, 1,2,       1801 ,,134029,134029,134029763500,1,,,,,,0,723,70000,128,722,2000,128
1100,20160112,11, 1,2,       1801 ,,134029,134029,134029765700,1,,,,,,0,723,72000,128,722,2000,128
1100,20160112,11, 1,2,       1801 ,,134029,134029,134029766700,1,,,,,,0,723,72000,128,722,4000,128
1100,20160112,11, 1,2,       1801 ,,134029,134029,134029768100,1,,,,,,0,723,72000,128,722,5000,128
1100,20160112,11, 1,2,       1801 ,,134029,134029,134029768800,1,,,,,,0,723,70000,128,722,5000,128
1100,20160112,11, 1,2,       1801 ,,134029,134029,134029770300,1,,,,,,0,723,70000,128,722,9000,128
1100,20160112,11, 1,2,       1801 ,,134029,134029,134029772500,1,,,,,,0,723,69000,128,722,9000,128
1100,20160112,11, 1,2,       1801 ,,134029,134029,134029774000,1,,,,,,0,723,68000,128,722,9000,128
1100,20160112,11, 1,2,       1801 ,,134029,134029,134029785500,1,,,,,,0,723,64000,128,722,9000,128
1100,20160112,11, 1,2,       1801 ,,134029,134029,134029796000,1,,,,,,0,723,64000,128,722,10000,128
1100,20160112,11, 1,2,       1801 ,,134029,134029,134029966800,1,,,,,,0,723,64000,128,722,11000,128
1100,20160112,11, 1,2,       1801 ,,134030,134030,134030673100,1,,,,,,0,723,65000,128,722,11000,128
1100,20160112,11, 1,2,       1801 ,,134031,134031,134031078500,1,,,,,,0,723,61000,128,722,11000,128
1100,20160112,11, 1,2,       1801 ,,134031,134031,134031940100,1,,,,,,0,723,61000,128,722,12000,128
1100,20160112,11, 1,2,       1801 ,,134033,134033,134033544900,1,,,,,,0,723,60000,128,722,12000,128
1100,20160112,11, 1,2,       1801 ,,134033,134033,134033730600,1,,,,,,0,723,61000,128,722,12000,128
1100,20160112,11, 1,2,       1801 ,,134037,134037,134037399500,1,,,,,,0,723,59000,128,722,12000,128
1100,20160112,11, 1,2,       1801 ,,134038,134038,134038422900,1,,,,,,0,723,58000,128,722,12000,128
1100,20160112,11, 1,2,       1801 ,,134038,134038,134038646300,1,,,,,,0,723,58000,128,722,13000,128
1100,20160112,11, 1,2,       1801 ,,134039,134039,134039381000,1,,,,,,0,723,58000,128,722,12000,128
1100,20160112,11, 1,2,       1801 ,,134040,134040,134040010000,1,,,,,,0,723,59000,128,722,12000,128
1100,20160112,11, 1,2,       1801 ,,134041,134041,134041664400,1,,,,,,0,723,58000,128,722,12000,128
1100,20160112,11, 1,2,       1801 ,,134042,134042,134042271600,1,,,,,,0,723,60000,128,722,12000,128
1100,20160112,11, 1,2,       1801 ,,134042,134042,134042273000,1,,,,,,0,723,56000,128,722,12000,128
1100,20160112,11, 1,2,       1801 ,,134042,134042,134042661700,1,,,,,,0,723,57000,128,722,12000,128
1100,20160112,11, 1,2,       1801 ,,134043,134043,134043153600,1,,,,,,0,723,56000,128,722,12000,128
1100,20160112,11, 1,2,       1801 ,,134043,134043,134043292100,1,,,,,,0,723,56000,128,722,13000,128
1100,20160112,11, 1,2,       1801 ,,134044,134044,134044400800,1,,,,,,0,723,56000,128,722,12000,128
1100,20160112,11, 1,2,       1801 ,,134045,134045,134045555700,1,,,,,,0,723,56000,128,722,13000,128
1100,20160112,11, 1,2,       1801 ,,134048,134048,134048322100,1,,,,,,0,723,56000,128,722,12000,128
1100,20160112,11, 1,2,       1801 ,,134051,134051,134051058100,1,,,,,,0,723,56000,128,722,13000,128
1100,20160112,11, 1,2,       1801 ,,134053,134053,134053908200,1,,,,,,0,723,60000,128,722,13000,128
1100,20160112,11, 1,2,       1801 ,,134055,134055,134055017100,1,,,,,,0,723,61000,128,722,13000,128
1100,20160112,11, 1,2,       1801 ,134055,134055,134055,134055252600,1,723,48,0,4000,0,0,723,57000,128,722,13000,128
1100,20160112,11, 1,2,       1801 ,,134055,134055,134055254600,1,,,,,,0,723,57000,128,722,15000,128
1100,20160112,11, 1,2,       1801 ,,134055,134055,134055255500,1,,,,,,0,723,56000,128,722,15000,128
1100,20160112,11, 1,2,       1801 ,,134055,134055,134055850300,1,,,,,,0,723,56000,128,722,13000,128
1100,20160112,11, 1,2,       1801 ,,134055,134055,134055871800,1,,,,,,0,723,57000,128,722,13000,128
1100,20160112,11, 1,2,       1801 ,,134056,134056,134056536600,1,,,,,,0,723,61000,128,722,13000,128
1100,20160112,11, 1,2,       1801 ,,134058,134058,134058000600,1,,,,,,0,723,60000,128,722,13000,128
1100,20160112,11, 1,2,       1801 ,,134102,134102,134102543500,1,,,,,,0,723,61000,128,722,13000,128
1100,20160112,11, 1,2,       1801 ,,134103,134103,134103063000,1,,,,,,0,723,61000,128,722,14000,128
1100,20160112,11, 1,2,       1801 ,,134103,134103,134103865800,1,,,,,,0,723,61000,128,722,16000,128
1100,20160112,11, 1,2,       1801 ,,134103,134103,134103998000,1,,,,,,0,723,61000,128,722,15000,128
1100,20160112,11, 1,2,       1801 ,,134105,134105,134105377100,1,,,,,,0,723,61000,128,722,16000,128
1100,20160112,11, 1,2,       1801 ,,134105,134105,134105378600,1,,,,,,0,723,63000,128,722,16000,128
1100,20160112,11, 1,2,       1801 ,,134106,134106,134106140200,1,,,,,,0,723,63000,128,722,18000,128
1100,20160112,11, 1,2,       1801 ,,134106,134106,134106162800,1,,,,,,0,723,63000,128,722,19000,128
1100,20160112,11, 1,2,       1801 ,,134106,134106,134106166600,1,,,,,,0,723,63000,128,722,24000,128
1100,20160112,11, 1,2,       1801 ,,134106,134106,134106172900,1,,,,,,0,723,63000,128,722,27000,128
1100,20160112,11, 1,2,       1801 ,,134106,134106,134106181800,1,,,,,,0,723,58000,128,722,27000,128
1100,20160112,11, 1,2,       1801 ,,134106,134106,134106183300,1,,,,,,0,723,58000,128,722,30000,128
1100,20160112,11, 1,2,       1801 ,,134106,134106,134106317200,1,,,,,,0,723,54000,128,722,30000,128
1100,20160112,11, 1,2,       1801 ,,134106,134106,134106318500,1,,,,,,0,723,53000,128,722,30000,128
1100,20160112,11, 1,2,       1801 ,,134106,134106,134106537200,1,,,,,,0,723,49000,128,722,30000,128
1100,20160112,11, 1,2,       1801 ,,134106,134106,134106538900,1,,,,,,0,723,49000,128,722,31000,128
1100,20160112,11, 1,2,       1801 ,,134114,134114,134114623800,1,,,,,,0,723,49000,128,722,30000,128
1100,20160112,11, 1,2,       1801 ,,134116,134116,134116910600,1,,,,,,0,723,49000,128,722,28000,128
1100,20160112,11, 1,2,       1801 ,,134116,134116,134116912400,1,,,,,,0,723,54000,128,722,28000,128
1100,20160112,11, 1,2,       1801 ,,134116,134116,134116913100,1,,,,,,0,723,55000,128,722,28000,128
1100,20160112,11, 1,2,       1801 ,,134116,134116,134116933100,1,,,,,,0,723,55000,128,722,27000,128
1100,20160112,11, 1,2,       1801 ,,134121,134121,134121047200,1,,,,,,0,723,55000,128,722,29000,128
1100,20160112,11, 1,2,       1801 ,,134121,134121,134121056900,1,,,,,,0,723,55000,128,722,30000,128
1100,20160112,11, 1,2,       1801 ,,134121,134121,134121476500,1,,,,,,0,723,54000,128,722,30000,128
1100,20160112,11, 1,2,       1801 ,,134121,134121,134121572000,1,,,,,,0,723,55000,128,722,30000,128
1100,20160112,11, 1,2,       1801 ,,134121,134121,134121590900,1,,,,,,0,723,56000,128,722,30000,128
1100,20160112,11, 1,2,       1801 ,,134122,134122,134122519400,1,,,,,,0,723,58000,128,722,30000,128
1100,20160112,11, 1,2,       1801 ,,134127,134127,134127451700,1,,,,,,0,723,57000,128,722,30000,128
1100,20160112,11, 1,2,       1801 ,,134131,134131,134131056600,1,,,,,,0,723,57000,128,722,31000,128
1100,20160112,11, 1,2,       1801 ,,134135,134135,134135393200,1,,,,,,0,723,58000,128,722,31000,128
1100,20160112,11, 1,2,       1801 ,,134135,134135,134135419500,1,,,,,,0,723,58000,128,722,26000,128
1100,20160112,11, 1,2,       1801 ,,134138,134138,134138024400,1,,,,,,0,723,58000,128,722,28000,128
1100,20160112,11, 1,2,       1801 ,,134138,134138,134138025300,1,,,,,,0,723,57000,128,722,28000,128
1100,20160112,11, 1,2,       1801 ,,134139,134139,134139633800,1,,,,,,0,723,58000,128,722,28000,128
1100,20160112,11, 1,2,       1801 ,,134139,134139,134139790200,1,,,,,,0,723,58000,128,722,26000,128
1100,20160112,11, 1,2,       1801 ,,134140,134140,134140619400,1,,,,,,0,723,58000,128,722,28000,128
1100,20160112,11, 1,2,       1801 ,,134140,134140,134140965700,1,,,,,,0,723,57000,128,722,28000,128
1100,20160112,11, 1,2,       1801 ,,134141,134141,134141711000,1,,,,,,0,723,58000,128,722,28000,128
1100,20160112,11, 1,2,       1801 ,,134144,134144,134144519100,1,,,,,,0,723,58000,128,722,26000,128
1100,20160112,11, 1,2,       1801 ,,134147,134147,134147810800,1,,,,,,0,723,57000,128,722,26000,128
1100,20160112,11, 1,2,       1801 ,,134148,134148,134148252000,1,,,,,,0,723,58000,128,722,26000,128
1100,20160112,11, 1,2,       1801 ,,134150,134150,134150573400,1,,,,,,0,723,58000,128,722,23000,128
1100,20160112,11, 1,2,       1801 ,,134150,134150,134150777100,1,,,,,,0,723,58000,128,722,21000,128
1100,20160112,11, 1,2,       1801 ,,134152,134152,134152649500,1,,,,,,0,723,58000,128,722,18000,128
1100,20160112,11, 1,2,       1801 ,,134153,134153,134153580500,1,,,,,,0,723,62000,128,722,18000,128
1100,20160112,11, 1,2,       1801 ,134153,134153,134153,134153581800,1,722,16,0,18000,0,0,723,62000,128,721,93000,128
1100,20160112,11, 1,2,       1801 ,,134153,134153,134153584300,1,,,,,,0,723,64000,128,721,93000,128
1100,20160112,11, 1,2,       1801 ,,134153,134153,134153585000,1,,,,,,0,723,66000,128,721,93000,128
1100,20160112,11, 1,2,       1801 ,,134153,134153,134153585800,1,,,,,,0,723,66000,128,721,92000,128
1100,20160112,11, 1,2,       1801 ,,134153,134153,134153586700,1,,,,,,0,723,67000,128,721,92000,128
1100,20160112,11, 1,2,       1801 ,,134153,134153,134153587400,1,,,,,,0,722,1000,128,721,92000,128
1100,20160112,11, 1,2,       1801 ,,134153,134153,134153588100,1,,,,,,0,722,1000,128,721,90000,128
1100,20160112,11, 1,2,       1801 ,,134153,134153,134153588900,1,,,,,,0,722,1000,128,721,92000,128
1100,20160112,11, 1,2,       1801 ,134153,134153,134153,134153591600,1,722,48,0,1000,0,0,723,67000,128,721,92000,128
1100,20160112,11, 1,2,       1801 ,,134153,134153,134153592400,1,,,,,,0,723,67000,128,721,91000,128
1100,20160112,11, 1,2,       1801 ,,134153,134153,134153593500,1,,,,,,0,722,1000,128,721,91000,128
1100,20160112,11, 1,2,       1801 ,134153,134153,134153,134153594900,1,722,48,0,1000,0,0,723,67000,128,721,91000,128
1100,20160112,11, 1,2,       1801 ,,134153,134153,134153596100,1,,,,,,0,723,67000,128,722,1000,128
1100,20160112,11, 1,2,       1801 ,,134153,134153,134153596900,1,,,,,,0,723,71000,128,722,1000,128
1100,20160112,11, 1,2,       1801 ,134153,134153,134153,134153599000,1,722,16,0,1000,0,0,723,71000,128,721,89000,128
1100,20160112,11, 1,2,       1801 ,,134153,134153,134153600800,1,,,,,,0,723,71000,128,721,89000,128
1100,20160112,11, 1,2,       1801 ,,134153,134153,134153602400,1,,,,,,0,723,71000,128,721,84000,128
1100,20160112,11, 1,2,       1801 ,,134153,134153,134153603200,1,,,,,,0,722,2000,128,721,84000,128
1100,20160112,11, 1,2,       1801 ,,134153,134153,134153604400,1,,,,,,0,722,6000,128,721,84000,128
1100,20160112,11, 1,2,       1801 ,,134153,134153,134153605100,1,,,,,,0,722,6000,128,721,83000,128
1100,20160112,11, 1,2,       1801 ,,134153,134153,134153605900,1,,,,,,0,722,7000,128,721,83000,128
1100,20160112,11, 1,2,       1801 ,,134153,134153,134153608600,1,,,,,,0,722,7000,128,721,81000,128
1100,20160112,11, 1,2,       1801 ,,134153,134153,134153610100,1,,,,,,0,722,7000,128,721,82000,128
1100,20160112,11, 1,2,       1801 ,,134153,134153,134153610700,1,,,,,,0,722,7000,128,721,84000,128
1100,20160112,11, 1,2,       1801 ,,134153,134153,134153611400,1,,,,,,0,722,7000,128,721,85000,128
1100,20160112,11, 1,2,       1801 ,,134153,134153,134153612900,1,,,,,,0,722,7000,128,721,87000,128
1100,20160112,11, 1,2,       1801 ,134153,134153,134153,134153615600,1,722,48,0,2000,0,0,722,5000,128,721,87000,128
1100,20160112,11, 1,2,       1801 ,,134153,134153,134153616600,1,,,,,,0,722,5000,128,721,85000,128
1100,20160112,11, 1,2,       1801 ,,134153,134153,134153617400,1,,,,,,0,722,1000,128,721,85000,128
1100,20160112,11, 1,2,       1801 ,,134153,134153,134153619000,1,,,,,,0,722,3000,128,721,85000,128
1100,20160112,11, 1,2,       1801 ,,134153,134153,134153620300,1,,,,,,0,722,3000,128,721,81000,128
1100,20160112,11, 1,2,       1801 ,,134153,134153,134153621700,1,,,,,,0,722,3000,128,721,80000,128
1100,20160112,11, 1,2,       1801 ,,134153,134153,134153622500,1,,,,,,0,722,1000,128,721,80000,128
1100,20160112,11, 1,2,       1801 ,,134153,134153,134153821000,1,,,,,,0,722,3000,128,721,80000,128
1100,20160112,11, 1,2,       1801 ,,134153,134153,134153822100,1,,,,,,0,722,4000,128,721,80000,128
1100,20160112,11, 1,2,       1801 ,,134154,134154,134154613600,1,,,,,,0,722,5000,128,721,80000,128
1100,20160112,11, 1,2,       1801 ,,134154,134154,134154665900,1,,,,,,0,722,5000,128,721,79000,128
1100,20160112,11, 1,2,       1801 ,,134154,134154,134154678100,1,,,,,,0,722,5000,128,721,78000,128
1100,20160112,11, 1,2,       1801 ,,134154,134154,134154904200,1,,,,,,0,722,5000,128,721,77000,128
1100,20160112,11, 1,2,       1801 ,,134155,134155,134155385500,1,,,,,,0,722,5000,128,721,78000,128
1100,20160112,11, 1,2,       1801 ,,134157,134157,134157041100,1,,,,,,0,722,4000,128,721,78000,128
1100,20160112,11, 1,2,       1801 ,,134202,134202,134202957200,1,,,,,,0,722,5000,128,721,78000,128
1100,20160112,11, 1,2,       1801 ,,134202,134202,134202959200,1,,,,,,0,722,7000,128,721,78000,128
1100,20160112,11, 1,2,       1801 ,,134204,134204,134204531300,1,,,,,,0,722,7000,128,721,79000,128
1100,20160112,11, 1,2,       1801 ,134204,134204,134204,134204535200,1,722,48,0,1000,0,0,722,6000,128,721,79000,128
1100,20160112,11, 1,2,       1801 ,,134204,134204,134204537300,1,,,,,,0,722,4000,128,721,79000,128
1100,20160112,11, 1,2,       1801 ,,134204,134204,134204538500,1,,,,,,0,722,4000,128,721,80000,128
1100,20160112,11, 1,2,       1801 ,,134204,134204,134204781800,1,,,,,,0,722,4000,128,721,83000,128
1100,20160112,11, 1,2,       1801 ,,134206,134206,134206533500,1,,,,,,0,722,4000,128,721,84000,128
1100,20160112,11, 1,2,       1801 ,,134206,134206,134206891100,1,,,,,,0,722,4000,128,721,83000,128
1100,20160112,11, 1,2,       1801 ,,134207,134207,134207728300,1,,,,,,0,722,4000,128,721,81000,128
1100,20160112,11, 1,2,       1801 ,134207,134207,134207,134207730700,1,722,48,0,1000,0,0,722,3000,128,721,81000,128
1100,20160112,11, 1,2,       1801 ,,134207,134207,134207732500,1,,,,,,0,722,3000,128,721,86000,128
1100,20160112,11, 1,2,       1801 ,134207,134207,134207,134207733800,1,722,48,0,1000,0,0,722,2000,128,721,86000,128
1100,20160112,11, 1,2,       1801 ,134207,134207,134207,134207735300,1,722,48,0,2000,0,0,723,71000,128,721,86000,128
1100,20160112,11, 1,2,       1801 ,,134207,134207,134207739200,1,,,,,,0,723,71000,128,722,2000,128
1100,20160112,11, 1,2,       1801 ,,134207,134207,134207740500,1,,,,,,0,723,71000,128,722,3000,128
1100,20160112,11, 1,2,       1801 ,,134207,134207,134207742500,1,,,,,,0,723,73000,128,722,3000,128
1100,20160112,11, 1,2,       1801 ,,134207,134207,134207743800,1,,,,,,0,723,72000,128,722,3000,128
1100,20160112,11, 1,2,       1801 ,,134207,134207,134207746000,1,,,,,,0,723,70000,128,722,3000,128
1100,20160112,11, 1,2,       1801 ,,134207,134207,134207747400,1,,,,,,0,723,70000,128,722,4000,128
1100,20160112,11, 1,2,       1801 ,,134207,134207,134207748000,1,,,,,,0,723,70000,128,722,6000,128
1100,20160112,11, 1,2,       1801 ,,134207,134207,134207760600,1,,,,,,0,723,66000,128,722,6000,128
1100,20160112,11, 1,2,       1801 ,,134207,134207,134207902800,1,,,,,,0,723,66000,128,722,7000,128
1100,20160112,11, 1,2,       1801 ,,134208,134208,134208519800,1,,,,,,0,723,66000,128,722,8000,128
1100,20160112,11, 1,2,       1801 ,,134209,134209,134209794500,1,,,,,,0,723,66000,128,722,10000,128
1100,20160112,11, 1,2,       1801 ,,134210,134210,134210266900,1,,,,,,0,723,66000,128,722,9000,128
1100,20160112,11, 1,2,       1801 ,,134210,134210,134210976700,1,,,,,,0,723,62000,128,722,9000,128
1100,20160112,11, 1,2,       1801 ,,134211,134211,134211057700,1,,,,,,0,723,65000,128,722,9000,128
1100,20160112,11, 1,2,       1801 ,,134212,134212,134212890200,1,,,,,,0,723,63000,128,722,9000,128
1100,20160112,11, 1,2,       1801 ,,134217,134217,134217032200,1,,,,,,0,723,60000,128,722,9000,128
1100,20160112,11, 1,2,       1801 ,,134219,134219,134219429800,1,,,,,,0,723,64000,128,722,9000,128
1100,20160112,11, 1,2,       1801 ,,134226,134226,134226535600,1,,,,,,0,723,68000,128,722,9000,128
1100,20160112,11, 1,2,       1801 ,,134231,134231,134231658400,1,,,,,,0,723,68000,128,722,11000,128
1100,20160112,11, 1,2,       1801 ,,134237,134237,134237439400,1,,,,,,0,723,68000,128,722,13000,128
1100,20160112,11, 1,2,       1801 ,,134238,134238,134238639800,1,,,,,,0,723,68000,128,722,11000,128
1100,20160112,11, 1,2,       1801 ,,134253,134253,134253580500,1,,,,,,0,723,68000,128,722,9000,128
1100,20160112,11, 1,2,       1801 ,,134258,134258,134258903800,1,,,,,,0,723,67000,128,722,9000,128
1100,20160112,11, 1,2,       1801 ,,134258,134258,134258942200,1,,,,,,0,723,68000,128,722,9000,128
1100,20160112,11, 1,2,       1801 ,,134258,134258,134258945900,1,,,,,,0,723,68000,128,722,10000,128
1100,20160112,11, 1,2,       1801 ,,134259,134259,134259010100,1,,,,,,0,723,68000,128,722,12000,128
1100,20160112,11, 1,2,       1801 ,,134259,134259,134259012100,1,,,,,,0,723,68000,128,722,15000,128
1100,20160112,11, 1,2,       1801 ,,134259,134259,134259019600,1,,,,,,0,723,63000,128,722,15000,128
1100,20160112,11, 1,2,       1801 ,,134259,134259,134259038100,1,,,,,,0,723,63000,128,722,16000,128
1100,20160112,11, 1,2,       1801 ,,134259,134259,134259039900,1,,,,,,0,723,63000,128,722,21000,128
1100,20160112,11, 1,2,       1801 ,,134259,134259,134259041800,1,,,,,,0,723,63000,128,722,24000,128
1100,20160112,11, 1,2,       1801 ,,134259,134259,134259043100,1,,,,,,0,723,59000,128,722,24000,128
1100,20160112,11, 1,2,       1801 ,,134259,134259,134259540300,1,,,,,,0,723,55000,128,722,24000,128
1100,20160112,11, 1,2,       1801 ,,134259,134259,134259849400,1,,,,,,0,723,51000,128,722,24000,128
1100,20160112,11, 1,2,       1801 ,,134259,134259,134259964300,1,,,,,,0,723,51000,128,722,26000,128
1100,20160112,11, 1,2,       1801 ,,134259,134259,134259965600,1,,,,,,0,723,48000,128,722,26000,128
1100,20160112,11, 1,2,       1801 ,,134307,134307,134307764800,1,,,,,,0,723,48000,128,722,27000,128
1100,20160112,11, 1,2,       1801 ,,134307,134307,134307767700,1,,,,,,0,723,48000,128,722,32000,128
1100,20160112,11, 1,2,       1801 ,,134309,134309,134309256000,1,,,,,,0,723,48000,128,722,31000,128
1100,20160112,11, 1,2,       1801 ,,134311,134311,134311050500,1,,,,,,0,723,48000,128,722,34000,128
1100,20160112,11, 1,2,       1801 ,,134311,134311,134311051900,1,,,,,,0,723,47000,128,722,34000,128
1100,20160112,11, 1,2,       1801 ,,134311,134311,134311053600,1,,,,,,0,723,45000,128,722,34000,128
1100,20160112,11, 1,2,       1801 ,,134312,134312,134312591600,1,,,,,,0,723,45000,128,722,35000,128
1100,20160112,11, 1,2,       1801 ,,134312,134312,134312661000,1,,,,,,0,723,45000,128,722,46000,128
1100,20160112,11, 1,2,       1801 ,,134313,134313,134313264600,1,,,,,,0,723,45000,128,722,47000,128
1100,20160112,11, 1,2,       1801 ,,134317,134317,134317406300,1,,,,,,0,723,43000,128,722,47000,128
1100,20160112,11, 1,2,       1801 ,,134317,134317,134317408100,1,,,,,,0,723,42000,128,722,47000,128
1100,20160112,11, 1,2,       1801 ,,134317,134317,134317421300,1,,,,,,0,723,38000,128,722,47000,128
1100,20160112,11, 1,2,       1801 ,,134317,134317,134317460900,1,,,,,,0,723,33000,128,722,47000,128
1100,20160112,11, 1,2,       1801 ,,134317,134317,134317478600,1,,,,,,0,723,24000,128,722,47000,128
1100,20160112,11, 1,2,       1801 ,134317,134317,134317,134317479900,1,723,48,0,11000,0,0,723,13000,128,722,47000,128
1100,20160112,11, 1,2,       1801 ,,134317,134317,134317482300,1,,,,,,0,723,13000,128,722,51000,128
1100,20160112,11, 1,2,       1801 ,,134317,134317,134317483400,1,,,,,,0,723,11000,128,722,51000,128
1100,20160112,11, 1,2,       1801 ,134317,134317,134317,134317484600,1,723,48,0,11000,0,0,724,82000,128,722,51000,128
1100,20160112,11, 1,2,       1801 ,,134317,134317,134317489800,1,,,,,,0,724,82000,128,723,2000,128
1100,20160112,11, 1,2,       1801 ,,134317,134317,134317490700,1,,,,,,0,724,81000,128,723,2000,128
1100,20160112,11, 1,2,       1801 ,,134317,134317,134317494000,1,,,,,,0,724,81000,128,723,4000,128
1100,20160112,11, 1,2,       1801 ,,134317,134317,134317503300,1,,,,,,0,724,81000,128,723,5000,128
1100,20160112,11, 1,2,       1801 ,,134317,134317,134317503900,1,,,,,,0,724,81000,128,723,6000,128
1100,20160112,11, 1,2,       1801 ,,134317,134317,134317505200,1,,,,,,0,724,78000,128,723,6000,128
1100,20160112,11, 1,2,       1801 ,,134317,134317,134317506000,1,,,,,,0,724,78000,128,723,8000,128
1100,20160112,11, 1,2,       1801 ,,134317,134317,134317507200,1,,,,,,0,724,74000,128,723,8000,128
1100,20160112,11, 1,2,       1801 ,,134317,134317,134317507900,1,,,,,,0,724,74000,128,723,9000,128
1100,20160112,11, 1,2,       1801 ,,134317,134317,134317508500,1,,,,,,0,724,74000,128,723,13000,128
1100,20160112,11, 1,2,       1801 ,,134317,134317,134317511100,1,,,,,,0,724,76000,128,723,13000,128
1100,20160112,11, 1,2,       1801 ,,134317,134317,134317512800,1,,,,,,0,724,76000,128,723,14000,128
1100,20160112,11, 1,2,       1801 ,,134317,134317,134317514300,1,,,,,,0,724,76000,128,723,16000,128
1100,20160112,11, 1,2,       1801 ,,134317,134317,134317515000,1,,,,,,0,724,71000,128,723,16000,128
1100,20160112,11, 1,2,       1801 ,,134317,134317,134317516400,1,,,,,,0,724,69000,128,723,16000,128
1100,20160112,11, 1,2,       1801 ,,134317,134317,134317518500,1,,,,,,0,724,68000,128,723,16000,128
1100,20160112,11, 1,2,       1801 ,,134317,134317,134317519200,1,,,,,,0,724,68000,128,723,17000,128
1100,20160112,11, 1,2,       1801 ,,134317,134317,134317519900,1,,,,,,0,724,67000,128,723,17000,128
1100,20160112,11, 1,2,       1801 ,,134317,134317,134317525700,1,,,,,,0,724,67000,128,723,20000,128
1100,20160112,11, 1,2,       1801 ,,134317,134317,134317797500,1,,,,,,0,724,67000,128,723,21000,128
1100,20160112,11, 1,2,       1801 ,,134317,134317,134317799300,1,,,,,,0,724,67000,128,723,24000,128
1100,20160112,11, 1,2,       1801 ,,134317,134317,134317835100,1,,,,,,0,724,63000,128,723,24000,128
1100,20160112,11, 1,2,       1801 ,,134317,134317,134317837100,1,,,,,,0,724,62000,128,723,24000,128
1100,20160112,11, 1,2,       1801 ,,134318,134318,134318024900,1,,,,,,0,724,62000,128,723,26000,128
1100,20160112,11, 1,2,       1801 ,,134318,134318,134318082200,1,,,,,,0,724,63000,128,723,26000,128
1100,20160112,11, 1,2,       1801 ,,134318,134318,134318122400,1,,,,,,0,724,63000,128,723,25000,128
1100,20160112,11, 1,2,       1801 ,,134318,134318,134318133000,1,,,,,,0,724,63000,128,723,26000,128
1100,20160112,11, 1,2,       1801 ,,134319,134319,134319371900,1,,,,,,0,724,63000,128,723,25000,128
1100,20160112,11, 1,2,       1801 ,134319,134319,134319,134319373600,1,723,16,0,1000,0,0,724,63000,128,723,24000,128
1100,20160112,11, 1,2,       1801 ,,134319,134319,134319376800,1,,,,,,0,724,63000,128,723,24000,128
1100,20160112,11, 1,2,       1801 ,,134319,134319,134319676400,1,,,,,,0,724,63000,128,723,25000,128
1100,20160112,11, 1,2,       1801 ,,134320,134320,134320548000,1,,,,,,0,724,63000,128,723,26000,128
1100,20160112,11, 1,2,       1801 ,,134320,134320,134320818700,1,,,,,,0,724,59000,128,723,26000,128
1100,20160112,11, 1,2,       1801 ,,134325,134325,134325549200,1,,,,,,0,724,59000,128,723,25000,128
1100,20160112,11, 1,2,       1801 ,134325,134325,134325,134325869100,1,723,16,0,1000,0,0,724,59000,128,723,24000,128
1100,20160112,11, 1,2,       1801 ,,134327,134327,134327932100,1,,,,,,0,724,59000,128,723,23000,128
1100,20160112,11, 1,2,       1801 ,,134330,134330,134330063100,1,,,,,,0,724,59000,128,723,24000,128
1100,20160112,11, 1,2,       1801 ,,134331,134331,134331057400,1,,,,,,0,724,59000,128,723,25000,128
1100,20160112,11, 1,2,       1801 ,,134331,134331,134331177300,1,,,,,,0,724,59000,128,723,24000,128
1100,20160112,11, 1,2,       1801 ,,134331,134331,134331848300,1,,,,,,0,724,59000,128,723,25000,128
1100,20160112,11, 1,2,       1801 ,,134332,134332,134332260600,1,,,,,,0,724,59000,128,723,24000,128
1100,20160112,11, 1,2,       1801 ,,134333,134333,134333814900,1,,,,,,0,724,59000,128,723,23000,128
1100,20160112,11, 1,2,       1801 ,,134333,134333,134333816300,1,,,,,,0,724,59000,128,723,19000,128
1100,20160112,11, 1,2,       1801 ,,134338,134338,134338652300,1,,,,,,0,724,59000,128,723,20000,128
1100,20160112,11, 1,2,       1801 ,,134340,134340,134340370400,1,,,,,,0,724,59000,128,723,19000,128
1100,20160112,11, 1,2,       1801 ,,134341,134341,134341800800,1,,,,,,0,724,59000,128,723,20000,128
1100,20160112,11, 1,2,       1801 ,,134342,134342,134342041200,1,,,,,,0,724,59000,128,723,19000,128
1100,20160112,11, 1,2,       1801 ,,134342,134342,134342971200,1,,,,,,0,724,59000,128,723,20000,128
1100,20160112,11, 1,2,       1801 ,,134344,134344,134344593600,1,,,,,,0,724,59000,128,723,19000,128
1100,20160112,11, 1,2,       1801 ,,134345,134345,134345788300,1,,,,,,0,724,59000,128,723,20000,128
1100,20160112,11, 1,2,       1801 ,,134346,134346,134346221400,1,,,,,,0,724,59000,128,723,19000,128
1100,20160112,11, 1,2,       1801 ,,134346,134346,134346356600,1,,,,,,0,724,60000,128,723,19000,128
1100,20160112,11, 1,2,       1801 ,,134348,134348,134348619900,1,,,,,,0,724,64000,128,723,19000,128
1100,20160112,11, 1,2,       1801 ,,134349,134349,134349971000,1,,,,,,0,724,63000,128,723,19000,128
1100,20160112,11, 1,2,       1801 ,,134350,134350,134350647000,1,,,,,,0,724,63000,128,723,20000,128
1100,20160112,11, 1,2,       1801 ,,134351,134351,134351052700,1,,,,,,0,724,63000,128,723,21000,128
1100,20160112,11, 1,2,       1801 ,,134352,134352,134352131100,1,,,,,,0,724,63000,128,723,20000,128
1100,20160112,11, 1,2,       1801 ,,134352,134352,134352153500,1,,,,,,0,724,64000,128,723,20000,128
1100,20160112,11, 1,2,       1801 ,134353,134353,134353,134353422400,1,723,16,0,1000,0,0,724,64000,128,723,19000,128
1100,20160112,11, 1,2,       1801 ,,134354,134354,134354686300,1,,,,,,0,724,63000,128,723,19000,128
1100,20160112,11, 1,2,       1801 ,,134354,134354,134354871200,1,,,,,,0,724,63000,128,723,20000,128
1100,20160112,11, 1,2,       1801 ,,134356,134356,134356911300,1,,,,,,0,724,63000,128,723,19000,128
1100,20160112,11, 1,2,       1801 ,,134358,134358,134358111400,1,,,,,,0,724,63000,128,723,20000,128
1100,20160112,11, 1,2,       1801 ,,134358,134358,134358162200,1,,,,,,0,724,63000,128,723,19000,128
1100,20160112,11, 1,2,       1801 ,134358,134358,134358,134358236200,1,724,48,0,1000,0,0,724,62000,128,723,18000,128
1100,20160112,11, 1,2,       1801 ,,134358,134358,134358237800,1,,,,,,0,724,62000,128,723,18000,128
1100,20160112,11, 1,2,       1801 ,,134358,134358,134358680900,1,,,,,,0,724,63000,128,723,18000,128
1100,20160112,11, 1,2,       1801 ,,134359,134359,134359672900,1,,,,,,0,724,62000,128,723,18000,128
1100,20160112,11, 1,2,       1801 ,,134401,134401,134401053000,1,,,,,,0,724,62000,128,723,19000,128
1100,20160112,11, 1,2,       1801 ,,134401,134401,134401181700,1,,,,,,0,724,62000,128,723,20000,128
1100,20160112,11, 1,2,       1801 ,,134401,134401,134401184200,1,,,,,,0,724,62000,128,723,25000,128
1100,20160112,11, 1,2,       1801 ,,134401,134401,134401366200,1,,,,,,0,724,62000,128,723,35000,128
1100,20160112,11, 1,2,       1801 ,,134401,134401,134401904100,1,,,,,,0,724,63000,128,723,35000,128
1100,20160112,11, 1,2,       1801 ,,134403,134403,134403590300,1,,,,,,0,724,63000,128,723,37000,128
1100,20160112,11, 1,2,       1801 ,,134403,134403,134403591500,1,,,,,,0,724,61000,128,723,37000,128
1100,20160112,11, 1,2,       1801 ,,134403,134403,134403613300,1,,,,,,0,724,56000,128,723,37000,128
1100,20160112,11, 1,2,       1801 ,134403,134403,134403,134403633100,1,724,48,0,2000,0,0,724,54000,128,723,37000,128
1100,20160112,11, 1,2,       1801 ,,134403,134403,134403636800,1,,,,,,0,724,53000,128,723,37000,128
1100,20160112,11, 1,2,       1801 ,,134403,134403,134403638000,1,,,,,,0,724,48000,128,723,37000,128
1100,20160112,11, 1,2,       1801 ,,134403,134403,134403640700,1,,,,,,0,724,46000,128,723,37000,128
1100,20160112,11, 1,2,       1801 ,,134403,134403,134403644800,1,,,,,,0,724,46000,128,723,41000,128
1100,20160112,11, 1,2,       1801 ,,134403,134403,134403647400,1,,,,,,0,724,44000,128,723,41000,128
1100,20160112,11, 1,2,       1801 ,,134403,134403,134403648400,1,,,,,,0,724,49000,128,723,41000,128
1100,20160112,11, 1,2,       1801 ,,134403,134403,134403673500,1,,,,,,0,724,44000,128,723,41000,128
1100,20160112,11, 1,2,       1801 ,,134403,134403,134403698400,1,,,,,,0,724,34000,128,723,41000,128
1100,20160112,11, 1,2,       1801 ,,134404,134404,134404101300,1,,,,,,0,724,30000,128,723,41000,128
1100,20160112,11, 1,2,       1801 ,,134404,134404,134404772000,1,,,,,,0,724,30000,128,723,42000,128
1100,20160112,11, 1,2,       1801 ,,134404,134404,134404879500,1,,,,,,0,724,27000,128,723,42000,128
1100,20160112,11, 1,2,       1801 ,134404,134404,134404,134404880700,1,724,48,0,1000,0,0,724,26000,128,723,42000,128
1100,20160112,11, 1,2,       1801 ,,134404,134404,134404881600,1,,,,,,0,724,26000,128,723,47000,128
1100,20160112,11, 1,2,       1801 ,,134404,134404,134404911000,1,,,,,,0,724,25000,128,723,47000,128
1100,20160112,11, 1,2,       1801 ,,134406,134406,134406088300,1,,,,,,0,724,25000,128,723,48000,128
1100,20160112,11, 1,2,       1801 ,,134408,134408,134408105000,1,,,,,,0,724,30000,128,723,48000,128
1100,20160112,11, 1,2,       1801 ,,134408,134408,134408106600,1,,,,,,0,724,24000,128,723,48000,128
1100,20160112,11, 1,2,       1801 ,,134408,134408,134408754700,1,,,,,,0,724,24000,128,723,49000,128
1100,20160112,11, 1,2,       1801 ,,134411,134411,134411154600,1,,,,,,0,724,24000,128,723,47000,128
1100,20160112,11, 1,2,       1801 ,,134411,134411,134411156600,1,,,,,,0,724,22000,128,723,47000,128
1100,20160112,11, 1,2,       1801 ,134411,134411,134411,134411157800,1,724,48,0,1000,0,0,724,21000,128,723,47000,128
1100,20160112,11, 1,2,       1801 ,134411,134411,134411,134411159300,1,724,48,0,17000,0,0,724,4000,128,723,47000,128
1100,20160112,11, 1,2,       1801 ,,134411,134411,134411161600,1,,,,,,0,724,4000,128,723,49000,128
1100,20160112,11, 1,2,       1801 ,134411,134411,134411,134411163800,1,724,48,0,3000,0,0,724,1000,128,723,49000,128
1100,20160112,11, 1,2,       1801 ,,134411,134411,134411164700,1,,,,,,0,724,1000,128,723,50000,128
1100,20160112,11, 1,2,       1801 ,134411,134411,134411,134411165600,1,724,48,0,1000,0,0,725,95000,128,723,50000,128
1100,20160112,11, 1,2,       1801 ,,134411,134411,134411166700,1,,,,,,0,725,95000,128,724,2000,128
1100,20160112,11, 1,2,       1801 ,,134411,134411,134411168500,1,,,,,,0,725,95000,128,724,3000,128
1100,20160112,11, 1,2,       1801 ,,134411,134411,134411169200,1,,,,,,0,725,95000,128,724,7000,128
1100,20160112,11, 1,2,       1801 ,,134411,134411,134411169900,1,,,,,,0,725,95000,128,724,8000,128
1100,20160112,11, 1,2,       1801 ,,134411,134411,134411173100,1,,,,,,0,725,92000,128,724,8000,128
1100,20160112,11, 1,2,       1801 ,,134411,134411,134411175200,1,,,,,,0,725,92000,128,724,9000,128
1100,20160112,11, 1,2,       1801 ,,134411,134411,134411181100,1,,,,,,0,725,93000,128,724,9000,128
1100,20160112,11, 1,2,       1801 ,,134411,134411,134411183800,1,,,,,,0,725,89000,128,724,9000,128
1100,20160112,11, 1,2,       1801 ,,134411,134411,134411184500,1,,,,,,0,725,83000,128,724,9000,128
1100,20160112,11, 1,2,       1801 ,,134411,134411,134411186700,1,,,,,,0,725,85000,128,724,9000,128
1100,20160112,11, 1,2,       1801 ,,134411,134411,134411187400,1,,,,,,0,725,84000,128,724,9000,128
1100,20160112,11, 1,2,       1801 ,,134411,134411,134411189700,1,,,,,,0,725,84000,128,724,10000,128
1100,20160112,11, 1,2,       1801 ,,134411,134411,134411192200,1,,,,,,0,725,84000,128,724,12000,128
1100,20160112,11, 1,2,       1801 ,,134411,134411,134411194000,1,,,,,,0,725,82000,128,724,12000,128
1100,20160112,11, 1,2,       1801 ,,134411,134411,134411194900,1,,,,,,0,725,77000,128,724,12000,128
1100,20160112,11, 1,2,       1801 ,,134411,134411,134411195800,1,,,,,,0,725,77000,128,724,13000,128
1100,20160112,11, 1,2,       1801 ,,134411,134411,134411199900,1,,,,,,0,725,77000,128,724,11000,128
1100,20160112,11, 1,2,       1801 ,,134411,134411,134411200900,1,,,,,,0,725,75000,128,724,11000,128
1100,20160112,11, 1,2,       1801 ,,134411,134411,134411204300,1,,,,,,0,725,71000,128,724,11000,128
1100,20160112,11, 1,2,       1801 ,,134411,134411,134411229500,1,,,,,,0,725,71000,128,724,13000,128
1100,20160112,11, 1,2,       1801 ,,134411,134411,134411274100,1,,,,,,0,725,71000,128,724,14000,128
1100,20160112,11, 1,2,       1801 ,,134411,134411,134411336300,1,,,,,,0,725,71000,128,724,15000,128
1100,20160112,11, 1,2,       1801 ,,134413,134413,134413181300,1,,,,,,0,725,70000,128,724,15000,128
1100,20160112,11, 1,2,       1801 ,,134413,134413,134413194800,1,,,,,,0,725,65000,128,724,15000,128
1100,20160112,11, 1,2,       1801 ,,134413,134413,134413212200,1,,,,,,0,725,65000,128,724,16000,128
1100,20160112,11, 1,2,       1801 ,,134413,134413,134413502100,1,,,,,,0,725,65000,128,724,15000,128
1100,20160112,11, 1,2,       1801 ,,134413,134413,134413542600,1,,,,,,0,725,66000,128,724,15000,128
1100,20160112,11, 1,2,       1801 ,,134414,134414,134414503700,1,,,,,,0,725,66000,128,724,16000,128
1100,20160112,11, 1,2,       1801 ,,134415,134415,134415268400,1,,,,,,0,725,66000,128,724,15000,128
1100,20160112,11, 1,2,       1801 ,,134421,134421,134421050400,1,,,,,,0,725,66000,128,724,16000,128
1100,20160112,11, 1,2,       1801 ,,134421,134421,134421051800,1,,,,,,0,725,66000,128,724,19000,128
1100,20160112,11, 1,2,       1801 ,,134424,134424,134424142400,1,,,,,,0,725,68000,128,724,19000,128
1100,20160112,11, 1,2,       1801 ,,134426,134426,134426554300,1,,,,,,0,725,66000,128,724,19000,128
1100,20160112,11, 1,2,       1801 ,,134426,134426,134426698400,1,,,,,,0,725,65000,128,724,19000,128
1100,20160112,11, 1,2,       1801 ,,134428,134428,134428714000,1,,,,,,0,725,66000,128,724,19000,128
1100,20160112,11, 1,2,       1801 ,,134430,134430,134430385700,1,,,,,,0,725,70000,128,724,19000,128
1100,20160112,11, 1,2,       1801 ,,134431,134431,134431056600,1,,,,,,0,725,70000,128,724,20000,128
1100,20160112,11, 1,2,       1801 ,,134431,134431,134431632500,1,,,,,,0,725,69000,128,724,20000,128
1100,20160112,11, 1,2,       1801 ,,134431,134431,134431692900,1,,,,,,0,725,69000,128,724,21000,128
1100,20160112,11, 1,2,       1801 ,,134431,134431,134431695900,1,,,,,,0,725,69000,128,724,26000,128
1100,20160112,11, 1,2,       1801 ,,134431,134431,134431697600,1,,,,,,0,725,65000,128,724,26000,128
1100,20160112,11, 1,2,       1801 ,,134432,134432,134432391700,1,,,,,,0,725,65000,128,724,25000,128
1100,20160112,11, 1,2,       1801 ,,134432,134432,134432482000,1,,,,,,0,725,65000,128,724,26000,128
1100,20160112,11, 1,2,       1801 ,,134432,134432,134432491100,1,,,,,,0,725,65000,128,724,29000,128
1100,20160112,11, 1,2,       1801 ,,134432,134432,134432504500,1,,,,,,0,725,63000,128,724,29000,128
1100,20160112,11, 1,2,       1801 ,,134433,134433,134433112500,1,,,,,,0,725,63000,128,724,28000,128
1100,20160112,11, 1,2,       1801 ,,134433,134433,134433113900,1,,,,,,0,725,64000,128,724,28000,128
1100,20160112,11, 1,2,       1801 ,,134439,134439,134439770200,1,,,,,,0,725,63000,128,724,28000,128
1100,20160112,11, 1,2,       1801 ,,134439,134439,134439813800,1,,,,,,0,725,63000,128,724,29000,128
1100,20160112,11, 1,2,       1801 ,,134441,134441,134441473300,1,,,,,,0,725,63000,128,724,30000,128
1100,20160112,11, 1,2,       1801 ,,134442,134442,134442536700,1,,,,,,0,725,59000,128,724,30000,128
1100,20160112,11, 1,2,       1801 ,,134443,134443,134443862300,1,,,,,,0,725,59000,128,724,29000,128
1100,20160112,11, 1,2,       1801 ,,134444,134444,134444234600,1,,,,,,0,725,60000,128,724,29000,128
1100,20160112,11, 1,2,       1801 ,,134445,134445,134445010900,1,,,,,,0,725,59000,128,724,29000,128
1100,20160112,11, 1,2,       1801 ,,134446,134446,134446451100,1,,,,,,0,725,60000,128,724,29000,128
1100,20160112,11, 1,2,       1801 ,,134452,134452,134452575800,1,,,,,,0,725,62000,128,724,29000,128
1100,20160112,11, 1,2,       1801 ,,134500,134500,134500710800,1,,,,,,0,725,66000,128,724,29000,128
1100,20160112,11, 1,2,       1801 ,,134501,134501,134501055200,1,,,,,,0,725,66000,128,724,30000,128
1100,20160112,11, 1,2,       1801 ,,134501,134501,134501956300,1,,,,,,0,725,71000,128,724,30000,128
1100,20160112,11, 1,2,       1801 ,,134504,134504,134504253200,1,,,,,,0,725,71000,128,724,31000,128
1100,20160112,11, 1,2,       1801 ,,134504,134504,134504431100,1,,,,,,0,725,71000,128,724,34000,128
1100,20160112,11, 1,2,       1801 ,,134509,134509,134509531500,1,,,,,,0,725,72000,128,724,34000,128
1100,20160112,11, 1,2,       1801 ,,134510,134510,134510362300,1,,,,,,0,725,71000,128,724,34000,128
1100,20160112,11, 1,2,       1801 ,,134513,134513,134513292200,1,,,,,,0,725,71000,128,724,35000,128
1100,20160112,11, 1,2,       1801 ,,134513,134513,134513294300,1,,,,,,0,725,67000,128,724,35000,128
1100,20160112,11, 1,2,       1801 ,,134513,134513,134513302400,1,,,,,,0,725,71000,128,724,35000,128
1100,20160112,11, 1,2,       1801 ,,134513,134513,134513976700,1,,,,,,0,725,71000,128,724,46000,128
1100,20160112,11, 1,2,       1801 ,,134514,134514,134514538000,1,,,,,,0,725,67000,128,724,46000,128
1100,20160112,11, 1,2,       1801 ,134517,134517,134517,134517760600,1,724,16,0,5000,0,0,725,62000,128,724,41000,128
1100,20160112,11, 1,2,       1801 ,,134517,134517,134517821300,1,,,,,,0,725,62000,128,724,40000,128
1100,20160112,11, 1,2,       1801 ,,134520,134520,134520441700,1,,,,,,0,725,63000,128,724,40000,128
1100,20160112,11, 1,2,       1801 ,,134520,134520,134520452400,1,,,,,,0,725,63000,128,724,38000,128
1100,20160112,11, 1,2,       1801 ,,134521,134521,134521099200,1,,,,,,0,725,63000,128,724,37000,128
1100,20160112,11, 1,2,       1801 ,,134521,134521,134521100700,1,,,,,,0,725,68000,128,724,37000,128
1100,20160112,11, 1,2,       1801 ,,134521,134521,134521101900,1,,,,,,0,725,68000,128,724,34000,128
1100,20160112,11, 1,2,       1801 ,,134523,134523,134523409700,1,,,,,,0,725,68000,128,724,23000,128
1100,20160112,11, 1,2,       1801 ,,134523,134523,134523412900,1,,,,,,0,725,70000,128,724,23000,128
1100,20160112,11, 1,2,       1801 ,,134524,134524,134524196600,1,,,,,,0,725,70000,128,724,24000,128
1100,20160112,11, 1,2,       1801 ,,134531,134531,134531060300,1,,,,,,0,725,70000,128,724,25000,128
1100,20160112,11, 1,2,       1801 ,,134532,134532,134532081300,1,,,,,,0,725,68000,128,724,25000,128
1100,20160112,11, 1,2,       1801 ,,134532,134532,134532897000,1,,,,,,0,725,69000,128,724,25000,128
1100,20160112,11, 1,2,       1801 ,,134533,134533,134533311100,1,,,,,,0,725,73000,128,724,25000,128
1100,20160112,11, 1,2,       1801 ,,134537,134537,134537526500,1,,,,,,0,725,73000,128,724,23000,128
1100,20160112,11, 1,2,       1801 ,,134545,134545,134545588100,1,,,,,,0,725,76000,128,724,23000,128
1100,20160112,11, 1,2,       1801 ,,134547,134547,134547687800,1,,,,,,0,725,76000,128,724,25000,128
1100,20160112,11, 1,2,       1801 ,,134550,134550,134550165600,1,,,,,,0,725,76000,128,724,26000,128
1100,20160112,11, 1,2,       1801 ,,134556,134556,134556190900,1,,,,,,0,725,78000,128,724,26000,128
1100,20160112,11, 1,2,       1801 ,134556,134556,134556,134556192800,1,724,16,0,10000,0,0,725,78000,128,724,16000,128
1100,20160112,11, 1,2,       1801 ,,134556,134556,134556195600,1,,,,,,0,725,79000,128,724,16000,128
1100,20160112,11, 1,2,       1801 ,134556,134556,134556,134556197100,1,724,16,0,3000,0,0,725,79000,128,724,13000,128
1100,20160112,11, 1,2,       1801 ,134556,134556,134556,134556198200,1,724,16,0,10000,0,0,725,79000,128,724,3000,128
1100,20160112,11, 1,2,       1801 ,134556,134556,134556,134556200200,1,724,16,0,2000,0,0,725,79000,128,724,1000,128
1100,20160112,11, 1,2,       1801 ,134556,134556,134556,134556202900,1,724,16,0,1000,0,0,725,79000,128,723,70000,128
1100,20160112,11, 1,2,       1801 ,,134556,134556,134556224300,1,,,,,,0,725,79000,128,723,69000,128
1100,20160112,11, 1,2,       1801 ,,134556,134556,134556226000,1,,,,,,0,724,3000,128,723,69000,128
1100,20160112,11, 1,2,       1801 ,,134556,134556,134556231800,1,,,,,,0,724,3000,128,723,67000,128
1100,20160112,11, 1,2,       1801 ,,134556,134556,134556237600,1,,,,,,0,724,3000,128,723,65000,128
1100,20160112,11, 1,2,       1801 ,,134556,134556,134556239700,1,,,,,,0,724,5000,128,723,65000,128
1100,20160112,11, 1,2,       1801 ,,134556,134556,134556240600,1,,,,,,0,724,8000,128,723,65000,128
1100,20160112,11, 1,2,       1801 ,,134556,134556,134556241500,1,,,,,,0,724,8000,128,723,63000,128
1100,20160112,11, 1,2,       1801 ,,134556,134556,134556243400,1,,,,,,0,724,10000,128,723,63000,128
1100,20160112,11, 1,2,       1801 ,,134556,134556,134556245000,1,,,,,,0,724,10000,128,723,60000,128
1100,20160112,11, 1,2,       1801 ,,134556,134556,134556245800,1,,,,,,0,724,11000,128,723,60000,128
1100,20160112,11, 1,2,       1801 ,,134556,134556,134556257900,1,,,,,,0,724,11000,128,723,62000,128
1100,20160112,11, 1,2,       1801 ,,134556,134556,134556266200,1,,,,,,0,724,12000,128,723,62000,128
1100,20160112,11, 1,2,       1801 ,,134556,134556,134556266800,1,,,,,,0,724,12000,128,723,56000,128
1100,20160112,11, 1,2,       1801 ,,134556,134556,134556286100,1,,,,,,0,724,12000,128,723,52000,128
1100,20160112,11, 1,2,       1801 ,,134556,134556,134556287000,1,,,,,,0,724,14000,128,723,52000,128
1100,20160112,11, 1,2,       1801 ,,134556,134556,134556289900,1,,,,,,0,724,14000,128,723,51000,128
1100,20160112,11, 1,2,       1801 ,,134556,134556,134556290800,1,,,,,,0,724,19000,128,723,51000,128
1100,20160112,11, 1,2,       1801 ,,134556,134556,134556323900,1,,,,,,0,724,19000,128,723,46000,128
1100,20160112,11, 1,2,       1801 ,,134556,134556,134556469600,1,,,,,,0,724,17000,128,723,46000,128
1100,20160112,11, 1,2,       1801 ,,134556,134556,134556471200,1,,,,,,0,724,20000,128,723,46000,128
1100,20160112,11, 1,2,       1801 ,,134556,134556,134556742800,1,,,,,,0,724,21000,128,723,46000,128
1100,20160112,11, 1,2,       1801 ,,134556,134556,134556917700,1,,,,,,0,724,22000,128,723,46000,128
1100,20160112,11, 1,2,       1801 ,,134556,134556,134556919300,1,,,,,,0,724,27000,128,723,46000,128
1100,20160112,11, 1,2,       1801 ,,134557,134557,134557084500,1,,,,,,0,724,29000,128,723,46000,128
1100,20160112,11, 1,2,       1801 ,,134557,134557,134557143900,1,,,,,,0,724,26000,128,723,46000,128
1100,20160112,11, 1,2,       1801 ,,134557,134557,134557429100,1,,,,,,0,724,26000,128,723,45000,128
1100,20160112,11, 1,2,       1801 ,,134559,134559,134559322700,1,,,,,,0,724,23000,128,723,45000,128
1100,20160112,11, 1,2,       1801 ,,134559,134559,134559325100,1,,,,,,0,724,18000,128,723,45000,128
1100,20160112,11, 1,2,       1801 ,,134600,134600,134600609400,1,,,,,,0,724,18000,128,723,46000,128
1100,20160112,11, 1,2,       1801 ,,134601,134601,134601471700,1,,,,,,0,724,18000,128,723,44000,128
1100,20160112,11, 1,2,       1801 ,,134602,134602,134602372000,1,,,,,,0,724,18000,128,723,45000,128
1100,20160112,11, 1,2,       1801 ,,134602,134602,134602392700,1,,,,,,0,724,17000,128,723,45000,128
1100,20160112,11, 1,2,       1801 ,,134603,134603,134603356600,1,,,,,,0,724,17000,128,723,44000,128
1100,20160112,11, 1,2,       1801 ,,134603,134603,134603369100,1,,,,,,0,724,17000,128,723,45000,128
1100,20160112,11, 1,2,       1801 ,,134603,134603,134603371300,1,,,,,,0,724,17000,128,723,44000,128
1100,20160112,11, 1,2,       1801 ,,134603,134603,134603382100,1,,,,,,0,724,17000,128,723,45000,128
1100,20160112,11, 1,2,       1801 ,,134603,134603,134603827900,1,,,,,,0,724,18000,128,723,45000,128
1100,20160112,11, 1,2,       1801 ,,134604,134604,134604762400,1,,,,,,0,724,18000,128,723,44000,128
1100,20160112,11, 1,2,       1801 ,,134605,134605,134605293400,1,,,,,,0,724,18000,128,723,43000,128
1100,20160112,11, 1,2,       1801 ,,134608,134608,134608292800,1,,,,,,0,724,18000,128,723,44000,128
1100,20160112,11, 1,2,       1801 ,,134608,134608,134608294800,1,,,,,,0,724,20000,128,723,44000,128
1100,20160112,11, 1,2,       1801 ,,134608,134608,134608702200,1,,,,,,0,724,20000,128,723,43000,128
1100,20160112,11, 1,2,       1801 ,,134608,134608,134608724700,1,,,,,,0,724,20000,128,723,41000,128
1100,20160112,11, 1,2,       1801 ,,134608,134608,134608725500,1,,,,,,0,724,25000,128,723,41000,128
1100,20160112,11, 1,2,       1801 ,,134610,134610,134610062300,1,,,,,,0,724,26000,128,723,41000,128
1100,20160112,11, 1,2,       1801 ,,134611,134611,134611137200,1,,,,,,0,724,25000,128,723,41000,128
1100,20160112,11, 1,2,       1801 ,,134612,134612,134612644900,1,,,,,,0,724,23000,128,723,41000,128
1100,20160112,11, 1,2,       1801 ,,134615,134615,134615266800,1,,,,,,0,724,24000,128,723,41000,128
1100,20160112,11, 1,2,       1801 ,,134615,134615,134615831600,1,,,,,,0,724,25000,128,723,41000,128
1100,20160112,11, 1,2,       1801 ,,134617,134617,134617766600,1,,,,,,0,724,24000,128,723,41000,128
1100,20160112,11, 1,2,       1801 ,,134617,134617,134617768100,1,,,,,,0,724,25000,128,723,41000,128
1100,20160112,11, 1,2,       1801 ,,134619,134619,134619006900,1,,,,,,0,724,25000,128,723,43000,128
1100,20160112,11, 1,2,       1801 ,,134621,134621,134621058200,1,,,,,,0,724,25000,128,723,46000,128
1100,20160112,11, 1,2,       1801 ,,134621,134621,134621059600,1,,,,,,0,724,24000,128,723,46000,128
1100,20160112,11, 1,2,       1801 ,,134621,134621,134621063000,1,,,,,,0,724,24000,128,723,47000,128
1100,20160112,11, 1,2,       1801 ,,134626,134626,134626000800,1,,,,,,0,724,24000,128,723,46000,128
1100,20160112,11, 1,2,       1801 ,,134627,134627,134627898300,1,,,,,,0,724,24000,128,723,47000,128
1100,20160112,11, 1,2,       1801 ,,134627,134627,134627959100,1,,,,,,0,724,26000,128,723,47000,128
1100,20160112,11, 1,2,       1801 ,,134631,134631,134631060100,1,,,,,,0,724,26000,128,723,48000,128
1100,20160112,11, 1,2,       1801 ,,134632,134632,134632900000,1,,,,,,0,724,27000,128,723,48000,128
1100,20160112,11, 1,2,       1801 ,,134634,134634,134634181600,1,,,,,,0,724,28000,128,723,48000,128
1100,20160112,11, 1,2,       1801 ,,134636,134636,134636039400,1,,,,,,0,724,27000,128,723,48000,128
1100,20160112,11, 1,2,       1801 ,,134643,134643,134643151100,1,,,,,,0,724,28000,128,723,48000,128
1100,20160112,11, 1,2,       1801 ,,134647,134647,134647672600,1,,,,,,0,724,27000,128,723,48000,128
1100,20160112,11, 1,2,       1801 ,,134648,134648,134648661400,1,,,,,,0,724,28000,128,723,48000,128
1100,20160112,11, 1,2,       1801 ,,134649,134649,134649161300,1,,,,,,0,724,27000,128,723,48000,128
1100,20160112,11, 1,2,       1801 ,,134651,134651,134651058000,1,,,,,,0,724,27000,128,723,49000,128
1100,20160112,11, 1,2,       1801 ,,134651,134651,134651128000,1,,,,,,0,724,26000,128,723,49000,128
1100,20160112,11, 1,2,       1801 ,,134654,134654,134654009300,1,,,,,,0,724,27000,128,723,49000,128
1100,20160112,11, 1,2,       1801 ,,134655,134655,134655082600,1,,,,,,0,724,26000,128,723,49000,128
1100,20160112,11, 1,2,       1801 ,,134655,134655,134655328600,1,,,,,,0,724,26000,128,723,50000,128
1100,20160112,11, 1,2,       1801 ,,134658,134658,134658880900,1,,,,,,0,724,26000,128,723,51000,128
1100,20160112,11, 1,2,       1801 ,,134659,134659,134659971600,1,,,,,,0,724,26000,128,723,50000,128
1100,20160112,11, 1,2,       1801 ,,134700,134700,134700189700,1,,,,,,0,724,29000,128,723,50000,128
1100,20160112,11, 1,2,       1801 ,,134701,134701,134701057600,1,,,,,,0,724,29000,128,723,51000,128
1100,20160112,11, 1,2,       1801 ,,134701,134701,134701391300,1,,,,,,0,724,29000,128,723,52000,128
1100,20160112,11, 1,2,       1801 ,,134705,134705,134705535000,1,,,,,,0,724,29000,128,723,51000,128
1100,20160112,11, 1,2,       1801 ,,134715,134715,134715273800,1,,,,,,0,724,29000,128,723,50000,128
1100,20160112,11, 1,2,       1801 ,,134716,134716,134716355500,1,,,,,,0,724,29000,128,723,51000,128
1100,20160112,11, 1,2,       1801 ,134717,134717,134717,134717964000,1,724,48,0,1000,0,0,724,28000,128,723,51000,128
1100,20160112,11, 1,2,       1801 ,,134720,134720,134720463500,1,,,,,,0,724,23000,128,723,51000,128
1100,20160112,11, 1,2,       1801 ,,134720,134720,134720497000,1,,,,,,0,724,28000,128,723,51000,128
1100,20160112,11, 1,2,       1801 ,,134720,134720,134720589600,1,,,,,,0,724,23000,128,723,51000,128
1100,20160112,11, 1,2,       1801 ,,134721,134721,134721165000,1,,,,,,0,724,28000,128,723,51000,128
1100,20160112,11, 1,2,       1801 ,,134721,134721,134721211300,1,,,,,,0,724,23000,128,723,51000,128
1100,20160112,11, 1,2,       1801 ,,134721,134721,134721597500,1,,,,,,0,724,28000,128,723,51000,128
1100,20160112,11, 1,2,       1801 ,134724,134724,134724,134724215000,1,723,16,0,10000,0,0,724,28000,128,723,41000,128
1100,20160112,11, 1,2,       1801 ,,134724,134724,134724217900,1,,,,,,0,724,29000,128,723,41000,128
1100,20160112,11, 1,2,       1801 ,,134724,134724,134724219400,1,,,,,,0,724,29000,128,723,40000,128
1100,20160112,11, 1,2,       1801 ,,134726,134726,134726555700,1,,,,,,0,724,40000,128,723,40000,128
1100,20160112,11, 1,2,       1801 ,,134726,134726,134726557000,1,,,,,,0,724,41000,128,723,40000,128
1100,20160112,11, 1,2,       1801 ,,134726,134726,134726557600,1,,,,,,0,724,41000,128,723,36000,128
1100,20160112,11, 1,2,       1801 ,,134726,134726,134726559700,1,,,,,,0,724,41000,128,723,26000,128
1100,20160112,11, 1,2,       1801 ,,134726,134726,134726563400,1,,,,,,0,724,41000,128,723,25000,128
1100,20160112,11, 1,2,       1801 ,,134727,134727,134727030100,1,,,,,,0,724,41000,128,723,23000,128
1100,20160112,11, 1,2,       1801 ,,134727,134727,134727040000,1,,,,,,0,724,43000,128,723,23000,128
1100,20160112,11, 1,2,       1801 ,,134727,134727,134727085100,1,,,,,,0,724,43000,128,723,22000,128
1100,20160112,11, 1,2,       1801 ,,134744,134744,134744202800,1,,,,,,0,724,44000,128,723,22000,128
1100,20160112,11, 1,2,       1801 ,,134746,134746,134746096000,1,,,,,,0,724,44000,128,723,23000,128
1100,20160112,11, 1,2,       1801 ,,134747,134747,134747530900,1,,,,,,0,724,44000,128,723,22000,128
1100,20160112,11, 1,2,       1801 ,,134748,134748,134748491200,1,,,,,,0,724,44000,128,723,23000,128
1100,20160112,11, 1,2,       1801 ,,134749,134749,134749580000,1,,,,,,0,724,48000,128,723,23000,128
1100,20160112,11, 1,2,       1801 ,,134752,134752,134752440300,1,,,,,,0,724,48000,128,723,18000,128
1100,20160112,11, 1,2,       1801 ,134752,134752,134752,134752441800,1,723,16,0,2000,0,0,724,48000,128,723,16000,128
1100,20160112,11, 1,2,       1801 ,,134752,134752,134752442800,1,,,,,,0,724,47000,128,723,16000,128
1100,20160112,11, 1,2,       1801 ,,134752,134752,134752443700,1,,,,,,0,724,46000,128,723,16000,128
1100,20160112,11, 1,2,       1801 ,134752,134752,134752,134752444500,1,723,16,0,8000,0,0,724,46000,128,723,8000,128
1100,20160112,11, 1,2,       1801 ,134752,134752,134752,134752446000,1,723,16,0,8000,0,0,724,46000,128,722,67000,128
1100,20160112,11, 1,2,       1801 ,,134752,134752,134752447100,1,,,,,,0,724,47000,128,722,67000,128
1100,20160112,11, 1,2,       1801 ,,134752,134752,134752448000,1,,,,,,0,723,1000,128,722,67000,128
1100,20160112,11, 1,2,       1801 ,,134752,134752,134752448700,1,,,,,,0,723,4000,128,722,67000,128
1100,20160112,11, 1,2,       1801 ,,134752,134752,134752451200,1,,,,,,0,723,4000,128,722,65000,128
1100,20160112,11, 1,2,       1801 ,,134752,134752,134752454700,1,,,,,,0,723,4000,128,722,64000,128
1100,20160112,11, 1,2,       1801 ,,134752,134752,134752457200,1,,,,,,0,723,6000,128,722,64000,128
1100,20160112,11, 1,2,       1801 ,,134752,134752,134752460100,1,,,,,,0,723,6000,128,722,62000,128
1100,20160112,11, 1,2,       1801 ,,134752,134752,134752461000,1,,,,,,0,723,7000,128,722,62000,128
1100,20160112,11, 1,2,       1801 ,,134752,134752,134752461600,1,,,,,,0,723,11000,128,722,62000,128
1100,20160112,11, 1,2,       1801 ,,134752,134752,134752462900,1,,,,,,0,723,15000,128,722,62000,128
1100,20160112,11, 1,2,       1801 ,,134752,134752,134752465000,1,,,,,,0,723,16000,128,722,62000,128
1100,20160112,11, 1,2,       1801 ,,134752,134752,134752466600,1,,,,,,0,723,16000,128,722,59000,128
1100,20160112,11, 1,2,       1801 ,,134752,134752,134752468100,1,,,,,,0,723,16000,128,722,57000,128
1100,20160112,11, 1,2,       1801 ,,134752,134752,134752468800,1,,,,,,0,723,16000,128,722,52000,128
1100,20160112,11, 1,2,       1801 ,,134752,134752,134752473700,1,,,,,,0,723,16000,128,722,51000,128
1100,20160112,11, 1,2,       1801 ,,134752,134752,134752483100,1,,,,,,0,723,16000,128,722,55000,128
1100,20160112,11, 1,2,       1801 ,,134752,134752,134752486200,1,,,,,,0,723,16000,128,722,51000,128
1100,20160112,11, 1,2,       1801 ,,134752,134752,134752488600,1,,,,,,0,723,18000,128,722,51000,128
1100,20160112,11, 1,2,       1801 ,,134752,134752,134752496800,1,,,,,,0,723,20000,128,722,51000,128
1100,20160112,11, 1,2,       1801 ,,134752,134752,134752512300,1,,,,,,0,723,20000,128,722,46000,128
1100,20160112,11, 1,2,       1801 ,,134752,134752,134752580200,1,,,,,,0,723,21000,128,722,46000,128
1100,20160112,11, 1,2,       1801 ,,134752,134752,134752583200,1,,,,,,0,723,22000,128,722,46000,128
1100,20160112,11, 1,2,       1801 ,,134752,134752,134752584300,1,,,,,,0,723,20000,128,722,46000,128
1100,20160112,11, 1,2,       1801 ,,134752,134752,134752676100,1,,,,,,0,723,20000,128,722,45000,128
1100,20160112,11, 1,2,       1801 ,,134753,134753,134753208500,1,,,,,,0,723,20000,128,722,44000,128
1100,20160112,11, 1,2,       1801 ,,134755,134755,134755393900,1,,,,,,0,723,20000,128,722,45000,128
1100,20160112,11, 1,2,       1801 ,,134800,134800,134800238600,1,,,,,,0,723,19000,128,722,45000,128
1100,20160112,11, 1,2,       1801 ,,134801,134801,134801925300,1,,,,,,0,723,19000,128,722,46000,128
1100,20160112,11, 1,2,       1801 ,,134802,134802,134802742200,1,,,,,,0,723,19000,128,722,47000,128
1100,20160112,11, 1,2,       1801 ,,134803,134803,134803841400,1,,,,,,0,723,19000,128,722,45000,128
1100,20160112,11, 1,2,       1801 ,,134803,134803,134803842900,1,,,,,,0,723,15000,128,722,45000,128
1100,20160112,11, 1,2,       1801 ,,134803,134803,134803875300,1,,,,,,0,723,16000,128,722,45000,128
1100,20160112,11, 1,2,       1801 ,,134804,134804,134804664400,1,,,,,,0,723,20000,128,722,45000,128
1100,20160112,11, 1,2,       1801 ,,134804,134804,134804665600,1,,,,,,0,723,22000,128,722,45000,128
1100,20160112,11, 1,2,       1801 ,,134804,134804,134804666500,1,,,,,,0,723,24000,128,722,45000,128
1100,20160112,11, 1,2,       1801 ,,134804,134804,134804668500,1,,,,,,0,723,28000,128,722,45000,128
1100,20160112,11, 1,2,       1801 ,,134806,134806,134806435200,1,,,,,,0,723,28000,128,722,44000,128
1100,20160112,11, 1,2,       1801 ,,134806,134806,134806812000,1,,,,,,0,723,28000,128,722,45000,128
1100,20160112,11, 1,2,       1801 ,,134808,134808,134808696900,1,,,,,,0,723,28000,128,722,46000,128
1100,20160112,11, 1,2,       1801 ,,134809,134809,134809601400,1,,,,,,0,723,28000,128,722,45000,128
1100,20160112,11, 1,2,       1801 ,,134811,134811,134811001900,1,,,,,,0,723,28000,128,722,46000,128
1100,20160112,11, 1,2,       1801 ,,134811,134811,134811055100,1,,,,,,0,723,30000,128,722,46000,128
1100,20160112,11, 1,2,       1801 ,,134812,134812,134812380200,1,,,,,,0,723,30000,128,722,45000,128
1100,20160112,11, 1,2,       1801 ,,134813,134813,134813012300,1,,,,,,0,723,30000,128,722,46000,128
1100,20160112,11, 1,2,       1801 ,,134815,134815,134815174500,1,,,,,,0,723,30000,128,722,45000,128
1100,20160112,11, 1,2,       1801 ,,134818,134818,134818382200,1,,,,,,0,723,30000,128,722,46000,128
1100,20160112,11, 1,2,       1801 ,,134818,134818,134818516700,1,,,,,,0,723,26000,128,722,46000,128
1100,20160112,11, 1,2,       1801 ,,134818,134818,134818518200,1,,,,,,0,723,25000,128,722,46000,128
1100,20160112,11, 1,2,       1801 ,,134819,134819,134819545000,1,,,,,,0,723,25000,128,722,50000,128
1100,20160112,11, 1,2,       1801 ,,134821,134821,134821190300,1,,,,,,0,723,23000,128,722,50000,128
1100,20160112,11, 1,2,       1801 ,134821,134821,134821,134821191300,1,723,48,0,7000,0,0,723,16000,128,722,50000,128
1100,20160112,11, 1,2,       1801 ,134821,134821,134821,134821192900,1,723,48,0,3000,0,0,723,13000,128,722,50000,128
1100,20160112,11, 1,2,       1801 ,134821,134821,134821,134821194500,1,723,48,0,2000,0,0,723,11000,128,722,50000,128
1100,20160112,11, 1,2,       1801 ,,134821,134821,134821195700,1,,,,,,0,723,11000,128,722,51000,128
1100,20160112,11, 1,2,       1801 ,134821,134821,134821,134821196500,1,723,48,0,1000,0,0,723,10000,128,722,51000,128
1100,20160112,11, 1,2,       1801 ,,134821,134821,134821197500,1,,,,,,0,723,8000,128,722,51000,128
1100,20160112,11, 1,2,       1801 ,134821,134821,134821,134821198400,1,723,48,0,8000,0,0,724,70000,128,722,51000,128
1100,20160112,11, 1,2,       1801 ,,134821,134821,134821200600,1,,,,,,0,724,69000,128,722,51000,128
1100,20160112,11, 1,2,       1801 ,,134821,134821,134821201500,1,,,,,,0,724,69000,128,723,2000,128
1100,20160112,11, 1,2,       1801 ,,134821,134821,134821210400,1,,,,,,0,724,69000,128,723,13000,128
1100,20160112,11, 1,2,       1801 ,,134821,134821,134821212600,1,,,,,,0,724,69000,128,723,14000,128
1100,20160112,11, 1,2,       1801 ,,134821,134821,134821213500,1,,,,,,0,724,69000,128,723,17000,128
1100,20160112,11, 1,2,       1801 ,,134821,134821,134821214300,1,,,,,,0,724,69000,128,723,18000,128
1100,20160112,11, 1,2,       1801 ,,134821,134821,134821215000,1,,,,,,0,724,65000,128,723,18000,128
1100,20160112,11, 1,2,       1801 ,,134821,134821,134821216500,1,,,,,,0,724,65000,128,723,22000,128
1100,20160112,11, 1,2,       1801 ,,134821,134821,134821217900,1,,,,,,0,724,67000,128,723,22000,128
1100,20160112,11, 1,2,       1801 ,,134821,134821,134821219300,1,,,,,,0,724,67000,128,723,23000,128
1100,20160112,11, 1,2,       1801 ,,134821,134821,134821219900,1,,,,,,0,724,67000,128,723,24000,128
1100,20160112,11, 1,2,       1801 ,,134821,134821,134821220600,1,,,,,,0,724,67000,128,723,20000,128
1100,20160112,11, 1,2,       1801 ,,134821,134821,134821221400,1,,,,,,0,724,67000,128,723,22000,128
1100,20160112,11, 1,2,       1801 ,,134821,134821,134821222800,1,,,,,,0,724,67000,128,723,25000,128
1100,20160112,11, 1,2,       1801 ,,134821,134821,134821227800,1,,,,,,0,724,63000,128,723,25000,128
1100,20160112,11, 1,2,       1801 ,,134821,134821,134821228500,1,,,,,,0,724,61000,128,723,25000,128
1100,20160112,11, 1,2,       1801 ,,134821,134821,134821230000,1,,,,,,0,724,59000,128,723,25000,128
1100,20160112,11, 1,2,       1801 ,,134821,134821,134821230700,1,,,,,,0,724,54000,128,723,25000,128
1100,20160112,11, 1,2,       1801 ,,134821,134821,134821231500,1,,,,,,0,724,54000,128,723,27000,128
1100,20160112,11, 1,2,       1801 ,,134821,134821,134821232200,1,,,,,,0,724,53000,128,723,27000,128
1100,20160112,11, 1,2,       1801 ,,134821,134821,134821234800,1,,,,,,0,724,53000,128,723,28000,128
1100,20160112,11, 1,2,       1801 ,,134821,134821,134821236700,1,,,,,,0,724,53000,128,723,29000,128
1100,20160112,11, 1,2,       1801 ,,134821,134821,134821237400,1,,,,,,0,724,53000,128,723,30000,128
1100,20160112,11, 1,2,       1801 ,,134821,134821,134821238600,1,,,,,,0,724,50000,128,723,30000,128
1100,20160112,11, 1,2,       1801 ,,134821,134821,134821257800,1,,,,,,0,724,50000,128,723,31000,128
1100,20160112,11, 1,2,       1801 ,,134821,134821,134821260500,1,,,,,,0,724,50000,128,723,32000,128
1100,20160112,11, 1,2,       1801 ,,134821,134821,134821277700,1,,,,,,0,724,45000,128,723,32000,128
1100,20160112,11, 1,2,       1801 ,,134821,134821,134821352600,1,,,,,,0,724,39000,128,723,32000,128
1100,20160112,11, 1,2,       1801 ,,134821,134821,134821353500,1,,,,,,0,724,39000,128,723,36000,128
1100,20160112,11, 1,2,       1801 ,,134821,134821,134821354200,1,,,,,,0,724,39000,128,723,40000,128
1100,20160112,11, 1,2,       1801 ,,134821,134821,134821355100,1,,,,,,0,724,37000,128,723,40000,128
1100,20160112,11, 1,2,       1801 ,,134821,134821,134821389100,1,,,,,,0,724,37000,128,723,41000,128
1100,20160112,11, 1,2,       1801 ,,134821,134821,134821486600,1,,,,,,0,724,37000,128,723,45000,128
1100,20160112,11, 1,2,       1801 ,,134821,134821,134821546400,1,,,,,,0,724,37000,128,723,41000,128
1100,20160112,11, 1,2,       1801 ,,134822,134822,134822144000,1,,,,,,0,724,37000,128,723,30000,128
1100,20160112,11, 1,2,       1801 ,,134822,134822,134822228500,1,,,,,,0,724,37000,128,723,29000,128
1100,20160112,11, 1,2,       1801 ,,134824,134824,134824209900,1,,,,,,0,724,37000,128,723,31000,128
1100,20160112,11, 1,2,       1801 ,,134824,134824,134824418300,1,,,,,,0,724,33000,128,723,31000,128
1100,20160112,11, 1,2,       1801 ,,134824,134824,134824419000,1,,,,,,0,724,29000,128,723,31000,128
1100,20160112,11, 1,2,       1801 ,,134825,134825,134825306800,1,,,,,,0,724,29000,128,723,30000,128
1100,20160112,11, 1,2,       1801 ,,134826,134826,134826243400,1,,,,,,0,724,29000,128,723,31000,128
1100,20160112,11, 1,2,       1801 ,,134830,134830,134830671300,1,,,,,,0,724,29000,128,723,30000,128
1100,20160112,11, 1,2,       1801 ,,134830,134830,134830673500,1,,,,,,0,724,29000,128,723,35000,128
1100,20160112,11, 1,2,       1801 ,,134830,134830,134830674700,1,,,,,,0,724,28000,128,723,35000,128
1100,20160112,11, 1,2,       1801 ,,134834,134834,134834372800,1,,,,,,0,724,29000,128,723,35000,128
1100,20160112,11, 1,2,       1801 ,,134840,134840,134840720100,1,,,,,,0,724,29000,128,723,30000,128
1100,20160112,11, 1,2,       1801 ,,134840,134840,134840721800,1,,,,,,0,724,31000,128,723,30000,128
1100,20160112,11, 1,2,       1801 ,,134840,134840,134840723000,1,,,,,,0,724,35000,128,723,30000,128
1100,20160112,11, 1,2,       1801 ,,134840,134840,134840724200,1,,,,,,0,724,35000,128,723,29000,128
1100,20160112,11, 1,2,       1801 ,,134841,134841,134841048000,1,,,,,,0,724,35000,128,723,31000,128
1100,20160112,11, 1,2,       1801 ,,134841,134841,134841049200,1,,,,,,0,724,36000,128,723,31000,128
1100,20160112,11, 1,2,       1801 ,,134841,134841,134841050300,1,,,,,,0,724,36000,128,723,32000,128
1100,20160112,11, 1,2,       1801 ,,134841,134841,134841773800,1,,,,,,0,724,36000,128,723,31000,128
1100,20160112,11, 1,2,       1801 ,,134843,134843,134843802100,1,,,,,,0,724,36000,128,723,32000,128
1100,20160112,11, 1,2,       1801 ,,134845,134845,134845640500,1,,,,,,0,724,32000,128,723,32000,128
1100,20160112,11, 1,2,       1801 ,,134845,134845,134845641800,1,,,,,,0,724,31000,128,723,32000,128
1100,20160112,11, 1,2,       1801 ,,134846,134846,134846242200,1,,,,,,0,724,32000,128,723,32000,128
1100,20160112,11, 1,2,       1801 ,,134852,134852,134852840600,1,,,,,,0,724,34000,128,723,32000,128
1100,20160112,11, 1,2,       1801 ,,134852,134852,134852843700,1,,,,,,0,724,38000,128,723,32000,128
1100,20160112,11, 1,2,       1801 ,,134852,134852,134852845200,1,,,,,,0,724,38000,128,723,31000,128
1100,20160112,11, 1,2,       1801 ,,134852,134852,134852846200,1,,,,,,0,724,38000,128,723,30000,128
1100,20160112,11, 1,2,       1801 ,,134852,134852,134852858600,1,,,,,,0,724,38000,128,723,29000,128
1100,20160112,11, 1,2,       1801 ,,134854,134854,134854002400,1,,,,,,0,724,36000,128,723,29000,128
1100,20160112,11, 1,2,       1801 ,,134854,134854,134854004400,1,,,,,,0,724,41000,128,723,29000,128
1100,20160112,11, 1,2,       1801 ,,134854,134854,134854005100,1,,,,,,0,724,41000,128,723,30000,128
1100,20160112,11, 1,2,       1801 ,,134901,134901,134901053100,1,,,,,,0,724,41000,128,723,31000,128
1100,20160112,11, 1,2,       1801 ,,134906,134906,134906772000,1,,,,,,0,724,42000,128,723,31000,128
1100,20160112,11, 1,2,       1801 ,,134906,134906,134906918400,1,,,,,,0,724,41000,128,723,31000,128
1100,20160112,11, 1,2,       1801 ,,134907,134907,134907112600,1,,,,,,0,724,41000,128,723,32000,128
1100,20160112,11, 1,2,       1801 ,,134907,134907,134907114700,1,,,,,,0,724,36000,128,723,32000,128
1100,20160112,11, 1,2,       1801 ,,134911,134911,134911052800,1,,,,,,0,724,36000,128,723,33000,128
1100,20160112,11, 1,2,       1801 ,,134913,134913,134913699000,1,,,,,,0,724,36000,128,723,32000,128
1100,20160112,11, 1,2,       1801 ,,134916,134916,134916471100,1,,,,,,0,724,37000,128,723,32000,128
1100,20160112,11, 1,2,       1801 ,,134917,134917,134917318000,1,,,,,,0,724,38000,128,723,32000,128
1100,20160112,11, 1,2,       1801 ,,134917,134917,134917319400,1,,,,,,0,724,38000,128,723,33000,128
1100,20160112,11, 1,2,       1801 ,,134917,134917,134917320000,1,,,,,,0,724,38000,128,723,32000,128
1100,20160112,11, 1,2,       1801 ,,134918,134918,134918121400,1,,,,,,0,724,40000,128,723,32000,128
1100,20160112,11, 1,2,       1801 ,,134918,134918,134918134300,1,,,,,,0,724,40000,128,723,30000,128
1100,20160112,11, 1,2,       1801 ,,134918,134918,134918141900,1,,,,,,0,724,40000,128,723,29000,128
1100,20160112,11, 1,2,       1801 ,,134918,134918,134918143600,1,,,,,,0,724,40000,128,723,25000,128
1100,20160112,11, 1,2,       1801 ,,134918,134918,134918146400,1,,,,,,0,724,45000,128,723,25000,128
1100,20160112,11, 1,2,       1801 ,,134918,134918,134918373600,1,,,,,,0,724,45000,128,723,23000,128
1100,20160112,11, 1,2,       1801 ,,134918,134918,134918380700,1,,,,,,0,724,46000,128,723,23000,128
1100,20160112,11, 1,2,       1801 ,,134918,134918,134918381400,1,,,,,,0,724,46000,128,723,21000,128
1100,20160112,11, 1,2,       1801 ,,134918,134918,134918410800,1,,,,,,0,724,45000,128,723,21000,128
1100,20160112,11, 1,2,       1801 ,,134918,134918,134918585300,1,,,,,,0,724,49000,128,723,21000,128
1100,20160112,11, 1,2,       1801 ,,134918,134918,134918586700,1,,,,,,0,724,49000,128,723,18000,128
1100,20160112,11, 1,2,       1801 ,,134921,134921,134921991800,1,,,,,,0,724,47000,128,723,18000,128
1100,20160112,11, 1,2,       1801 ,,134922,134922,134922079500,1,,,,,,0,724,47000,128,723,19000,128
1100,20160112,11, 1,2,       1801 ,,134922,134922,134922548100,1,,,,,,0,724,47000,128,723,21000,128
1100,20160112,11, 1,2,       1801 ,,134925,134925,134925006500,1,,,,,,0,724,66000,128,723,21000,128
1100,20160112,11, 1,2,       1801 ,,134925,134925,134925300200,1,,,,,,0,724,66000,128,723,19000,128
1100,20160112,11, 1,2,       1801 ,,134925,134925,134925332700,1,,,,,,0,724,66000,128,723,18000,128
1100,20160112,11, 1,2,       1801 ,,134925,134925,134925780100,1,,,,,,0,724,67000,128,723,18000,128
1100,20160112,11, 1,2,       1801 ,,134926,134926,134926031200,1,,,,,,0,724,66000,128,723,18000,128
1100,20160112,11, 1,2,       1801 ,134927,134927,134927,134927950700,1,723,16,0,18000,0,0,723,2000,128,722,74000,128
1100,20160112,11, 1,2,       1801 ,,134927,134927,134927952300,1,,,,,,0,723,4000,128,722,74000,128
1100,20160112,11, 1,2,       1801 ,,134927,134927,134927953900,1,,,,,,0,723,4000,128,722,72000,128
1100,20160112,11, 1,2,       1801 ,,134927,134927,134927957800,1,,,,,,0,723,6000,128,722,72000,128
1100,20160112,11, 1,2,       1801 ,,134927,134927,134927960400,1,,,,,,0,723,6000,128,722,71000,128
1100,20160112,11, 1,2,       1801 ,,134927,134927,134927961800,1,,,,,,0,723,6000,128,722,68000,128
1100,20160112,11, 1,2,       1801 ,,134927,134927,134927962500,1,,,,,,0,723,7000,128,722,68000,128
1100,20160112,11, 1,2,       1801 ,,134927,134927,134927965600,1,,,,,,0,723,9000,128,722,68000,128
1100,20160112,11, 1,2,       1801 ,,134927,134927,134927966300,1,,,,,,0,723,10000,128,722,68000,128
1100,20160112,11, 1,2,       1801 ,,134927,134927,134927967000,1,,,,,,0,723,10000,128,722,63000,128
1100,20160112,11, 1,2,       1801 ,,134927,134927,134927967800,1,,,,,,0,723,10000,128,722,62000,128
1100,20160112,11, 1,2,       1801 ,,134927,134927,134927969200,1,,,,,,0,723,10000,128,722,58000,128
1100,20160112,11, 1,2,       1801 ,,134927,134927,134927970700,1,,,,,,0,723,10000,128,722,56000,128
1100,20160112,11, 1,2,       1801 ,,134927,134927,134927972200,1,,,,,,0,723,12000,128,722,56000,128
1100,20160112,11, 1,2,       1801 ,,134927,134927,134927972900,1,,,,,,0,723,14000,128,722,56000,128
1100,20160112,11, 1,2,       1801 ,,134927,134927,134927981500,1,,,,,,0,723,15000,128,722,56000,128
1100,20160112,11, 1,2,       1801 ,,134928,134928,134928003700,1,,,,,,0,723,15000,128,722,55000,128
1100,20160112,11, 1,2,       1801 ,,134928,134928,134928151600,1,,,,,,0,723,13000,128,722,55000,128
1100,20160112,11, 1,2,       1801 ,,134928,134928,134928163600,1,,,,,,0,723,15000,128,722,55000,128
1100,20160112,11, 1,2,       1801 ,,134928,134928,134928243600,1,,,,,,0,723,15000,128,722,62000,128
1100,20160112,11, 1,2,       1801 ,,134928,134928,134928703300,1,,,,,,0,723,15000,128,722,57000,128
1100,20160112,11, 1,2,       1801 ,,134928,134928,134928704300,1,,,,,,0,723,16000,128,722,57000,128
1100,20160112,11, 1,2,       1801 ,,134928,134928,134928705300,1,,,,,,0,723,16000,128,722,51000,128
1100,20160112,11, 1,2,       1801 ,,134929,134929,134929553100,1,,,,,,0,723,27000,128,722,51000,128
1100,20160112,11, 1,2,       1801 ,,134929,134929,134929554300,1,,,,,,0,723,27000,128,722,50000,128
1100,20160112,11, 1,2,       1801 ,,134929,134929,134929555900,1,,,,,,0,723,31000,128,722,50000,128
1100,20160112,11, 1,2,       1801 ,,134929,134929,134929557500,1,,,,,,0,723,35000,128,722,50000,128
1100,20160112,11, 1,2,       1801 ,,134930,134930,134930428800,1,,,,,,0,723,35000,128,722,51000,128
1100,20160112,11, 1,2,       1801 ,,134930,134930,134930636600,1,,,,,,0,723,33000,128,722,51000,128
1100,20160112,11, 1,2,       1801 ,,134931,134931,134931321600,1,,,,,,0,723,33000,128,722,49000,128
1100,20160112,11, 1,2,       1801 ,,134931,134931,134931323300,1,,,,,,0,723,38000,128,722,49000,128
1100,20160112,11, 1,2,       1801 ,,134931,134931,134931639900,1,,,,,,0,723,38000,128,722,47000,128
1100,20160112,11, 1,2,       1801 ,,134932,134932,134932037200,1,,,,,,0,723,38000,128,722,40000,128
1100,20160112,11, 1,2,       1801 ,,134932,134932,134932130600,1,,,,,,0,723,38000,128,722,29000,128
1100,20160112,11, 1,2,       1801 ,,134932,134932,134932903700,1,,,,,,0,723,39000,128,722,29000,128
1100,20160112,11, 1,2,       1801 ,,134932,134932,134932904900,1,,,,,,0,723,39000,128,722,26000,128
1100,20160112,11, 1,2,       1801 ,,134935,134935,134935813600,1,,,,,,0,723,40000,128,722,26000,128
1100,20160112,11, 1,2,       1801 ,,134936,134936,134936430300,1,,,,,,0,723,42000,128,722,26000,128
1100,20160112,11, 1,2,       1801 ,,134937,134937,134937479800,1,,,,,,0,723,40000,128,722,26000,128
1100,20160112,11, 1,2,       1801 ,,134941,134941,134941051100,1,,,,,,0,723,42000,128,722,26000,128
1100,20160112,11, 1,2,       1801 ,,134941,134941,134941052500,1,,,,,,0,723,43000,128,722,26000,128
1100,20160112,11, 1,2,       1801 ,,134941,134941,134941209800,1,,,,,,0,723,43000,128,722,22000,128
1100,20160112,11, 1,2,       1801 ,,134941,134941,134941216000,1,,,,,,0,723,43000,128,722,21000,128
1100,20160112,11, 1,2,       1801 ,,134941,134941,134941234400,1,,,,,,0,723,42000,128,722,21000,128
1100,20160112,11, 1,2,       1801 ,,134945,134945,134945996100,1,,,,,,0,723,42000,128,722,22000,128
1100,20160112,11, 1,2,       1801 ,134956,134956,134956,134956643500,1,723,48,0,2000,0,0,723,40000,128,722,22000,128
1100,20160112,11, 1,2,       1801 ,,134956,134956,134956803500,1,,,,,,0,723,40000,128,722,22000,128
1100,20160112,11, 1,2,       1801 ,,134957,134957,134957075800,1,,,,,,0,723,41000,128,722,22000,128
1100,20160112,11, 1,2,       1801 ,,135005,135005,135005383700,1,,,,,,0,723,41000,128,722,23000,128
1100,20160112,11, 1,2,       1801 ,,135006,135006,135006067700,1,,,,,,0,723,42000,128,722,23000,128
1100,20160112,11, 1,2,       1801 ,,135007,135007,135007798300,1,,,,,,0,723,42000,128,722,22000,128
1100,20160112,11, 1,2,       1801 ,,135008,135008,135008110000,1,,,,,,0,723,42000,128,722,23000,128
1100,20160112,11, 1,2,       1801 ,,135008,135008,135008640600,1,,,,,,0,723,42000,128,722,24000,128
1100,20160112,11, 1,2,       1801 ,,135008,135008,135008642100,1,,,,,,0,723,42000,128,722,29000,128
1100,20160112,11, 1,2,       1801 ,,135011,135011,135011216300,1,,,,,,0,723,42000,128,722,28000,128
1100,20160112,11, 1,2,       1801 ,,135011,135011,135011259000,1,,,,,,0,723,43000,128,722,28000,128
1100,20160112,11, 1,2,       1801 ,,135012,135012,135012763600,1,,,,,,0,723,43000,128,722,29000,128
1100,20160112,11, 1,2,       1801 ,,135014,135014,135014263500,1,,,,,,0,723,42000,128,722,29000,128
1100,20160112,11, 1,2,       1801 ,,135014,135014,135014858500,1,,,,,,0,723,41000,128,722,29000,128
1100,20160112,11, 1,2,       1801 ,,135018,135018,135018380200,1,,,,,,0,723,41000,128,722,28000,128
1100,20160112,11, 1,2,       1801 ,,135019,135019,135019283700,1,,,,,,0,723,36000,128,722,28000,128
1100,20160112,11, 1,2,       1801 ,,135019,135019,135019286100,1,,,,,,0,723,36000,128,722,29000,128
1100,20160112,11, 1,2,       1801 ,,135019,135019,135019288000,1,,,,,,0,723,36000,128,722,31000,128
1100,20160112,11, 1,2,       1801 ,,135019,135019,135019293500,1,,,,,,0,723,36000,128,722,33000,128
1100,20160112,11, 1,2,       1801 ,,135019,135019,135019304200,1,,,,,,0,723,32000,128,722,33000,128
1100,20160112,11, 1,2,       1801 ,,135020,135020,135020903100,1,,,,,,0,723,32000,128,722,34000,128
1100,20160112,11, 1,2,       1801 ,,135021,135021,135021749500,1,,,,,,0,723,32000,128,722,32000,128
1100,20160112,11, 1,2,       1801 ,,135022,135022,135022181500,1,,,,,,0,723,32000,128,722,31000,128
1100,20160112,11, 1,2,       1801 ,,135022,135022,135022183200,1,,,,,,0,723,32000,128,722,33000,128
1100,20160112,11, 1,2,       1801 ,,135024,135024,135024145400,1,,,,,,0,723,33000,128,722,33000,128
1100,20160112,11, 1,2,       1801 ,,135024,135024,135024290400,1,,,,,,0,723,33000,128,722,28000,128
1100,20160112,11, 1,2,       1801 ,,135024,135024,135024291700,1,,,,,,0,723,33000,128,722,27000,128
1100,20160112,11, 1,2,       1801 ,,135024,135024,135024787100,1,,,,,,0,723,39000,128,722,27000,128
1100,20160112,11, 1,2,       1801 ,,135027,135027,135027006100,1,,,,,,0,723,58000,128,722,27000,128
1100,20160112,11, 1,2,       1801 ,,135027,135027,135027007500,1,,,,,,0,723,58000,128,722,25000,128
1100,20160112,11, 1,2,       1801 ,,135027,135027,135027008300,1,,,,,,0,723,62000,128,722,25000,128
1100,20160112,11, 1,2,       1801 ,,135027,135027,135027009000,1,,,,,,0,723,67000,128,722,25000,128
1100,20160112,11, 1,2,       1801 ,,135027,135027,135027072300,1,,,,,,0,723,67000,128,722,23000,128
1100,20160112,11, 1,2,       1801 ,,135027,135027,135027221000,1,,,,,,0,723,69000,128,722,23000,128
1100,20160112,11, 1,2,       1801 ,,135027,135027,135027228100,1,,,,,,0,723,69000,128,722,22000,128
1100,20160112,11, 1,2,       1801 ,,135027,135027,135027231500,1,,,,,,0,723,69000,128,722,17000,128
1100,20160112,11, 1,2,       1801 ,,135027,135027,135027282200,1,,,,,,0,723,70000,128,722,17000,128
1100,20160112,11, 1,2,       1801 ,,135027,135027,135027293000,1,,,,,,0,723,70000,128,722,14000,128
1100,20160112,11, 1,2,       1801 ,,135027,135027,135027303500,1,,,,,,0,723,70000,128,722,12000,128
1100,20160112,11, 1,2,       1801 ,,135028,135028,135028580800,1,,,,,,0,723,74000,128,722,12000,128
1100,20160112,11, 1,2,       1801 ,,135029,135029,135029749200,1,,,,,,0,723,73000,128,722,12000,128
1100,20160112,11, 1,2,       1801 ,,135030,135030,135030264600,1,,,,,,0,723,73000,128,722,11000,128
1100,20160112,11, 1,2,       1801 ,135031,135031,135031,135031458200,1,722,16,0,10000,0,0,723,73000,128,722,1000,128
1100,20160112,11, 1,2,       1801 ,,135031,135031,135031460400,1,,,,,,0,723,73000,128,722,1000,128
1100,20160112,11, 1,2,       1801 ,,135031,135031,135031461700,1,,,,,,0,723,74000,128,722,1000,128
1100,20160112,11, 1,2,       1801 ,135031,135031,135031,135031462500,1,722,16,0,1000,0,0,723,74000,128,721,111000,128
1100,20160112,11, 1,2,       1801 ,,135031,135031,135031464300,1,,,,,,0,723,74000,128,721,108000,128
1100,20160112,11, 1,2,       1801 ,,135031,135031,135031465100,1,,,,,,0,723,78000,128,721,108000,128
1100,20160112,11, 1,2,       1801 ,,135031,135031,135031465700,1,,,,,,0,723,82000,128,721,108000,128
1100,20160112,11, 1,2,       1801 ,,135031,135031,135031470200,1,,,,,,0,722,1000,128,721,108000,128
1100,20160112,11, 1,2,       1801 ,,135031,135031,135031471600,1,,,,,,0,722,1000,128,721,107000,128
1100,20160112,11, 1,2,       1801 ,,135031,135031,135031472400,1,,,,,,0,722,1000,128,721,108000,128
1100,20160112,11, 1,2,       1801 ,,135031,135031,135031475800,1,,,,,,0,722,3000,128,721,108000,128
1100,20160112,11, 1,2,       1801 ,,135031,135031,135031481100,1,,,,,,0,722,5000,128,721,108000,128
1100,20160112,11, 1,2,       1801 ,135031,135031,135031,135031482500,1,722,48,0,1000,0,0,722,4000,128,721,108000,128
1100,20160112,11, 1,2,       1801 ,,135031,135031,135031483400,1,,,,,,0,722,4000,128,721,103000,128
1100,20160112,11, 1,2,       1801 ,,135031,135031,135031484200,1,,,,,,0,722,4000,128,721,98000,128
1100,20160112,11, 1,2,       1801 ,,135031,135031,135031486300,1,,,,,,0,722,5000,128,721,98000,128
1100,20160112,11, 1,2,       1801 ,,135031,135031,135031487800,1,,,,,,0,722,5000,128,721,97000,128
1100,20160112,11, 1,2,       1801 ,,135031,135031,135031490200,1,,,,,,0,722,5000,128,721,95000,128
1100,20160112,11, 1,2,       1801 ,,135031,135031,135031491100,1,,,,,,0,722,7000,128,721,95000,128
1100,20160112,11, 1,2,       1801 ,,135031,135031,135031491800,1,,,,,,0,722,7000,128,721,94000,128
1100,20160112,11, 1,2,       1801 ,,135031,135031,135031492600,1,,,,,,0,722,7000,128,721,90000,128
1100,20160112,11, 1,2,       1801 ,,135031,135031,135031495500,1,,,,,,0,722,7000,128,721,88000,128
1100,20160112,11, 1,2,       1801 ,,135031,135031,135031496200,1,,,,,,0,722,8000,128,721,88000,128
1100,20160112,11, 1,2,       1801 ,,135031,135031,135031534500,1,,,,,,0,722,9000,128,721,88000,128
1100,20160112,11, 1,2,       1801 ,,135031,135031,135031535700,1,,,,,,0,722,7000,128,721,88000,128
1100,20160112,11, 1,2,       1801 ,,135031,135031,135031545800,1,,,,,,0,722,8000,128,721,88000,128
1100,20160112,11, 1,2,       1801 ,,135031,135031,135031572400,1,,,,,,0,722,9000,128,721,88000,128
1100,20160112,11, 1,2,       1801 ,,135031,135031,135031754200,1,,,,,,0,722,9000,128,721,96000,128
1100,20160112,11, 1,2,       1801 ,,135032,135032,135032565100,1,,,,,,0,722,9000,128,721,94000,128
1100,20160112,11, 1,2,       1801 ,,135032,135032,135032613500,1,,,,,,0,722,9000,128,721,93000,128
1100,20160112,11, 1,2,       1801 ,,135032,135032,135032619400,1,,,,,,0,722,9000,128,721,92000,128
1100,20160112,11, 1,2,       1801 ,,135032,135032,135032624800,1,,,,,,0,722,9000,128,721,91000,128
1100,20160112,11, 1,2,       1801 ,,135032,135032,135032906100,1,,,,,,0,722,10000,128,721,91000,128
1100,20160112,11, 1,2,       1801 ,,135033,135033,135033071700,1,,,,,,0,722,9000,128,721,91000,128
1100,20160112,11, 1,2,       1801 ,,135033,135033,135033164900,1,,,,,,0,722,10000,128,721,91000,128
1100,20160112,11, 1,2,       1801 ,,135034,135034,135034100900,1,,,,,,0,722,10000,128,721,92000,128
1100,20160112,11, 1,2,       1801 ,,135034,135034,135034109200,1,,,,,,0,722,10000,128,721,93000,128
1100,20160112,11, 1,2,       1801 ,,135034,135034,135034111600,1,,,,,,0,722,9000,128,721,93000,128
1100,20160112,11, 1,2,       1801 ,,135034,135034,135034161800,1,,,,,,0,722,9000,128,721,92000,128
1100,20160112,11, 1,2,       1801 ,,135034,135034,135034191800,1,,,,,,0,722,9000,128,721,91000,128
1100,20160112,11, 1,2,       1801 ,,135034,135034,135034873900,1,,,,,,0,722,10000,128,721,91000,128
1100,20160112,11, 1,2,       1801 ,,135034,135034,135034875900,1,,,,,,0,722,12000,128,721,91000,128
1100,20160112,11, 1,2,       1801 ,,135035,135035,135035441000,1,,,,,,0,722,12000,128,721,92000,128
1100,20160112,11, 1,2,       1801 ,,135039,135039,135039423700,1,,,,,,0,722,12000,128,721,93000,128
1100,20160112,11, 1,2,       1801 ,,135039,135039,135039580500,1,,,,,,0,722,12000,128,721,94000,128
1100,20160112,11, 1,2,       1801 ,,135040,135040,135040030800,1,,,,,,0,722,10000,128,721,94000,128
1100,20160112,11, 1,2,       1801 ,,135040,135040,135040034400,1,,,,,,0,722,8000,128,721,94000,128
1100,20160112,11, 1,2,       1801 ,,135040,135040,135040103100,1,,,,,,0,722,7000,128,721,94000,128
1100,20160112,11, 1,2,       1801 ,,135042,135042,135042610500,1,,,,,,0,722,9000,128,721,94000,128
1100,20160112,11, 1,2,       1801 ,,135043,135043,135043202000,1,,,,,,0,722,9000,128,721,93000,128
1100,20160112,11, 1,2,       1801 ,,135043,135043,135043210500,1,,,,,,0,722,9000,128,721,92000,128
1100,20160112,11, 1,2,       1801 ,,135043,135043,135043491000,1,,,,,,0,722,10000,128,721,92000,128
1100,20160112,11, 1,2,       1801 ,,135043,135043,135043493200,1,,,,,,0,722,12000,128,721,92000,128
1100,20160112,11, 1,2,       1801 ,,135047,135047,135047279700,1,,,,,,0,722,12000,128,721,97000,128
1100,20160112,11, 1,2,       1801 ,,135047,135047,135047281000,1,,,,,,0,722,12000,128,721,98000,128
1100,20160112,11, 1,2,       1801 ,,135050,135050,135050264800,1,,,,,,0,722,11000,128,721,98000,128
1100,20160112,11, 1,2,       1801 ,,135050,135050,135050266900,1,,,,,,0,722,9000,128,721,98000,128
1100,20160112,11, 1,2,       1801 ,,135050,135050,135050685800,1,,,,,,0,722,9000,128,721,102000,128
1100,20160112,11, 1,2,       1801 ,,135053,135053,135053096100,1,,,,,,0,722,9000,128,721,103000,128
1100,20160112,11, 1,2,       1801 ,,135053,135053,135053098100,1,,,,,,0,722,9000,128,721,108000,128
1100,20160112,11, 1,2,       1801 ,,135057,135057,135057660200,1,,,,,,0,722,9000,128,721,109000,128
1100,20160112,11, 1,2,       1801 ,135101,135101,135101,135101608100,1,721,16,0,1000,0,0,722,9000,128,721,108000,128
1100,20160112,11, 1,2,       1801 ,,135101,135101,135101610200,1,,,,,,0,722,9000,128,721,107000,128
1100,20160112,11, 1,2,       1801 ,,135101,135101,135101749300,1,,,,,,0,722,9000,128,721,108000,128
1100,20160112,11, 1,2,       1801 ,,135103,135103,135103194700,1,,,,,,0,722,9000,128,721,112000,128
1100,20160112,11, 1,2,       1801 ,135103,135103,135103,135103517000,1,722,48,0,1000,0,0,722,8000,128,721,112000,128
1100,20160112,11, 1,2,       1801 ,,135103,135103,135103517900,1,,,,,,0,722,8000,128,721,113000,128
1100,20160112,11, 1,2,       1801 ,,135107,135107,135107021700,1,,,,,,0,722,8000,128,721,112000,128
1100,20160112,11, 1,2,       1801 ,135108,135108,135108,135108647300,1,722,48,0,1000,0,0,722,7000,128,721,111000,128
1100,20160112,11, 1,2,       1801 ,135108,135108,135108,135108649100,1,722,48,0,7000,0,0,723,83000,128,721,111000,128
1100,20160112,11, 1,2,       1801 ,,135108,135108,135108652700,1,,,,,,0,723,83000,128,722,1000,128
1100,20160112,11, 1,2,       1801 ,,135108,135108,135108654700,1,,,,,,0,723,83000,128,722,2000,128
1100,20160112,11, 1,2,       1801 ,,135108,135108,135108656000,1,,,,,,0,723,84000,128,722,2000,128
1100,20160112,11, 1,2,       1801 ,,135108,135108,135108658000,1,,,,,,0,723,86000,128,722,2000,128
1100,20160112,11, 1,2,       1801 ,,135108,135108,135108661800,1,,,,,,0,723,86000,128,722,4000,128
1100,20160112,11, 1,2,       1801 ,,135108,135108,135108664100,1,,,,,,0,723,82000,128,722,4000,128
1100,20160112,11, 1,2,       1801 ,,135108,135108,135108665600,1,,,,,,0,723,81000,128,722,4000,128
1100,20160112,11, 1,2,       1801 ,,135108,135108,135108666400,1,,,,,,0,723,79000,128,722,4000,128
1100,20160112,11, 1,2,       1801 ,,135108,135108,135108674300,1,,,,,,0,723,79000,128,722,5000,128
1100,20160112,11, 1,2,       1801 ,,135108,135108,135108675100,1,,,,,,0,723,79000,128,722,6000,128
1100,20160112,11, 1,2,       1801 ,,135108,135108,135108676200,1,,,,,,0,723,79000,128,722,7000,128
1100,20160112,11, 1,2,       1801 ,,135108,135108,135108676900,1,,,,,,0,723,79000,128,722,9000,128
1100,20160112,11, 1,2,       1801 ,,135108,135108,135108835500,1,,,,,,0,723,79000,128,722,10000,128
1100,20160112,11, 1,2,       1801 ,,135111,135111,135111072900,1,,,,,,0,723,81000,128,722,10000,128
1100,20160112,11, 1,2,       1801 ,,135115,135115,135115240000,1,,,,,,0,723,79000,128,722,10000,128
1100,20160112,11, 1,2,       1801 ,,135115,135115,135115241500,1,,,,,,0,723,75000,128,722,10000,128
1100,20160112,11, 1,2,       1801 ,,135117,135117,135117284300,1,,,,,,0,723,73000,128,722,10000,128
1100,20160112,11, 1,2,       1801 ,,135119,135119,135119615000,1,,,,,,0,723,75000,128,722,10000,128
1100,20160112,11, 1,2,       1801 ,135126,135126,135126,135126252600,1,722,16,0,1000,0,0,723,75000,128,722,9000,128
1100,20160112,11, 1,2,       1801 ,,135126,135126,135126259200,1,,,,,,0,723,75000,128,722,9000,128
1100,20160112,11, 1,2,       1801 ,,135127,135127,135127543800,1,,,,,,0,723,79000,128,722,9000,128
1100,20160112,11, 1,2,       1801 ,135129,135129,135129,135129163300,1,722,16,0,1000,0,0,723,79000,128,722,8000,128
1100,20160112,11, 1,2,       1801 ,,135129,135129,135129974700,1,,,,,,0,723,79000,128,722,8000,128
1100,20160112,11, 1,2,       1801 ,,135137,135137,135137963800,1,,,,,,0,723,79000,128,722,10000,128
1100,20160112,11, 1,2,       1801 ,,135139,135139,135139100400,1,,,,,,0,723,79000,128,722,11000,128
1100,20160112,11, 1,2,       1801 ,,135139,135139,135139102300,1,,,,,,0,723,79000,128,722,16000,128
1100,20160112,11, 1,2,       1801 ,,135139,135139,135139103500,1,,,,,,0,723,74000,128,722,16000,128
1100,20160112,11, 1,2,       1801 ,,135139,135139,135139104300,1,,,,,,0,723,70000,128,722,16000,128
1100,20160112,11, 1,2,       1801 ,,135139,135139,135139106000,1,,,,,,0,723,69000,128,722,16000,128
1100,20160112,11, 1,2,       1801 ,,135139,135139,135139875000,1,,,,,,0,723,79000,128,722,16000,128
1100,20160112,11, 1,2,       1801 ,,135141,135141,135141841700,1,,,,,,0,723,80000,128,722,16000,128
1100,20160112,11, 1,2,       1801 ,,135142,135142,135142609000,1,,,,,,0,723,80000,128,722,15000,128
1100,20160112,11, 1,2,       1801 ,,135145,135145,135145855000,1,,,,,,0,723,81000,128,722,15000,128
1100,20160112,11, 1,2,       1801 ,,135145,135145,135145857000,1,,,,,,0,723,86000,128,722,15000,128
1100,20160112,11, 1,2,       1801 ,,135150,135150,135150030700,1,,,,,,0,723,84000,128,722,15000,128
1100,20160112,11, 1,2,       1801 ,,135150,135150,135150090200,1,,,,,,0,723,83000,128,722,15000,128
1100,20160112,11, 1,2,       1801 ,,135151,135151,135151360200,1,,,,,,0,723,84000,128,722,15000,128
1100,20160112,11, 1,2,       1801 ,,135151,135151,135151799800,1,,,,,,0,723,84000,128,722,10000,128
1100,20160112,11, 1,2,       1801 ,,135151,135151,135151801200,1,,,,,,0,723,85000,128,722,10000,128
1100,20160112,11, 1,2,       1801 ,,135151,135151,135151802700,1,,,,,,0,723,85000,128,722,8000,128
1100,20160112,11, 1,2,       1801 ,,135152,135152,135152005300,1,,,,,,0,723,85000,128,722,7000,128
1100,20160112,11, 1,2,       1801 ,,135152,135152,135152499800,1,,,,,,0,723,85000,128,722,5000,128
1100,20160112,11, 1,2,       1801 ,,135157,135157,135157320000,1,,,,,,0,723,87000,128,722,5000,128
1100,20160112,11, 1,2,       1801 ,,135157,135157,135157330200,1,,,,,,0,723,87000,128,722,3000,128
1100,20160112,11, 1,2,       1801 ,,135157,135157,135157338600,1,,,,,,0,723,87000,128,722,4000,128
1100,20160112,11, 1,2,       1801 ,,135157,135157,135157343400,1,,,,,,0,723,87000,128,722,3000,128
1100,20160112,11, 1,2,       1801 ,,135157,135157,135157592000,1,,,,,,0,723,87000,128,722,5000,128
1100,20160112,11, 1,2,       1801 ,,135158,135158,135158409700,1,,,,,,0,723,85000,128,722,5000,128
1100,20160112,11, 1,2,       1801 ,,135158,135158,135158888500,1,,,,,,0,723,85000,128,722,6000,128
1100,20160112,11, 1,2,       1801 ,,135200,135200,135200571100,1,,,,,,0,723,84000,128,722,6000,128
1100,20160112,11, 1,2,       1801 ,,135205,135205,135205960100,1,,,,,,0,723,85000,128,722,6000,128
1100,20160112,11, 1,2,       1801 ,,135207,135207,135207750500,1,,,,,,0,723,84000,128,722,6000,128
1100,20160112,11, 1,2,       1801 ,,135208,135208,135208757700,1,,,,,,0,723,84000,128,722,7000,128
1100,20160112,11, 1,2,       1801 ,,135209,135209,135209626900,1,,,,,,0,723,74000,128,722,7000,128
1100,20160112,11, 1,2,       1801 ,,135216,135216,135216836000,1,,,,,,0,723,74000,128,722,8000,128
1100,20160112,11, 1,2,       1801 ,,135216,135216,135216837400,1,,,,,,0,723,74000,128,722,11000,128
1100,20160112,11, 1,2,       1801 ,,135216,135216,135216840400,1,,,,,,0,723,74000,128,722,13000,128
1100,20160112,11, 1,2,       1801 ,,135216,135216,135216853000,1,,,,,,0,723,73000,128,722,13000,128
1100,20160112,11, 1,2,       1801 ,,135218,135218,135218650500,1,,,,,,0,723,72000,128,722,13000,128
1100,20160112,11, 1,2,       1801 ,,135218,135218,135218769800,1,,,,,,0,723,72000,128,722,15000,128
1100,20160112,11, 1,2,       1801 ,,135218,135218,135218843000,1,,,,,,0,723,72000,128,722,16000,128
1100,20160112,11, 1,2,       1801 ,,135218,135218,135218944400,1,,,,,,0,723,78000,128,722,16000,128
1100,20160112,11, 1,2,       1801 ,,135219,135219,135219036000,1,,,,,,0,723,76000,128,722,16000,128
1100,20160112,11, 1,2,       1801 ,,135220,135220,135220946300,1,,,,,,0,723,76000,128,722,18000,128
1100,20160112,11, 1,2,       1801 ,,135224,135224,135224252700,1,,,,,,0,723,76000,128,722,17000,128
1100,20160112,11, 1,2,       1801 ,,135226,135226,135226641100,1,,,,,,0,723,77000,128,722,17000,128
1100,20160112,11, 1,2,       1801 ,,135226,135226,135226731700,1,,,,,,0,723,76000,128,722,17000,128
1100,20160112,11, 1,2,       1801 ,,135226,135226,135226762000,1,,,,,,0,723,77000,128,722,17000,128
1100,20160112,11, 1,2,       1801 ,,135226,135226,135226793000,1,,,,,,0,723,76000,128,722,17000,128
1100,20160112,11, 1,2,       1801 ,,135227,135227,135227509600,1,,,,,,0,723,77000,128,722,17000,128
1100,20160112,11, 1,2,       1801 ,,135227,135227,135227511200,1,,,,,,0,723,77000,128,722,18000,128
1100,20160112,11, 1,2,       1801 ,,135227,135227,135227511800,1,,,,,,0,723,78000,128,722,18000,128
1100,20160112,11, 1,2,       1801 ,,135227,135227,135227855300,1,,,,,,0,723,79000,128,722,18000,128
1100,20160112,11, 1,2,       1801 ,,135228,135228,135228351000,1,,,,,,0,723,78000,128,722,18000,128
1100,20160112,11, 1,2,       1801 ,,135233,135233,135233531300,1,,,,,,0,723,79000,128,722,18000,128
1100,20160112,11, 1,2,       1801 ,135233,135233,135233,135233672800,1,722,16,0,2000,0,0,723,79000,128,722,16000,128
1100,20160112,11, 1,2,       1801 ,,135233,135233,135233674900,1,,,,,,0,723,73000,128,722,16000,128
1100,20160112,11, 1,2,       1801 ,,135233,135233,135233675600,1,,,,,,0,723,73000,128,722,14000,128
1100,20160112,11, 1,2,       1801 ,,135233,135233,135233769300,1,,,,,,0,723,73000,128,722,15000,128
1100,20160112,11, 1,2,       1801 ,,135234,135234,135234382600,1,,,,,,0,723,73000,128,722,16000,128
1100,20160112,11, 1,2,       1801 ,,135234,135234,135234383800,1,,,,,,0,723,72000,128,722,16000,128
1100,20160112,11, 1,2,       1801 ,,135236,135236,135236416700,1,,,,,,0,723,73000,128,722,16000,128
1100,20160112,11, 1,2,       1801 ,,135236,135236,135236418000,1,,,,,,0,723,73000,128,722,13000,128
1100,20160112,11, 1,2,       1801 ,,135236,135236,135236419200,1,,,,,,0,723,74000,128,722,13000,128
1100,20160112,11, 1,2,       1801 ,,135236,135236,135236420500,1,,,,,,0,723,74000,128,722,11000,128
1100,20160112,11, 1,2,       1801 ,,135237,135237,135237409200,1,,,,,,0,723,74000,128,722,10000,128
1100,20160112,11, 1,2,       1801 ,,135237,135237,135237473000,1,,,,,,0,723,74000,128,722,9000,128
1100,20160112,11, 1,2,       1801 ,,135238,135238,135238280800,1,,,,,,0,723,73000,128,722,9000,128
1100,20160112,11, 1,2,       1801 ,135238,135238,135238,135238637200,1,722,16,0,2000,0,0,723,73000,128,722,7000,128
1100,20160112,11, 1,2,       1801 ,,135238,135238,135238638900,1,,,,,,0,723,74000,128,722,7000,128
1100,20160112,11, 1,2,       1801 ,,135238,135238,135238639600,1,,,,,,0,723,74000,128,722,8000,128
1100,20160112,11, 1,2,       1801 ,,135238,135238,135238976400,1,,,,,,0,723,74000,128,722,7000,128
1100,20160112,11, 1,2,       1801 ,,135239,135239,135239620300,1,,,,,,0,723,73000,128,722,7000,128
1100,20160112,11, 1,2,       1801 ,,135240,135240,135240738800,1,,,,,,0,723,73000,128,722,8000,128
1100,20160112,11, 1,2,       1801 ,,135241,135241,135241925400,1,,,,,,0,723,73000,128,722,7000,128
1100,20160112,11, 1,2,       1801 ,,135243,135243,135243849200,1,,,,,,0,723,74000,128,722,7000,128
1100,20160112,11, 1,2,       1801 ,,135243,135243,135243851100,1,,,,,,0,723,75000,128,722,7000,128
1100,20160112,11, 1,2,       1801 ,,135244,135244,135244570900,1,,,,,,0,723,74000,128,722,7000,128
1100,20160112,11, 1,2,       1801 ,,135254,135254,135254551200,1,,,,,,0,723,75000,128,722,7000,128
1100,20160112,11, 1,2,       1801 ,,135254,135254,135254572000,1,,,,,,0,723,77000,128,722,7000,128
1100,20160112,11, 1,2,       1801 ,135254,135254,135254,135254588900,1,722,16,0,3000,0,0,723,77000,128,722,4000,128
1100,20160112,11, 1,2,       1801 ,135254,135254,135254,135254591100,1,722,16,0,1000,0,0,723,77000,128,722,3000,128
1100,20160112,11, 1,2,       1801 ,,135254,135254,135254592100,1,,,,,,0,723,77000,128,722,2000,128
1100,20160112,11, 1,2,       1801 ,135254,135254,135254,135254592800,1,722,16,0,2000,0,0,723,77000,128,721,105000,128
1100,20160112,11, 1,2,       1801 ,,135254,135254,135254594900,1,,,,,,0,723,79000,128,721,105000,128
1100,20160112,11, 1,2,       1801 ,,135254,135254,135254669000,1,,,,,,0,723,77000,128,721,105000,128
1100,20160112,11, 1,2,       1801 ,,135254,135254,135254685500,1,,,,,,0,723,77000,128,721,101000,128
1100,20160112,11, 1,2,       1801 ,,135256,135256,135256601900,1,,,,,,0,723,79000,128,721,101000,128
1100,20160112,11, 1,2,       1801 ,,135256,135256,135256719800,1,,,,,,0,723,79000,128,721,100000,128
1100,20160112,11, 1,2,       1801 ,,135256,135256,135256741300,1,,,,,,0,723,79000,128,721,99000,128
1100,20160112,11, 1,2,       1801 ,,135256,135256,135256869500,1,,,,,,0,723,79000,128,721,110000,128
1100,20160112,11, 1,2,       1801 ,,135256,135256,135256870600,1,,,,,,0,723,78000,128,721,110000,128
1100,20160112,11, 1,2,       1801 ,,135258,135258,135258980600,1,,,,,,0,723,79000,128,721,110000,128
1100,20160112,11, 1,2,       1801 ,,135308,135308,135308420100,1,,,,,,0,723,79000,128,722,7000,128
1100,20160112,11, 1,2,       1801 ,,135308,135308,135308421400,1,,,,,,0,723,78000,128,722,7000,128
1100,20160112,11, 1,2,       1801 ,,135308,135308,135308422100,1,,,,,,0,723,76000,128,722,7000,128
1100,20160112,11, 1,2,       1801 ,,135308,135308,135308422900,1,,,,,,0,723,76000,128,722,9000,128
1100,20160112,11, 1,2,       1801 ,,135308,135308,135308423500,1,,,,,,0,723,76000,128,722,10000,128
1100,20160112,11, 1,2,       1801 ,,135308,135308,135308425600,1,,,,,,0,723,76000,128,722,13000,128
1100,20160112,11, 1,2,       1801 ,,135308,135308,135308426200,1,,,,,,0,723,74000,128,722,13000,128
1100,20160112,11, 1,2,       1801 ,,135308,135308,135308435500,1,,,,,,0,723,70000,128,722,13000,128
1100,20160112,11, 1,2,       1801 ,,135308,135308,135308948100,1,,,,,,0,723,70000,128,722,16000,128
1100,20160112,11, 1,2,       1801 ,,135310,135310,135310000800,1,,,,,,0,723,70000,128,722,18000,128
1100,20160112,11, 1,2,       1801 ,,135310,135310,135310001600,1,,,,,,0,723,65000,128,722,18000,128
1100,20160112,11, 1,2,       1801 ,,135310,135310,135310002900,1,,,,,,0,723,65000,128,722,20000,128
1100,20160112,11, 1,2,       1801 ,,135310,135310,135310022600,1,,,,,,0,723,64000,128,722,20000,128
1100,20160112,11, 1,2,       1801 ,,135310,135310,135310112400,1,,,,,,0,723,65000,128,722,20000,128
1100,20160112,11, 1,2,       1801 ,,135310,135310,135310356300,1,,,,,,0,723,64000,128,722,20000,128
1100,20160112,11, 1,2,       1801 ,,135311,135311,135311154200,1,,,,,,0,723,60000,128,722,20000,128
1100,20160112,11, 1,2,       1801 ,,135311,135311,135311164000,1,,,,,,0,723,60000,128,722,22000,128
1100,20160112,11, 1,2,       1801 ,,135311,135311,135311165800,1,,,,,,0,723,60000,128,722,23000,128
1100,20160112,11, 1,2,       1801 ,,135311,135311,135311167900,1,,,,,,0,723,59000,128,722,23000,128
1100,20160112,11, 1,2,       1801 ,,135314,135314,135314847100,1,,,,,,0,723,59000,128,722,22000,128
1100,20160112,11, 1,2,       1801 ,,135314,135314,135314963300,1,,,,,,0,723,59000,128,722,23000,128
1100,20160112,11, 1,2,       1801 ,,135314,135314,135314964700,1,,,,,,0,723,59000,128,722,28000,128
1100,20160112,11, 1,2,       1801 ,,135315,135315,135315074100,1,,,,,,0,723,59000,128,722,26000,128
1100,20160112,11, 1,2,       1801 ,,135315,135315,135315081600,1,,,,,,0,723,60000,128,722,26000,128
1100,20160112,11, 1,2,       1801 ,,135315,135315,135315192000,1,,,,,,0,723,59000,128,722,26000,128
1100,20160112,11, 1,2,       1801 ,,135316,135316,135316195300,1,,,,,,0,723,59000,128,722,27000,128
1100,20160112,11, 1,2,       1801 ,,135316,135316,135316198300,1,,,,,,0,723,59000,128,722,29000,128
1100,20160112,11, 1,2,       1801 ,,135316,135316,135316213100,1,,,,,,0,723,59000,128,722,30000,128
1100,20160112,11, 1,2,       1801 ,,135316,135316,135316231100,1,,,,,,0,723,59000,128,722,31000,128
1100,20160112,11, 1,2,       1801 ,,135316,135316,135316452900,1,,,,,,0,723,59000,128,722,32000,128
1100,20160112,11, 1,2,       1801 ,,135317,135317,135317933900,1,,,,,,0,723,59000,128,722,33000,128
1100,20160112,11, 1,2,       1801 ,,135319,135319,135319094800,1,,,,,,0,723,59000,128,722,32000,128
1100,20160112,11, 1,2,       1801 ,,135319,135319,135319161600,1,,,,,,0,723,60000,128,722,32000,128
1100,20160112,11, 1,2,       1801 ,,135319,135319,135319186400,1,,,,,,0,723,59000,128,722,32000,128
1100,20160112,11, 1,2,       1801 ,,135320,135320,135320741200,1,,,,,,0,723,60000,128,722,32000,128
1100,20160112,11, 1,2,       1801 ,,135321,135321,135321781700,1,,,,,,0,723,59000,128,722,32000,128
1100,20160112,11, 1,2,       1801 ,,135324,135324,135324805100,1,,,,,,0,723,60000,128,722,32000,128
1100,20160112,11, 1,2,       1801 ,,135324,135324,135324807400,1,,,,,,0,723,60000,128,722,31000,128
1100,20160112,11, 1,2,       1801 ,,135330,135330,135330005800,1,,,,,,0,723,41000,128,722,31000,128
1100,20160112,11, 1,2,       1801 ,,135330,135330,135330065200,1,,,,,,0,723,41000,128,722,32000,128
1100,20160112,11, 1,2,       1801 ,,135330,135330,135330483100,1,,,,,,0,723,41000,128,722,31000,128
1100,20160112,11, 1,2,       1801 ,,135330,135330,135330543000,1,,,,,,0,723,42000,128,722,31000,128
1100,20160112,11, 1,2,       1801 ,,135330,135330,135330772400,1,,,,,,0,723,41000,128,722,31000,128
1100,20160112,11, 1,2,       1801 ,,135330,135330,135330829200,1,,,,,,0,723,41000,128,722,32000,128
1100,20160112,11, 1,2,       1801 ,,135333,135333,135333230800,1,,,,,,0,723,40000,128,722,32000,128
1100,20160112,11, 1,2,       1801 ,,135333,135333,135333874800,1,,,,,,0,723,40000,128,722,31000,128
1100,20160112,11, 1,2,       1801 ,,135335,135335,135335116100,1,,,,,,0,723,40000,128,722,32000,128
1100,20160112,11, 1,2,       1801 ,,135335,135335,135335117900,1,,,,,,0,723,40000,128,722,33000,128
1100,20160112,11, 1,2,       1801 ,,135336,135336,135336524700,1,,,,,,0,723,40000,128,722,32000,128
1100,20160112,11, 1,2,       1801 ,,135336,135336,135336526400,1,,,,,,0,723,40000,128,722,33000,128
1100,20160112,11, 1,2,       1801 ,,135336,135336,135336918300,1,,,,,,0,723,41000,128,722,33000,128
1100,20160112,11, 1,2,       1801 ,,135341,135341,135341055100,1,,,,,,0,723,48000,128,722,33000,128
1100,20160112,11, 1,2,       1801 ,,135341,135341,135341056400,1,,,,,,0,723,48000,128,722,28000,128
1100,20160112,11, 1,2,       1801 ,,135341,135341,135341057200,1,,,,,,0,723,53000,128,722,28000,128
1100,20160112,11, 1,2,       1801 ,,135341,135341,135341058600,1,,,,,,0,723,57000,128,722,28000,128
1100,20160112,11, 1,2,       1801 ,,135341,135341,135341784700,1,,,,,,0,723,57000,128,722,27000,128
1100,20160112,11, 1,2,       1801 ,,135342,135342,135342112900,1,,,,,,0,723,57000,128,722,25000,128
1100,20160112,11, 1,2,       1801 ,,135342,135342,135342194000,1,,,,,,0,723,57000,128,722,23000,128
1100,20160112,11, 1,2,       1801 ,,135344,135344,135344768600,1,,,,,,0,723,57000,128,722,25000,128
1100,20160112,11, 1,2,       1801 ,,135347,135347,135347649900,1,,,,,,0,723,57000,128,722,27000,128
1100,20160112,11, 1,2,       1801 ,,135347,135347,135347651500,1,,,,,,0,723,58000,128,722,27000,128
1100,20160112,11, 1,2,       1801 ,,135347,135347,135347922300,1,,,,,,0,723,58000,128,722,30000,128
1100,20160112,11, 1,2,       1801 ,,135347,135347,135347923500,1,,,,,,0,723,57000,128,722,30000,128
1100,20160112,11, 1,2,       1801 ,,135359,135359,135359697000,1,,,,,,0,723,60000,128,722,30000,128
1100,20160112,11, 1,2,       1801 ,,135402,135402,135402431800,1,,,,,,0,723,61000,128,722,30000,128
1100,20160112,11, 1,2,       1801 ,,135403,135403,135403262700,1,,,,,,0,723,64000,128,722,30000,128
1100,20160112,11, 1,2,       1801 ,,135403,135403,135403263900,1,,,,,,0,723,64000,128,722,29000,128
1100,20160112,11, 1,2,       1801 ,,135403,135403,135403528100,1,,,,,,0,723,65000,128,722,29000,128
1100,20160112,11, 1,2,       1801 ,,135404,135404,135404333400,1,,,,,,0,723,65000,128,722,31000,128
1100,20160112,11, 1,2,       1801 ,,135404,135404,135404480000,1,,,,,,0,723,65000,128,722,32000,128
1100,20160112,11, 1,2,       1801 ,,135408,135408,135408617600,1,,,,,,0,723,65000,128,722,33000,128
1100,20160112,11, 1,2,       1801 ,,135409,135409,135409335800,1,,,,,,0,723,65000,128,722,31000,128
1100,20160112,11, 1,2,       1801 ,,135409,135409,135409336600,1,,,,,,0,723,64000,128,722,31000,128
1100,20160112,11, 1,2,       1801 ,135411,135411,135411,135411080000,1,723,48,0,7000,0,0,723,57000,128,722,24000,128
1100,20160112,11, 1,2,       1801 ,,135411,135411,135411082300,1,,,,,,0,723,57000,128,722,24000,128
1100,20160112,11, 1,2,       1801 ,,135411,135411,135411913900,1,,,,,,0,723,57000,128,722,23000,128
1100,20160112,11, 1,2,       1801 ,,135413,135413,135413946500,1,,,,,,0,723,54000,128,722,23000,128
1100,20160112,11, 1,2,       1801 ,,135413,135413,135413947900,1,,,,,,0,723,55000,128,722,23000,128
1100,20160112,11, 1,2,       1801 ,,135413,135413,135413948600,1,,,,,,0,723,55000,128,722,24000,128
1100,20160112,11, 1,2,       1801 ,,135414,135414,135414886300,1,,,,,,0,723,55000,128,722,25000,128
1100,20160112,11, 1,2,       1801 ,,135414,135414,135414887500,1,,,,,,0,723,54000,128,722,25000,128
1100,20160112,11, 1,2,       1801 ,,135414,135414,135414888200,1,,,,,,0,723,54000,128,722,26000,128
1100,20160112,11, 1,2,       1801 ,,135419,135419,135419827400,1,,,,,,0,723,52000,128,722,26000,128
1100,20160112,11, 1,2,       1801 ,,135421,135421,135421373100,1,,,,,,0,723,51000,128,722,26000,128
1100,20160112,11, 1,2,       1801 ,,135421,135421,135421377300,1,,,,,,0,723,53000,128,722,26000,128
1100,20160112,11, 1,2,       1801 ,,135421,135421,135421382900,1,,,,,,0,723,53000,128,722,27000,128
1100,20160112,11, 1,2,       1801 ,,135421,135421,135421519400,1,,,,,,0,723,49000,128,722,27000,128
1100,20160112,11, 1,2,       1801 ,,135421,135421,135421521500,1,,,,,,0,723,42000,128,722,27000,128
1100,20160112,11, 1,2,       1801 ,,135421,135421,135421523000,1,,,,,,0,723,42000,128,722,28000,128
1100,20160112,11, 1,2,       1801 ,,135423,135423,135423680000,1,,,,,,0,723,37000,128,722,28000,128
1100,20160112,11, 1,2,       1801 ,135432,135432,135432,135432682700,1,723,48,0,1000,0,0,723,36000,128,722,28000,128
1100,20160112,11, 1,2,       1801 ,,135432,135432,135433120300,1,,,,,,0,723,36000,128,722,28000,128
1100,20160112,11, 1,2,       1801 ,,135444,135444,135444241000,1,,,,,,0,723,36000,128,722,27000,128
1100,20160112,11, 1,2,       1801 ,,135448,135448,135448021200,1,,,,,,0,723,36000,128,722,28000,128
1100,20160112,11, 1,2,       1801 ,,135448,135448,135448822300,1,,,,,,0,723,32000,128,722,28000,128
1100,20160112,11, 1,2,       1801 ,,135451,135451,135451953700,1,,,,,,0,723,32000,128,722,27000,128
1100,20160112,11, 1,2,       1801 ,,135451,135451,135451980700,1,,,,,,0,723,33000,128,722,27000,128
1100,20160112,11, 1,2,       1801 ,,135453,135453,135453979200,1,,,,,,0,723,32000,128,722,27000,128
1100,20160112,11, 1,2,       1801 ,,135453,135453,135453981000,1,,,,,,0,723,37000,128,722,27000,128
1100,20160112,11, 1,2,       1801 ,,135454,135454,135454131100,1,,,,,,0,723,37000,128,722,28000,128
1100,20160112,11, 1,2,       1801 ,,135456,135456,135456907400,1,,,,,,0,723,37000,128,722,27000,128
1100,20160112,11, 1,2,       1801 ,,135456,135456,135456913100,1,,,,,,0,723,41000,128,722,27000,128
1100,20160112,11, 1,2,       1801 ,,135458,135458,135458260500,1,,,,,,0,723,42000,128,722,27000,128
1100,20160112,11, 1,2,       1801 ,,135501,135501,135501172400,1,,,,,,0,723,41000,128,722,27000,128
1100,20160112,11, 1,2,       1801 ,,135501,135501,135501481400,1,,,,,,0,723,41000,128,722,28000,128
1100,20160112,11, 1,2,       1801 ,,135508,135508,135508564400,1,,,,,,0,723,41000,128,722,27000,128
1100,20160112,11, 1,2,       1801 ,,135508,135508,135508566700,1,,,,,,0,723,41000,128,722,32000,128
1100,20160112,11, 1,2,       1801 ,,135508,135508,135508568000,1,,,,,,0,723,36000,128,722,32000,128
1100,20160112,11, 1,2,       1801 ,,135508,135508,135508762200,1,,,,,,0,723,37000,128,722,32000,128
1100,20160112,11, 1,2,       1801 ,,135509,135509,135509123800,1,,,,,,0,723,37000,128,722,33000,128
1100,20160112,11, 1,2,       1801 ,,135512,135512,135512385600,1,,,,,,0,723,37000,128,722,32000,128
1100,20160112,11, 1,2,       1801 ,,135513,135513,135513352300,1,,,,,,0,723,38000,128,722,32000,128
1100,20160112,11, 1,2,       1801 ,,135513,135513,135513849600,1,,,,,,0,723,38000,128,722,33000,128
1100,20160112,11, 1,2,       1801 ,,135516,135516,135516161700,1,,,,,,0,723,38000,128,722,32000,128
1100,20160112,11, 1,2,       1801 ,,135516,135516,135516836700,1,,,,,,0,723,38000,128,722,33000,128
1100,20160112,11, 1,2,       1801 ,,135521,135521,135521026300,1,,,,,,0,723,38000,128,722,32000,128
1100,20160112,11, 1,2,       1801 ,,135521,135521,135521027800,1,,,,,,0,723,38000,128,722,43000,128
1100,20160112,11, 1,2,       1801 ,,135521,135521,135521927000,1,,,,,,0,723,38000,128,722,44000,128
1100,20160112,11, 1,2,       1801 ,,135521,135521,135521928500,1,,,,,,0,723,34000,128,722,44000,128
1100,20160112,11, 1,2,       1801 ,,135527,135527,135527483400,1,,,,,,0,723,34000,128,722,43000,128
1100,20160112,11, 1,2,       1801 ,,135527,135527,135527494300,1,,,,,,0,723,35000,128,722,43000,128
1100,20160112,11, 1,2,       1801 ,,135527,135527,135527507800,1,,,,,,0,723,40000,128,722,43000,128
1100,20160112,11, 1,2,       1801 ,,135527,135527,135527508600,1,,,,,,0,723,40000,128,722,38000,128
1100,20160112,11, 1,2,       1801 ,,135529,135529,135529764600,1,,,,,,0,723,40000,128,722,27000,128
1100,20160112,11, 1,2,       1801 ,,135529,135529,135529766100,1,,,,,,0,723,44000,128,722,27000,128
1100,20160112,11, 1,2,       1801 ,,135529,135529,135529767300,1,,,,,,0,723,45000,128,722,27000,128
1100,20160112,11, 1,2,       1801 ,,135529,135529,135529769200,1,,,,,,0,723,45000,128,722,26000,128
1100,20160112,11, 1,2,       1801 ,,135531,135531,135531485500,1,,,,,,0,723,45000,128,722,24000,128
1100,20160112,11, 1,2,       1801 ,,135531,135531,135531500900,1,,,,,,0,723,45000,128,722,22000,128
1100,20160112,11, 1,2,       1801 ,,135532,135532,135532602700,1,,,,,,0,723,45000,128,722,24000,128
1100,20160112,11, 1,2,       1801 ,,135532,135532,135532928000,1,,,,,,0,723,45000,128,722,23000,128
1100,20160112,11, 1,2,       1801 ,,135533,135533,135533911400,1,,,,,,0,723,55000,128,722,23000,128
1100,20160112,11, 1,2,       1801 ,,135540,135540,135540117500,1,,,,,,0,723,62000,128,722,23000,128
1100,20160112,11, 1,2,       1801 ,,135540,135540,135540118800,1,,,,,,0,723,62000,128,722,22000,128
1100,20160112,11, 1,2,       1801 ,,135545,135545,135545636300,1,,,,,,0,723,62000,128,722,23000,128
1100,20160112,11, 1,2,       1801 ,,135551,135551,135551580700,1,,,,,,0,723,62000,128,722,25000,128
1100,20160112,11, 1,2,       1801 ,,135553,135553,135553150500,1,,,,,,0,723,57000,128,722,25000,128
1100,20160112,11, 1,2,       1801 ,,135553,135553,135553153000,1,,,,,,0,723,56000,128,722,25000,128
1100,20160112,11, 1,2,       1801 ,,135553,135553,135553154000,1,,,,,,0,723,56000,128,722,30000,128
1100,20160112,11, 1,2,       1801 ,,135553,135553,135553155400,1,,,,,,0,723,56000,128,722,31000,128
1100,20160112,11, 1,2,       1801 ,,135553,135553,135553904700,1,,,,,,0,723,56000,128,722,32000,128
1100,20160112,11, 1,2,       1801 ,,135554,135554,135554789100,1,,,,,,0,723,56000,128,722,31000,128
1100,20160112,11, 1,2,       1801 ,,135555,135555,135555074000,1,,,,,,0,723,56000,128,722,32000,128
1100,20160112,11, 1,2,       1801 ,,135555,135555,135555109700,1,,,,,,0,723,56000,128,722,33000,128
1100,20160112,11, 1,2,       1801 ,,135555,135555,135555781000,1,,,,,,0,723,56000,128,722,34000,128
1100,20160112,11, 1,2,       1801 ,,135556,135556,135556590300,1,,,,,,0,723,52000,128,722,34000,128
1100,20160112,11, 1,2,       1801 ,,135556,135556,135556591800,1,,,,,,0,723,51000,128,722,34000,128
1100,20160112,11, 1,2,       1801 ,135558,135558,135558,135558266700,1,723,48,0,1000,0,0,723,50000,128,722,33000,128
1100,20160112,11, 1,2,       1801 ,,135558,135558,135558319200,1,,,,,,0,723,50000,128,722,33000,128
1100,20160112,11, 1,2,       1801 ,,135558,135558,135558663600,1,,,,,,0,723,51000,128,722,33000,128
1100,20160112,11, 1,2,       1801 ,,135600,135600,135600282400,1,,,,,,0,723,51000,128,722,44000,128
1100,20160112,11, 1,2,       1801 ,,135602,135602,135602441600,1,,,,,,0,723,50000,128,722,44000,128
1100,20160112,11, 1,2,       1801 ,,135602,135602,135602459500,1,,,,,,0,723,43000,128,722,44000,128
1100,20160112,11, 1,2,       1801 ,,135602,135602,135602556700,1,,,,,,0,723,44000,128,722,44000,128
1100,20160112,11, 1,2,       1801 ,,135603,135603,135603703200,1,,,,,,0,723,44000,128,722,43000,128
1100,20160112,11, 1,2,       1801 ,,135604,135604,135604328500,1,,,,,,0,723,44000,128,722,44000,128
1100,20160112,11, 1,2,       1801 ,,135604,135604,135604451500,1,,,,,,0,723,44000,128,722,43000,128
1100,20160112,11, 1,2,       1801 ,,135605,135605,135605321500,1,,,,,,0,723,44000,128,722,44000,128
1100,20160112,11, 1,2,       1801 ,,135608,135608,135608002500,1,,,,,,0,723,44000,128,722,43000,128
1100,20160112,11, 1,2,       1801 ,,135608,135608,135608772800,1,,,,,,0,723,45000,128,722,43000,128
1100,20160112,11, 1,2,       1801 ,,135608,135608,135608793300,1,,,,,,0,723,45000,128,722,44000,128
1100,20160112,11, 1,2,       1801 ,,135609,135609,135609706600,1,,,,,,0,723,36000,128,722,44000,128
1100,20160112,11, 1,2,       1801 ,,135610,135610,135610787300,1,,,,,,0,723,36000,128,722,33000,128
1100,20160112,11, 1,2,       1801 ,,135612,135612,135612417300,1,,,,,,0,723,36000,128,722,44000,128
1100,20160112,11, 1,2,       1801 ,,135615,135615,135615022900,1,,,,,,0,723,35000,128,722,44000,128
1100,20160112,11, 1,2,       1801 ,,135615,135615,135615069900,1,,,,,,0,723,35000,128,722,45000,128
1100,20160112,11, 1,2,       1801 ,,135615,135615,135615072000,1,,,,,,0,723,33000,128,722,45000,128
1100,20160112,11, 1,2,       1801 ,135615,135615,135615,135615079400,1,723,48,0,1000,0,0,723,32000,128,722,45000,128
1100,20160112,11, 1,2,       1801 ,,135615,135615,135615114500,1,,,,,,0,723,31000,128,722,45000,128
1100,20160112,11, 1,2,       1801 ,,135615,135615,135615632700,1,,,,,,0,723,31000,128,722,47000,128
1100,20160112,11, 1,2,       1801 ,,135618,135618,135618169600,1,,,,,,0,723,32000,128,722,47000,128
1100,20160112,11, 1,2,       1801 ,,135621,135621,135621941500,1,,,,,,0,723,32000,128,722,46000,128
1100,20160112,11, 1,2,       1801 ,,135623,135623,135623141500,1,,,,,,0,723,32000,128,722,47000,128
1100,20160112,11, 1,2,       1801 ,,135623,135623,135623172300,1,,,,,,0,723,31000,128,722,47000,128
1100,20160112,11, 1,2,       1801 ,,135623,135623,135623173000,1,,,,,,0,723,31000,128,722,46000,128
1100,20160112,11, 1,2,       1801 ,,135623,135623,135623831100,1,,,,,,0,723,31000,128,722,45000,128
1100,20160112,11, 1,2,       1801 ,,135623,135623,135623911000,1,,,,,,0,723,32000,128,722,45000,128
1100,20160112,11, 1,2,       1801 ,,135625,135625,135625889600,1,,,,,,0,723,31000,128,722,45000,128
1100,20160112,11, 1,2,       1801 ,,135625,135625,135625891200,1,,,,,,0,723,31000,128,722,46000,128
1100,20160112,11, 1,2,       1801 ,,135627,135627,135627099600,1,,,,,,0,723,32000,128,722,46000,128
1100,20160112,11, 1,2,       1801 ,,135628,135628,135628356200,1,,,,,,0,723,31000,128,722,46000,128
1100,20160112,11, 1,2,       1801 ,,135628,135628,135628832400,1,,,,,,0,723,31000,128,722,50000,128
1100,20160112,11, 1,2,       1801 ,,135630,135630,135630441400,1,,,,,,0,723,32000,128,722,50000,128
1100,20160112,11, 1,2,       1801 ,,135635,135635,135635189800,1,,,,,,0,723,32000,128,722,45000,128
1100,20160112,11, 1,2,       1801 ,,135635,135635,135635192200,1,,,,,,0,723,36000,128,722,45000,128
1100,20160112,11, 1,2,       1801 ,,135635,135635,135635192900,1,,,,,,0,723,41000,128,722,45000,128
1100,20160112,11, 1,2,       1801 ,,135635,135635,135635193500,1,,,,,,0,723,43000,128,722,45000,128
1100,20160112,11, 1,2,       1801 ,,135640,135640,135640193000,1,,,,,,0,723,44000,128,722,45000,128
1100,20160112,11, 1,2,       1801 ,,135641,135641,135641283700,1,,,,,,0,723,44000,128,722,43000,128
1100,20160112,11, 1,2,       1801 ,,135641,135641,135641285900,1,,,,,,0,723,44000,128,722,41000,128
1100,20160112,11, 1,2,       1801 ,,135641,135641,135641318100,1,,,,,,0,723,44000,128,722,43000,128
1100,20160112,11, 1,2,       1801 ,,135641,135641,135641321300,1,,,,,,0,723,44000,128,722,41000,128
1100,20160112,11, 1,2,       1801 ,,135641,135641,135641327700,1,,,,,,0,723,44000,128,722,43000,128
1100,20160112,11, 1,2,       1801 ,,135642,135642,135642701700,1,,,,,,0,723,44000,128,722,32000,128
1100,20160112,11, 1,2,       1801 ,,135642,135642,135642703100,1,,,,,,0,723,45000,128,722,32000,128
1100,20160112,11, 1,2,       1801 ,,135642,135642,135642704300,1,,,,,,0,723,45000,128,722,31000,128
1100,20160112,11, 1,2,       1801 ,,135655,135655,135655691000,1,,,,,,0,723,47000,128,722,31000,128
1100,20160112,11, 1,2,       1801 ,,135655,135655,135655719800,1,,,,,,0,723,45000,128,722,31000,128
1100,20160112,11, 1,2,       1801 ,,135659,135659,135659087900,1,,,,,,0,723,49000,128,722,31000,128
1100,20160112,11, 1,2,       1801 ,,135700,135700,135700145500,1,,,,,,0,723,49000,128,722,29000,128
1100,20160112,11, 1,2,       1801 ,,135700,135700,135700844000,1,,,,,,0,723,49000,128,722,28000,128
1100,20160112,11, 1,2,       1801 ,,135702,135702,135702722100,1,,,,,,0,723,49000,128,722,29000,128
1100,20160112,11, 1,2,       1801 ,,135702,135702,135702842500,1,,,,,,0,723,49000,128,722,30000,128
1100,20160112,11, 1,2,       1801 ,,135704,135704,135704680700,1,,,,,,0,723,49000,128,722,31000,128
1100,20160112,11, 1,2,       1801 ,,135706,135706,135706454600,1,,,,,,0,723,48000,128,722,31000,128
1100,20160112,11, 1,2,       1801 ,135707,135707,135707,135707344900,1,722,16,0,1000,0,0,723,48000,128,722,30000,128
1100,20160112,11, 1,2,       1801 ,,135707,135707,135707428800,1,,,,,,0,723,48000,128,722,31000,128
1100,20160112,11, 1,2,       1801 ,,135710,135710,135710546300,1,,,,,,0,723,44000,128,722,31000,128
1100,20160112,11, 1,2,       1801 ,,135715,135715,135715730400,1,,,,,,0,723,45000,128,722,31000,128
1100,20160112,11, 1,2,       1801 ,,135720,135720,135720860900,1,,,,,,0,723,45000,128,722,33000,128
1100,20160112,11, 1,2,       1801 ,,135720,135720,135720862300,1,,,,,,0,723,45000,128,722,34000,128
1100,20160112,11, 1,2,       1801 ,,135720,135720,135720875500,1,,,,,,0,723,45000,128,722,35000,128
1100,20160112,11, 1,2,       1801 ,,135720,135720,135720879000,1,,,,,,0,723,45000,128,722,40000,128
1100,20160112,11, 1,2,       1801 ,,135720,135720,135720880200,1,,,,,,0,723,44000,128,722,40000,128
1100,20160112,11, 1,2,       1801 ,,135721,135721,135721010300,1,,,,,,0,723,44000,128,722,38000,128
1100,20160112,11, 1,2,       1801 ,,135724,135724,135724382100,1,,,,,,0,723,44000,128,722,40000,128
1100,20160112,11, 1,2,       1801 ,,135725,135725,135725141900,1,,,,,,0,723,44000,128,722,39000,128
1100,20160112,11, 1,2,       1801 ,,135736,135736,135736489800,1,,,,,,0,723,44000,128,722,37000,128
1100,20160112,11, 1,2,       1801 ,,135739,135739,135739430200,1,,,,,,0,723,44000,128,722,39000,128
1100,20160112,11, 1,2,       1801 ,,135744,135744,135744622800,1,,,,,,0,723,44000,128,722,40000,128
1100,20160112,11, 1,2,       1801 ,,135744,135744,135744624200,1,,,,,,0,723,39000,128,722,40000,128
1100,20160112,11, 1,2,       1801 ,,135751,135751,135751131800,1,,,,,,0,723,46000,128,722,40000,128
1100,20160112,11, 1,2,       1801 ,,135752,135752,135752083900,1,,,,,,0,723,46000,128,722,39000,128
1100,20160112,11, 1,2,       1801 ,,135752,135752,135752560600,1,,,,,,0,723,46000,128,722,37000,128
1100,20160112,11, 1,2,       1801 ,,135753,135753,135753566400,1,,,,,,0,723,50000,128,722,37000,128
1100,20160112,11, 1,2,       1801 ,,135753,135753,135753567700,1,,,,,,0,723,50000,128,722,36000,128
1100,20160112,11, 1,2,       1801 ,,135753,135753,135753568400,1,,,,,,0,723,55000,128,722,36000,128
1100,20160112,11, 1,2,       1801 ,,135753,135753,135753573100,1,,,,,,0,723,55000,128,722,35000,128
1100,20160112,11, 1,2,       1801 ,,135753,135753,135753576400,1,,,,,,0,723,55000,128,722,34000,128
1100,20160112,11, 1,2,       1801 ,,135754,135754,135754151200,1,,,,,,0,723,55000,128,722,29000,128
1100,20160112,11, 1,2,       1801 ,,135754,135754,135754190000,1,,,,,,0,723,55000,128,722,27000,128
1100,20160112,11, 1,2,       1801 ,135758,135758,135758,135758351700,1,723,48,0,1000,0,0,723,54000,128,722,26000,128
1100,20160112,11, 1,2,       1801 ,,135758,135758,135758668700,1,,,,,,0,723,54000,128,722,26000,128
1100,20160112,11, 1,2,       1801 ,,135759,135759,135759455200,1,,,,,,0,723,64000,128,722,26000,128
1100,20160112,11, 1,2,       1801 ,,135802,135802,135802477600,1,,,,,,0,723,64000,128,722,27000,128
1100,20160112,11, 1,2,       1801 ,,135803,135803,135803902900,1,,,,,,0,723,64000,128,722,29000,128
1100,20160112,11, 1,2,       1801 ,,135804,135804,135804291000,1,,,,,,0,723,64000,128,722,31000,128
1100,20160112,11, 1,2,       1801 ,,135804,135804,135804303000,1,,,,,,0,723,64000,128,722,32000,128
1100,20160112,11, 1,2,       1801 ,,135804,135804,135804309900,1,,,,,,0,723,59000,128,722,32000,128
1100,20160112,11, 1,2,       1801 ,,135804,135804,135804323600,1,,,,,,0,723,59000,128,722,37000,128
1100,20160112,11, 1,2,       1801 ,,135804,135804,135804357700,1,,,,,,0,723,58000,128,722,37000,128
1100,20160112,11, 1,2,       1801 ,,135806,135806,135806255900,1,,,,,,0,723,59000,128,722,37000,128
1100,20160112,11, 1,2,       1801 ,,135807,135807,135807873400,1,,,,,,0,723,60000,128,722,37000,128
1100,20160112,11, 1,2,       1801 ,,135808,135808,135808791600,1,,,,,,0,723,60000,128,722,38000,128
1100,20160112,11, 1,2,       1801 ,,135809,135809,135809452300,1,,,,,,0,723,59000,128,722,38000,128
1100,20160112,11, 1,2,       1801 ,,135811,135811,135811464400,1,,,,,,0,723,55000,128,722,38000,128
1100,20160112,11, 1,2,       1801 ,,135811,135811,135811472200,1,,,,,,0,723,59000,128,722,38000,128
1100,20160112,11, 1,2,       1801 ,,135811,135811,135811483400,1,,,,,,0,723,55000,128,722,38000,128
1100,20160112,11, 1,2,       1801 ,,135812,135812,135812030700,1,,,,,,0,723,59000,128,722,38000,128
1100,20160112,11, 1,2,       1801 ,,135812,135812,135812112200,1,,,,,,0,723,55000,128,722,38000,128
1100,20160112,11, 1,2,       1801 ,,135812,135812,135812114900,1,,,,,,0,723,60000,128,722,38000,128
1100,20160112,11, 1,2,       1801 ,,135824,135824,135824127800,1,,,,,,0,723,60000,128,722,49000,128
1100,20160112,11, 1,2,       1801 ,,135824,135824,135824129100,1,,,,,,0,723,56000,128,722,49000,128
1100,20160112,11, 1,2,       1801 ,,135824,135824,135824506000,1,,,,,,0,723,56000,128,722,54000,128
1100,20160112,11, 1,2,       1801 ,,135825,135825,135825888600,1,,,,,,0,723,56000,128,722,55000,128
1100,20160112,11, 1,2,       1801 ,,135826,135826,135826996300,1,,,,,,0,723,55000,128,722,55000,128
1100,20160112,11, 1,2,       1801 ,,135827,135827,135827031800,1,,,,,,0,723,54000,128,722,55000,128
1100,20160112,11, 1,2,       1801 ,,135829,135829,135829773900,1,,,,,,0,723,44000,128,722,55000,128
1100,20160112,11, 1,2,       1801 ,,135831,135831,135831514200,1,,,,,,0,723,45000,128,722,55000,128
1100,20160112,11, 1,2,       1801 ,,135833,135833,135833820500,1,,,,,,0,723,45000,128,722,53000,128
1100,20160112,11, 1,2,       1801 ,,135833,135833,135833821400,1,,,,,,0,723,45000,128,722,42000,128
1100,20160112,11, 1,2,       1801 ,,135833,135833,135833822200,1,,,,,,0,723,48000,128,722,42000,128
1100,20160112,11, 1,2,       1801 ,,135833,135833,135833824000,1,,,,,,0,723,48000,128,722,41000,128
1100,20160112,11, 1,2,       1801 ,,135834,135834,135834377000,1,,,,,,0,723,49000,128,722,41000,128
1100,20160112,11, 1,2,       1801 ,,135840,135840,135840205800,1,,,,,,0,723,49000,128,722,42000,128
1100,20160112,11, 1,2,       1801 ,,135846,135846,135846420900,1,,,,,,0,723,49000,128,722,43000,128
1100,20160112,11, 1,2,       1801 ,,135846,135846,135846422200,1,,,,,,0,723,49000,128,722,44000,128
1100,20160112,11, 1,2,       1801 ,,135853,135853,135853345100,1,,,,,,0,723,48000,128,722,44000,128
1100,20160112,11, 1,2,       1801 ,,135854,135854,135854387800,1,,,,,,0,723,49000,128,722,44000,128
1100,20160112,11, 1,2,       1801 ,,135901,135901,135901143000,1,,,,,,0,723,48000,128,722,44000,128
1100,20160112,11, 1,2,       1801 ,,135901,135901,135901502800,1,,,,,,0,723,49000,128,722,44000,128
1100,20160112,11, 1,2,       1801 ,,135903,135903,135903302100,1,,,,,,0,723,49000,128,722,43000,128
1100,20160112,11, 1,2,       1801 ,,135904,135904,135904071500,1,,,,,,0,723,49000,128,722,44000,128
1100,20160112,11, 1,2,       1801 ,,135904,135904,135904836100,1,,,,,,0,723,49000,128,722,43000,128
1100,20160112,11, 1,2,       1801 ,,135904,135904,135904851900,1,,,,,,0,723,49000,128,722,44000,128
1100,20160112,11, 1,2,       1801 ,,135904,135904,135904855700,1,,,,,,0,723,49000,128,722,43000,128
1100,20160112,11, 1,2,       1801 ,,135907,135907,135907617300,1,,,,,,0,723,50000,128,722,43000,128
1100,20160112,11, 1,2,       1801 ,,135908,135908,135908283000,1,,,,,,0,723,50000,128,722,44000,128
1100,20160112,11, 1,2,       1801 ,135908,135908,135908,135908546500,1,723,48,0,10000,0,0,723,40000,128,722,44000,128
1100,20160112,11, 1,2,       1801 ,,135908,135908,135908551700,1,,,,,,0,723,40000,128,722,55000,128
1100,20160112,11, 1,2,       1801 ,,135908,135908,135908556600,1,,,,,,0,723,37000,128,722,55000,128
1100,20160112,11, 1,2,       1801 ,,135910,135910,135910028500,1,,,,,,0,723,37000,128,722,44000,128
1100,20160112,11, 1,2,       1801 ,,135912,135912,135912280200,1,,,,,,0,723,37000,128,722,43000,128
1100,20160112,11, 1,2,       1801 ,,135918,135918,135918564800,1,,,,,,0,723,37000,128,722,44000,128
1100,20160112,11, 1,2,       1801 ,,135920,135920,135920864000,1,,,,,,0,723,32000,128,722,44000,128
1100,20160112,11, 1,2,       1801 ,,135920,135920,135920884700,1,,,,,,0,723,37000,128,722,44000,128
1100,20160112,11, 1,2,       1801 ,,135920,135920,135920994500,1,,,,,,0,723,36000,128,722,44000,128
1100,20160112,11, 1,2,       1801 ,,135921,135921,135921049000,1,,,,,,0,723,31000,128,722,44000,128
1100,20160112,11, 1,2,       1801 ,,135923,135923,135923266800,1,,,,,,0,723,31000,128,722,45000,128
1100,20160112,11, 1,2,       1801 ,,135925,135925,135925696500,1,,,,,,0,723,32000,128,722,45000,128
1100,20160112,11, 1,2,       1801 ,,135930,135930,135930022000,1,,,,,,0,723,31000,128,722,45000,128
1100,20160112,11, 1,2,       1801 ,,135931,135931,135931407800,1,,,,,,0,723,31000,128,722,56000,128
1100,20160112,11, 1,2,       1801 ,,135931,135931,135931409200,1,,,,,,0,723,29000,128,722,56000,128
1100,20160112,11, 1,2,       1801 ,,135931,135931,135931409900,1,,,,,,0,723,27000,128,722,56000,128
1100,20160112,11, 1,2,       1801 ,,135931,135931,135931411000,1,,,,,,0,723,24000,128,722,56000,128
1100,20160112,11, 1,2,       1801 ,,135943,135943,135943185900,1,,,,,,0,723,32000,128,722,56000,128
1100,20160112,11, 1,2,       1801 ,,135943,135943,135943187800,1,,,,,,0,723,34000,128,722,56000,128
1100,20160112,11, 1,2,       1801 ,,135943,135943,135943203300,1,,,,,,0,723,35000,128,722,56000,128
1100,20160112,11, 1,2,       1801 ,,135943,135943,135943207100,1,,,,,,0,723,36000,128,722,56000,128
1100,20160112,11, 1,2,       1801 ,135943,135943,135943,135943969100,1,722,16,0,3000,0,0,723,36000,128,722,53000,128
1100,20160112,11, 1,2,       1801 ,,135943,135943,135943971400,1,,,,,,0,723,38000,128,722,53000,128
1100,20160112,11, 1,2,       1801 ,,135943,135943,135943980500,1,,,,,,0,723,37000,128,722,53000,128
1100,20160112,11, 1,2,       1801 ,135943,135943,135943,135943981200,1,722,16,0,3000,0,0,723,37000,128,722,50000,128
1100,20160112,11, 1,2,       1801 ,,135943,135943,135943982900,1,,,,,,0,723,41000,128,722,50000,128
1100,20160112,11, 1,2,       1801 ,,135943,135943,135943983800,1,,,,,,0,723,42000,128,722,50000,128
1100,20160112,11, 1,2,       1801 ,135943,135943,135943,135943989900,1,722,16,0,1000,0,0,723,42000,128,722,49000,128
1100,20160112,11, 1,2,       1801 ,,135944,135944,135944169900,1,,,,,,0,723,41000,128,722,49000,128
1100,20160112,11, 1,2,       1801 ,,135944,135944,135944171100,1,,,,,,0,723,42000,128,722,49000,128
1100,20160112,11, 1,2,       1801 ,,135945,135945,135945916800,1,,,,,,0,723,42000,128,722,38000,128
1100,20160112,11, 1,2,       1801 ,135947,135947,135947,135947724200,1,723,48,0,1000,0,0,723,41000,128,722,38000,128
1100,20160112,11, 1,2,       1801 ,,135947,135947,135947919300,1,,,,,,0,723,42000,128,722,38000,128
1100,20160112,11, 1,2,       1801 ,,135948,135948,135948181900,1,,,,,,0,723,41000,128,722,38000,128
1100,20160112,11, 1,2,       1801 ,,135949,135949,135949269500,1,,,,,,0,723,42000,128,722,38000,128
1100,20160112,11, 1,2,       1801 ,,135949,135949,135949418300,1,,,,,,0,723,42000,128,722,49000,128
1100,20160112,11, 1,2,       1801 ,,135949,135949,135949419500,1,,,,,,0,723,38000,128,722,49000,128
1100,20160112,11, 1,2,       1801 ,,135949,135949,135949420300,1,,,,,,0,723,37000,128,722,49000,128
1100,20160112,11, 1,2,       1801 ,,135949,135949,135949421100,1,,,,,,0,723,36000,128,722,49000,128
1100,20160112,11, 1,2,       1801 ,,135950,135950,135950444000,1,,,,,,0,723,37000,128,722,49000,128
1100,20160112,11, 1,2,       1801 ,,135950,135950,135950452800,1,,,,,,0,723,36000,128,722,49000,128
1100,20160112,11, 1,2,       1801 ,,135956,135956,135956258600,1,,,,,,0,723,37000,128,722,49000,128
1100,20160112,11, 1,2,       1801 ,,135956,135956,135956259900,1,,,,,,0,723,37000,128,722,52000,128
1100,20160112,11, 1,2,       1801 ,,135956,135956,135956419300,1,,,,,,0,723,37000,128,722,54000,128
1100,20160112,11, 1,2,       1801 ,,135956,135956,135956846800,1,,,,,,0,723,38000,128,722,54000,128
1100,20160112,11, 1,2,       1801 ,,135957,135957,135957527000,1,,,,,,0,723,37000,128,722,54000,128
1100,20160112,11, 1,2,       1801 ,135958,135958,135958,135958305500,1,723,48,0,1000,0,0,723,36000,128,722,53000,128
1100,20160112,11, 1,2,       1801 ,,135958,135958,135958464600,1,,,,,,0,723,36000,128,722,51000,128
1100,20160112,11, 1,2,       1801 ,,135959,135959,135959260400,1,,,,,,0,723,37000,128,722,51000,128
1100,20160112,11, 1,2,       1801 ,,140000,140000,140000137700,1,,,,,,0,723,36000,128,722,51000,128
1100,20160112,11, 1,2,       1801 ,,140000,140000,140000418300,1,,,,,,0,723,37000,128,722,51000,128
1100,20160112,11, 1,2,       1801 ,,140001,140001,140001024400,1,,,,,,0,723,36000,128,722,51000,128
1100,20160112,11, 1,2,       1801 ,,140002,140002,140002382700,1,,,,,,0,723,37000,128,722,51000,128
1100,20160112,11, 1,2,       1801 ,,140003,140003,140003690300,1,,,,,,0,723,37000,128,722,52000,128
1100,20160112,11, 1,2,       1801 ,,140004,140004,140004003400,1,,,,,,0,723,37000,128,722,56000,128
1100,20160112,11, 1,2,       1801 ,,140008,140008,140008663400,1,,,,,,0,723,37000,128,722,57000,128
1100,20160112,11, 1,2,       1801 ,,140013,140013,140013771300,1,,,,,,0,723,36000,128,722,57000,128
1100,20160112,11, 1,2,       1801 ,,140014,140014,140014286200,1,,,,,,0,723,34000,128,722,57000,128
1100,20160112,11, 1,2,       1801 ,,140014,140014,140014317000,1,,,,,,0,723,33000,128,722,57000,128
1100,20160112,11, 1,2,       1801 ,,140014,140014,140014564000,1,,,,,,0,723,28000,128,722,57000,128
1100,20160112,11, 1,2,       1801 ,,140014,140014,140014568400,1,,,,,,0,723,26000,128,722,57000,128
1100,20160112,11, 1,2,       1801 ,,140014,140014,140014575500,1,,,,,,0,723,24000,128,722,57000,128
1100,20160112,11, 1,2,       1801 ,,140014,140014,140014601600,1,,,,,,0,723,24000,128,722,58000,128
1100,20160112,11, 1,2,       1801 ,140014,140014,140014,140014603000,1,723,48,0,2000,0,0,723,22000,128,722,58000,128
1100,20160112,11, 1,2,       1801 ,140014,140014,140014,140014611100,1,723,48,0,11000,0,0,723,11000,128,722,58000,128
1100,20160112,11, 1,2,       1801 ,140014,140014,140014,140014618700,1,723,48,0,1000,0,0,723,10000,128,722,58000,128
1100,20160112,11, 1,2,       1801 ,140014,140014,140014,140014621000,1,723,48,0,10000,0,0,724,64000,128,722,58000,128
1100,20160112,11, 1,2,       1801 ,,140014,140014,140014624800,1,,,,,,0,724,64000,128,723,2000,128
1100,20160112,11, 1,2,       1801 ,,140014,140014,140014631100,1,,,,,,0,724,64000,128,723,5000,128
1100,20160112,11, 1,2,       1801 ,,140014,140014,140014636600,1,,,,,,0,724,64000,128,723,6000,128
1100,20160112,11, 1,2,       1801 ,,140014,140014,140014642500,1,,,,,,0,724,64000,128,723,16000,128
1100,20160112,11, 1,2,       1801 ,,140014,140014,140014644200,1,,,,,,0,724,64000,128,723,18000,128
1100,20160112,11, 1,2,       1801 ,,140014,140014,140014652300,1,,,,,,0,724,64000,128,723,19000,128
1100,20160112,11, 1,2,       1801 ,,140014,140014,140014661500,1,,,,,,0,724,58000,128,723,19000,128
1100,20160112,11, 1,2,       1801 ,,140014,140014,140014664500,1,,,,,,0,724,58000,128,723,25000,128
1100,20160112,11, 1,2,       1801 ,,140014,140014,140014670300,1,,,,,,0,724,58000,128,723,26000,128
1100,20160112,11, 1,2,       1801 ,,140014,140014,140014672300,1,,,,,,0,724,56000,128,723,26000,128
1100,20160112,11, 1,2,       1801 ,,140014,140014,140014679200,1,,,,,,0,724,58000,128,723,26000,128
1100,20160112,11, 1,2,       1801 ,,140014,140014,140014682800,1,,,,,,0,724,58000,128,723,27000,128
1100,20160112,11, 1,2,       1801 ,,140014,140014,140014687900,1,,,,,,0,724,56000,128,723,27000,128
1100,20160112,11, 1,2,       1801 ,,140014,140014,140014690600,1,,,,,,0,724,55000,128,723,27000,128
1100,20160112,11, 1,2,       1801 ,,140014,140014,140014696900,1,,,,,,0,724,55000,128,723,29000,128
1100,20160112,11, 1,2,       1801 ,,140014,140014,140014708700,1,,,,,,0,724,50000,128,723,29000,128
1100,20160112,11, 1,2,       1801 ,,140014,140014,140014835100,1,,,,,,0,724,46000,128,723,29000,128
1100,20160112,11, 1,2,       1801 ,,140014,140014,140014861400,1,,,,,,0,724,46000,128,723,31000,128
1100,20160112,11, 1,2,       1801 ,,140014,140014,140014918200,1,,,,,,0,724,45000,128,723,31000,128
1100,20160112,11, 1,2,       1801 ,,140014,140014,140014923400,1,,,,,,0,724,41000,128,723,31000,128
1100,20160112,11, 1,2,       1801 ,,140014,140014,140014932400,1,,,,,,0,724,36000,128,723,31000,128
1100,20160112,11, 1,2,       1801 ,,140015,140015,140015197900,1,,,,,,0,724,36000,128,723,32000,128
1100,20160112,11, 1,2,       1801 ,,140015,140015,140015199900,1,,,,,,0,724,25000,128,723,32000,128
1100,20160112,11, 1,2,       1801 ,,140015,140015,140015202000,1,,,,,,0,724,25000,128,723,43000,128
1100,20160112,11, 1,2,       1801 ,,140015,140015,140015202700,1,,,,,,0,724,25000,128,723,46000,128
1100,20160112,11, 1,2,       1801 ,,140015,140015,140015204100,1,,,,,,0,724,25000,128,723,47000,128
1100,20160112,11, 1,2,       1801 ,,140015,140015,140015204700,1,,,,,,0,724,23000,128,723,47000,128
1100,20160112,11, 1,2,       1801 ,,140015,140015,140015207900,1,,,,,,0,724,23000,128,723,48000,128
1100,20160112,11, 1,2,       1801 ,,140015,140015,140015222100,1,,,,,,0,724,23000,128,723,49000,128
1100,20160112,11, 1,2,       1801 ,,140015,140015,140015223800,1,,,,,,0,724,21000,128,723,49000,128
1100,20160112,11, 1,2,       1801 ,,140015,140015,140015349200,1,,,,,,0,724,21000,128,723,48000,128
1100,20160112,11, 1,2,       1801 ,,140016,140016,140016088400,1,,,,,,0,724,21000,128,723,50000,128
1100,20160112,11, 1,2,       1801 ,,140016,140016,140016089500,1,,,,,,0,724,20000,128,723,50000,128
1100,20160112,11, 1,2,       1801 ,,140016,140016,140016308700,1,,,,,,0,724,20000,128,723,51000,128
1100,20160112,11, 1,2,       1801 ,,140016,140016,140016346900,1,,,,,,0,724,20000,128,723,52000,128
1100,20160112,11, 1,2,       1801 ,,140017,140017,140017957600,1,,,,,,0,724,16000,128,723,52000,128
1100,20160112,11, 1,2,       1801 ,140017,140017,140017,140017958900,1,724,48,0,2000,0,0,724,14000,128,723,52000,128
1100,20160112,11, 1,2,       1801 ,,140017,140017,140017960100,1,,,,,,0,724,14000,128,723,50000,128
1100,20160112,11, 1,2,       1801 ,,140017,140017,140017960900,1,,,,,,0,724,14000,128,723,55000,128
1100,20160112,11, 1,2,       1801 ,140017,140017,140017,140017961600,1,724,48,0,5000,0,0,724,9000,128,723,55000,128
1100,20160112,11, 1,2,       1801 ,,140017,140017,140017962800,1,,,,,,0,724,9000,128,723,56000,128
1100,20160112,11, 1,2,       1801 ,,140017,140017,140017964200,1,,,,,,0,724,7000,128,723,56000,128
1100,20160112,11, 1,2,       1801 ,,140017,140017,140017965000,1,,,,,,0,724,7000,128,723,55000,128
1100,20160112,11, 1,2,       1801 ,,140017,140017,140017966800,1,,,,,,0,724,8000,128,723,55000,128
1100,20160112,11, 1,2,       1801 ,,140017,140017,140017972900,1,,,,,,0,724,8000,128,723,59000,128
1100,20160112,11, 1,2,       1801 ,,140018,140018,140018010400,1,,,,,,0,724,8000,128,723,60000,128
1100,20160112,11, 1,2,       1801 ,,140018,140018,140018140100,1,,,,,,0,724,10000,128,723,60000,128
1100,20160112,11, 1,2,       1801 ,,140019,140019,140019226700,1,,,,,,0,724,11000,128,723,60000,128
1100,20160112,11, 1,2,       1801 ,,140019,140019,140019227800,1,,,,,,0,724,11000,128,723,59000,128
1100,20160112,11, 1,2,       1801 ,,140020,140020,140020086800,1,,,,,,0,724,15000,128,723,59000,128
1100,20160112,11, 1,2,       1801 ,,140020,140020,140020103900,1,,,,,,0,724,11000,128,723,59000,128
1100,20160112,11, 1,2,       1801 ,,140021,140021,140021800500,1,,,,,,0,724,11000,128,723,49000,128
1100,20160112,11, 1,2,       1801 ,140024,140024,140024,140024646800,1,724,48,0,1000,0,0,724,10000,128,723,49000,128
1100,20160112,11, 1,2,       1801 ,,140026,140026,140026588800,1,,,,,,0,724,10000,128,723,49000,128
1100,20160112,11, 1,2,       1801 ,,140027,140027,140027539000,1,,,,,,0,724,10000,128,723,53000,128
1100,20160112,11, 1,2,       1801 ,,140027,140027,140027540600,1,,,,,,0,724,8000,128,723,53000,128
1100,20160112,11, 1,2,       1801 ,140028,140028,140028,140028583200,1,724,48,0,1000,0,0,724,7000,128,723,53000,128
1100,20160112,11, 1,2,       1801 ,140028,140028,140028,140028584700,1,724,48,0,7000,0,0,725,91000,128,723,53000,128
1100,20160112,11, 1,2,       1801 ,,140028,140028,140028586600,1,,,,,,0,725,91000,128,724,2000,128
1100,20160112,11, 1,2,       1801 ,,140028,140028,140028589700,1,,,,,,0,725,88000,128,724,2000,128
1100,20160112,11, 1,2,       1801 ,,140028,140028,140028590400,1,,,,,,0,725,88000,128,724,3000,128
1100,20160112,11, 1,2,       1801 ,,140028,140028,140028593300,1,,,,,,0,725,82000,128,724,3000,128
1100,20160112,11, 1,2,       1801 ,,140028,140028,140028594800,1,,,,,,0,725,84000,128,724,3000,128
1100,20160112,11, 1,2,       1801 ,140028,140028,140028,140028596200,1,724,16,0,2000,0,0,725,84000,128,724,1000,128
1100,20160112,11, 1,2,       1801 ,140028,140028,140028,140028597200,1,724,16,0,1000,0,0,725,84000,128,723,61000,128
1100,20160112,11, 1,2,       1801 ,,140028,140028,140028600200,1,,,,,,0,725,84000,128,723,61000,128
1100,20160112,11, 1,2,       1801 ,,140028,140028,140028601700,1,,,,,,0,725,84000,128,723,65000,128
1100,20160112,11, 1,2,       1801 ,,140028,140028,140028602400,1,,,,,,0,725,79000,128,723,65000,128
1100,20160112,11, 1,2,       1801 ,,140028,140028,140028603200,1,,,,,,0,725,79000,128,724,2000,128
1100,20160112,11, 1,2,       1801 ,,140028,140028,140028607500,1,,,,,,0,725,79000,128,724,3000,128
1100,20160112,11, 1,2,       1801 ,,140028,140028,140028608700,1,,,,,,0,725,77000,128,724,3000,128
1100,20160112,11, 1,2,       1801 ,140028,140028,140028,140028610300,1,724,16,0,1000,0,0,725,77000,128,724,2000,128
1100,20160112,11, 1,2,       1801 ,,140028,140028,140028611500,1,,,,,,0,725,77000,128,724,2000,128
1100,20160112,11, 1,2,       1801 ,,140028,140028,140028615100,1,,,,,,0,725,73000,128,724,2000,128
1100,20160112,11, 1,2,       1801 ,,140028,140028,140028615800,1,,,,,,0,725,73000,128,724,4000,128
1100,20160112,11, 1,2,       1801 ,,140028,140028,140028616500,1,,,,,,0,725,73000,128,724,5000,128
1100,20160112,11, 1,2,       1801 ,,140028,140028,140028617100,1,,,,,,0,725,73000,128,724,6000,128
1100,20160112,11, 1,2,       1801 ,,140028,140028,140028620400,1,,,,,,0,725,75000,128,724,6000,128
1100,20160112,11, 1,2,       1801 ,,140028,140028,140028631000,1,,,,,,0,725,75000,128,724,7000,128
1100,20160112,11, 1,2,       1801 ,,140028,140028,140028639600,1,,,,,,0,725,75000,128,724,9000,128
1100,20160112,11, 1,2,       1801 ,,140028,140028,140028813600,1,,,,,,0,725,75000,128,724,11000,128
1100,20160112,11, 1,2,       1801 ,,140028,140028,140028815400,1,,,,,,0,725,70000,128,724,11000,128
1100,20160112,11, 1,2,       1801 ,,140028,140028,140028816700,1,,,,,,0,725,69000,128,724,11000,128
1100,20160112,11, 1,2,       1801 ,,140029,140029,140029149200,1,,,,,,0,725,70000,128,724,11000,128
1100,20160112,11, 1,2,       1801 ,140029,140029,140029,140029316400,1,724,16,0,2000,0,0,725,70000,128,724,9000,128
1100,20160112,11, 1,2,       1801 ,,140029,140029,140029325100,1,,,,,,0,725,70000,128,724,9000,128
1100,20160112,11, 1,2,       1801 ,,140029,140029,140029471200,1,,,,,,0,725,70000,128,724,10000,128
1100,20160112,11, 1,2,       1801 ,,140029,140029,140029472700,1,,,,,,0,725,70000,128,724,12000,128
1100,20160112,11, 1,2,       1801 ,,140029,140029,140029473800,1,,,,,,0,725,68000,128,724,12000,128
1100,20160112,11, 1,2,       1801 ,,140030,140030,140030176000,1,,,,,,0,725,78000,128,724,12000,128
1100,20160112,11, 1,2,       1801 ,,140031,140031,140031640500,1,,,,,,0,725,78000,128,724,10000,128
1100,20160112,11, 1,2,       1801 ,140031,140031,140031,140031650700,1,724,16,0,4000,0,0,725,78000,128,724,6000,128
1100,20160112,11, 1,2,       1801 ,140031,140031,140031,140031652100,1,724,16,0,6000,0,0,725,78000,128,723,61000,128
1100,20160112,11, 1,2,       1801 ,,140031,140031,140031653400,1,,,,,,0,724,1000,128,723,61000,128
1100,20160112,11, 1,2,       1801 ,,140031,140031,140031655000,1,,,,,,0,724,3000,128,723,61000,128
1100,20160112,11, 1,2,       1801 ,,140031,140031,140031656400,1,,,,,,0,724,3000,128,723,60000,128
1100,20160112,11, 1,2,       1801 ,,140031,140031,140031663800,1,,,,,,0,724,5000,128,723,60000,128
1100,20160112,11, 1,2,       1801 ,,140031,140031,140031672800,1,,,,,,0,724,11000,128,723,60000,128
1100,20160112,11, 1,2,       1801 ,,140031,140031,140031675300,1,,,,,,0,724,12000,128,723,60000,128
1100,20160112,11, 1,2,       1801 ,,140031,140031,140031676400,1,,,,,,0,724,13000,128,723,60000,128
1100,20160112,11, 1,2,       1801 ,,140031,140031,140031680800,1,,,,,,0,724,17000,128,723,60000,128
1100,20160112,11, 1,2,       1801 ,,140031,140031,140031681500,1,,,,,,0,724,19000,128,723,60000,128
1100,20160112,11, 1,2,       1801 ,,140031,140031,140031682200,1,,,,,,0,724,19000,128,723,55000,128
1100,20160112,11, 1,2,       1801 ,,140031,140031,140031683100,1,,,,,,0,724,20000,128,723,55000,128
1100,20160112,11, 1,2,       1801 ,,140031,140031,140031684500,1,,,,,,0,724,18000,128,723,55000,128
1100,20160112,11, 1,2,       1801 ,,140031,140031,140031685900,1,,,,,,0,724,18000,128,723,53000,128
1100,20160112,11, 1,2,       1801 ,,140031,140031,140031687000,1,,,,,,0,724,22000,128,723,53000,128
1100,20160112,11, 1,2,       1801 ,,140031,140031,140031688000,1,,,,,,0,724,21000,128,723,53000,128
1100,20160112,11, 1,2,       1801 ,,140031,140031,140031689900,1,,,,,,0,724,21000,128,723,49000,128
1100,20160112,11, 1,2,       1801 ,,140031,140031,140031692700,1,,,,,,0,724,21000,128,723,46000,128
1100,20160112,11, 1,2,       1801 ,,140031,140031,140031706700,1,,,,,,0,724,23000,128,723,46000,128
1100,20160112,11, 1,2,       1801 ,,140031,140031,140031715200,1,,,,,,0,724,23000,128,723,41000,128
1100,20160112,11, 1,2,       1801 ,,140031,140031,140031758800,1,,,,,,0,724,24000,128,723,41000,128
1100,20160112,11, 1,2,       1801 ,140031,140031,140031,140031931500,1,723,16,0,1000,0,0,724,24000,128,723,40000,128
1100,20160112,11, 1,2,       1801 ,,140031,140031,140031934000,1,,,,,,0,724,24000,128,723,39000,128
1100,20160112,11, 1,2,       1801 ,,140033,140033,140033045600,1,,,,,,0,724,24000,128,723,40000,128
1100,20160112,11, 1,2,       1801 ,,140033,140033,140033047000,1,,,,,,0,724,25000,128,723,40000,128
1100,20160112,11, 1,2,       1801 ,,140033,140033,140033091600,1,,,,,,0,724,24000,128,723,40000,128
1100,20160112,11, 1,2,       1801 ,,140033,140033,140033093200,1,,,,,,0,724,26000,128,723,40000,128
1100,20160112,11, 1,2,       1801 ,140033,140033,140033,140033704700,1,723,16,0,7000,0,0,724,26000,128,723,33000,128
1100,20160112,11, 1,2,       1801 ,,140033,140033,140033707700,1,,,,,,0,724,26000,128,723,33000,128
1100,20160112,11, 1,2,       1801 ,,140033,140033,140033708500,1,,,,,,0,724,26000,128,723,32000,128
1100,20160112,11, 1,2,       1801 ,,140033,140033,140033709300,1,,,,,,0,724,27000,128,723,32000,128
1100,20160112,11, 1,2,       1801 ,,140033,140033,140033711100,1,,,,,,0,724,27000,128,723,31000,128
1100,20160112,11, 1,2,       1801 ,,140035,140035,140035571800,1,,,,,,0,724,27000,128,723,32000,128
1100,20160112,11, 1,2,       1801 ,,140035,140035,140035573800,1,,,,,,0,724,26000,128,723,32000,128
1100,20160112,11, 1,2,       1801 ,,140036,140036,140036111800,1,,,,,,0,724,27000,128,723,32000,128
1100,20160112,11, 1,2,       1801 ,,140036,140036,140036491700,1,,,,,,0,724,26000,128,723,32000,128
1100,20160112,11, 1,2,       1801 ,,140036,140036,140036741100,1,,,,,,0,724,27000,128,723,32000,128
1100,20160112,11, 1,2,       1801 ,,140036,140036,140036744800,1,,,,,,0,724,27000,128,723,28000,128
1100,20160112,11, 1,2,       1801 ,,140036,140036,140036746800,1,,,,,,0,724,27000,128,723,27000,128
1100,20160112,11, 1,2,       1801 ,140041,140041,140041,140041441900,1,724,48,0,1000,0,0,724,26000,128,723,27000,128
1100,20160112,11, 1,2,       1801 ,,140041,140041,140041444100,1,,,,,,0,724,26000,128,723,27000,128
1100,20160112,11, 1,2,       1801 ,,140041,140041,140041504300,1,,,,,,0,724,26000,128,723,26000,128
1100,20160112,11, 1,2,       1801 ,,140041,140041,140041505900,1,,,,,,0,724,26000,128,723,30000,128
1100,20160112,11, 1,2,       1801 ,,140041,140041,140041980100,1,,,,,,0,724,26000,128,723,31000,128
1100,20160112,11, 1,2,       1801 ,,140041,140041,140041994000,1,,,,,,0,724,26000,128,723,30000,128
1100,20160112,11, 1,2,       1801 ,,140042,140042,140042451900,1,,,,,,0,724,26000,128,723,19000,128
1100,20160112,11, 1,2,       1801 ,,140042,140042,140042453900,1,,,,,,0,724,31000,128,723,19000,128
1100,20160112,11, 1,2,       1801 ,,140046,140046,140046358000,1,,,,,,0,724,42000,128,723,19000,128
1100,20160112,11, 1,2,       1801 ,,140046,140046,140046359300,1,,,,,,0,724,42000,128,723,14000,128
1100,20160112,11, 1,2,       1801 ,,140046,140046,140046360100,1,,,,,,0,724,42000,128,723,12000,128
1100,20160112,11, 1,2,       1801 ,,140046,140046,140046360900,1,,,,,,0,724,42000,128,723,14000,128
1100,20160112,11, 1,2,       1801 ,,140046,140046,140046363000,1,,,,,,0,724,42000,128,723,13000,128
1100,20160112,11, 1,2,       1801 ,,140046,140046,140046381800,1,,,,,,0,724,42000,128,723,14000,128
1100,20160112,11, 1,2,       1801 ,,140046,140046,140046561000,1,,,,,,0,724,42000,128,723,13000,128
1100,20160112,11, 1,2,       1801 ,,140046,140046,140046576900,1,,,,,,0,724,42000,128,723,14000,128
1100,20160112,11, 1,2,       1801 ,,140058,140058,140058341600,1,,,,,,0,724,44000,128,723,14000,128
1100,20160112,11, 1,2,       1801 ,,140100,140100,140100349100,1,,,,,,0,724,44000,128,723,13000,128
1100,20160112,11, 1,2,       1801 ,,140101,140101,140101540200,1,,,,,,0,724,48000,128,723,13000,128
1100,20160112,11, 1,2,       1801 ,,140103,140103,140103382200,1,,,,,,0,724,48000,128,723,14000,128
1100,20160112,11, 1,2,       1801 ,,140105,140105,140105756100,1,,,,,,0,724,48000,128,723,13000,128
1100,20160112,11, 1,2,       1801 ,,140105,140105,140105830000,1,,,,,,0,724,49000,128,723,13000,128
1100,20160112,11, 1,2,       1801 ,,140108,140108,140108257900,1,,,,,,0,724,49000,128,723,14000,128
1100,20160112,11, 1,2,       1801 ,,140111,140111,140111376500,1,,,,,,0,724,49000,128,723,13000,128
1100,20160112,11, 1,2,       1801 ,,140111,140111,140111733200,1,,,,,,0,724,49000,128,723,14000,128
1100,20160112,11, 1,2,       1801 ,,140115,140115,140115753400,1,,,,,,0,724,49000,128,723,13000,128
1100,20160112,11, 1,2,       1801 ,,140116,140116,140116004300,1,,,,,,0,724,49000,128,723,12000,128
1100,20160112,11, 1,2,       1801 ,140116,140116,140116,140116006900,1,723,16,0,12000,0,0,724,49000,128,722,74000,128
1100,20160112,11, 1,2,       1801 ,,140116,140116,140116010600,1,,,,,,0,724,49000,128,722,73000,128
1100,20160112,11, 1,2,       1801 ,,140116,140116,140116013900,1,,,,,,0,723,2000,128,722,73000,128
1100,20160112,11, 1,2,       1801 ,,140116,140116,140116016200,1,,,,,,0,723,3000,128,722,73000,128
1100,20160112,11, 1,2,       1801 ,,140116,140116,140116019100,1,,,,,,0,723,3000,128,722,71000,128
1100,20160112,11, 1,2,       1801 ,,140116,140116,140116025000,1,,,,,,0,723,4000,128,722,71000,128
1100,20160112,11, 1,2,       1801 ,,140116,140116,140116026500,1,,,,,,0,723,4000,128,722,69000,128
1100,20160112,11, 1,2,       1801 ,,140116,140116,140116031900,1,,,,,,0,723,6000,128,722,69000,128
1100,20160112,11, 1,2,       1801 ,140116,140116,140116,140116037200,1,723,48,0,2000,0,0,723,4000,128,722,69000,128
1100,20160112,11, 1,2,       1801 ,,140116,140116,140116039300,1,,,,,,0,723,6000,128,722,69000,128
1100,20160112,11, 1,2,       1801 ,140116,140116,140116,140116040300,1,723,48,0,2000,0,0,723,4000,128,722,69000,128
1100,20160112,11, 1,2,       1801 ,,140116,140116,140116042200,1,,,,,,0,723,4000,128,722,63000,128
1100,20160112,11, 1,2,       1801 ,,140116,140116,140116044800,1,,,,,,0,723,5000,128,722,63000,128
1100,20160112,11, 1,2,       1801 ,,140116,140116,140116062600,1,,,,,,0,723,5000,128,722,59000,128
1100,20160112,11, 1,2,       1801 ,,140116,140116,140116066100,1,,,,,,0,723,5000,128,722,54000,128
1100,20160112,11, 1,2,       1801 ,140116,140116,140116,140116086700,1,723,48,0,1000,0,0,723,4000,128,722,54000,128
1100,20160112,11, 1,2,       1801 ,,140116,140116,140116099200,1,,,,,,0,723,4000,128,722,54000,128
1100,20160112,11, 1,2,       1801 ,,140116,140116,140116119500,1,,,,,,0,723,4000,128,722,56000,128
1100,20160112,11, 1,2,       1801 ,,140116,140116,140116149800,1,,,,,,0,723,5000,128,722,56000,128
1100,20160112,11, 1,2,       1801 ,140116,140116,140116,140116180200,1,723,48,0,1000,0,0,723,4000,128,722,56000,128
1100,20160112,11, 1,2,       1801 ,,140116,140116,140116389900,1,,,,,,0,723,4000,128,722,56000,128
1100,20160112,11, 1,2,       1801 ,,140116,140116,140116391900,1,,,,,,0,723,6000,128,722,56000,128
1100,20160112,11, 1,2,       1801 ,,140116,140116,140116903800,1,,,,,,0,723,6000,128,722,55000,128
1100,20160112,11, 1,2,       1801 ,,140117,140117,140117155300,1,,,,,,0,723,6000,128,722,54000,128
1100,20160112,11, 1,2,       1801 ,,140117,140117,140117690500,1,,,,,,0,723,5000,128,722,54000,128
1100,20160112,11, 1,2,       1801 ,,140119,140119,140119430100,1,,,,,,0,723,5000,128,722,52000,128
1100,20160112,11, 1,2,       1801 ,,140119,140119,140119483500,1,,,,,,0,723,6000,128,722,52000,128
1100,20160112,11, 1,2,       1801 ,,140119,140119,140119511700,1,,,,,,0,723,6000,128,722,51000,128
1100,20160112,11, 1,2,       1801 ,,140119,140119,140119514000,1,,,,,,0,723,6000,128,722,49000,128
1100,20160112,11, 1,2,       1801 ,,140119,140119,140119515300,1,,,,,,0,723,8000,128,722,49000,128
1100,20160112,11, 1,2,       1801 ,,140120,140120,140120344300,1,,,,,,0,723,8000,128,722,38000,128
1100,20160112,11, 1,2,       1801 ,,140121,140121,140121736300,1,,,,,,0,723,19000,128,722,38000,128
1100,20160112,11, 1,2,       1801 ,,140121,140121,140121737900,1,,,,,,0,723,21000,128,722,38000,128
1100,20160112,11, 1,2,       1801 ,,140121,140121,140121738600,1,,,,,,0,723,26000,128,722,38000,128
1100,20160112,11, 1,2,       1801 ,,140121,140121,140121740100,1,,,,,,0,723,26000,128,722,35000,128
1100,20160112,11, 1,2,       1801 ,,140122,140122,140122033000,1,,,,,,0,723,26000,128,722,30000,128
1100,20160112,11, 1,2,       1801 ,,140123,140123,140123742600,1,,,,,,0,723,26000,128,722,31000,128
1100,20160112,11, 1,2,       1801 ,,140125,140125,140125052000,1,,,,,,0,723,26000,128,722,32000,128
1100,20160112,11, 1,2,       1801 ,,140130,140130,140130211900,1,,,,,,0,723,27000,128,722,32000,128
1100,20160112,11, 1,2,       1801 ,,140130,140130,140130213300,1,,,,,,0,723,30000,128,722,32000,128
1100,20160112,11, 1,2,       1801 ,,140130,140130,140130213900,1,,,,,,0,723,35000,128,722,32000,128
1100,20160112,11, 1,2,       1801 ,,140130,140130,140130721400,1,,,,,,0,723,35000,128,722,31000,128
1100,20160112,11, 1,2,       1801 ,,140130,140130,140130732500,1,,,,,,0,723,35000,128,722,29000,128
1100,20160112,11, 1,2,       1801 ,,140132,140132,140132570800,1,,,,,,0,723,35000,128,722,30000,128
1100,20160112,11, 1,2,       1801 ,,140139,140139,140139510100,1,,,,,,0,723,35000,128,722,32000,128
1100,20160112,11, 1,2,       1801 ,,140144,140144,140144994100,1,,,,,,0,723,35000,128,722,33000,128
1100,20160112,11, 1,2,       1801 ,,140145,140145,140145092100,1,,,,,,0,723,34000,128,722,33000,128
1100,20160112,11, 1,2,       1801 ,,140148,140148,140148005800,1,,,,,,0,723,53000,128,722,33000,128
1100,20160112,11, 1,2,       1801 ,,140154,140154,140154314300,1,,,,,,0,723,55000,128,722,33000,128
1100,20160112,11, 1,2,       1801 ,,140154,140154,140154315500,1,,,,,,0,723,56000,128,722,33000,128
1100,20160112,11, 1,2,       1801 ,,140156,140156,140156782800,1,,,,,,0,723,56000,128,722,32000,128
1100,20160112,11, 1,2,       1801 ,,140156,140156,140156886900,1,,,,,,0,723,57000,128,722,32000,128
1100,20160112,11, 1,2,       1801 ,,140157,140157,140157420500,1,,,,,,0,723,56000,128,722,32000,128
1100,20160112,11, 1,2,       1801 ,,140157,140157,140157805700,1,,,,,,0,723,56000,128,722,33000,128
1100,20160112,11, 1,2,       1801 ,,140204,140204,140204028500,1,,,,,,0,723,56000,128,722,32000,128
1100,20160112,11, 1,2,       1801 ,,140204,140204,140204038700,1,,,,,,0,723,56000,128,722,33000,128
1100,20160112,11, 1,2,       1801 ,,140205,140205,140205115300,1,,,,,,0,723,56000,128,722,32000,128
1100,20160112,11, 1,2,       1801 ,,140205,140205,140205537900,1,,,,,,0,723,56000,128,722,33000,128
1100,20160112,11, 1,2,       1801 ,,140205,140205,140205993400,1,,,,,,0,723,56000,128,722,32000,128
1100,20160112,11, 1,2,       1801 ,,140206,140206,140206103000,1,,,,,,0,723,56000,128,722,33000,128
1100,20160112,11, 1,2,       1801 ,,140206,140206,140206104800,1,,,,,,0,723,56000,128,722,38000,128
1100,20160112,11, 1,2,       1801 ,140206,140206,140206,140206252400,1,722,16,0,1000,0,0,723,56000,128,722,37000,128
1100,20160112,11, 1,2,       1801 ,,140206,140206,140206601300,1,,,,,,0,723,56000,128,722,36000,128
1100,20160112,11, 1,2,       1801 ,,140206,140206,140206919900,1,,,,,,0,723,56000,128,722,37000,128
1100,20160112,11, 1,2,       1801 ,,140207,140207,140207046700,1,,,,,,0,723,57000,128,722,37000,128
1100,20160112,11, 1,2,       1801 ,,140207,140207,140207048800,1,,,,,,0,723,57000,128,722,36000,128
1100,20160112,11, 1,2,       1801 ,,140207,140207,140207515300,1,,,,,,0,723,57000,128,722,35000,128
1100,20160112,11, 1,2,       1801 ,,140209,140209,140209319600,1,,,,,,0,723,57000,128,722,30000,128
1100,20160112,11, 1,2,       1801 ,,140209,140209,140209363400,1,,,,,,0,723,57000,128,722,28000,128
1100,20160112,11, 1,2,       1801 ,,140209,140209,140209364900,1,,,,,,0,723,57000,128,722,25000,128
1100,20160112,11, 1,2,       1801 ,,140209,140209,140209373500,1,,,,,,0,723,57000,128,722,27000,128
1100,20160112,11, 1,2,       1801 ,,140209,140209,140209383600,1,,,,,,0,723,57000,128,722,25000,128
1100,20160112,11, 1,2,       1801 ,,140209,140209,140209385100,1,,,,,,0,723,57000,128,722,26000,128
1100,20160112,11, 1,2,       1801 ,,140210,140210,140210161600,1,,,,,,0,723,57000,128,722,25000,128
1100,20160112,11, 1,2,       1801 ,,140214,140214,140214393200,1,,,,,,0,723,57000,128,722,26000,128
1100,20160112,11, 1,2,       1801 ,,140214,140214,140214522100,1,,,,,,0,723,57000,128,722,27000,128
1100,20160112,11, 1,2,       1801 ,,140219,140219,140219257800,1,,,,,,0,723,57000,128,722,28000,128
1100,20160112,11, 1,2,       1801 ,,140219,140219,140219264700,1,,,,,,0,723,57000,128,722,27000,128
1100,20160112,11, 1,2,       1801 ,,140219,140219,140219937600,1,,,,,,0,723,66000,128,722,27000,128
1100,20160112,11, 1,2,       1801 ,,140220,140220,140220017400,1,,,,,,0,723,66000,128,722,28000,128
1100,20160112,11, 1,2,       1801 ,,140220,140220,140220028700,1,,,,,,0,723,66000,128,722,27000,128
1100,20160112,11, 1,2,       1801 ,,140220,140220,140220030200,1,,,,,,0,723,66000,128,722,29000,128
1100,20160112,11, 1,2,       1801 ,,140225,140225,140225890800,1,,,,,,0,723,66000,128,722,30000,128
1100,20160112,11, 1,2,       1801 ,,140226,140226,140226391800,1,,,,,,0,723,66000,128,722,29000,128
1100,20160112,11, 1,2,       1801 ,,140227,140227,140227133800,1,,,,,,0,723,66000,128,722,30000,128
1100,20160112,11, 1,2,       1801 ,,140228,140228,140228394800,1,,,,,,0,723,66000,128,722,29000,128
1100,20160112,11, 1,2,       1801 ,,140230,140230,140230842800,1,,,,,,0,723,66000,128,722,30000,128
1100,20160112,11, 1,2,       1801 ,,140231,140231,140231674800,1,,,,,,0,723,66000,128,722,29000,128
1100,20160112,11, 1,2,       1801 ,,140232,140232,140232211600,1,,,,,,0,723,66000,128,722,30000,128
1100,20160112,11, 1,2,       1801 ,,140232,140232,140232668200,1,,,,,,0,723,66000,128,722,29000,128
1100,20160112,11, 1,2,       1801 ,,140237,140237,140237902600,1,,,,,,0,723,66000,128,722,30000,128
1100,20160112,11, 1,2,       1801 ,,140239,140239,140239290200,1,,,,,,0,723,66000,128,722,32000,128
1100,20160112,11, 1,2,       1801 ,,140239,140239,140239291700,1,,,,,,0,723,66000,128,722,36000,128
1100,20160112,11, 1,2,       1801 ,,140239,140239,140239321600,1,,,,,,0,723,65000,128,722,36000,128
1100,20160112,11, 1,2,       1801 ,,140239,140239,140239340400,1,,,,,,0,723,60000,128,722,36000,128
1100,20160112,11, 1,2,       1801 ,,140239,140239,140239610600,1,,,,,,0,723,58000,128,722,36000,128
1100,20160112,11, 1,2,       1801 ,,140239,140239,140239617400,1,,,,,,0,723,58000,128,722,41000,128
1100,20160112,11, 1,2,       1801 ,,140243,140243,140243322100,1,,,,,,0,723,59000,128,722,41000,128
1100,20160112,11, 1,2,       1801 ,,140245,140245,140245412800,1,,,,,,0,723,59000,128,722,42000,128
1100,20160112,11, 1,2,       1801 ,,140248,140248,140248832000,1,,,,,,0,723,60000,128,722,42000,128
1100,20160112,11, 1,2,       1801 ,,140249,140249,140249334600,1,,,,,,0,723,59000,128,722,42000,128
1100,20160112,11, 1,2,       1801 ,,140250,140250,140250402200,1,,,,,,0,723,60000,128,722,42000,128
1100,20160112,11, 1,2,       1801 ,,140251,140251,140251306000,1,,,,,,0,723,60000,128,722,41000,128
1100,20160112,11, 1,2,       1801 ,,140251,140251,140251950400,1,,,,,,0,723,60000,128,722,36000,128
1100,20160112,11, 1,2,       1801 ,,140251,140251,140251952700,1,,,,,,0,723,65000,128,722,36000,128
1100,20160112,11, 1,2,       1801 ,,140251,140251,140251953400,1,,,,,,0,723,65000,128,722,34000,128
1100,20160112,11, 1,2,       1801 ,,140251,140251,140251954700,1,,,,,,0,723,65000,128,722,33000,128
1100,20160112,11, 1,2,       1801 ,,140254,140254,140254858700,1,,,,,,0,723,67000,128,722,33000,128
1100,20160112,11, 1,2,       1801 ,,140256,140256,140256690100,1,,,,,,0,723,67000,128,722,31000,128
1100,20160112,11, 1,2,       1801 ,,140257,140257,140257255300,1,,,,,,0,723,67000,128,722,33000,128
1100,20160112,11, 1,2,       1801 ,,140257,140257,140257258500,1,,,,,,0,723,67000,128,722,31000,128
1100,20160112,11, 1,2,       1801 ,,140257,140257,140257571500,1,,,,,,0,723,67000,128,722,33000,128
1100,20160112,11, 1,2,       1801 ,,140302,140302,140302754400,1,,,,,,0,723,67000,128,722,34000,128
1100,20160112,11, 1,2,       1801 ,,140303,140303,140303151700,1,,,,,,0,723,67000,128,722,33000,128
1100,20160112,11, 1,2,       1801 ,,140303,140303,140303441500,1,,,,,,0,723,67000,128,722,34000,128
1100,20160112,11, 1,2,       1801 ,,140303,140303,140303789000,1,,,,,,0,723,67000,128,722,35000,128
1100,20160112,11, 1,2,       1801 ,,140304,140304,140304008800,1,,,,,,0,723,67000,128,722,37000,128
1100,20160112,11, 1,2,       1801 ,,140304,140304,140304234100,1,,,,,,0,723,67000,128,722,38000,128
1100,20160112,11, 1,2,       1801 ,,140304,140304,140304890600,1,,,,,,0,723,67000,128,722,37000,128
1100,20160112,11, 1,2,       1801 ,,140307,140307,140307811800,1,,,,,,0,723,67000,128,722,38000,128
1100,20160112,11, 1,2,       1801 ,140310,140310,140310,140310514900,1,723,48,0,1000,0,0,723,66000,128,722,38000,128
1100,20160112,11, 1,2,       1801 ,,140310,140310,140310516600,1,,,,,,0,723,66000,128,722,43000,128
1100,20160112,11, 1,2,       1801 ,,140310,140310,140310517200,1,,,,,,0,723,66000,128,722,42000,128
1100,20160112,11, 1,2,       1801 ,,140315,140315,140315720100,1,,,,,,0,723,61000,128,722,42000,128
1100,20160112,11, 1,2,       1801 ,,140315,140315,140315721500,1,,,,,,0,723,60000,128,722,42000,128
1100,20160112,11, 1,2,       1801 ,,140315,140315,140315722300,1,,,,,,0,723,60000,128,722,43000,128
1100,20160112,11, 1,2,       1801 ,,140316,140316,140316940000,1,,,,,,0,723,60000,128,722,44000,128
1100,20160112,11, 1,2,       1801 ,,140319,140319,140319199900,1,,,,,,0,723,61000,128,722,44000,128
1100,20160112,11, 1,2,       1801 ,,140319,140319,140319451600,1,,,,,,0,723,61000,128,722,43000,128
1100,20160112,11, 1,2,       1801 ,,140319,140319,140319999600,1,,,,,,0,723,61000,128,722,44000,128
1100,20160112,11, 1,2,       1801 ,,140321,140321,140321035400,1,,,,,,0,723,61000,128,722,43000,128
1100,20160112,11, 1,2,       1801 ,,140321,140321,140321041100,1,,,,,,0,723,63000,128,722,43000,128
1100,20160112,11, 1,2,       1801 ,,140321,140321,140321044900,1,,,,,,0,723,63000,128,722,41000,128
1100,20160112,11, 1,2,       1801 ,,140321,140321,140321060400,1,,,,,,0,723,63000,128,722,36000,128
1100,20160112,11, 1,2,       1801 ,,140321,140321,140321277000,1,,,,,,0,723,61000,128,722,36000,128
1100,20160112,11, 1,2,       1801 ,,140321,140321,140321512400,1,,,,,,0,723,61000,128,722,38000,128
1100,20160112,11, 1,2,       1801 ,,140321,140321,140321612000,1,,,,,,0,723,61000,128,722,36000,128
1100,20160112,11, 1,2,       1801 ,,140321,140321,140321622300,1,,,,,,0,723,61000,128,722,38000,128
1100,20160112,11, 1,2,       1801 ,,140321,140321,140321772300,1,,,,,,0,723,61000,128,722,36000,128
1100,20160112,11, 1,2,       1801 ,,140323,140323,140323175400,1,,,,,,0,723,61000,128,722,35000,128
1100,20160112,11, 1,2,       1801 ,,140323,140323,140323176800,1,,,,,,0,723,62000,128,722,35000,128
1100,20160112,11, 1,2,       1801 ,,140323,140323,140323177400,1,,,,,,0,723,67000,128,722,35000,128
1100,20160112,11, 1,2,       1801 ,,140326,140326,140326648100,1,,,,,,0,723,67000,128,722,36000,128
1100,20160112,11, 1,2,       1801 ,,140329,140329,140329212900,1,,,,,,0,723,67000,128,722,35000,128
1100,20160112,11, 1,2,       1801 ,,140332,140332,140332440500,1,,,,,,0,723,68000,128,722,35000,128
1100,20160112,11, 1,2,       1801 ,,140334,140334,140334320900,1,,,,,,0,723,68000,128,722,31000,128
1100,20160112,11, 1,2,       1801 ,,140334,140334,140334322300,1,,,,,,0,723,68000,128,722,30000,128
1100,20160112,11, 1,2,       1801 ,,140346,140346,140346040700,1,,,,,,0,723,68000,128,722,31000,128
1100,20160112,11, 1,2,       1801 ,,140346,140346,140346396700,1,,,,,,0,723,68000,128,722,30000,128
1100,20160112,11, 1,2,       1801 ,,140347,140347,140347169900,1,,,,,,0,723,68000,128,722,32000,128
1100,20160112,11, 1,2,       1801 ,,140347,140347,140347171600,1,,,,,,0,723,68000,128,722,36000,128
1100,20160112,11, 1,2,       1801 ,,140347,140347,140347185200,1,,,,,,0,723,68000,128,722,37000,128
1100,20160112,11, 1,2,       1801 ,,140347,140347,140347225200,1,,,,,,0,723,68000,128,722,39000,128
1100,20160112,11, 1,2,       1801 ,,140347,140347,140347353600,1,,,,,,0,723,75000,128,722,39000,128
1100,20160112,11, 1,2,       1801 ,,140347,140347,140347442900,1,,,,,,0,723,75000,128,722,37000,128
1100,20160112,11, 1,2,       1801 ,,140347,140347,140347452100,1,,,,,,0,723,75000,128,722,39000,128
1100,20160112,11, 1,2,       1801 ,,140347,140347,140347462000,1,,,,,,0,723,75000,128,722,37000,128
1100,20160112,11, 1,2,       1801 ,,140347,140347,140347471500,1,,,,,,0,723,75000,128,722,39000,128
1100,20160112,11, 1,2,       1801 ,,140347,140347,140347482500,1,,,,,,0,723,75000,128,722,37000,128
1100,20160112,11, 1,2,       1801 ,,140349,140349,140349312600,1,,,,,,0,723,75000,128,722,36000,128
1100,20160112,11, 1,2,       1801 ,,140401,140401,140401008200,1,,,,,,0,723,75000,128,722,37000,128
1100,20160112,11, 1,2,       1801 ,,140401,140401,140401622000,1,,,,,,0,723,76000,128,722,37000,128
1100,20160112,11, 1,2,       1801 ,,140405,140405,140405577500,1,,,,,,0,723,76000,128,722,38000,128
1100,20160112,11, 1,2,       1801 ,,140407,140407,140407787600,1,,,,,,0,723,76000,128,722,37000,128
1100,20160112,11, 1,2,       1801 ,,140408,140408,140408765900,1,,,,,,0,723,76000,128,722,38000,128
1100,20160112,11, 1,2,       1801 ,,140411,140411,140411492200,1,,,,,,0,723,76000,128,722,37000,128
1100,20160112,11, 1,2,       1801 ,,140420,140420,140420125800,1,,,,,,0,723,77000,128,722,37000,128
1100,20160112,11, 1,2,       1801 ,,140420,140420,140420882600,1,,,,,,0,723,77000,128,722,35000,128
1100,20160112,11, 1,2,       1801 ,,140423,140423,140423308800,1,,,,,,0,723,78000,128,722,35000,128
1100,20160112,11, 1,2,       1801 ,,140431,140431,140431847100,1,,,,,,0,723,78000,128,722,36000,128
1100,20160112,11, 1,2,       1801 ,140439,140439,140439,140439378300,1,722,16,0,1000,0,0,723,78000,128,722,35000,128
1100,20160112,11, 1,2,       1801 ,,140439,140439,140439386100,1,,,,,,0,723,78000,128,722,34000,128
1100,20160112,11, 1,2,       1801 ,,140439,140439,140439387600,1,,,,,,0,723,78000,128,722,30000,128
1100,20160112,11, 1,2,       1801 ,,140443,140443,140443152800,1,,,,,,0,723,78000,128,722,29000,128
1100,20160112,11, 1,2,       1801 ,,140443,140443,140443160800,1,,,,,,0,723,80000,128,722,29000,128
1100,20160112,11, 1,2,       1801 ,,140443,140443,140443180500,1,,,,,,0,723,80000,128,722,28000,128
1100,20160112,11, 1,2,       1801 ,140443,140443,140443,140443488600,1,722,16,0,13000,0,0,723,80000,128,722,15000,128
1100,20160112,11, 1,2,       1801 ,140443,140443,140443,140443491300,1,722,16,0,1000,0,0,723,80000,128,722,14000,128
1100,20160112,11, 1,2,       1801 ,140443,140443,140443,140443492800,1,722,16,0,13000,0,0,723,80000,128,722,1000,128
1100,20160112,11, 1,2,       1801 ,140443,140443,140443,140443495700,1,722,16,0,1000,0,0,722,2000,128,721,113000,128
1100,20160112,11, 1,2,       1801 ,,140443,140443,140443503700,1,,,,,,0,722,2000,128,721,113000,128
1100,20160112,11, 1,2,       1801 ,,140443,140443,140443515300,1,,,,,,0,722,2000,128,721,111000,128
1100,20160112,11, 1,2,       1801 ,,140443,140443,140443521300,1,,,,,,0,722,2000,128,721,109000,128
1100,20160112,11, 1,2,       1801 ,,140443,140443,140443523900,1,,,,,,0,722,2000,128,721,104000,128
1100,20160112,11, 1,2,       1801 ,140443,140443,140443,140443524600,1,722,48,0,2000,0,0,723,90000,128,721,104000,128
1100,20160112,11, 1,2,       1801 ,,140443,140443,140443525600,1,,,,,,0,723,90000,128,721,104000,128
1100,20160112,11, 1,2,       1801 ,,140443,140443,140443526300,1,,,,,,0,723,90000,128,721,98000,128
1100,20160112,11, 1,2,       1801 ,,140443,140443,140443531500,1,,,,,,0,722,1000,128,721,98000,128
1100,20160112,11, 1,2,       1801 ,,140443,140443,140443533900,1,,,,,,0,722,1000,128,721,97000,128
1100,20160112,11, 1,2,       1801 ,,140443,140443,140443534700,1,,,,,,0,722,3000,128,721,97000,128
1100,20160112,11, 1,2,       1801 ,,140443,140443,140443535500,1,,,,,,0,722,7000,128,721,97000,128
1100,20160112,11, 1,2,       1801 ,,140443,140443,140443536100,1,,,,,,0,722,11000,128,721,97000,128
1100,20160112,11, 1,2,       1801 ,140443,140443,140443,140443539600,1,722,48,0,1000,0,0,722,10000,128,721,97000,128
1100,20160112,11, 1,2,       1801 ,,140443,140443,140443540500,1,,,,,,0,722,6000,128,721,97000,128
1100,20160112,11, 1,2,       1801 ,,140443,140443,140443542700,1,,,,,,0,722,8000,128,721,97000,128
1100,20160112,11, 1,2,       1801 ,,140443,140443,140443543400,1,,,,,,0,722,10000,128,721,97000,128
1100,20160112,11, 1,2,       1801 ,,140443,140443,140443544200,1,,,,,,0,722,12000,128,721,97000,128
1100,20160112,11, 1,2,       1801 ,,140443,140443,140443545700,1,,,,,,0,722,10000,128,721,97000,128
1100,20160112,11, 1,2,       1801 ,,140443,140443,140443546500,1,,,,,,0,722,14000,128,721,97000,128
1100,20160112,11, 1,2,       1801 ,,140443,140443,140443552100,1,,,,,,0,722,16000,128,721,97000,128
1100,20160112,11, 1,2,       1801 ,,140443,140443,140443690800,1,,,,,,0,722,16000,128,721,98000,128
1100,20160112,11, 1,2,       1801 ,,140443,140443,140443691900,1,,,,,,0,722,14000,128,721,98000,128
1100,20160112,11, 1,2,       1801 ,,140443,140443,140443693600,1,,,,,,0,722,10000,128,721,98000,128
1100,20160112,11, 1,2,       1801 ,140443,140443,140443,140443695000,1,722,48,0,10000,0,0,723,91000,128,721,98000,128
1100,20160112,11, 1,2,       1801 ,,140443,140443,140443697800,1,,,,,,0,723,90000,128,721,98000,128
1100,20160112,11, 1,2,       1801 ,,140443,140443,140443698600,1,,,,,,0,723,90000,128,722,1000,128
1100,20160112,11, 1,2,       1801 ,140443,140443,140443,140443700400,1,722,16,0,1000,0,0,722,1000,128,721,100000,128
1100,20160112,11, 1,2,       1801 ,140443,140443,140443,140443701300,1,722,48,0,1000,0,0,723,90000,128,722,1000,128
1100,20160112,11, 1,2,       1801 ,,140443,140443,140443702500,1,,,,,,0,723,95000,128,722,1000,128
1100,20160112,11, 1,2,       1801 ,,140443,140443,140443703200,1,,,,,,0,723,95000,128,722,2000,128
1100,20160112,11, 1,2,       1801 ,140443,140443,140443,140443706200,1,722,16,0,2000,0,0,722,2000,128,721,106000,128
1100,20160112,11, 1,2,       1801 ,,140443,140443,140443707000,1,,,,,,0,722,2000,128,721,106000,128
1100,20160112,11, 1,2,       1801 ,140443,140443,140443,140443709300,1,722,48,0,2000,0,0,723,97000,128,721,106000,128
1100,20160112,11, 1,2,       1801 ,,140443,140443,140443710200,1,,,,,,0,723,97000,128,722,1000,128
1100,20160112,11, 1,2,       1801 ,,140443,140443,140443713000,1,,,,,,0,723,99000,128,722,1000,128
1100,20160112,11, 1,2,       1801 ,140443,140443,140443,140443714500,1,722,16,0,1000,0,0,723,99000,128,721,104000,128
1100,20160112,11, 1,2,       1801 ,,140443,140443,140443716200,1,,,,,,0,723,100000,128,721,104000,128
1100,20160112,11, 1,2,       1801 ,,140443,140443,140443771500,1,,,,,,0,723,98000,128,721,104000,128
1100,20160112,11, 1,2,       1801 ,,140443,140443,140443778300,1,,,,,,0,723,97000,128,721,104000,128
1100,20160112,11, 1,2,       1801 ,,140443,140443,140443790300,1,,,,,,0,723,95000,128,721,104000,128
1100,20160112,11, 1,2,       1801 ,,140443,140443,140443848100,1,,,,,,0,722,1000,128,721,104000,128
1100,20160112,11, 1,2,       1801 ,,140443,140443,140443849500,1,,,,,,0,722,1000,128,721,98000,128
1100,20160112,11, 1,2,       1801 ,,140443,140443,140443850400,1,,,,,,0,722,1000,128,721,100000,128
1100,20160112,11, 1,2,       1801 ,,140443,140443,140443851100,1,,,,,,0,722,5000,128,721,100000,128
1100,20160112,11, 1,2,       1801 ,,140443,140443,140443852400,1,,,,,,0,722,6000,128,721,100000,128
1100,20160112,11, 1,2,       1801 ,,140443,140443,140443860300,1,,,,,,0,722,6000,128,721,94000,128
1100,20160112,11, 1,2,       1801 ,,140443,140443,140443862500,1,,,,,,0,722,2000,128,721,94000,128
1100,20160112,11, 1,2,       1801 ,,140443,140443,140443960900,1,,,,,,0,722,4000,128,721,94000,128
1100,20160112,11, 1,2,       1801 ,,140444,140444,140444060600,1,,,,,,0,722,6000,128,721,94000,128
1100,20160112,11, 1,2,       1801 ,,140444,140444,140444069100,1,,,,,,0,722,8000,128,721,94000,128
1100,20160112,11, 1,2,       1801 ,,140444,140444,140444400400,1,,,,,,0,722,6000,128,721,94000,128
1100,20160112,11, 1,2,       1801 ,,140444,140444,140444403700,1,,,,,,0,722,6000,128,721,91000,128
1100,20160112,11, 1,2,       1801 ,,140445,140445,140445200900,1,,,,,,0,722,5000,128,721,91000,128
1100,20160112,11, 1,2,       1801 ,,140445,140445,140445649800,1,,,,,,0,722,5000,128,721,90000,128
1100,20160112,11, 1,2,       1801 ,,140446,140446,140446150900,1,,,,,,0,722,8000,128,721,90000,128
1100,20160112,11, 1,2,       1801 ,,140446,140446,140446858200,1,,,,,,0,722,13000,128,721,90000,128
1100,20160112,11, 1,2,       1801 ,,140446,140446,140446859400,1,,,,,,0,722,15000,128,721,90000,128
1100,20160112,11, 1,2,       1801 ,,140446,140446,140446860000,1,,,,,,0,722,15000,128,721,88000,128
1100,20160112,11, 1,2,       1801 ,,140446,140446,140446860900,1,,,,,,0,722,17000,128,721,88000,128
1100,20160112,11, 1,2,       1801 ,,140446,140446,140446863200,1,,,,,,0,722,17000,128,721,86000,128
1100,20160112,11, 1,2,       1801 ,,140446,140446,140446864800,1,,,,,,0,722,17000,128,721,85000,128
1100,20160112,11, 1,2,       1801 ,,140446,140446,140446865800,1,,,,,,0,722,22000,128,721,85000,128
1100,20160112,11, 1,2,       1801 ,,140447,140447,140447086900,1,,,,,,0,722,22000,128,721,84000,128
1100,20160112,11, 1,2,       1801 ,140448,140448,140448,140448437300,1,722,48,0,2000,0,0,722,20000,128,721,84000,128
1100,20160112,11, 1,2,       1801 ,,140448,140448,140448439000,1,,,,,,0,722,20000,128,721,85000,128
1100,20160112,11, 1,2,       1801 ,,140448,140448,140448749800,1,,,,,,0,722,21000,128,721,85000,128
1100,20160112,11, 1,2,       1801 ,,140448,140448,140448900600,1,,,,,,0,722,25000,128,721,85000,128
1100,20160112,11, 1,2,       1801 ,,140448,140448,140448901700,1,,,,,,0,722,25000,128,721,84000,128
1100,20160112,11, 1,2,       1801 ,,140449,140449,140449447600,1,,,,,,0,722,25000,128,721,87000,128
1100,20160112,11, 1,2,       1801 ,,140450,140450,140450418200,1,,,,,,0,722,29000,128,721,87000,128
1100,20160112,11, 1,2,       1801 ,,140453,140453,140453033800,1,,,,,,0,722,29000,128,721,86000,128
1100,20160112,11, 1,2,       1801 ,,140453,140453,140453248600,1,,,,,,0,722,29000,128,721,87000,128
1100,20160112,11, 1,2,       1801 ,,140453,140453,140453250100,1,,,,,,0,722,32000,128,721,87000,128
1100,20160112,11, 1,2,       1801 ,,140453,140453,140453374100,1,,,,,,0,722,34000,128,721,87000,128
1100,20160112,11, 1,2,       1801 ,,140454,140454,140454007700,1,,,,,,0,722,53000,128,721,87000,128
1100,20160112,11, 1,2,       1801 ,,140454,140454,140454009900,1,,,,,,0,722,55000,128,721,87000,128
1100,20160112,11, 1,2,       1801 ,,140454,140454,140454018700,1,,,,,,0,722,50000,128,721,87000,128
1100,20160112,11, 1,2,       1801 ,,140454,140454,140454030400,1,,,,,,0,722,50000,128,721,89000,128
1100,20160112,11, 1,2,       1801 ,,140455,140455,140455050500,1,,,,,,0,722,47000,128,721,89000,128
1100,20160112,11, 1,2,       1801 ,,140455,140455,140455080300,1,,,,,,0,722,45000,128,721,89000,128
1100,20160112,11, 1,2,       1801 ,,140455,140455,140455764500,1,,,,,,0,722,46000,128,721,89000,128
1100,20160112,11, 1,2,       1801 ,,140455,140455,140455906700,1,,,,,,0,722,47000,128,721,89000,128
1100,20160112,11, 1,2,       1801 ,,140456,140456,140456004900,1,,,,,,0,722,28000,128,721,89000,128
1100,20160112,11, 1,2,       1801 ,,140456,140456,140456006200,1,,,,,,0,722,28000,128,721,90000,128
1100,20160112,11, 1,2,       1801 ,140456,140456,140456,140456006900,1,722,48,0,6000,0,0,722,22000,128,721,90000,128
1100,20160112,11, 1,2,       1801 ,,140456,140456,140456008100,1,,,,,,0,722,18000,128,721,90000,128
1100,20160112,11, 1,2,       1801 ,140456,140456,140456,140456009600,1,722,48,0,2000,0,0,722,16000,128,721,90000,128
1100,20160112,11, 1,2,       1801 ,,140456,140456,140456010500,1,,,,,,0,722,14000,128,721,90000,128
1100,20160112,11, 1,2,       1801 ,,140456,140456,140456012300,1,,,,,,0,722,12000,128,721,90000,128
1100,20160112,11, 1,2,       1801 ,140456,140456,140456,140456022800,1,722,48,0,1000,0,0,722,11000,128,721,90000,128
1100,20160112,11, 1,2,       1801 ,140456,140456,140456,140456024300,1,722,48,0,2000,0,0,722,9000,128,721,90000,128
1100,20160112,11, 1,2,       1801 ,140456,140456,140456,140456025400,1,722,48,0,9000,0,0,723,61000,128,721,90000,128
1100,20160112,11, 1,2,       1801 ,,140456,140456,140456027700,1,,,,,,0,723,61000,128,722,2000,128
1100,20160112,11, 1,2,       1801 ,,140456,140456,140456029200,1,,,,,,0,723,57000,128,722,2000,128
1100,20160112,11, 1,2,       1801 ,,140456,140456,140456030700,1,,,,,,0,723,59000,128,722,2000,128
1100,20160112,11, 1,2,       1801 ,,140456,140456,140456031500,1,,,,,,0,723,59000,128,722,3000,128
1100,20160112,11, 1,2,       1801 ,,140456,140456,140456034700,1,,,,,,0,723,61000,128,722,3000,128
1100,20160112,11, 1,2,       1801 ,,140456,140456,140456036500,1,,,,,,0,723,61000,128,722,4000,128
1100,20160112,11, 1,2,       1801 ,,140456,140456,140456037700,1,,,,,,0,723,56000,128,722,4000,128
1100,20160112,11, 1,2,       1801 ,,140456,140456,140456038500,1,,,,,,0,723,52000,128,722,4000,128
1100,20160112,11, 1,2,       1801 ,,140456,140456,140456893800,1,,,,,,0,723,50000,128,722,4000,128
1100,20160112,11, 1,2,       1801 ,,140456,140456,140456896800,1,,,,,,0,723,48000,128,722,4000,128
1100,20160112,11, 1,2,       1801 ,,140458,140458,140458106000,1,,,,,,0,723,48000,128,722,9000,128
1100,20160112,11, 1,2,       1801 ,,140458,140458,140458107100,1,,,,,,0,723,46000,128,722,9000,128
1100,20160112,11, 1,2,       1801 ,,140458,140458,140458150000,1,,,,,,0,723,46000,128,722,10000,128
1100,20160112,11, 1,2,       1801 ,,140509,140509,140509247200,1,,,,,,0,723,48000,128,722,10000,128
1100,20160112,11, 1,2,       1801 ,,140514,140514,140514535600,1,,,,,,0,723,52000,128,722,10000,128
1100,20160112,11, 1,2,       1801 ,140527,140527,140527,140527072300,1,722,16,0,1000,0,0,723,52000,128,722,9000,128
1100,20160112,11, 1,2,       1801 ,,140527,140527,140527259800,1,,,,,,0,723,53000,128,722,9000,128
1100,20160112,11, 1,2,       1801 ,,140528,140528,140528048900,1,,,,,,0,723,52000,128,722,9000,128
1100,20160112,11, 1,2,       1801 ,,140532,140532,140532102100,1,,,,,,0,723,52000,128,722,8000,128
1100,20160112,11, 1,2,       1801 ,140532,140532,140532,140532111600,1,722,16,0,5000,0,0,723,52000,128,722,3000,128
1100,20160112,11, 1,2,       1801 ,140532,140532,140532,140532115500,1,722,16,0,2000,0,0,723,52000,128,722,1000,128
1100,20160112,11, 1,2,       1801 ,140532,140532,140532,140532117800,1,722,16,0,1000,0,0,723,52000,128,721,100000,128
1100,20160112,11, 1,2,       1801 ,,140532,140532,140532120000,1,,,,,,0,723,53000,128,721,100000,128
1100,20160112,11, 1,2,       1801 ,,140532,140532,140532128300,1,,,,,,0,722,1000,128,721,100000,128
1100,20160112,11, 1,2,       1801 ,,140532,140532,140532136000,1,,,,,,0,722,3000,128,721,100000,128
1100,20160112,11, 1,2,       1801 ,,140532,140532,140532140200,1,,,,,,0,722,4000,128,721,100000,128
1100,20160112,11, 1,2,       1801 ,,140532,140532,140532142200,1,,,,,,0,722,5000,128,721,100000,128
1100,20160112,11, 1,2,       1801 ,,140532,140532,140532148100,1,,,,,,0,722,5000,128,721,94000,128
1100,20160112,11, 1,2,       1801 ,,140532,140532,140532149500,1,,,,,,0,722,9000,128,721,94000,128
1100,20160112,11, 1,2,       1801 ,,140532,140532,140532150500,1,,,,,,0,722,12000,128,721,94000,128
1100,20160112,11, 1,2,       1801 ,,140532,140532,140532151700,1,,,,,,0,722,13000,128,721,94000,128
1100,20160112,11, 1,2,       1801 ,,140532,140532,140532153400,1,,,,,,0,722,13000,128,721,93000,128
1100,20160112,11, 1,2,       1801 ,,140532,140532,140532155400,1,,,,,,0,722,15000,128,721,93000,128
1100,20160112,11, 1,2,       1801 ,,140532,140532,140532157000,1,,,,,,0,722,17000,128,721,93000,128
1100,20160112,11, 1,2,       1801 ,,140532,140532,140532159400,1,,,,,,0,722,19000,128,721,93000,128
1100,20160112,11, 1,2,       1801 ,,140532,140532,140532162200,1,,,,,,0,722,15000,128,721,93000,128
1100,20160112,11, 1,2,       1801 ,,140532,140532,140532163900,1,,,,,,0,722,15000,128,721,98000,128
1100,20160112,11, 1,2,       1801 ,,140532,140532,140532165100,1,,,,,,0,722,15000,128,721,94000,128
1100,20160112,11, 1,2,       1801 ,,140532,140532,140532167300,1,,,,,,0,722,15000,128,721,93000,128
1100,20160112,11, 1,2,       1801 ,,140532,140532,140532170000,1,,,,,,0,722,15000,128,721,91000,128
1100,20160112,11, 1,2,       1801 ,,140532,140532,140532183000,1,,,,,,0,722,13000,128,721,91000,128
1100,20160112,11, 1,2,       1801 ,,140532,140532,140532189400,1,,,,,,0,722,15000,128,721,91000,128
1100,20160112,11, 1,2,       1801 ,,140532,140532,140532196200,1,,,,,,0,722,15000,128,721,92000,128
1100,20160112,11, 1,2,       1801 ,,140532,140532,140532198800,1,,,,,,0,722,13000,128,721,92000,128
1100,20160112,11, 1,2,       1801 ,,140532,140532,140532203400,1,,,,,,0,722,13000,128,721,91000,128
1100,20160112,11, 1,2,       1801 ,,140532,140532,140532206300,1,,,,,,0,722,13000,128,721,86000,128
1100,20160112,11, 1,2,       1801 ,,140532,140532,140532207300,1,,,,,,0,722,15000,128,721,86000,128
1100,20160112,11, 1,2,       1801 ,,140532,140532,140532215500,1,,,,,,0,722,17000,128,721,86000,128
1100,20160112,11, 1,2,       1801 ,,140532,140532,140532222700,1,,,,,,0,722,15000,128,721,86000,128
1100,20160112,11, 1,2,       1801 ,,140532,140532,140532233300,1,,,,,,0,722,17000,128,721,86000,128
1100,20160112,11, 1,2,       1801 ,,140532,140532,140532720200,1,,,,,,0,722,17000,128,721,85000,128
1100,20160112,11, 1,2,       1801 ,,140532,140532,140532744100,1,,,,,,0,722,17000,128,721,86000,128
1100,20160112,11, 1,2,       1801 ,,140532,140532,140532829500,1,,,,,,0,722,17000,128,721,85000,128
1100,20160112,11, 1,2,       1801 ,,140532,140532,140532852500,1,,,,,,0,722,16000,128,721,85000,128
1100,20160112,11, 1,2,       1801 ,,140533,140533,140533020300,1,,,,,,0,722,15000,128,721,85000,128
1100,20160112,11, 1,2,       1801 ,,140533,140533,140533260200,1,,,,,,0,722,13000,128,721,85000,128
1100,20160112,11, 1,2,       1801 ,,140533,140533,140533261500,1,,,,,,0,722,13000,128,721,86000,128
1100,20160112,11, 1,2,       1801 ,,140533,140533,140533262300,1,,,,,,0,722,11000,128,721,86000,128
1100,20160112,11, 1,2,       1801 ,,140533,140533,140533696800,1,,,,,,0,722,13000,128,721,86000,128
1100,20160112,11, 1,2,       1801 ,,140533,140533,140533697800,1,,,,,,0,722,13000,128,721,85000,128
1100,20160112,11, 1,2,       1801 ,,140534,140534,140534481800,1,,,,,,0,722,15000,128,721,85000,128
1100,20160112,11, 1,2,       1801 ,,140538,140538,140538821200,1,,,,,,0,722,16000,128,721,85000,128
1100,20160112,11, 1,2,       1801 ,,140538,140538,140538933400,1,,,,,,0,722,17000,128,721,85000,128
1100,20160112,11, 1,2,       1801 ,,140541,140541,140541874100,1,,,,,,0,722,18000,128,721,85000,128
1100,20160112,11, 1,2,       1801 ,,140542,140542,140542566500,1,,,,,,0,722,22000,128,721,85000,128
1100,20160112,11, 1,2,       1801 ,,140549,140549,140549062800,1,,,,,,0,722,22000,128,721,84000,128
1100,20160112,11, 1,2,       1801 ,,140549,140549,140549116500,1,,,,,,0,722,22000,128,721,85000,128
1100,20160112,11, 1,2,       1801 ,,140552,140552,140552804600,1,,,,,,0,722,23000,128,721,85000,128
1100,20160112,11, 1,2,       1801 ,140555,140555,140555,140555407200,1,721,16,0,5000,0,0,722,23000,128,721,80000,128
1100,20160112,11, 1,2,       1801 ,,140555,140555,140555526300,1,,,,,,0,722,21000,128,721,80000,128
1100,20160112,11, 1,2,       1801 ,,140555,140555,140555529200,1,,,,,,0,722,22000,128,721,80000,128
1100,20160112,11, 1,2,       1801 ,,140556,140556,140556005700,1,,,,,,0,722,41000,128,721,80000,128
1100,20160112,11, 1,2,       1801 ,,140557,140557,140557621500,1,,,,,,0,722,41000,128,721,82000,128
1100,20160112,11, 1,2,       1801 ,,140557,140557,140557673800,1,,,,,,0,722,37000,128,721,82000,128
1100,20160112,11, 1,2,       1801 ,,140558,140558,140558008800,1,,,,,,0,722,18000,128,721,82000,128
1100,20160112,11, 1,2,       1801 ,,140558,140558,140558010200,1,,,,,,0,722,18000,128,721,83000,128
1100,20160112,11, 1,2,       1801 ,,140558,140558,140558010900,1,,,,,,0,722,17000,128,721,83000,128
1100,20160112,11, 1,2,       1801 ,,140558,140558,140558161000,1,,,,,,0,722,15000,128,721,83000,128
1100,20160112,11, 1,2,       1801 ,140558,140558,140558,140558163100,1,722,48,0,1000,0,0,722,14000,128,721,83000,128
1100,20160112,11, 1,2,       1801 ,,140558,140558,140558164400,1,,,,,,0,722,14000,128,721,83000,128
1100,20160112,11, 1,2,       1801 ,140558,140558,140558,140558165300,1,722,48,0,2000,0,0,722,12000,128,721,83000,128
1100,20160112,11, 1,2,       1801 ,,140558,140558,140558169400,1,,,,,,0,722,10000,128,721,83000,128
1100,20160112,11, 1,2,       1801 ,,140558,140558,140558171200,1,,,,,,0,722,8000,128,721,83000,128
1100,20160112,11, 1,2,       1801 ,,140558,140558,140558583000,1,,,,,,0,722,8000,128,721,87000,128
1100,20160112,11, 1,2,       1801 ,,140558,140558,140558584300,1,,,,,,0,722,6000,128,721,87000,128
1100,20160112,11, 1,2,       1801 ,,140558,140558,140558921500,1,,,,,,0,722,8000,128,721,87000,128
1100,20160112,11, 1,2,       1801 ,140559,140559,140559,140559109600,1,722,48,0,3000,0,0,722,5000,128,721,87000,128
1100,20160112,11, 1,2,       1801 ,140559,140559,140559,140559111900,1,722,48,0,2000,0,0,722,3000,128,721,87000,128
1100,20160112,11, 1,2,       1801 ,140559,140559,140559,140559115000,1,722,48,0,1000,0,0,722,2000,128,721,87000,128
1100,20160112,11, 1,2,       1801 ,140559,140559,140559,140559149700,1,722,48,0,1000,0,0,722,1000,128,721,87000,128
1100,20160112,11, 1,2,       1801 ,,140559,140559,140559151500,1,,,,,,0,722,1000,128,721,87000,128
1100,20160112,11, 1,2,       1801 ,,140559,140559,140559152100,1,,,,,,0,722,5000,128,721,87000,128
1100,20160112,11, 1,2,       1801 ,140559,140559,140559,140559765900,1,722,48,0,1000,0,0,722,4000,128,721,87000,128
1100,20160112,11, 1,2,       1801 ,,140559,140559,140559767900,1,,,,,,0,723,73000,128,721,87000,128
1100,20160112,11, 1,2,       1801 ,,140559,140559,140559769500,1,,,,,,0,723,73000,128,722,1000,128
1100,20160112,11, 1,2,       1801 ,,140559,140559,140559770900,1,,,,,,0,723,69000,128,722,1000,128
1100,20160112,11, 1,2,       1801 ,140559,140559,140559,140559771600,1,722,16,0,1000,0,0,722,5000,128,721,89000,128
1100,20160112,11, 1,2,       1801 ,,140559,140559,140559772500,1,,,,,,0,722,5000,128,721,89000,128
1100,20160112,11, 1,2,       1801 ,,140559,140559,140559773700,1,,,,,,0,722,5000,128,721,87000,128
1100,20160112,11, 1,2,       1801 ,,140559,140559,140559780200,1,,,,,,0,722,6000,128,721,87000,128
1100,20160112,11, 1,2,       1801 ,140559,140559,140559,140559780900,1,722,48,0,1000,0,0,722,5000,128,721,87000,128
1100,20160112,11, 1,2,       1801 ,140559,140559,140559,140559781900,1,722,48,0,3000,0,0,722,2000,128,721,87000,128
1100,20160112,11, 1,2,       1801 ,,140559,140559,140559782900,1,,,,,,0,722,2000,128,721,92000,128
1100,20160112,11, 1,2,       1801 ,,140559,140559,140559783600,1,,,,,,0,722,4000,128,721,92000,128
1100,20160112,11, 1,2,       1801 ,,140559,140559,140559784300,1,,,,,,0,722,4000,128,721,89000,128
1100,20160112,11, 1,2,       1801 ,140559,140559,140559,140559794000,1,722,48,0,1000,0,0,722,3000,128,721,89000,128
1100,20160112,11, 1,2,       1801 ,140559,140559,140559,140559794900,1,722,48,0,2000,0,0,722,1000,128,721,89000,128
1100,20160112,11, 1,2,       1801 ,140559,140559,140559,140559796000,1,722,48,0,1000,0,0,723,70000,128,721,89000,128
1100,20160112,11, 1,2,       1801 ,,140559,140559,140559797200,1,,,,,,0,722,4000,128,721,89000,128
1100,20160112,11, 1,2,       1801 ,,140559,140559,140559904800,1,,,,,,0,722,6000,128,721,89000,128
1100,20160112,11, 1,2,       1801 ,,140559,140559,140559906300,1,,,,,,0,722,2000,128,721,89000,128
1100,20160112,11, 1,2,       1801 ,,140600,140600,140600250200,1,,,,,,0,722,3000,128,721,89000,128
1100,20160112,11, 1,2,       1801 ,,140600,140600,140600577200,1,,,,,,0,722,7000,128,721,89000,128
1100,20160112,11, 1,2,       1801 ,,140602,140602,140602615800,1,,,,,,0,722,7000,128,721,90000,128
1100,20160112,11, 1,2,       1801 ,,140602,140602,140602617500,1,,,,,,0,722,3000,128,721,90000,128
1100,20160112,11, 1,2,       1801 ,,140603,140603,140603638800,1,,,,,,0,722,4000,128,721,90000,128
1100,20160112,11, 1,2,       1801 ,,140603,140603,140603642200,1,,,,,,0,722,4000,128,721,89000,128
1100,20160112,11, 1,2,       1801 ,140604,140604,140604,140604174900,1,722,48,0,4000,0,0,723,74000,128,722,46000,128
1100,20160112,11, 1,2,       1801 ,,140604,140604,140604176700,1,,,,,,0,723,72000,128,722,46000,128
1100,20160112,11, 1,2,       1801 ,140604,140604,140604,140604177900,1,722,16,0,11000,0,0,723,72000,128,722,35000,128
1100,20160112,11, 1,2,       1801 ,,140604,140604,140604178800,1,,,,,,0,723,68000,128,722,35000,128
1100,20160112,11, 1,2,       1801 ,,140604,140604,140604181500,1,,,,,,0,723,67000,128,722,35000,128
1100,20160112,11, 1,2,       1801 ,,140604,140604,140604182200,1,,,,,,0,723,67000,128,722,36000,128
1100,20160112,11, 1,2,       1801 ,,140604,140604,140604182900,1,,,,,,0,723,62000,128,722,36000,128
1100,20160112,11, 1,2,       1801 ,,140604,140604,140604183600,1,,,,,,0,723,62000,128,722,40000,128
1100,20160112,11, 1,2,       1801 ,,140604,140604,140604184200,1,,,,,,0,723,62000,128,722,42000,128
1100,20160112,11, 1,2,       1801 ,,140604,140604,140604184900,1,,,,,,0,723,61000,128,722,42000,128
1100,20160112,11, 1,2,       1801 ,,140604,140604,140604185600,1,,,,,,0,723,61000,128,722,43000,128
1100,20160112,11, 1,2,       1801 ,,140604,140604,140604187100,1,,,,,,0,723,57000,128,722,43000,128
1100,20160112,11, 1,2,       1801 ,,140604,140604,140604195500,1,,,,,,0,723,57000,128,722,44000,128
1100,20160112,11, 1,2,       1801 ,,140604,140604,140604210800,1,,,,,,0,723,57000,128,722,48000,128
1100,20160112,11, 1,2,       1801 ,,140604,140604,140604537500,1,,,,,,0,723,57000,128,722,44000,128
1100,20160112,11, 1,2,       1801 ,,140605,140605,140605472300,1,,,,,,0,723,57000,128,722,45000,128
1100,20160112,11, 1,2,       1801 ,,140605,140605,140605669700,1,,,,,,0,723,52000,128,722,45000,128
1100,20160112,11, 1,2,       1801 ,,140605,140605,140605908100,1,,,,,,0,723,52000,128,722,47000,128
1100,20160112,11, 1,2,       1801 ,,140606,140606,140606296600,1,,,,,,0,723,52000,128,722,49000,128
1100,20160112,11, 1,2,       1801 ,,140608,140608,140608731400,1,,,,,,0,723,52000,128,722,50000,128
1100,20160112,11, 1,2,       1801 ,,140608,140608,140608894000,1,,,,,,0,723,52000,128,722,51000,128
1100,20160112,11, 1,2,       1801 ,,140610,140610,140610116900,1,,,,,,0,723,53000,128,722,51000,128
1100,20160112,11, 1,2,       1801 ,,140610,140610,140610475100,1,,,,,,0,723,53000,128,722,50000,128
1100,20160112,11, 1,2,       1801 ,,140615,140615,140615880200,1,,,,,,0,723,55000,128,722,50000,128
1100,20160112,11, 1,2,       1801 ,,140615,140615,140615881700,1,,,,,,0,723,51000,128,722,50000,128
1100,20160112,11, 1,2,       1801 ,,140615,140615,140615882400,1,,,,,,0,723,47000,128,722,50000,128
1100,20160112,11, 1,2,       1801 ,,140616,140616,140616731400,1,,,,,,0,723,45000,128,722,50000,128
1100,20160112,11, 1,2,       1801 ,,140617,140617,140617165500,1,,,,,,0,723,45000,128,722,62000,128
1100,20160112,11, 1,2,       1801 ,,140617,140617,140617568000,1,,,,,,0,723,44000,128,722,62000,128
1100,20160112,11, 1,2,       1801 ,,140617,140617,140617569400,1,,,,,,0,723,43000,128,722,62000,128
1100,20160112,11, 1,2,       1801 ,,140618,140618,140618306700,1,,,,,,0,723,43000,128,722,63000,128
1100,20160112,11, 1,2,       1801 ,,140618,140618,140618308100,1,,,,,,0,723,41000,128,722,63000,128
1100,20160112,11, 1,2,       1801 ,,140618,140618,140618308800,1,,,,,,0,723,38000,128,722,63000,128
1100,20160112,11, 1,2,       1801 ,,140618,140618,140618310300,1,,,,,,0,723,27000,128,722,63000,128
1100,20160112,11, 1,2,       1801 ,,140618,140618,140618311600,1,,,,,,0,723,27000,128,722,64000,128
1100,20160112,11, 1,2,       1801 ,,140618,140618,140618328600,1,,,,,,0,723,25000,128,722,64000,128
1100,20160112,11, 1,2,       1801 ,,140618,140618,140618342000,1,,,,,,0,723,26000,128,722,64000,128
1100,20160112,11, 1,2,       1801 ,,140618,140618,140618342600,1,,,,,,0,723,26000,128,722,63000,128
1100,20160112,11, 1,2,       1801 ,,140618,140618,140618388300,1,,,,,,0,723,21000,128,722,63000,128
1100,20160112,11, 1,2,       1801 ,,140618,140618,140618389800,1,,,,,,0,723,21000,128,722,67000,128
1100,20160112,11, 1,2,       1801 ,,140618,140618,140618428600,1,,,,,,0,723,19000,128,722,67000,128
1100,20160112,11, 1,2,       1801 ,,140618,140618,140618505100,1,,,,,,0,723,21000,128,722,67000,128
1100,20160112,11, 1,2,       1801 ,,140618,140618,140618948800,1,,,,,,0,723,21000,128,722,66000,128
1100,20160112,11, 1,2,       1801 ,140619,140619,140619,140619153100,1,722,16,0,1000,0,0,723,21000,128,722,65000,128
1100,20160112,11, 1,2,       1801 ,,140619,140619,140619155000,1,,,,,,0,723,21000,128,722,70000,128
1100,20160112,11, 1,2,       1801 ,,140620,140620,140620402200,1,,,,,,0,723,26000,128,722,70000,128
1100,20160112,11, 1,2,       1801 ,,140621,140621,140621839800,1,,,,,,0,723,26000,128,722,65000,128
1100,20160112,11, 1,2,       1801 ,,140621,140621,140621841600,1,,,,,,0,723,31000,128,722,65000,128
1100,20160112,11, 1,2,       1801 ,,140621,140621,140621991400,1,,,,,,0,723,32000,128,722,65000,128
1100,20160112,11, 1,2,       1801 ,,140622,140622,140622069900,1,,,,,,0,723,34000,128,722,65000,128
1100,20160112,11, 1,2,       1801 ,,140622,140622,140622071600,1,,,,,,0,723,34000,128,722,64000,128
1100,20160112,11, 1,2,       1801 ,,140622,140622,140622146800,1,,,,,,0,723,34000,128,722,52000,128
1100,20160112,11, 1,2,       1801 ,,140628,140628,140628646900,1,,,,,,0,723,35000,128,722,52000,128
1100,20160112,11, 1,2,       1801 ,,140628,140628,140628648300,1,,,,,,0,723,38000,128,722,52000,128
1100,20160112,11, 1,2,       1801 ,,140628,140628,140628649000,1,,,,,,0,723,39000,128,722,52000,128
1100,20160112,11, 1,2,       1801 ,,140628,140628,140628651300,1,,,,,,0,723,41000,128,722,52000,128
1100,20160112,11, 1,2,       1801 ,,140628,140628,140628931000,1,,,,,,0,723,41000,128,722,53000,128
1100,20160112,11, 1,2,       1801 ,,140628,140628,140628939400,1,,,,,,0,723,40000,128,722,53000,128
1100,20160112,11, 1,2,       1801 ,,140631,140631,140631081300,1,,,,,,0,723,40000,128,722,52000,128
1100,20160112,11, 1,2,       1801 ,,140631,140631,140631082400,1,,,,,,0,723,41000,128,722,52000,128
1100,20160112,11, 1,2,       1801 ,,140639,140639,140639661300,1,,,,,,0,723,40000,128,722,52000,128
1100,20160112,11, 1,2,       1801 ,,140639,140639,140639824700,1,,,,,,0,723,40000,128,722,53000,128
1100,20160112,11, 1,2,       1801 ,,140640,140640,140640409500,1,,,,,,0,723,40000,128,722,52000,128
1100,20160112,11, 1,2,       1801 ,,140640,140640,140640421000,1,,,,,,0,723,41000,128,722,52000,128
1100,20160112,11, 1,2,       1801 ,,140641,140641,140641997100,1,,,,,,0,723,41000,128,722,53000,128
1100,20160112,11, 1,2,       1801 ,,140643,140643,140643570600,1,,,,,,0,723,40000,128,722,53000,128
1100,20160112,11, 1,2,       1801 ,,140643,140643,140643591000,1,,,,,,0,723,40000,128,722,54000,128
1100,20160112,11, 1,2,       1801 ,,140654,140654,140654432100,1,,,,,,0,723,40000,128,722,53000,128
1100,20160112,11, 1,2,       1801 ,,140654,140654,140654460300,1,,,,,,0,723,41000,128,722,53000,128
1100,20160112,11, 1,2,       1801 ,,140655,140655,140655062000,1,,,,,,0,723,40000,128,722,53000,128
1100,20160112,11, 1,2,       1801 ,,140655,140655,140655140600,1,,,,,,0,723,41000,128,722,53000,128
1100,20160112,11, 1,2,       1801 ,,140655,140655,140655304700,1,,,,,,0,723,40000,128,722,53000,128
1100,20160112,11, 1,2,       1801 ,,140655,140655,140655307100,1,,,,,,0,723,40000,128,722,54000,128
1100,20160112,11, 1,2,       1801 ,,140657,140657,140657078500,1,,,,,,0,723,40000,128,722,53000,128
1100,20160112,11, 1,2,       1801 ,,140658,140658,140658121400,1,,,,,,0,723,40000,128,722,54000,128
1100,20160112,11, 1,2,       1801 ,,140700,140700,140700123200,1,,,,,,0,723,40000,128,722,53000,128
1100,20160112,11, 1,2,       1801 ,,140700,140700,140700125100,1,,,,,,0,723,41000,128,722,53000,128
1100,20160112,11, 1,2,       1801 ,,140700,140700,140700170800,1,,,,,,0,723,42000,128,722,53000,128
1100,20160112,11, 1,2,       1801 ,,140700,140700,140700531600,1,,,,,,0,723,41000,128,722,53000,128
1100,20160112,11, 1,2,       1801 ,,140701,140701,140701042600,1,,,,,,0,723,41000,128,722,54000,128
1100,20160112,11, 1,2,       1801 ,,140703,140703,140703702000,1,,,,,,0,723,41000,128,722,53000,128
1100,20160112,11, 1,2,       1801 ,,140703,140703,140703703000,1,,,,,,0,723,42000,128,722,53000,128
1100,20160112,11, 1,2,       1801 ,,140704,140704,140704131800,1,,,,,,0,723,41000,128,722,53000,128
1100,20160112,11, 1,2,       1801 ,,140705,140705,140705654000,1,,,,,,0,723,41000,128,722,54000,128
1100,20160112,11, 1,2,       1801 ,,140705,140705,140705655700,1,,,,,,0,723,41000,128,722,59000,128
1100,20160112,11, 1,2,       1801 ,,140711,140711,140711543000,1,,,,,,0,723,41000,128,722,58000,128
1100,20160112,11, 1,2,       1801 ,,140711,140711,140711901000,1,,,,,,0,723,42000,128,722,58000,128
1100,20160112,11, 1,2,       1801 ,,140712,140712,140712401800,1,,,,,,0,723,41000,128,722,58000,128
1100,20160112,11, 1,2,       1801 ,,140712,140712,140712995400,1,,,,,,0,723,41000,128,722,59000,128
1100,20160112,11, 1,2,       1801 ,,140713,140713,140713580700,1,,,,,,0,723,41000,128,722,58000,128
1100,20160112,11, 1,2,       1801 ,,140714,140714,140714158700,1,,,,,,0,723,41000,128,722,59000,128
1100,20160112,11, 1,2,       1801 ,,140715,140715,140715254800,1,,,,,,0,723,41000,128,722,58000,128
1100,20160112,11, 1,2,       1801 ,,140717,140717,140717161600,1,,,,,,0,723,42000,128,722,58000,128
1100,20160112,11, 1,2,       1801 ,,140718,140718,140718727500,1,,,,,,0,723,41000,128,722,58000,128
1100,20160112,11, 1,2,       1801 ,,140719,140719,140719701700,1,,,,,,0,723,42000,128,722,58000,128
1100,20160112,11, 1,2,       1801 ,,140725,140725,140725452700,1,,,,,,0,723,42000,128,722,59000,128
1100,20160112,11, 1,2,       1801 ,,140730,140730,140730092800,1,,,,,,0,723,41000,128,722,59000,128
1100,20160112,11, 1,2,       1801 ,140730,140730,140730,140730228100,1,722,16,0,2000,0,0,723,41000,128,722,57000,128
1100,20160112,11, 1,2,       1801 ,,140730,140730,140730230300,1,,,,,,0,723,42000,128,722,57000,128
1100,20160112,11, 1,2,       1801 ,,140734,140734,140734171200,1,,,,,,0,723,42000,128,722,58000,128
1100,20160112,11, 1,2,       1801 ,,140741,140741,140741188400,1,,,,,,0,723,54000,128,722,58000,128
1100,20160112,11, 1,2,       1801 ,,140741,140741,140741189800,1,,,,,,0,723,54000,128,722,53000,128
1100,20160112,11, 1,2,       1801 ,,140741,140741,140741190500,1,,,,,,0,723,54000,128,722,49000,128
1100,20160112,11, 1,2,       1801 ,,140744,140744,140744369100,1,,,,,,0,723,61000,128,722,49000,128
1100,20160112,11, 1,2,       1801 ,140758,140758,140758,140758287600,1,723,48,0,1000,0,0,723,60000,128,722,48000,128
1100,20160112,11, 1,2,       1801 ,,140758,140758,140758324200,1,,,,,,0,723,60000,128,722,49000,128
1100,20160112,11, 1,2,       1801 ,,140801,140801,140801701400,1,,,,,,0,723,59000,128,722,49000,128
1100,20160112,11, 1,2,       1801 ,,140803,140803,140803140500,1,,,,,,0,723,58000,128,722,49000,128
1100,20160112,11, 1,2,       1801 ,,140807,140807,140807135900,1,,,,,,0,723,58000,128,722,50000,128
1100,20160112,11, 1,2,       1801 ,,140807,140807,140807137300,1,,,,,,0,723,53000,128,722,50000,128
1100,20160112,11, 1,2,       1801 ,,140807,140807,140807138000,1,,,,,,0,723,53000,128,722,55000,128
1100,20160112,11, 1,2,       1801 ,,140807,140807,140807530800,1,,,,,,0,723,50000,128,722,55000,128
1100,20160112,11, 1,2,       1801 ,,140807,140807,140807834500,1,,,,,,0,723,50000,128,722,56000,128
1100,20160112,11, 1,2,       1801 ,,140808,140808,140808984800,1,,,,,,0,723,50000,128,722,57000,128
1100,20160112,11, 1,2,       1801 ,,140809,140809,140809143400,1,,,,,,0,723,51000,128,722,57000,128
1100,20160112,11, 1,2,       1801 ,,140809,140809,140809795500,1,,,,,,0,723,51000,128,722,56000,128
1100,20160112,11, 1,2,       1801 ,,140810,140810,140810811900,1,,,,,,0,723,51000,128,722,57000,128
1100,20160112,11, 1,2,       1801 ,,140815,140815,140815032200,1,,,,,,0,723,49000,128,722,57000,128
1100,20160112,11, 1,2,       1801 ,,140815,140815,140815035000,1,,,,,,0,723,48000,128,722,57000,128
1100,20160112,11, 1,2,       1801 ,,140815,140815,140815063000,1,,,,,,0,723,43000,128,722,57000,128
1100,20160112,11, 1,2,       1801 ,,140815,140815,140815193500,1,,,,,,0,723,31000,128,722,57000,128
1100,20160112,11, 1,2,       1801 ,,140815,140815,140815195700,1,,,,,,0,723,31000,128,722,58000,128
1100,20160112,11, 1,2,       1801 ,,140815,140815,140815278500,1,,,,,,0,723,30000,128,722,58000,128
1100,20160112,11, 1,2,       1801 ,,140815,140815,140815282700,1,,,,,,0,723,30000,128,722,71000,128
1100,20160112,11, 1,2,       1801 ,,140815,140815,140815284700,1,,,,,,0,723,29000,128,722,71000,128
1100,20160112,11, 1,2,       1801 ,,140815,140815,140815285600,1,,,,,,0,723,27000,128,722,71000,128
1100,20160112,11, 1,2,       1801 ,,140815,140815,140815464000,1,,,,,,0,723,25000,128,722,71000,128
1100,20160112,11, 1,2,       1801 ,,140815,140815,140815535100,1,,,,,,0,723,18000,128,722,71000,128
1100,20160112,11, 1,2,       1801 ,,140815,140815,140815711500,1,,,,,,0,723,16000,128,722,71000,128
1100,20160112,11, 1,2,       1801 ,,140815,140815,140815978900,1,,,,,,0,723,16000,128,722,76000,128
1100,20160112,11, 1,2,       1801 ,,140815,140815,140815981700,1,,,,,,0,723,16000,128,722,80000,128
1100,20160112,11, 1,2,       1801 ,,140815,140815,140815992900,1,,,,,,0,723,16000,128,722,82000,128
1100,20160112,11, 1,2,       1801 ,140816,140816,140816,140816019600,1,723,48,0,1000,0,0,723,15000,128,722,82000,128
1100,20160112,11, 1,2,       1801 ,140816,140816,140816,140816020700,1,723,48,0,13000,0,0,723,2000,128,722,82000,128
1100,20160112,11, 1,2,       1801 ,140816,140816,140816,140816023800,1,723,48,0,2000,0,0,724,64000,128,722,82000,128
1100,20160112,11, 1,2,       1801 ,,140816,140816,140816031100,1,,,,,,0,724,64000,128,723,1000,128
1100,20160112,11, 1,2,       1801 ,,140816,140816,140816038300,1,,,,,,0,724,64000,128,723,3000,128
1100,20160112,11, 1,2,       1801 ,,140816,140816,140816039700,1,,,,,,0,724,64000,128,723,4000,128
1100,20160112,11, 1,2,       1801 ,,140816,140816,140816043000,1,,,,,,0,724,60000,128,723,4000,128
1100,20160112,11, 1,2,       1801 ,,140816,140816,140816047600,1,,,,,,0,724,55000,128,723,4000,128
1100,20160112,11, 1,2,       1801 ,,140816,140816,140816048400,1,,,,,,0,724,55000,128,723,6000,128
1100,20160112,11, 1,2,       1801 ,,140816,140816,140816049300,1,,,,,,0,724,55000,128,723,7000,128
1100,20160112,11, 1,2,       1801 ,,140816,140816,140816051600,1,,,,,,0,724,55000,128,723,8000,128
1100,20160112,11, 1,2,       1801 ,,140816,140816,140816052500,1,,,,,,0,724,54000,128,723,8000,128
1100,20160112,11, 1,2,       1801 ,,140816,140816,140816053400,1,,,,,,0,724,54000,128,723,10000,128
1100,20160112,11, 1,2,       1801 ,140816,140816,140816,140816054400,1,723,16,0,3000,0,0,724,54000,128,723,7000,128
1100,20160112,11, 1,2,       1801 ,140816,140816,140816,140816055700,1,723,16,0,3000,0,0,724,54000,128,723,4000,128
1100,20160112,11, 1,2,       1801 ,140816,140816,140816,140816057000,1,723,16,0,3000,0,0,724,54000,128,723,1000,128
1100,20160112,11, 1,2,       1801 ,140816,140816,140816,140816058500,1,723,16,0,1000,0,0,724,54000,128,722,85000,128
1100,20160112,11, 1,2,       1801 ,,140816,140816,140816060400,1,,,,,,0,724,54000,128,723,2000,128
1100,20160112,11, 1,2,       1801 ,,140816,140816,140816061400,1,,,,,,0,724,55000,128,723,2000,128
1100,20160112,11, 1,2,       1801 ,,140816,140816,140816063400,1,,,,,,0,724,53000,128,723,2000,128
1100,20160112,11, 1,2,       1801 ,,140816,140816,140816064300,1,,,,,,0,724,53000,128,723,3000,128
1100,20160112,11, 1,2,       1801 ,,140816,140816,140816067700,1,,,,,,0,724,53000,128,723,6000,128
1100,20160112,11, 1,2,       1801 ,140816,140816,140816,140816069000,1,723,16,0,6000,0,0,724,53000,128,722,91000,128
1100,20160112,11, 1,2,       1801 ,,140816,140816,140816070000,1,,,,,,0,724,53000,128,722,91000,128
1100,20160112,11, 1,2,       1801 ,,140816,140816,140816071000,1,,,,,,0,724,53000,128,723,4000,128
1100,20160112,11, 1,2,       1801 ,,140816,140816,140816075900,1,,,,,,0,724,55000,128,723,4000,128
1100,20160112,11, 1,2,       1801 ,140816,140816,140816,140816076600,1,723,16,0,1000,0,0,724,55000,128,723,3000,128
1100,20160112,11, 1,2,       1801 ,140816,140816,140816,140816077600,1,723,16,0,2000,0,0,724,55000,128,723,1000,128
1100,20160112,11, 1,2,       1801 ,,140816,140816,140816078600,1,,,,,,0,724,55000,128,723,1000,128
1100,20160112,11, 1,2,       1801 ,140816,140816,140816,140816081000,1,723,16,0,1000,0,0,724,55000,128,722,91000,128
1100,20160112,11, 1,2,       1801 ,,140816,140816,140816082900,1,,,,,,0,724,55000,128,722,91000,128
1100,20160112,11, 1,2,       1801 ,,140816,140816,140816083600,1,,,,,,0,723,2000,128,722,91000,128
1100,20160112,11, 1,2,       1801 ,,140816,140816,140816151900,1,,,,,,0,724,55000,128,722,91000,128
1100,20160112,11, 1,2,       1801 ,,140816,140816,140816154900,1,,,,,,0,724,55000,128,722,85000,128
1100,20160112,11, 1,2,       1801 ,,140816,140816,140816158800,1,,,,,,0,724,55000,128,723,1000,128
1100,20160112,11, 1,2,       1801 ,,140816,140816,140816160000,1,,,,,,0,724,55000,128,723,2000,128
1100,20160112,11, 1,2,       1801 ,,140816,140816,140816162300,1,,,,,,0,724,55000,128,723,4000,128
1100,20160112,11, 1,2,       1801 ,,140816,140816,140816163400,1,,,,,,0,724,55000,128,723,5000,128
1100,20160112,11, 1,2,       1801 ,,140816,140816,140816187400,1,,,,,,0,724,50000,128,723,5000,128
1100,20160112,11, 1,2,       1801 ,,140816,140816,140816188600,1,,,,,,0,724,48000,128,723,5000,128
1100,20160112,11, 1,2,       1801 ,,140816,140816,140816222300,1,,,,,,0,724,48000,128,723,6000,128
1100,20160112,11, 1,2,       1801 ,,140816,140816,140816264900,1,,,,,,0,724,47000,128,723,6000,128
1100,20160112,11, 1,2,       1801 ,,140816,140816,140816266800,1,,,,,,0,724,47000,128,723,7000,128
1100,20160112,11, 1,2,       1801 ,,140816,140816,140816294400,1,,,,,,0,724,47000,128,723,8000,128
1100,20160112,11, 1,2,       1801 ,,140816,140816,140816300200,1,,,,,,0,724,47000,128,723,9000,128
1100,20160112,11, 1,2,       1801 ,,140816,140816,140816600100,1,,,,,,0,724,47000,128,723,8000,128
1100,20160112,11, 1,2,       1801 ,,140816,140816,140816601800,1,,,,,,0,724,47000,128,723,10000,128
1100,20160112,11, 1,2,       1801 ,,140816,140816,140816631000,1,,,,,,0,724,47000,128,723,19000,128
1100,20160112,11, 1,2,       1801 ,,140816,140816,140816633400,1,,,,,,0,724,47000,128,723,20000,128
1100,20160112,11, 1,2,       1801 ,,140816,140816,140816685500,1,,,,,,0,724,43000,128,723,20000,128
1100,20160112,11, 1,2,       1801 ,,140816,140816,140816687100,1,,,,,,0,724,42000,128,723,20000,128
1100,20160112,11, 1,2,       1801 ,,140816,140816,140816688000,1,,,,,,0,724,41000,128,723,20000,128
1100,20160112,11, 1,2,       1801 ,140817,140817,140817,140817016500,1,724,48,0,1000,0,0,724,40000,128,723,20000,128
1100,20160112,11, 1,2,       1801 ,,140817,140817,140817079900,1,,,,,,0,724,40000,128,723,20000,128
1100,20160112,11, 1,2,       1801 ,,140817,140817,140817319500,1,,,,,,0,724,41000,128,723,20000,128
1100,20160112,11, 1,2,       1801 ,,140817,140817,140817885700,1,,,,,,0,724,41000,128,723,21000,128
1100,20160112,11, 1,2,       1801 ,,140817,140817,140817904100,1,,,,,,0,724,41000,128,723,22000,128
1100,20160112,11, 1,2,       1801 ,,140819,140819,140819902500,1,,,,,,0,724,41000,128,723,21000,128
1100,20160112,11, 1,2,       1801 ,,140819,140819,140819932800,1,,,,,,0,724,42000,128,723,21000,128
1100,20160112,11, 1,2,       1801 ,,140822,140822,140822385300,1,,,,,,0,724,42000,128,723,22000,128
1100,20160112,11, 1,2,       1801 ,140822,140822,140822,140822546500,1,723,16,0,17000,0,0,724,42000,128,723,5000,128
1100,20160112,11, 1,2,       1801 ,,140822,140822,140822549000,1,,,,,,0,724,43000,128,723,5000,128
1100,20160112,11, 1,2,       1801 ,140822,140822,140822,140822549700,1,723,16,0,2000,0,0,724,43000,128,723,3000,128
1100,20160112,11, 1,2,       1801 ,,140822,140822,140822551500,1,,,,,,0,724,43000,128,723,3000,128
1100,20160112,11, 1,2,       1801 ,140822,140822,140822,140822552300,1,723,16,0,3000,0,0,724,43000,128,722,95000,128
1100,20160112,11, 1,2,       1801 ,,140822,140822,140822554000,1,,,,,,0,724,43000,128,722,95000,128
1100,20160112,11, 1,2,       1801 ,,140822,140822,140822555500,1,,,,,,0,724,43000,128,722,93000,128
1100,20160112,11, 1,2,       1801 ,,140822,140822,140822556300,1,,,,,,0,724,45000,128,722,93000,128
1100,20160112,11, 1,2,       1801 ,,140822,140822,140822557000,1,,,,,,0,724,50000,128,722,93000,128
1100,20160112,11, 1,2,       1801 ,,140823,140823,140823690700,1,,,,,,0,724,50000,128,722,95000,128
1100,20160112,11, 1,2,       1801 ,,140823,140823,140823692900,1,,,,,,0,724,55000,128,722,95000,128
1100,20160112,11, 1,2,       1801 ,,140823,140823,140823744300,1,,,,,,0,724,59000,128,722,95000,128
1100,20160112,11, 1,2,       1801 ,,140824,140824,140824921600,1,,,,,,0,724,59000,128,722,94000,128
1100,20160112,11, 1,2,       1801 ,,140825,140825,140825532700,1,,,,,,0,724,59000,128,722,95000,128
1100,20160112,11, 1,2,       1801 ,,140825,140825,140825712700,1,,,,,,0,724,59000,128,722,93000,128
1100,20160112,11, 1,2,       1801 ,,140828,140828,140828238800,1,,,,,,0,724,59000,128,723,1000,128
1100,20160112,11, 1,2,       1801 ,140829,140829,140829,140829214100,1,723,16,0,1000,0,0,724,59000,128,722,97000,128
1100,20160112,11, 1,2,       1801 ,,140829,140829,140829215500,1,,,,,,0,724,59000,128,722,97000,128
1100,20160112,11, 1,2,       1801 ,,140829,140829,140829216100,1,,,,,,0,724,59000,128,722,94000,128
1100,20160112,11, 1,2,       1801 ,,140829,140829,140829235400,1,,,,,,0,724,59000,128,722,90000,128
1100,20160112,11, 1,2,       1801 ,,140829,140829,140829358200,1,,,,,,0,724,59000,128,722,89000,128
1100,20160112,11, 1,2,       1801 ,,140829,140829,140829422500,1,,,,,,0,724,59000,128,722,88000,128
1100,20160112,11, 1,2,       1801 ,,140830,140830,140830600000,1,,,,,,0,724,59000,128,722,90000,128
1100,20160112,11, 1,2,       1801 ,,140835,140835,140835315900,1,,,,,,0,724,59000,128,722,88000,128
1100,20160112,11, 1,2,       1801 ,,140837,140837,140837731400,1,,,,,,0,724,58000,128,722,88000,128
1100,20160112,11, 1,2,       1801 ,,140837,140837,140837733400,1,,,,,,0,724,58000,128,722,90000,128
1100,20160112,11, 1,2,       1801 ,,140840,140840,140840790400,1,,,,,,0,724,58000,128,723,5000,128
1100,20160112,11, 1,2,       1801 ,,140840,140840,140840793200,1,,,,,,0,724,53000,128,723,5000,128
1100,20160112,11, 1,2,       1801 ,,140840,140840,140840793900,1,,,,,,0,724,53000,128,723,8000,128
1100,20160112,11, 1,2,       1801 ,,140840,140840,140840794600,1,,,,,,0,724,48000,128,723,8000,128
1100,20160112,11, 1,2,       1801 ,,140840,140840,140840795300,1,,,,,,0,724,48000,128,723,10000,128
1100,20160112,11, 1,2,       1801 ,,140840,140840,140840796000,1,,,,,,0,724,48000,128,723,11000,128
1100,20160112,11, 1,2,       1801 ,,140840,140840,140840796800,1,,,,,,0,724,46000,128,723,11000,128
1100,20160112,11, 1,2,       1801 ,,140840,140840,140840798300,1,,,,,,0,724,45000,128,723,11000,128
1100,20160112,11, 1,2,       1801 ,,140842,140842,140842094900,1,,,,,,0,724,41000,128,723,11000,128
1100,20160112,11, 1,2,       1801 ,,140842,140842,140842890600,1,,,,,,0,724,42000,128,723,11000,128
1100,20160112,11, 1,2,       1801 ,,140843,140843,140843812500,1,,,,,,0,724,42000,128,723,10000,128
1100,20160112,11, 1,2,       1801 ,,140847,140847,140847920200,1,,,,,,0,724,42000,128,723,12000,128
1100,20160112,11, 1,2,       1801 ,,140847,140847,140847930300,1,,,,,,0,724,40000,128,723,12000,128
1100,20160112,11, 1,2,       1801 ,,140847,140847,140847933300,1,,,,,,0,724,40000,128,723,13000,128
1100,20160112,11, 1,2,       1801 ,,140847,140847,140847940100,1,,,,,,0,724,40000,128,723,14000,128
1100,20160112,11, 1,2,       1801 ,,140847,140847,140847943700,1,,,,,,0,724,39000,128,723,14000,128
1100,20160112,11, 1,2,       1801 ,,140847,140847,140847958400,1,,,,,,0,724,37000,128,723,14000,128
1100,20160112,11, 1,2,       1801 ,,140847,140847,140847960300,1,,,,,,0,724,36000,128,723,14000,128
1100,20160112,11, 1,2,       1801 ,,140848,140848,140848577100,1,,,,,,0,724,36000,128,723,26000,128
1100,20160112,11, 1,2,       1801 ,,140849,140849,140849342900,1,,,,,,0,724,25000,128,723,26000,128
1100,20160112,11, 1,2,       1801 ,,140849,140849,140849344200,1,,,,,,0,724,25000,128,723,31000,128
1100,20160112,11, 1,2,       1801 ,,140849,140849,140849344800,1,,,,,,0,724,23000,128,723,31000,128
1100,20160112,11, 1,2,       1801 ,,140849,140849,140849345600,1,,,,,,0,724,19000,128,723,31000,128
1100,20160112,11, 1,2,       1801 ,,140849,140849,140849346300,1,,,,,,0,724,19000,128,723,36000,128
1100,20160112,11, 1,2,       1801 ,,140849,140849,140849347000,1,,,,,,0,724,14000,128,723,36000,128
1100,20160112,11, 1,2,       1801 ,,140849,140849,140849424400,1,,,,,,0,724,15000,128,723,36000,128
1100,20160112,11, 1,2,       1801 ,,140849,140849,140849734100,1,,,,,,0,724,16000,128,723,36000,128
1100,20160112,11, 1,2,       1801 ,,140852,140852,140852804100,1,,,,,,0,724,12000,128,723,36000,128
1100,20160112,11, 1,2,       1801 ,,140852,140852,140852808300,1,,,,,,0,724,11000,128,723,36000,128
1100,20160112,11, 1,2,       1801 ,,140854,140854,140854923700,1,,,,,,0,724,15000,128,723,36000,128
1100,20160112,11, 1,2,       1801 ,,140855,140855,140855202800,1,,,,,,0,724,11000,128,723,36000,128
1100,20160112,11, 1,2,       1801 ,,140856,140856,140856558300,1,,,,,,0,724,15000,128,723,36000,128
1100,20160112,11, 1,2,       1801 ,,140856,140856,140856620600,1,,,,,,0,724,11000,128,723,36000,128
1100,20160112,11, 1,2,       1801 ,,140856,140856,140856623100,1,,,,,,0,724,16000,128,723,36000,128
1100,20160112,11, 1,2,       1801 ,,140856,140856,140856626000,1,,,,,,0,724,11000,128,723,36000,128
1100,20160112,11, 1,2,       1801 ,,140856,140856,140856916900,1,,,,,,0,724,15000,128,723,36000,128
1100,20160112,11, 1,2,       1801 ,,140856,140856,140856929000,1,,,,,,0,724,11000,128,723,36000,128
1100,20160112,11, 1,2,       1801 ,,140857,140857,140857436400,1,,,,,,0,724,15000,128,723,36000,128
1100,20160112,11, 1,2,       1801 ,,140857,140857,140857442700,1,,,,,,0,724,11000,128,723,36000,128
1100,20160112,11, 1,2,       1801 ,,140857,140857,140857483300,1,,,,,,0,724,15000,128,723,36000,128
1100,20160112,11, 1,2,       1801 ,,140857,140857,140857485400,1,,,,,,0,724,17000,128,723,36000,128
1100,20160112,11, 1,2,       1801 ,,140857,140857,140857570000,1,,,,,,0,724,13000,128,723,36000,128
1100,20160112,11, 1,2,       1801 ,,140857,140857,140857571400,1,,,,,,0,724,13000,128,723,37000,128
1100,20160112,11, 1,2,       1801 ,,140857,140857,140857640600,1,,,,,,0,724,17000,128,723,37000,128
1100,20160112,11, 1,2,       1801 ,,140857,140857,140857753800,1,,,,,,0,724,13000,128,723,37000,128
1100,20160112,11, 1,2,       1801 ,,140857,140857,140857824700,1,,,,,,0,724,17000,128,723,37000,128
1100,20160112,11, 1,2,       1801 ,,140857,140857,140857901600,1,,,,,,0,724,13000,128,723,37000,128
1100,20160112,11, 1,2,       1801 ,,140857,140857,140857983000,1,,,,,,0,724,17000,128,723,37000,128
1100,20160112,11, 1,2,       1801 ,,140857,140857,140857985200,1,,,,,,0,724,17000,128,723,32000,128
1100,20160112,11, 1,2,       1801 ,,140858,140858,140858075200,1,,,,,,0,724,17000,128,723,33000,128
1100,20160112,11, 1,2,       1801 ,,140858,140858,140858191900,1,,,,,,0,724,18000,128,723,33000,128
1100,20160112,11, 1,2,       1801 ,,140858,140858,140858193300,1,,,,,,0,724,18000,128,723,32000,128
1100,20160112,11, 1,2,       1801 ,,140858,140858,140858194000,1,,,,,,0,724,21000,128,723,32000,128
1100,20160112,11, 1,2,       1801 ,,140858,140858,140858381500,1,,,,,,0,724,20000,128,723,32000,128
1100,20160112,11, 1,2,       1801 ,,140902,140902,140902477600,1,,,,,,0,724,21000,128,723,32000,128
1100,20160112,11, 1,2,       1801 ,,140902,140902,140902479200,1,,,,,,0,724,26000,128,723,32000,128
1100,20160112,11, 1,2,       1801 ,,140903,140903,140903292200,1,,,,,,0,724,27000,128,723,32000,128
1100,20160112,11, 1,2,       1801 ,,140903,140903,140903324700,1,,,,,,0,724,27000,128,723,31000,128
1100,20160112,11, 1,2,       1801 ,,140905,140905,140905244900,1,,,,,,0,724,27000,128,723,34000,128
1100,20160112,11, 1,2,       1801 ,,140908,140908,140908594900,1,,,,,,0,724,27000,128,723,35000,128
1100,20160112,11, 1,2,       1801 ,,140908,140908,140908932100,1,,,,,,0,724,26000,128,723,35000,128
1100,20160112,11, 1,2,       1801 ,,140909,140909,140909470900,1,,,,,,0,724,27000,128,723,35000,128
1100,20160112,11, 1,2,       1801 ,,140910,140910,140910091400,1,,,,,,0,724,26000,128,723,35000,128
1100,20160112,11, 1,2,       1801 ,,140910,140910,140910450700,1,,,,,,0,724,27000,128,723,35000,128
1100,20160112,11, 1,2,       1801 ,,140911,140911,140911016000,1,,,,,,0,724,27000,128,723,34000,128
1100,20160112,11, 1,2,       1801 ,,140913,140913,140913119300,1,,,,,,0,724,27000,128,723,35000,128
1100,20160112,11, 1,2,       1801 ,,140913,140913,140913120600,1,,,,,,0,724,28000,128,723,35000,128
1100,20160112,11, 1,2,       1801 ,,140914,140914,140914790000,1,,,,,,0,724,30000,128,723,35000,128
1100,20160112,11, 1,2,       1801 ,,140914,140914,140914796100,1,,,,,,0,724,30000,128,723,34000,128
1100,20160112,11, 1,2,       1801 ,,140915,140915,140915179700,1,,,,,,0,724,30000,128,723,32000,128
1100,20160112,11, 1,2,       1801 ,,140915,140915,140915181500,1,,,,,,0,724,30000,128,723,20000,128
1100,20160112,11, 1,2,       1801 ,,140915,140915,140915183800,1,,,,,,0,724,30000,128,723,19000,128
1100,20160112,11, 1,2,       1801 ,140915,140915,140915,140915186900,1,723,16,0,1000,0,0,724,30000,128,723,18000,128
1100,20160112,11, 1,2,       1801 ,,140915,140915,140915188700,1,,,,,,0,724,42000,128,723,18000,128
1100,20160112,11, 1,2,       1801 ,,140915,140915,140915189800,1,,,,,,0,724,42000,128,723,13000,128
1100,20160112,11, 1,2,       1801 ,,140915,140915,140915191600,1,,,,,,0,724,41000,128,723,13000,128
1100,20160112,11, 1,2,       1801 ,,140915,140915,140915193600,1,,,,,,0,724,40000,128,723,13000,128
1100,20160112,11, 1,2,       1801 ,140915,140915,140915,140915195800,1,723,16,0,2000,0,0,724,40000,128,723,11000,128
1100,20160112,11, 1,2,       1801 ,140915,140915,140915,140915197400,1,723,16,0,3000,0,0,724,40000,128,723,8000,128
1100,20160112,11, 1,2,       1801 ,140915,140915,140915,140915199000,1,723,16,0,7000,0,0,724,40000,128,723,1000,128
1100,20160112,11, 1,2,       1801 ,140915,140915,140915,140915203000,1,723,16,0,1000,0,0,724,40000,128,722,97000,128
1100,20160112,11, 1,2,       1801 ,,140915,140915,140915206300,1,,,,,,0,724,41000,128,722,97000,128
1100,20160112,11, 1,2,       1801 ,,140915,140915,140915213200,1,,,,,,0,724,41000,128,722,96000,128
1100,20160112,11, 1,2,       1801 ,,140915,140915,140915214800,1,,,,,,0,723,2000,128,722,96000,128
1100,20160112,11, 1,2,       1801 ,,140915,140915,140915224900,1,,,,,,0,723,2000,128,722,95000,128
1100,20160112,11, 1,2,       1801 ,,140915,140915,140915227100,1,,,,,,0,723,3000,128,722,95000,128
1100,20160112,11, 1,2,       1801 ,,140915,140915,140915241000,1,,,,,,0,723,5000,128,722,95000,128
1100,20160112,11, 1,2,       1801 ,,140915,140915,140915242600,1,,,,,,0,723,5000,128,722,93000,128
1100,20160112,11, 1,2,       1801 ,,140915,140915,140915244400,1,,,,,,0,723,5000,128,722,91000,128
1100,20160112,11, 1,2,       1801 ,,140915,140915,140915251100,1,,,,,,0,723,5000,128,722,85000,128
1100,20160112,11, 1,2,       1801 ,,140915,140915,140915255300,1,,,,,,0,723,5000,128,722,84000,128
1100,20160112,11, 1,2,       1801 ,,140915,140915,140915257400,1,,,,,,0,723,6000,128,722,84000,128
1100,20160112,11, 1,2,       1801 ,,140915,140915,140915259200,1,,,,,,0,723,7000,128,722,84000,128
1100,20160112,11, 1,2,       1801 ,,140915,140915,140915261100,1,,,,,,0,723,7000,128,722,85000,128
1100,20160112,11, 1,2,       1801 ,140915,140915,140915,140915262500,1,723,48,0,1000,0,0,723,6000,128,722,85000,128
1100,20160112,11, 1,2,       1801 ,,140915,140915,140915263700,1,,,,,,0,723,6000,128,722,84000,128
1100,20160112,11, 1,2,       1801 ,,140915,140915,140915275100,1,,,,,,0,723,6000,128,722,79000,128
1100,20160112,11, 1,2,       1801 ,,140915,140915,140915276700,1,,,,,,0,723,6000,128,722,77000,128
1100,20160112,11, 1,2,       1801 ,,140915,140915,140915297800,1,,,,,,0,723,11000,128,722,77000,128
1100,20160112,11, 1,2,       1801 ,,140915,140915,140915310300,1,,,,,,0,723,11000,128,722,73000,128
1100,20160112,11, 1,2,       1801 ,,140915,140915,140915550900,1,,,,,,0,723,11000,128,722,68000,128
1100,20160112,11, 1,2,       1801 ,,140915,140915,140915949600,1,,,,,,0,723,10000,128,722,68000,128
1100,20160112,11, 1,2,       1801 ,,140915,140915,140915952300,1,,,,,,0,723,5000,128,722,68000,128
1100,20160112,11, 1,2,       1801 ,,140916,140916,140916010200,1,,,,,,0,723,5000,128,722,70000,128
1100,20160112,11, 1,2,       1801 ,,140916,140916,140916399700,1,,,,,,0,723,5000,128,722,68000,128
1100,20160112,11, 1,2,       1801 ,,140916,140916,140916755700,1,,,,,,0,723,5000,128,722,67000,128
1100,20160112,11, 1,2,       1801 ,,140917,140917,140917419800,1,,,,,,0,723,5000,128,722,69000,128
1100,20160112,11, 1,2,       1801 ,,140917,140917,140917422400,1,,,,,,0,723,5000,128,722,70000,128
1100,20160112,11, 1,2,       1801 ,,140917,140917,140917432100,1,,,,,,0,723,4000,128,722,70000,128
1100,20160112,11, 1,2,       1801 ,,140917,140917,140917433600,1,,,,,,0,723,4000,128,722,71000,128
1100,20160112,11, 1,2,       1801 ,,140917,140917,140917450100,1,,,,,,0,723,4000,128,722,69000,128
1100,20160112,11, 1,2,       1801 ,,140917,140917,140917451100,1,,,,,,0,723,4000,128,722,68000,128
1100,20160112,11, 1,2,       1801 ,,140917,140917,140917470900,1,,,,,,0,723,5000,128,722,68000,128
1100,20160112,11, 1,2,       1801 ,,140917,140917,140917504200,1,,,,,,0,723,5000,128,722,67000,128
1100,20160112,11, 1,2,       1801 ,,140917,140917,140917841500,1,,,,,,0,723,5000,128,722,66000,128
1100,20160112,11, 1,2,       1801 ,,140918,140918,140918745900,1,,,,,,0,723,5000,128,722,67000,128
1100,20160112,11, 1,2,       1801 ,,140918,140918,140918756500,1,,,,,,0,723,4000,128,722,67000,128
1100,20160112,11, 1,2,       1801 ,,140918,140918,140918860100,1,,,,,,0,723,4000,128,722,68000,128
1100,20160112,11, 1,2,       1801 ,,140918,140918,140918927100,1,,,,,,0,723,5000,128,722,68000,128
1100,20160112,11, 1,2,       1801 ,,140921,140921,140921560300,1,,,,,,0,723,5000,128,722,67000,128
1100,20160112,11, 1,2,       1801 ,,140922,140922,140922032700,1,,,,,,0,723,5000,128,722,66000,128
1100,20160112,11, 1,2,       1801 ,,140923,140923,140923931300,1,,,,,,0,723,5000,128,722,67000,128
1100,20160112,11, 1,2,       1801 ,,140924,140924,140924249700,1,,,,,,0,723,5000,128,722,68000,128
1100,20160112,11, 1,2,       1801 ,,140932,140932,140932289400,1,,,,,,0,723,7000,128,722,68000,128
1100,20160112,11, 1,2,       1801 ,,140932,140932,140932985400,1,,,,,,0,723,8000,128,722,68000,128
1100,20160112,11, 1,2,       1801 ,,140933,140933,140933581900,1,,,,,,0,723,8000,128,722,72000,128
1100,20160112,11, 1,2,       1801 ,,140933,140933,140933583400,1,,,,,,0,723,8000,128,722,77000,128
1100,20160112,11, 1,2,       1801 ,,140935,140935,140935858400,1,,,,,,0,723,6000,128,722,77000,128
1100,20160112,11, 1,2,       1801 ,,140935,140935,140935859700,1,,,,,,0,723,5000,128,722,77000,128
1100,20160112,11, 1,2,       1801 ,,140936,140936,140936005500,1,,,,,,0,723,5000,128,722,79000,128
1100,20160112,11, 1,2,       1801 ,,140937,140937,140937453600,1,,,,,,0,723,6000,128,722,79000,128
1100,20160112,11, 1,2,       1801 ,,140937,140937,140937454900,1,,,,,,0,723,7000,128,722,79000,128
1100,20160112,11, 1,2,       1801 ,,140940,140940,140940150400,1,,,,,,0,723,7000,128,722,81000,128
1100,20160112,11, 1,2,       1801 ,140940,140940,140940,140940171200,1,723,48,0,1000,0,0,723,6000,128,722,81000,128
1100,20160112,11, 1,2,       1801 ,140940,140940,140940,140940173100,1,723,48,0,2000,0,0,723,4000,128,722,81000,128
1100,20160112,11, 1,2,       1801 ,,140940,140940,140940175700,1,,,,,,0,723,3000,128,722,81000,128
1100,20160112,11, 1,2,       1801 ,140940,140940,140940,140940179400,1,723,48,0,1000,0,0,723,2000,128,722,81000,128
1100,20160112,11, 1,2,       1801 ,140940,140940,140940,140940182100,1,723,48,0,2000,0,0,724,75000,128,722,81000,128
1100,20160112,11, 1,2,       1801 ,,140940,140940,140940186500,1,,,,,,0,724,75000,128,723,1000,128
1100,20160112,11, 1,2,       1801 ,,140940,140940,140940187500,1,,,,,,0,724,71000,128,723,1000,128
1100,20160112,11, 1,2,       1801 ,,140940,140940,140940189600,1,,,,,,0,724,71000,128,723,3000,128
1100,20160112,11, 1,2,       1801 ,,140940,140940,140940193500,1,,,,,,0,724,70000,128,723,3000,128
1100,20160112,11, 1,2,       1801 ,,140940,140940,140940196200,1,,,,,,0,724,68000,128,723,3000,128
1100,20160112,11, 1,2,       1801 ,,140940,140940,140940207200,1,,,,,,0,724,68000,128,723,4000,128
1100,20160112,11, 1,2,       1801 ,,140940,140940,140940210400,1,,,,,,0,724,64000,128,723,4000,128
1100,20160112,11, 1,2,       1801 ,,140940,140940,140940235600,1,,,,,,0,724,59000,128,723,4000,128
1100,20160112,11, 1,2,       1801 ,,140940,140940,140940237900,1,,,,,,0,724,59000,128,723,7000,128
1100,20160112,11, 1,2,       1801 ,,140940,140940,140940254200,1,,,,,,0,724,54000,128,723,7000,128
1100,20160112,11, 1,2,       1801 ,,140942,140942,140942500400,1,,,,,,0,724,54000,128,723,8000,128
1100,20160112,11, 1,2,       1801 ,140944,140944,140944,140944437800,1,723,16,0,2000,0,0,724,54000,128,723,6000,128
1100,20160112,11, 1,2,       1801 ,,140946,140946,140946868600,1,,,,,,0,724,54000,128,723,6000,128
1100,20160112,11, 1,2,       1801 ,,140947,140947,140947425700,1,,,,,,0,724,54000,128,723,7000,128
1100,20160112,11, 1,2,       1801 ,140948,140948,140948,140948823000,1,723,16,0,7000,0,0,724,54000,128,722,95000,128
1100,20160112,11, 1,2,       1801 ,,140948,140948,140948824700,1,,,,,,0,723,2000,128,722,95000,128
1100,20160112,11, 1,2,       1801 ,,140948,140948,140948825500,1,,,,,,0,723,2000,128,722,92000,128
1100,20160112,11, 1,2,       1801 ,,140948,140948,140948829200,1,,,,,,0,723,3000,128,722,92000,128
1100,20160112,11, 1,2,       1801 ,140948,140948,140948,140948830500,1,723,48,0,3000,0,0,724,57000,128,722,92000,128
1100,20160112,11, 1,2,       1801 ,,140948,140948,140948831500,1,,,,,,0,724,57000,128,722,86000,128
1100,20160112,11, 1,2,       1801 ,,140948,140948,140948832400,1,,,,,,0,723,1000,128,722,86000,128
1100,20160112,11, 1,2,       1801 ,,140948,140948,140948833300,1,,,,,,0,723,1000,128,722,85000,128
1100,20160112,11, 1,2,       1801 ,,140948,140948,140948834100,1,,,,,,0,723,5000,128,722,85000,128
1100,20160112,11, 1,2,       1801 ,,140948,140948,140948834700,1,,,,,,0,723,5000,128,722,84000,128
1100,20160112,11, 1,2,       1801 ,140948,140948,140948,140948836500,1,723,48,0,5000,0,0,724,57000,128,723,1000,128
1100,20160112,11, 1,2,       1801 ,,140948,140948,140948837400,1,,,,,,0,724,57000,128,723,1000,128
1100,20160112,11, 1,2,       1801 ,,140948,140948,140948839000,1,,,,,,0,724,59000,128,723,1000,128
1100,20160112,11, 1,2,       1801 ,140948,140948,140948,140948841500,1,723,16,0,1000,0,0,724,59000,128,722,83000,128
1100,20160112,11, 1,2,       1801 ,,140948,140948,140948842400,1,,,,,,0,724,57000,128,722,83000,128
1100,20160112,11, 1,2,       1801 ,,140948,140948,140948843300,1,,,,,,0,724,57000,128,722,84000,128
1100,20160112,11, 1,2,       1801 ,,140948,140948,140948844100,1,,,,,,0,724,57000,128,723,1000,128
1100,20160112,11, 1,2,       1801 ,140948,140948,140948,140948845400,1,723,16,0,1000,0,0,724,57000,128,722,84000,128
1100,20160112,11, 1,2,       1801 ,,140948,140948,140948846700,1,,,,,,0,724,57000,128,722,90000,128
1100,20160112,11, 1,2,       1801 ,,140948,140948,140948847400,1,,,,,,0,724,57000,128,722,94000,128
1100,20160112,11, 1,2,       1801 ,,140948,140948,140948848000,1,,,,,,0,724,57000,128,722,93000,128
1100,20160112,11, 1,2,       1801 ,,140948,140948,140948848800,1,,,,,,0,724,57000,128,722,95000,128
1100,20160112,11, 1,2,       1801 ,,140948,140948,140948849500,1,,,,,,0,724,57000,128,722,96000,128
1100,20160112,11, 1,2,       1801 ,,140948,140948,140948850200,1,,,,,,0,724,59000,128,722,96000,128
1100,20160112,11, 1,2,       1801 ,,140948,140948,140948851900,1,,,,,,0,724,57000,128,722,96000,128
1100,20160112,11, 1,2,       1801 ,,140948,140948,140948853300,1,,,,,,0,724,59000,128,722,96000,128
1100,20160112,11, 1,2,       1801 ,,140948,140948,140948853900,1,,,,,,0,724,59000,128,722,92000,128
1100,20160112,11, 1,2,       1801 ,,140948,140948,140948854600,1,,,,,,0,724,57000,128,722,92000,128
1100,20160112,11, 1,2,       1801 ,,140948,140948,140948885500,1,,,,,,0,724,57000,128,722,88000,128
1100,20160112,11, 1,2,       1801 ,,140948,140948,140948899400,1,,,,,,0,724,62000,128,722,88000,128
1100,20160112,11, 1,2,       1801 ,,140949,140949,140949246600,1,,,,,,0,724,62000,128,722,87000,128
1100,20160112,11, 1,2,       1801 ,,140949,140949,140949397500,1,,,,,,0,724,62000,128,722,86000,128
1100,20160112,11, 1,2,       1801 ,,140949,140949,140949528600,1,,,,,,0,724,62000,128,722,88000,128
1100,20160112,11, 1,2,       1801 ,,140950,140950,140950866900,1,,,,,,0,724,98000,128,722,88000,128
1100,20160112,11, 1,2,       1801 ,,140950,140950,140950868100,1,,,,,,0,724,98000,128,722,87000,128
1100,20160112,11, 1,2,       1801 ,,140950,140950,140950868900,1,,,,,,0,724,103000,128,722,87000,128
1100,20160112,11, 1,2,       1801 ,,140950,140950,140950901000,1,,,,,,0,724,103000,128,722,89000,128
1100,20160112,11, 1,2,       1801 ,,140952,140952,140952550600,1,,,,,,0,724,103000,128,722,87000,128
1100,20160112,11, 1,2,       1801 ,,140954,140954,140954745400,1,,,,,,0,724,106000,128,722,87000,128
1100,20160112,11, 1,2,       1801 ,,140958,140958,140958910900,1,,,,,,0,724,112000,128,722,87000,128
1100,20160112,11, 1,2,       1801 ,,140959,140959,140959520300,1,,,,,,0,724,112000,128,722,88000,128
1100,20160112,11, 1,2,       1801 ,,140959,140959,140959521000,1,,,,,,0,724,112000,128,722,90000,128
1100,20160112,11, 1,2,       1801 ,,140959,140959,140959817400,1,,,,,,0,724,112000,128,722,88000,128
1100,20160112,11, 1,2,       1801 ,,140959,140959,140959986700,1,,,,,,0,724,112000,128,722,89000,128
1100,20160112,11, 1,2,       1801 ,,141003,141003,141003005800,1,,,,,,0,724,131000,128,722,89000,128
1100,20160112,11, 1,2,       1801 ,,141003,141003,141003007100,1,,,,,,0,724,131000,128,722,88000,128
1100,20160112,11, 1,2,       1801 ,,141004,141004,141004782000,1,,,,,,0,724,131000,128,722,90000,128
1100,20160112,11, 1,2,       1801 ,,141006,141006,141006551200,1,,,,,,0,724,131000,128,722,91000,128
1100,20160112,11, 1,2,       1801 ,,141006,141006,141006650700,1,,,,,,0,724,129000,128,722,91000,128
1100,20160112,11, 1,2,       1801 ,,141006,141006,141006910500,1,,,,,,0,724,129000,128,722,97000,128
1100,20160112,11, 1,2,       1801 ,,141007,141007,141007008800,1,,,,,,0,724,110000,128,722,97000,128
1100,20160112,11, 1,2,       1801 ,,141007,141007,141007010300,1,,,,,,0,724,109000,128,722,97000,128
1100,20160112,11, 1,2,       1801 ,,141007,141007,141007960900,1,,,,,,0,724,109000,128,722,98000,128
1100,20160112,11, 1,2,       1801 ,,141008,141008,141008467900,1,,,,,,0,724,103000,128,722,98000,128
1100,20160112,11, 1,2,       1801 ,,141008,141008,141008958700,1,,,,,,0,724,103000,128,722,99000,128
1100,20160112,11, 1,2,       1801 ,141011,141011,141011,141011745400,1,722,16,0,1000,0,0,724,103000,128,722,98000,128
1100,20160112,11, 1,2,       1801 ,,141011,141011,141011746900,1,,,,,,0,724,104000,128,722,98000,128
1100,20160112,11, 1,2,       1801 ,,141011,141011,141011747600,1,,,,,,0,724,104000,128,722,97000,128
1100,20160112,11, 1,2,       1801 ,,141011,141011,141011848900,1,,,,,,0,724,104000,128,722,98000,128
1100,20160112,11, 1,2,       1801 ,,141013,141013,141013292300,1,,,,,,0,724,88000,128,722,98000,128
1100,20160112,11, 1,2,       1801 ,,141013,141013,141013293500,1,,,,,,0,724,87000,128,722,98000,128
1100,20160112,11, 1,2,       1801 ,,141014,141014,141014934500,1,,,,,,0,724,82000,128,722,98000,128
1100,20160112,11, 1,2,       1801 ,,141017,141017,141017303800,1,,,,,,0,724,73000,128,722,98000,128
1100,20160112,11, 1,2,       1801 ,,141019,141019,141019350600,1,,,,,,0,724,73000,128,722,96000,128
1100,20160112,11, 1,2,       1801 ,,141019,141019,141019360200,1,,,,,,0,724,75000,128,722,96000,128
1100,20160112,11, 1,2,       1801 ,,141019,141019,141019490300,1,,,,,,0,724,73000,128,722,96000,128
1100,20160112,11, 1,2,       1801 ,,141024,141024,141024269100,1,,,,,,0,724,77000,128,722,96000,128
1100,20160112,11, 1,2,       1801 ,,141032,141032,141032490400,1,,,,,,0,724,77000,128,722,97000,128
1100,20160112,11, 1,2,       1801 ,,141032,141032,141032920400,1,,,,,,0,724,77000,128,722,99000,128
1100,20160112,11, 1,2,       1801 ,,141033,141033,141033140000,1,,,,,,0,724,77000,128,722,97000,128
1100,20160112,11, 1,2,       1801 ,,141033,141033,141033283600,1,,,,,,0,724,77000,128,722,99000,128
1100,20160112,11, 1,2,       1801 ,,141037,141037,141037190400,1,,,,,,0,724,77000,128,722,101000,128
1100,20160112,11, 1,2,       1801 ,,141037,141037,141037456500,1,,,,,,0,724,77000,128,722,102000,128
1100,20160112,11, 1,2,       1801 ,,141037,141037,141037933100,1,,,,,,0,724,77000,128,722,100000,128
1100,20160112,11, 1,2,       1801 ,,141041,141041,141041422200,1,,,,,,0,724,77000,128,722,99000,128
1100,20160112,11, 1,2,       1801 ,,141041,141041,141041423000,1,,,,,,0,724,78000,128,722,99000,128
1100,20160112,11, 1,2,       1801 ,,141042,141042,141042000200,1,,,,,,0,724,80000,128,722,99000,128
1100,20160112,11, 1,2,       1801 ,,141042,141042,141042791500,1,,,,,,0,724,80000,128,722,100000,128
1100,20160112,11, 1,2,       1801 ,,141042,141042,141042792300,1,,,,,,0,724,79000,128,722,100000,128
1100,20160112,11, 1,2,       1801 ,,141044,141044,141044424500,1,,,,,,0,724,76000,128,722,100000,128
1100,20160112,11, 1,2,       1801 ,,141046,141046,141046380900,1,,,,,,0,724,74000,128,722,100000,128
1100,20160112,11, 1,2,       1801 ,,141046,141046,141046449100,1,,,,,,0,724,74000,128,722,102000,128
1100,20160112,11, 1,2,       1801 ,,141047,141047,141047556900,1,,,,,,0,724,74000,128,723,1000,128
1100,20160112,11, 1,2,       1801 ,,141047,141047,141047558900,1,,,,,,0,724,72000,128,723,1000,128
1100,20160112,11, 1,2,       1801 ,,141047,141047,141047559700,1,,,,,,0,724,72000,128,723,7000,128
1100,20160112,11, 1,2,       1801 ,,141047,141047,141047560400,1,,,,,,0,724,72000,128,723,8000,128
1100,20160112,11, 1,2,       1801 ,,141047,141047,141047561000,1,,,,,,0,724,72000,128,723,12000,128
1100,20160112,11, 1,2,       1801 ,,141047,141047,141047561600,1,,,,,,0,724,67000,128,723,12000,128
1100,20160112,11, 1,2,       1801 ,,141047,141047,141047562300,1,,,,,,0,724,67000,128,723,13000,128
1100,20160112,11, 1,2,       1801 ,,141047,141047,141047563100,1,,,,,,0,724,67000,128,723,16000,128
1100,20160112,11, 1,2,       1801 ,,141047,141047,141047563800,1,,,,,,0,724,67000,128,723,17000,128
1100,20160112,11, 1,2,       1801 ,,141047,141047,141047565300,1,,,,,,0,724,67000,128,723,19000,128
1100,20160112,11, 1,2,       1801 ,,141047,141047,141047585200,1,,,,,,0,724,61000,128,723,19000,128
1100,20160112,11, 1,2,       1801 ,,141047,141047,141047594700,1,,,,,,0,724,61000,128,723,20000,128
1100,20160112,11, 1,2,       1801 ,,141047,141047,141047750800,1,,,,,,0,724,61000,128,723,21000,128
1100,20160112,11, 1,2,       1801 ,,141047,141047,141047752000,1,,,,,,0,724,60000,128,723,21000,128
1100,20160112,11, 1,2,       1801 ,,141048,141048,141048400400,1,,,,,,0,724,60000,128,723,22000,128
1100,20160112,11, 1,2,       1801 ,,141048,141048,141048723500,1,,,,,,0,724,60000,128,723,21000,128
1100,20160112,11, 1,2,       1801 ,,141050,141050,141050776600,1,,,,,,0,724,62000,128,723,21000,128
1100,20160112,11, 1,2,       1801 ,,141053,141053,141053930800,1,,,,,,0,724,62000,128,723,18000,128
1100,20160112,11, 1,2,       1801 ,,141053,141053,141053933100,1,,,,,,0,724,62000,128,723,16000,128
1100,20160112,11, 1,2,       1801 ,,141056,141056,141056473500,1,,,,,,0,724,62000,128,723,17000,128
1100,20160112,11, 1,2,       1801 ,141100,141100,141100,141100134500,1,723,16,0,1000,0,0,724,62000,128,723,16000,128
1100,20160112,11, 1,2,       1801 ,,141100,141100,141100296700,1,,,,,,0,724,62000,128,723,16000,128
1100,20160112,11, 1,2,       1801 ,,141100,141100,141100298000,1,,,,,,0,724,63000,128,723,16000,128
1100,20160112,11, 1,2,       1801 ,,141101,141101,141101491500,1,,,,,,0,724,63000,128,723,17000,128
1100,20160112,11, 1,2,       1801 ,,141101,141101,141101948800,1,,,,,,0,724,63000,128,723,18000,128
1100,20160112,11, 1,2,       1801 ,,141101,141101,141101950100,1,,,,,,0,724,62000,128,723,18000,128
1100,20160112,11, 1,2,       1801 ,,141102,141102,141102070500,1,,,,,,0,724,57000,128,723,18000,128
1100,20160112,11, 1,2,       1801 ,,141102,141102,141102077000,1,,,,,,0,724,57000,128,723,19000,128
1100,20160112,11, 1,2,       1801 ,,141102,141102,141102079200,1,,,,,,0,724,57000,128,723,20000,128
1100,20160112,11, 1,2,       1801 ,,141102,141102,141102125200,1,,,,,,0,724,53000,128,723,20000,128
1100,20160112,11, 1,2,       1801 ,,141102,141102,141102128000,1,,,,,,0,724,53000,128,723,23000,128
1100,20160112,11, 1,2,       1801 ,,141102,141102,141102128800,1,,,,,,0,724,52000,128,723,23000,128
1100,20160112,11, 1,2,       1801 ,,141102,141102,141102130100,1,,,,,,0,724,52000,128,723,25000,128
1100,20160112,11, 1,2,       1801 ,,141102,141102,141102130900,1,,,,,,0,724,48000,128,723,25000,128
1100,20160112,11, 1,2,       1801 ,,141102,141102,141102200600,1,,,,,,0,724,48000,128,723,27000,128
1100,20160112,11, 1,2,       1801 ,,141103,141103,141103345700,1,,,,,,0,724,49000,128,723,27000,128
1100,20160112,11, 1,2,       1801 ,,141105,141105,141105006000,1,,,,,,0,724,68000,128,723,27000,128
1100,20160112,11, 1,2,       1801 ,,141105,141105,141105801000,1,,,,,,0,724,69000,128,723,27000,128
1100,20160112,11, 1,2,       1801 ,,141105,141105,141105823200,1,,,,,,0,724,69000,128,723,26000,128
1100,20160112,11, 1,2,       1801 ,141106,141106,141106,141106402300,1,723,16,0,2000,0,0,724,69000,128,723,24000,128
1100,20160112,11, 1,2,       1801 ,,141106,141106,141106404000,1,,,,,,0,724,69000,128,723,21000,128
1100,20160112,11, 1,2,       1801 ,,141107,141107,141107094500,1,,,,,,0,724,69000,128,723,22000,128
1100,20160112,11, 1,2,       1801 ,,141107,141107,141107095200,1,,,,,,0,724,69000,128,723,23000,128
1100,20160112,11, 1,2,       1801 ,,141114,141114,141114537300,1,,,,,,0,724,69000,128,723,24000,128
1100,20160112,11, 1,2,       1801 ,,141122,141122,141122460600,1,,,,,,0,724,69000,128,723,26000,128
1100,20160112,11, 1,2,       1801 ,,141122,141122,141122466900,1,,,,,,0,724,69000,128,723,27000,128
1100,20160112,11, 1,2,       1801 ,,141122,141122,141122471200,1,,,,,,0,724,69000,128,723,30000,128
1100,20160112,11, 1,2,       1801 ,,141122,141122,141122475000,1,,,,,,0,724,68000,128,723,30000,128
1100,20160112,11, 1,2,       1801 ,,141122,141122,141122811300,1,,,,,,0,724,69000,128,723,30000,128
1100,20160112,11, 1,2,       1801 ,,141122,141122,141122959800,1,,,,,,0,724,69000,128,723,28000,128
1100,20160112,11, 1,2,       1801 ,,141123,141123,141123007000,1,,,,,,0,724,50000,128,723,28000,128
1100,20160112,11, 1,2,       1801 ,,141123,141123,141123452200,1,,,,,,0,724,50000,128,723,27000,128
1100,20160112,11, 1,2,       1801 ,,141123,141123,141123455000,1,,,,,,0,724,55000,128,723,27000,128
1100,20160112,11, 1,2,       1801 ,,141123,141123,141123749900,1,,,,,,0,724,55000,128,723,40000,128
1100,20160112,11, 1,2,       1801 ,,141124,141124,141124932200,1,,,,,,0,724,55000,128,723,41000,128
1100,20160112,11, 1,2,       1801 ,,141124,141124,141124952000,1,,,,,,0,724,55000,128,723,40000,128
1100,20160112,11, 1,2,       1801 ,,141124,141124,141124972500,1,,,,,,0,724,55000,128,723,41000,128
1100,20160112,11, 1,2,       1801 ,,141125,141125,141125111300,1,,,,,,0,724,55000,128,723,40000,128
1100,20160112,11, 1,2,       1801 ,,141129,141129,141129332200,1,,,,,,0,724,55000,128,723,27000,128
1100,20160112,11, 1,2,       1801 ,,141134,141134,141134435200,1,,,,,,0,724,63000,128,723,27000,128
1100,20160112,11, 1,2,       1801 ,,141137,141137,141137190900,1,,,,,,0,724,63000,128,723,26000,128
1100,20160112,11, 1,2,       1801 ,,141139,141139,141139780700,1,,,,,,0,724,63000,128,723,27000,128
1100,20160112,11, 1,2,       1801 ,,141139,141139,141139782100,1,,,,,,0,724,64000,128,723,27000,128
1100,20160112,11, 1,2,       1801 ,,141143,141143,141143945500,1,,,,,,0,724,64000,128,723,40000,128
1100,20160112,11, 1,2,       1801 ,,141143,141143,141143946900,1,,,,,,0,724,63000,128,723,40000,128
1100,20160112,11, 1,2,       1801 ,,141143,141143,141143947800,1,,,,,,0,724,63000,128,723,41000,128
1100,20160112,11, 1,2,       1801 ,,141144,141144,141144428600,1,,,,,,0,724,61000,128,723,41000,128
1100,20160112,11, 1,2,       1801 ,,141144,141144,141144429900,1,,,,,,0,724,58000,128,723,41000,128
1100,20160112,11, 1,2,       1801 ,,141144,141144,141144442800,1,,,,,,0,724,58000,128,723,40000,128
1100,20160112,11, 1,2,       1801 ,,141149,141149,141149651100,1,,,,,,0,724,58000,128,723,41000,128
1100,20160112,11, 1,2,       1801 ,,141149,141149,141149653100,1,,,,,,0,724,58000,128,723,46000,128
1100,20160112,11, 1,2,       1801 ,,141150,141150,141150562300,1,,,,,,0,724,57000,128,723,46000,128
1100,20160112,11, 1,2,       1801 ,,141150,141150,141150681500,1,,,,,,0,724,58000,128,723,46000,128
1100,20160112,11, 1,2,       1801 ,,141150,141150,141150723500,1,,,,,,0,724,58000,128,723,45000,128
1100,20160112,11, 1,2,       1801 ,,141150,141150,141150904100,1,,,,,,0,724,58000,128,723,46000,128
1100,20160112,11, 1,2,       1801 ,,141150,141150,141150911300,1,,,,,,0,724,58000,128,723,48000,128
1100,20160112,11, 1,2,       1801 ,,141150,141150,141150917700,1,,,,,,0,724,57000,128,723,48000,128
1100,20160112,11, 1,2,       1801 ,141158,141158,141158,141158306200,1,724,48,0,1000,0,0,724,56000,128,723,47000,128
1100,20160112,11, 1,2,       1801 ,,141158,141158,141158307900,1,,,,,,0,724,56000,128,723,48000,128
1100,20160112,11, 1,2,       1801 ,,141158,141158,141158620200,1,,,,,,0,724,55000,128,723,48000,128
1100,20160112,11, 1,2,       1801 ,,141159,141159,141159578900,1,,,,,,0,724,56000,128,723,48000,128
1100,20160112,11, 1,2,       1801 ,,141202,141202,141202402000,1,,,,,,0,724,56000,128,723,49000,128
1100,20160112,11, 1,2,       1801 ,,141203,141203,141203432900,1,,,,,,0,724,56000,128,723,51000,128
1100,20160112,11, 1,2,       1801 ,,141204,141204,141204804700,1,,,,,,0,724,56000,128,723,52000,128
1100,20160112,11, 1,2,       1801 ,,141208,141208,141208735400,1,,,,,,0,724,56000,128,723,53000,128
1100,20160112,11, 1,2,       1801 ,,141210,141210,141210690000,1,,,,,,0,724,56000,128,723,51000,128
1100,20160112,11, 1,2,       1801 ,,141210,141210,141210702500,1,,,,,,0,724,56000,128,723,50000,128
1100,20160112,11, 1,2,       1801 ,,141211,141211,141211221800,1,,,,,,0,724,56000,128,723,51000,128
1100,20160112,11, 1,2,       1801 ,,141212,141212,141212182600,1,,,,,,0,724,56000,128,723,50000,128
1100,20160112,11, 1,2,       1801 ,,141212,141212,141212713200,1,,,,,,0,724,56000,128,723,51000,128
1100,20160112,11, 1,2,       1801 ,,141212,141212,141212931500,1,,,,,,0,724,56000,128,723,52000,128
1100,20160112,11, 1,2,       1801 ,,141213,141213,141213315600,1,,,,,,0,724,56000,128,723,53000,128
1100,20160112,11, 1,2,       1801 ,,141215,141215,141215171300,1,,,,,,0,724,56000,128,723,52000,128
1100,20160112,11, 1,2,       1801 ,,141215,141215,141215511400,1,,,,,,0,724,56000,128,723,53000,128
1100,20160112,11, 1,2,       1801 ,,141219,141219,141219057600,1,,,,,,0,724,56000,128,723,52000,128
1100,20160112,11, 1,2,       1801 ,,141219,141219,141219071200,1,,,,,,0,724,56000,128,723,53000,128
1100,20160112,11, 1,2,       1801 ,,141219,141219,141219982300,1,,,,,,0,724,56000,128,723,52000,128
1100,20160112,11, 1,2,       1801 ,,141220,141220,141220102500,1,,,,,,0,724,56000,128,723,53000,128
1100,20160112,11, 1,2,       1801 ,,141220,141220,141220122400,1,,,,,,0,724,56000,128,723,52000,128
1100,20160112,11, 1,2,       1801 ,,141220,141220,141220131500,1,,,,,,0,724,56000,128,723,53000,128
1100,20160112,11, 1,2,       1801 ,,141220,141220,141220169400,1,,,,,,0,724,54000,128,723,53000,128
1100,20160112,11, 1,2,       1801 ,,141220,141220,141220211300,1,,,,,,0,724,52000,128,723,53000,128
1100,20160112,11, 1,2,       1801 ,,141220,141220,141220262800,1,,,,,,0,724,50000,128,723,53000,128
1100,20160112,11, 1,2,       1801 ,,141225,141225,141225190200,1,,,,,,0,724,50000,128,723,55000,128
1100,20160112,11, 1,2,       1801 ,,141225,141225,141225213800,1,,,,,,0,724,49000,128,723,55000,128
1100,20160112,11, 1,2,       1801 ,,141225,141225,141225226900,1,,,,,,0,724,49000,128,723,54000,128
1100,20160112,11, 1,2,       1801 ,,141225,141225,141225280400,1,,,,,,0,724,44000,128,723,54000,128
1100,20160112,11, 1,2,       1801 ,,141225,141225,141225281800,1,,,,,,0,724,43000,128,723,54000,128
1100,20160112,11, 1,2,       1801 ,141227,141227,141227,141227678400,1,724,48,0,1000,0,0,724,42000,128,723,54000,128
1100,20160112,11, 1,2,       1801 ,,141227,141227,141227679800,1,,,,,,0,724,41000,128,723,54000,128
1100,20160112,11, 1,2,       1801 ,,141227,141227,141227696300,1,,,,,,0,724,33000,128,723,54000,128
1100,20160112,11, 1,2,       1801 ,,141227,141227,141227697600,1,,,,,,0,724,31000,128,723,54000,128
1100,20160112,11, 1,2,       1801 ,,141227,141227,141227698300,1,,,,,,0,724,31000,128,723,55000,128
1100,20160112,11, 1,2,       1801 ,,141227,141227,141227699000,1,,,,,,0,724,19000,128,723,55000,128
1100,20160112,11, 1,2,       1801 ,141227,141227,141227,141227700300,1,724,48,0,4000,0,0,724,15000,128,723,55000,128
1100,20160112,11, 1,2,       1801 ,141227,141227,141227,141227701200,1,724,48,0,1000,0,0,724,14000,128,723,55000,128
1100,20160112,11, 1,2,       1801 ,141227,141227,141227,141227702200,1,724,48,0,1000,0,0,724,13000,128,723,55000,128
1100,20160112,11, 1,2,       1801 ,141227,141227,141227,141227703200,1,724,48,0,1000,0,0,724,12000,128,723,55000,128
1100,20160112,11, 1,2,       1801 ,141227,141227,141227,141227704100,1,724,48,0,2000,0,0,724,10000,128,723,55000,128
1100,20160112,11, 1,2,       1801 ,,141227,141227,141227705000,1,,,,,,0,724,10000,128,723,54000,128
1100,20160112,11, 1,2,       1801 ,,141227,141227,141227705800,1,,,,,,0,724,10000,128,723,53000,128
1100,20160112,11, 1,2,       1801 ,,141227,141227,141227706600,1,,,,,,0,724,9000,128,723,53000,128
1100,20160112,11, 1,2,       1801 ,141227,141227,141227,141227707300,1,724,48,0,1000,0,0,724,8000,128,723,53000,128
1100,20160112,11, 1,2,       1801 ,141227,141227,141227,141227708200,1,724,48,0,8000,0,0,725,74000,128,724,4000,128
1100,20160112,11, 1,2,       1801 ,,141227,141227,141227714300,1,,,,,,0,725,74000,128,724,4000,128
1100,20160112,11, 1,2,       1801 ,141227,141227,141227,141227715000,1,725,48,0,1000,0,0,725,73000,128,724,4000,128
1100,20160112,11, 1,2,       1801 ,,141227,141227,141227715900,1,,,,,,0,725,73000,128,724,4000,128
1100,20160112,11, 1,2,       1801 ,,141227,141227,141227716700,1,,,,,,0,725,73000,128,724,5000,128
1100,20160112,11, 1,2,       1801 ,,141227,141227,141227718100,1,,,,,,0,725,71000,128,724,5000,128
1100,20160112,11, 1,2,       1801 ,,141227,141227,141227718900,1,,,,,,0,725,67000,128,724,5000,128
1100,20160112,11, 1,2,       1801 ,,141227,141227,141227719600,1,,,,,,0,725,67000,128,724,6000,128
1100,20160112,11, 1,2,       1801 ,,141227,141227,141227722200,1,,,,,,0,725,62000,128,724,6000,128
1100,20160112,11, 1,2,       1801 ,,141227,141227,141227722900,1,,,,,,0,725,64000,128,724,6000,128
1100,20160112,11, 1,2,       1801 ,,141227,141227,141227724300,1,,,,,,0,725,65000,128,724,6000,128
1100,20160112,11, 1,2,       1801 ,,141227,141227,141227727000,1,,,,,,0,725,65000,128,724,7000,128
1100,20160112,11, 1,2,       1801 ,,141227,141227,141227727800,1,,,,,,0,725,65000,128,724,8000,128
1100,20160112,11, 1,2,       1801 ,,141227,141227,141227728800,1,,,,,,0,725,65000,128,724,9000,128
1100,20160112,11, 1,2,       1801 ,,141227,141227,141227730300,1,,,,,,0,725,60000,128,724,9000,128
1100,20160112,11, 1,2,       1801 ,,141227,141227,141227731800,1,,,,,,0,725,58000,128,724,9000,128
1100,20160112,11, 1,2,       1801 ,,141227,141227,141227732600,1,,,,,,0,725,58000,128,724,10000,128
1100,20160112,11, 1,2,       1801 ,,141227,141227,141227734100,1,,,,,,0,725,58000,128,724,12000,128
1100,20160112,11, 1,2,       1801 ,,141227,141227,141227737200,1,,,,,,0,725,56000,128,724,12000,128
1100,20160112,11, 1,2,       1801 ,,141227,141227,141227741200,1,,,,,,0,725,50000,128,724,12000,128
1100,20160112,11, 1,2,       1801 ,,141227,141227,141227742500,1,,,,,,0,725,50000,128,724,14000,128
1100,20160112,11, 1,2,       1801 ,141227,141227,141227,141227761100,1,725,48,0,1000,0,0,725,49000,128,724,14000,128
1100,20160112,11, 1,2,       1801 ,,141227,141227,141227762000,1,,,,,,0,725,49000,128,724,14000,128
1100,20160112,11, 1,2,       1801 ,,141227,141227,141227763000,1,,,,,,0,725,49000,128,724,16000,128
1100,20160112,11, 1,2,       1801 ,,141227,141227,141227779700,1,,,,,,0,725,49000,128,724,17000,128
1100,20160112,11, 1,2,       1801 ,,141227,141227,141227957200,1,,,,,,0,725,49000,128,724,18000,128
1100,20160112,11, 1,2,       1801 ,,141227,141227,141227977600,1,,,,,,0,725,49000,128,724,19000,128
1100,20160112,11, 1,2,       1801 ,,141228,141228,141228318700,1,,,,,,0,725,49000,128,724,20000,128
1100,20160112,11, 1,2,       1801 ,,141228,141228,141228643800,1,,,,,,0,725,49000,128,724,16000,128
1100,20160112,11, 1,2,       1801 ,,141229,141229,141229785900,1,,,,,,0,725,49000,128,724,17000,128
1100,20160112,11, 1,2,       1801 ,,141230,141230,141230938600,1,,,,,,0,725,49000,128,724,15000,128
1100,20160112,11, 1,2,       1801 ,,141230,141230,141230943200,1,,,,,,0,725,51000,128,724,15000,128
1100,20160112,11, 1,2,       1801 ,,141231,141231,141231066900,1,,,,,,0,725,51000,128,724,14000,128
1100,20160112,11, 1,2,       1801 ,,141231,141231,141231567400,1,,,,,,0,725,51000,128,724,15000,128
1100,20160112,11, 1,2,       1801 ,,141235,141235,141235923200,1,,,,,,0,725,51000,128,724,16000,128
1100,20160112,11, 1,2,       1801 ,,141237,141237,141237088000,1,,,,,,0,725,51000,128,724,17000,128
1100,20160112,11, 1,2,       1801 ,,141240,141240,141240712300,1,,,,,,0,725,51000,128,724,16000,128
1100,20160112,11, 1,2,       1801 ,,141246,141246,141246947400,1,,,,,,0,725,50000,128,724,16000,128
1100,20160112,11, 1,2,       1801 ,,141247,141247,141247603100,1,,,,,,0,725,52000,128,724,16000,128
1100,20160112,11, 1,2,       1801 ,,141250,141250,141250741600,1,,,,,,0,725,50000,128,724,16000,128
1100,20160112,11, 1,2,       1801 ,,141252,141252,141252741700,1,,,,,,0,725,50000,128,724,17000,128
1100,20160112,11, 1,2,       1801 ,,141253,141253,141253058700,1,,,,,,0,725,50000,128,724,16000,128
1100,20160112,11, 1,2,       1801 ,,141254,141254,141254211300,1,,,,,,0,725,50000,128,724,17000,128
1100,20160112,11, 1,2,       1801 ,,141254,141254,141254552200,1,,,,,,0,725,50000,128,724,16000,128
1100,20160112,11, 1,2,       1801 ,,141254,141254,141254581300,1,,,,,,0,725,50000,128,724,17000,128
1100,20160112,11, 1,2,       1801 ,,141254,141254,141254922800,1,,,,,,0,725,50000,128,724,16000,128
1100,20160112,11, 1,2,       1801 ,,141257,141257,141257067900,1,,,,,,0,725,53000,128,724,16000,128
1100,20160112,11, 1,2,       1801 ,,141257,141257,141257069200,1,,,,,,0,725,53000,128,724,14000,128
1100,20160112,11, 1,2,       1801 ,,141301,141301,141301843800,1,,,,,,0,725,57000,128,724,14000,128
1100,20160112,11, 1,2,       1801 ,,141301,141301,141301845300,1,,,,,,0,725,62000,128,724,14000,128
1100,20160112,11, 1,2,       1801 ,,141301,141301,141301846500,1,,,,,,0,725,63000,128,724,14000,128
1100,20160112,11, 1,2,       1801 ,,141302,141302,141302538200,1,,,,,,0,725,67000,128,724,14000,128
1100,20160112,11, 1,2,       1801 ,,141303,141303,141303418400,1,,,,,,0,725,67000,128,724,13000,128
1100,20160112,11, 1,2,       1801 ,,141303,141303,141303419400,1,,,,,,0,725,69000,128,724,13000,128
1100,20160112,11, 1,2,       1801 ,141303,141303,141303,141303420300,1,724,16,0,1000,0,0,725,69000,128,724,12000,128
1100,20160112,11, 1,2,       1801 ,141303,141303,141303,141303422100,1,724,16,0,1000,0,0,725,69000,128,724,11000,128
1100,20160112,11, 1,2,       1801 ,141303,141303,141303,141303423000,1,724,16,0,11000,0,0,725,69000,128,723,73000,128
1100,20160112,11, 1,2,       1801 ,,141303,141303,141303426300,1,,,,,,0,725,70000,128,723,73000,128
1100,20160112,11, 1,2,       1801 ,,141303,141303,141303427000,1,,,,,,0,724,1000,128,723,73000,128
1100,20160112,11, 1,2,       1801 ,,141303,141303,141303428300,1,,,,,,0,724,1000,128,723,70000,128
1100,20160112,11, 1,2,       1801 ,,141303,141303,141303434000,1,,,,,,0,724,1000,128,723,68000,128
1100,20160112,11, 1,2,       1801 ,,141303,141303,141303438900,1,,,,,,0,724,5000,128,723,68000,128
1100,20160112,11, 1,2,       1801 ,,141303,141303,141303440800,1,,,,,,0,724,7000,128,723,68000,128
1100,20160112,11, 1,2,       1801 ,,141303,141303,141303442500,1,,,,,,0,724,9000,128,723,68000,128
1100,20160112,11, 1,2,       1801 ,,141303,141303,141303444100,1,,,,,,0,724,10000,128,723,68000,128
1100,20160112,11, 1,2,       1801 ,,141303,141303,141303447300,1,,,,,,0,724,12000,128,723,68000,128
1100,20160112,11, 1,2,       1801 ,,141303,141303,141303453100,1,,,,,,0,724,12000,128,723,66000,128
1100,20160112,11, 1,2,       1801 ,,141303,141303,141303460000,1,,,,,,0,724,13000,128,723,66000,128
1100,20160112,11, 1,2,       1801 ,,141303,141303,141303462100,1,,,,,,0,724,13000,128,723,62000,128
1100,20160112,11, 1,2,       1801 ,,141303,141303,141303467100,1,,,,,,0,724,15000,128,723,62000,128
1100,20160112,11, 1,2,       1801 ,,141303,141303,141303468300,1,,,,,,0,724,15000,128,723,57000,128
1100,20160112,11, 1,2,       1801 ,,141303,141303,141303479700,1,,,,,,0,724,18000,128,723,57000,128
1100,20160112,11, 1,2,       1801 ,,141303,141303,141303488200,1,,,,,,0,724,18000,128,723,54000,128
1100,20160112,11, 1,2,       1801 ,,141303,141303,141303489300,1,,,,,,0,724,23000,128,723,54000,128
1100,20160112,11, 1,2,       1801 ,,141303,141303,141303564100,1,,,,,,0,724,23000,128,723,53000,128
1100,20160112,11, 1,2,       1801 ,,141303,141303,141303579300,1,,,,,,0,724,23000,128,723,47000,128
1100,20160112,11, 1,2,       1801 ,,141303,141303,141303580500,1,,,,,,0,724,21000,128,723,47000,128
1100,20160112,11, 1,2,       1801 ,,141303,141303,141303592700,1,,,,,,0,724,21000,128,723,49000,128
1100,20160112,11, 1,2,       1801 ,,141304,141304,141304318200,1,,,,,,0,724,21000,128,723,48000,128
1100,20160112,11, 1,2,       1801 ,,141304,141304,141304773100,1,,,,,,0,724,21000,128,723,46000,128
1100,20160112,11, 1,2,       1801 ,,141304,141304,141304842500,1,,,,,,0,724,21000,128,723,45000,128
1100,20160112,11, 1,2,       1801 ,,141305,141305,141305102700,1,,,,,,0,724,21000,128,723,46000,128
1100,20160112,11, 1,2,       1801 ,141308,141308,141308,141308960800,1,724,48,0,1000,0,0,724,20000,128,723,46000,128
1100,20160112,11, 1,2,       1801 ,,141309,141309,141309005900,1,,,,,,0,724,39000,128,723,46000,128
1100,20160112,11, 1,2,       1801 ,,141309,141309,141309007000,1,,,,,,0,724,39000,128,723,45000,128
1100,20160112,11, 1,2,       1801 ,,141309,141309,141309007700,1,,,,,,0,724,39000,128,723,43000,128
1100,20160112,11, 1,2,       1801 ,,141310,141310,141310006700,1,,,,,,0,724,20000,128,723,43000,128
1100,20160112,11, 1,2,       1801 ,,141314,141314,141314251000,1,,,,,,0,724,19000,128,723,43000,128
1100,20160112,11, 1,2,       1801 ,,141314,141314,141314961700,1,,,,,,0,724,19000,128,723,45000,128
1100,20160112,11, 1,2,       1801 ,,141318,141318,141318608500,1,,,,,,0,724,14000,128,723,45000,128
1100,20160112,11, 1,2,       1801 ,,141318,141318,141318610300,1,,,,,,0,724,14000,128,723,47000,128
1100,20160112,11, 1,2,       1801 ,,141318,141318,141318611600,1,,,,,,0,724,14000,128,723,50000,128
1100,20160112,11, 1,2,       1801 ,,141322,141322,141322340800,1,,,,,,0,724,19000,128,723,50000,128
1100,20160112,11, 1,2,       1801 ,,141322,141322,141322342300,1,,,,,,0,724,19000,128,723,47000,128
1100,20160112,11, 1,2,       1801 ,141326,141326,141326,141326348900,1,724,48,0,3000,0,0,724,16000,128,723,47000,128
1100,20160112,11, 1,2,       1801 ,,141326,141326,141326395600,1,,,,,,0,724,17000,128,723,47000,128
1100,20160112,11, 1,2,       1801 ,,141330,141330,141330024600,1,,,,,,0,724,17000,128,723,48000,128
1100,20160112,11, 1,2,       1801 ,,141330,141330,141330141300,1,,,,,,0,724,17000,128,723,46000,128
1100,20160112,11, 1,2,       1801 ,,141330,141330,141330152100,1,,,,,,0,724,18000,128,723,46000,128
1100,20160112,11, 1,2,       1801 ,,141330,141330,141330641200,1,,,,,,0,724,18000,128,723,45000,128
1100,20160112,11, 1,2,       1801 ,,141332,141332,141332668200,1,,,,,,0,724,18000,128,723,46000,128
1100,20160112,11, 1,2,       1801 ,,141334,141334,141334206600,1,,,,,,0,724,18000,128,723,48000,128
1100,20160112,11, 1,2,       1801 ,,141334,141334,141334790400,1,,,,,,0,724,18000,128,723,47000,128
1100,20160112,11, 1,2,       1801 ,,141334,141334,141334792100,1,,,,,,0,724,18000,128,723,48000,128
1100,20160112,11, 1,2,       1801 ,,141334,141334,141334888500,1,,,,,,0,724,18000,128,723,35000,128
1100,20160112,11, 1,2,       1801 ,,141334,141334,141334889200,1,,,,,,0,724,31000,128,723,35000,128
1100,20160112,11, 1,2,       1801 ,,141334,141334,141334890400,1,,,,,,0,724,31000,128,723,34000,128
1100,20160112,11, 1,2,       1801 ,,141336,141336,141336622800,1,,,,,,0,724,31000,128,723,35000,128
1100,20160112,11, 1,2,       1801 ,,141336,141336,141336700600,1,,,,,,0,724,31000,128,723,37000,128
1100,20160112,11, 1,2,       1801 ,,141336,141336,141336714300,1,,,,,,0,724,30000,128,723,37000,128
1100,20160112,11, 1,2,       1801 ,,141336,141336,141336790400,1,,,,,,0,724,30000,128,723,35000,128
1100,20160112,11, 1,2,       1801 ,,141336,141336,141336822200,1,,,,,,0,724,31000,128,723,35000,128
1100,20160112,11, 1,2,       1801 ,,141336,141336,141336843400,1,,,,,,0,724,30000,128,723,35000,128
1100,20160112,11, 1,2,       1801 ,,141336,141336,141336921700,1,,,,,,0,724,31000,128,723,35000,128
1100,20160112,11, 1,2,       1801 ,,141337,141337,141337975100,1,,,,,,0,724,31000,128,723,34000,128
1100,20160112,11, 1,2,       1801 ,,141340,141340,141340080700,1,,,,,,0,724,31000,128,723,35000,128
1100,20160112,11, 1,2,       1801 ,,141341,141341,141341506900,1,,,,,,0,724,32000,128,723,35000,128
1100,20160112,11, 1,2,       1801 ,,141341,141341,141341818300,1,,,,,,0,724,33000,128,723,35000,128
1100,20160112,11, 1,2,       1801 ,,141342,141342,141342551200,1,,,,,,0,724,34000,128,723,35000,128
1100,20160112,11, 1,2,       1801 ,,141342,141342,141342898200,1,,,,,,0,724,33000,128,723,35000,128
1100,20160112,11, 1,2,       1801 ,,141344,141344,141344388400,1,,,,,,0,724,30000,128,723,35000,128
1100,20160112,11, 1,2,       1801 ,,141346,141346,141346020700,1,,,,,,0,724,32000,128,723,35000,128
1100,20160112,11, 1,2,       1801 ,,141346,141346,141346034300,1,,,,,,0,724,33000,128,723,35000,128
1100,20160112,11, 1,2,       1801 ,,141346,141346,141346035700,1,,,,,,0,724,33000,128,723,33000,128
1100,20160112,11, 1,2,       1801 ,,141346,141346,141346039300,1,,,,,,0,724,33000,128,723,32000,128
1100,20160112,11, 1,2,       1801 ,,141346,141346,141346282400,1,,,,,,0,724,31000,128,723,32000,128
1100,20160112,11, 1,2,       1801 ,,141346,141346,141346774200,1,,,,,,0,724,31000,128,723,33000,128
1100,20160112,11, 1,2,       1801 ,,141346,141346,141346842800,1,,,,,,0,724,30000,128,723,33000,128
1100,20160112,11, 1,2,       1801 ,,141346,141346,141346902900,1,,,,,,0,724,31000,128,723,33000,128
1100,20160112,11, 1,2,       1801 ,,141349,141349,141349581800,1,,,,,,0,724,30000,128,723,33000,128
1100,20160112,11, 1,2,       1801 ,,141351,141351,141351673100,1,,,,,,0,724,31000,128,723,33000,128
1100,20160112,11, 1,2,       1801 ,,141352,141352,141352828000,1,,,,,,0,724,31000,128,723,34000,128
1100,20160112,11, 1,2,       1801 ,,141354,141354,141354237500,1,,,,,,0,724,31000,128,723,33000,128
1100,20160112,11, 1,2,       1801 ,,141354,141354,141354474200,1,,,,,,0,724,31000,128,723,32000,128
1100,20160112,11, 1,2,       1801 ,,141354,141354,141354620800,1,,,,,,0,724,33000,128,723,32000,128
1100,20160112,11, 1,2,       1801 ,,141354,141354,141354655600,1,,,,,,0,724,33000,128,723,31000,128
1100,20160112,11, 1,2,       1801 ,141354,141354,141354,141354661500,1,723,16,0,17000,0,0,724,33000,128,723,14000,128
1100,20160112,11, 1,2,       1801 ,141354,141354,141354,141354669000,1,723,16,0,14000,0,0,724,33000,128,722,107000,128
1100,20160112,11, 1,2,       1801 ,,141354,141354,141354689100,1,,,,,,0,723,2000,128,722,107000,128
1100,20160112,11, 1,2,       1801 ,,141354,141354,141354705000,1,,,,,,0,723,2000,128,722,106000,128
1100,20160112,11, 1,2,       1801 ,,141354,141354,141354708300,1,,,,,,0,723,3000,128,722,106000,128
1100,20160112,11, 1,2,       1801 ,,141354,141354,141354710000,1,,,,,,0,723,4000,128,722,106000,128
1100,20160112,11, 1,2,       1801 ,,141354,141354,141354714000,1,,,,,,0,723,4000,128,722,104000,128
1100,20160112,11, 1,2,       1801 ,,141354,141354,141354715500,1,,,,,,0,723,4000,128,722,101000,128
1100,20160112,11, 1,2,       1801 ,,141354,141354,141354718900,1,,,,,,0,723,4000,128,722,98000,128
1100,20160112,11, 1,2,       1801 ,141354,141354,141354,141354727700,1,723,48,0,2000,0,0,723,2000,128,722,98000,128
1100,20160112,11, 1,2,       1801 ,,141354,141354,141354729600,1,,,,,,0,723,2000,128,722,98000,128
1100,20160112,11, 1,2,       1801 ,,141354,141354,141354730900,1,,,,,,0,723,2000,128,722,92000,128
1100,20160112,11, 1,2,       1801 ,,141354,141354,141354732200,1,,,,,,0,723,3000,128,722,92000,128
1100,20160112,11, 1,2,       1801 ,,141354,141354,141354734700,1,,,,,,0,723,7000,128,722,92000,128
1100,20160112,11, 1,2,       1801 ,141354,141354,141354,141354735600,1,723,48,0,1000,0,0,723,6000,128,722,92000,128
1100,20160112,11, 1,2,       1801 ,,141354,141354,141354737300,1,,,,,,0,723,6000,128,722,89000,128
1100,20160112,11, 1,2,       1801 ,,141354,141354,141354741800,1,,,,,,0,723,2000,128,722,89000,128
1100,20160112,11, 1,2,       1801 ,,141354,141354,141354743000,1,,,,,,0,723,4000,128,722,89000,128
1100,20160112,11, 1,2,       1801 ,,141354,141354,141354754700,1,,,,,,0,723,8000,128,722,89000,128
1100,20160112,11, 1,2,       1801 ,,141354,141354,141354767400,1,,,,,,0,723,9000,128,722,89000,128
1100,20160112,11, 1,2,       1801 ,,141354,141354,141354779500,1,,,,,,0,723,5000,128,722,89000,128
1100,20160112,11, 1,2,       1801 ,,141354,141354,141354785600,1,,,,,,0,723,9000,128,722,89000,128
1100,20160112,11, 1,2,       1801 ,,141354,141354,141354801200,1,,,,,,0,723,5000,128,722,89000,128
1100,20160112,11, 1,2,       1801 ,,141354,141354,141354803500,1,,,,,,0,723,8000,128,722,89000,128
1100,20160112,11, 1,2,       1801 ,,141354,141354,141354832100,1,,,,,,0,723,6000,128,722,89000,128
1100,20160112,11, 1,2,       1801 ,,141354,141354,141354840600,1,,,,,,0,723,6000,128,722,84000,128
1100,20160112,11, 1,2,       1801 ,,141354,141354,141354960400,1,,,,,,0,723,6000,128,722,78000,128
1100,20160112,11, 1,2,       1801 ,,141354,141354,141354962700,1,,,,,,0,723,6000,128,722,80000,128
1100,20160112,11, 1,2,       1801 ,,141355,141355,141355123600,1,,,,,,0,723,7000,128,722,80000,128
1100,20160112,11, 1,2,       1801 ,,141355,141355,141355146400,1,,,,,,0,723,7000,128,722,75000,128
1100,20160112,11, 1,2,       1801 ,,141355,141355,141355400200,1,,,,,,0,723,7000,128,722,62000,128
1100,20160112,11, 1,2,       1801 ,,141355,141355,141355402100,1,,,,,,0,723,20000,128,722,62000,128
1100,20160112,11, 1,2,       1801 ,,141355,141355,141355403500,1,,,,,,0,723,20000,128,722,60000,128
1100,20160112,11, 1,2,       1801 ,,141355,141355,141355404200,1,,,,,,0,723,21000,128,722,60000,128
1100,20160112,11, 1,2,       1801 ,,141355,141355,141355405700,1,,,,,,0,723,26000,128,722,60000,128
1100,20160112,11, 1,2,       1801 ,,141355,141355,141355408600,1,,,,,,0,723,29000,128,722,60000,128
1100,20160112,11, 1,2,       1801 ,,141355,141355,141355639900,1,,,,,,0,723,28000,128,722,60000,128
1100,20160112,11, 1,2,       1801 ,,141355,141355,141355656400,1,,,,,,0,723,28000,128,722,59000,128
1100,20160112,11, 1,2,       1801 ,,141355,141355,141355704700,1,,,,,,0,723,29000,128,722,59000,128
1100,20160112,11, 1,2,       1801 ,,141356,141356,141356365800,1,,,,,,0,723,29000,128,722,58000,128
1100,20160112,11, 1,2,       1801 ,,141357,141357,141357624700,1,,,,,,0,723,30000,128,722,58000,128
1100,20160112,11, 1,2,       1801 ,141357,141357,141357,141357976400,1,723,48,0,1000,0,0,723,29000,128,722,58000,128
1100,20160112,11, 1,2,       1801 ,,141357,141357,141357979600,1,,,,,,0,723,29000,128,722,58000,128
1100,20160112,11, 1,2,       1801 ,,141401,141401,141401151600,1,,,,,,0,723,28000,128,722,58000,128
1100,20160112,11, 1,2,       1801 ,,141401,141401,141401159600,1,,,,,,0,723,28000,128,722,60000,128
1100,20160112,11, 1,2,       1801 ,,141401,141401,141401273800,1,,,,,,0,723,23000,128,722,60000,128
1100,20160112,11, 1,2,       1801 ,,141401,141401,141401275300,1,,,,,,0,723,20000,128,722,60000,128
1100,20160112,11, 1,2,       1801 ,,141404,141404,141404894300,1,,,,,,0,723,7000,128,722,60000,128
1100,20160112,11, 1,2,       1801 ,,141404,141404,141404895600,1,,,,,,0,723,6000,128,722,60000,128
1100,20160112,11, 1,2,       1801 ,,141404,141404,141404897100,1,,,,,,0,723,6000,128,722,61000,128
1100,20160112,11, 1,2,       1801 ,,141404,141404,141404897700,1,,,,,,0,723,5000,128,722,61000,128
1100,20160112,11, 1,2,       1801 ,141405,141405,141405,141405904200,1,723,48,0,5000,0,0,724,56000,128,722,61000,128
1100,20160112,11, 1,2,       1801 ,,141405,141405,141405905800,1,,,,,,0,724,53000,128,722,61000,128
1100,20160112,11, 1,2,       1801 ,,141405,141405,141405907200,1,,,,,,0,724,53000,128,723,1000,128
1100,20160112,11, 1,2,       1801 ,,141405,141405,141405911500,1,,,,,,0,724,54000,128,723,1000,128
1100,20160112,11, 1,2,       1801 ,,141405,141405,141405912900,1,,,,,,0,724,54000,128,723,3000,128
1100,20160112,11, 1,2,       1801 ,,141405,141405,141405913500,1,,,,,,0,724,52000,128,723,3000,128
1100,20160112,11, 1,2,       1801 ,,141405,141405,141405915600,1,,,,,,0,724,52000,128,723,4000,128
1100,20160112,11, 1,2,       1801 ,,141405,141405,141405917100,1,,,,,,0,724,48000,128,723,4000,128
1100,20160112,11, 1,2,       1801 ,,141405,141405,141405917800,1,,,,,,0,724,48000,128,723,5000,128
1100,20160112,11, 1,2,       1801 ,,141406,141406,141406734100,1,,,,,,0,724,90000,128,723,5000,128
1100,20160112,11, 1,2,       1801 ,,141406,141406,141406735500,1,,,,,,0,724,90000,128,723,4000,128
1100,20160112,11, 1,2,       1801 ,,141408,141408,141408026500,1,,,,,,0,724,90000,128,723,5000,128
1100,20160112,11, 1,2,       1801 ,,141408,141408,141408726700,1,,,,,,0,724,90000,128,723,6000,128
1100,20160112,11, 1,2,       1801 ,,141409,141409,141409041800,1,,,,,,0,724,90000,128,723,5000,128
1100,20160112,11, 1,2,       1801 ,,141410,141410,141410832400,1,,,,,,0,724,90000,128,723,6000,128
1100,20160112,11, 1,2,       1801 ,,141411,141411,141411005100,1,,,,,,0,724,109000,128,723,6000,128
1100,20160112,11, 1,2,       1801 ,141411,141411,141411,141411258100,1,723,16,0,5000,0,0,724,109000,128,723,1000,128
1100,20160112,11, 1,2,       1801 ,,141411,141411,141411259900,1,,,,,,0,724,109000,128,723,1000,128
1100,20160112,11, 1,2,       1801 ,,141411,141411,141411260700,1,,,,,,0,724,110000,128,723,1000,128
1100,20160112,11, 1,2,       1801 ,141411,141411,141411,141411261400,1,723,16,0,1000,0,0,724,110000,128,722,97000,128
1100,20160112,11, 1,2,       1801 ,,141411,141411,141411263000,1,,,,,,0,724,110000,128,722,95000,128
1100,20160112,11, 1,2,       1801 ,,141411,141411,141411263800,1,,,,,,0,723,1000,128,722,95000,128
1100,20160112,11, 1,2,       1801 ,,141411,141411,141411265000,1,,,,,,0,723,2000,128,722,95000,128
1100,20160112,11, 1,2,       1801 ,141411,141411,141411,141411266300,1,723,48,0,1000,0,0,723,1000,128,722,95000,128
1100,20160112,11, 1,2,       1801 ,,141411,141411,141411267200,1,,,,,,0,723,1000,128,722,89000,128
1100,20160112,11, 1,2,       1801 ,,141411,141411,141411546300,1,,,,,,0,723,1000,128,722,88000,128
1100,20160112,11, 1,2,       1801 ,,141411,141411,141411550100,1,,,,,,0,723,1000,128,722,87000,128
1100,20160112,11, 1,2,       1801 ,,141411,141411,141411906900,1,,,,,,0,723,2000,128,722,87000,128
1100,20160112,11, 1,2,       1801 ,,141413,141413,141413911200,1,,,,,,0,723,2000,128,722,91000,128
1100,20160112,11, 1,2,       1801 ,,141413,141413,141413912300,1,,,,,,0,723,2000,128,722,92000,128
1100,20160112,11, 1,2,       1801 ,,141414,141414,141414650300,1,,,,,,0,723,2000,128,722,93000,128
1100,20160112,11, 1,2,       1801 ,,141415,141415,141415088100,1,,,,,,0,723,6000,128,722,93000,128
1100,20160112,11, 1,2,       1801 ,,141415,141415,141415089400,1,,,,,,0,723,6000,128,722,92000,128
1100,20160112,11, 1,2,       1801 ,,141415,141415,141415101200,1,,,,,,0,723,7000,128,722,92000,128
1100,20160112,11, 1,2,       1801 ,,141415,141415,141415102900,1,,,,,,0,723,9000,128,722,92000,128
1100,20160112,11, 1,2,       1801 ,,141415,141415,141415103500,1,,,,,,0,723,10000,128,722,92000,128
1100,20160112,11, 1,2,       1801 ,,141415,141415,141415245100,1,,,,,,0,723,6000,128,722,92000,128
1100,20160112,11, 1,2,       1801 ,,141415,141415,141415247500,1,,,,,,0,723,5000,128,722,92000,128
1100,20160112,11, 1,2,       1801 ,,141415,141415,141415248400,1,,,,,,0,723,5000,128,722,93000,128
1100,20160112,11, 1,2,       1801 ,141419,141419,141419,141419051100,1,723,48,0,1000,0,0,723,4000,128,722,93000,128
1100,20160112,11, 1,2,       1801 ,141419,141419,141419,141419052800,1,723,48,0,4000,0,0,724,69000,128,722,93000,128
1100,20160112,11, 1,2,       1801 ,,141419,141419,141419059100,1,,,,,,0,724,69000,128,723,1000,128
1100,20160112,11, 1,2,       1801 ,,141419,141419,141419059700,1,,,,,,0,724,69000,128,723,2000,128
1100,20160112,11, 1,2,       1801 ,,141419,141419,141419063200,1,,,,,,0,724,67000,128,723,2000,128
1100,20160112,11, 1,2,       1801 ,,141419,141419,141419064700,1,,,,,,0,724,67000,128,723,3000,128
1100,20160112,11, 1,2,       1801 ,,141419,141419,141419654900,1,,,,,,0,724,66000,128,723,3000,128
1100,20160112,11, 1,2,       1801 ,141419,141419,141419,141419697700,1,723,16,0,1000,0,0,724,66000,128,723,2000,128
1100,20160112,11, 1,2,       1801 ,,141419,141419,141419705600,1,,,,,,0,724,66000,128,723,2000,128
1100,20160112,11, 1,2,       1801 ,,141419,141419,141419791700,1,,,,,,0,724,65000,128,723,2000,128
1100,20160112,11, 1,2,       1801 ,,141419,141419,141419794600,1,,,,,,0,724,62000,128,723,2000,128
1100,20160112,11, 1,2,       1801 ,,141425,141425,141425086400,1,,,,,,0,724,66000,128,723,2000,128
1100,20160112,11, 1,2,       1801 ,,141429,141429,141429792400,1,,,,,,0,724,65000,128,723,2000,128
1100,20160112,11, 1,2,       1801 ,,141433,141433,141433184300,1,,,,,,0,724,66000,128,723,2000,128
1100,20160112,11, 1,2,       1801 ,141438,141438,141438,141438340400,1,723,16,0,1000,0,0,724,66000,128,723,1000,128
1100,20160112,11, 1,2,       1801 ,,141438,141438,141438590900,1,,,,,,0,724,67000,128,723,1000,128
1100,20160112,11, 1,2,       1801 ,141438,141438,141438,141438593100,1,723,16,0,1000,0,0,724,67000,128,722,102000,128
1100,20160112,11, 1,2,       1801 ,,141438,141438,141438594500,1,,,,,,0,724,67000,128,722,102000,128
1100,20160112,11, 1,2,       1801 ,,141438,141438,141438595200,1,,,,,,0,724,67000,128,722,100000,128
1100,20160112,11, 1,2,       1801 ,,141438,141438,141438610400,1,,,,,,0,724,67000,128,722,96000,128
1100,20160112,11, 1,2,       1801 ,,141438,141438,141438615800,1,,,,,,0,724,80000,128,722,96000,128
1100,20160112,11, 1,2,       1801 ,,141438,141438,141438617000,1,,,,,,0,724,81000,128,722,96000,128
1100,20160112,11, 1,2,       1801 ,,141438,141438,141438897400,1,,,,,,0,724,81000,128,722,95000,128
1100,20160112,11, 1,2,       1801 ,,141438,141438,141438920800,1,,,,,,0,724,81000,128,722,94000,128
1100,20160112,11, 1,2,       1801 ,,141438,141438,141438960700,1,,,,,,0,724,81000,128,722,92000,128
1100,20160112,11, 1,2,       1801 ,,141439,141439,141439109000,1,,,,,,0,724,81000,128,722,91000,128
1100,20160112,11, 1,2,       1801 ,,141442,141442,141442496200,1,,,,,,0,724,81000,128,722,92000,128
1100,20160112,11, 1,2,       1801 ,,141442,141442,141442510700,1,,,,,,0,724,81000,128,722,93000,128
1100,20160112,11, 1,2,       1801 ,,141442,141442,141442700600,1,,,,,,0,724,80000,128,722,93000,128
1100,20160112,11, 1,2,       1801 ,,141446,141446,141446275500,1,,,,,,0,724,81000,128,722,93000,128
1100,20160112,11, 1,2,       1801 ,,141447,141447,141447513600,1,,,,,,0,724,81000,128,722,95000,128
1100,20160112,11, 1,2,       1801 ,,141448,141448,141448812500,1,,,,,,0,723,1000,128,722,95000,128
1100,20160112,11, 1,2,       1801 ,141448,141448,141448,141448815300,1,723,48,0,1000,0,0,724,83000,128,722,95000,128
1100,20160112,11, 1,2,       1801 ,,141448,141448,141448816100,1,,,,,,0,724,83000,128,722,89000,128
1100,20160112,11, 1,2,       1801 ,,141448,141448,141448816900,1,,,,,,0,723,6000,128,722,89000,128
1100,20160112,11, 1,2,       1801 ,,141448,141448,141448818900,1,,,,,,0,723,6000,128,722,88000,128
1100,20160112,11, 1,2,       1801 ,,141449,141449,141449575200,1,,,,,,0,723,7000,128,722,88000,128
1100,20160112,11, 1,2,       1801 ,141450,141450,141450,141450413800,1,723,48,0,1000,0,0,723,6000,128,722,88000,128
1100,20160112,11, 1,2,       1801 ,,141451,141451,141451588800,1,,,,,,0,723,6000,128,722,88000,128
1100,20160112,11, 1,2,       1801 ,141451,141451,141451,141451693400,1,723,48,0,1000,0,0,723,5000,128,722,88000,128
1100,20160112,11, 1,2,       1801 ,141451,141451,141451,141451694700,1,723,48,0,3000,0,0,723,2000,128,722,88000,128
1100,20160112,11, 1,2,       1801 ,,141451,141451,141451695600,1,,,,,,0,723,2000,128,722,88000,128
1100,20160112,11, 1,2,       1801 ,,141451,141451,141451696500,1,,,,,,0,723,2000,128,722,89000,128
1100,20160112,11, 1,2,       1801 ,141451,141451,141451,141451697200,1,723,48,0,2000,0,0,724,72000,128,722,89000,128
1100,20160112,11, 1,2,       1801 ,,141451,141451,141451698900,1,,,,,,0,724,72000,128,723,1000,128
1100,20160112,11, 1,2,       1801 ,,141451,141451,141451701200,1,,,,,,0,724,72000,128,723,2000,128
1100,20160112,11, 1,2,       1801 ,,141451,141451,141451703200,1,,,,,,0,724,70000,128,723,2000,128
1100,20160112,11, 1,2,       1801 ,,141451,141451,141451704000,1,,,,,,0,724,70000,128,723,8000,128
1100,20160112,11, 1,2,       1801 ,,141451,141451,141451705300,1,,,,,,0,724,70000,128,723,11000,128
1100,20160112,11, 1,2,       1801 ,,141451,141451,141451710300,1,,,,,,0,724,66000,128,723,11000,128
1100,20160112,11, 1,2,       1801 ,,141451,141451,141451906400,1,,,,,,0,724,66000,128,723,12000,128
1100,20160112,11, 1,2,       1801 ,,141453,141453,141453109800,1,,,,,,0,724,64000,128,723,12000,128
1100,20160112,11, 1,2,       1801 ,,141453,141453,141453111500,1,,,,,,0,724,64000,128,723,13000,128
1100,20160112,11, 1,2,       1801 ,,141453,141453,141453130900,1,,,,,,0,724,62000,128,723,13000,128
1100,20160112,11, 1,2,       1801 ,,141453,141453,141453188400,1,,,,,,0,724,62000,128,723,14000,128
1100,20160112,11, 1,2,       1801 ,,141453,141453,141453190600,1,,,,,,0,724,62000,128,723,16000,128
1100,20160112,11, 1,2,       1801 ,,141453,141453,141453656600,1,,,,,,0,724,61000,128,723,16000,128
1100,20160112,11, 1,2,       1801 ,,141455,141455,141455380700,1,,,,,,0,724,61000,128,723,18000,128
1100,20160112,11, 1,2,       1801 ,,141455,141455,141455514100,1,,,,,,0,724,56000,128,723,18000,128
1100,20160112,11, 1,2,       1801 ,,141458,141458,141458628700,1,,,,,,0,724,56000,128,723,16000,128
1100,20160112,11, 1,2,       1801 ,,141458,141458,141458630400,1,,,,,,0,724,56000,128,723,21000,128
1100,20160112,11, 1,2,       1801 ,,141458,141458,141458631100,1,,,,,,0,724,57000,128,723,21000,128
1100,20160112,11, 1,2,       1801 ,,141458,141458,141458933300,1,,,,,,0,724,59000,128,723,21000,128
1100,20160112,11, 1,2,       1801 ,,141459,141459,141459483600,1,,,,,,0,724,59000,128,723,20000,128
1100,20160112,11, 1,2,       1801 ,,141500,141500,141500626300,1,,,,,,0,724,59000,128,723,21000,128
1100,20160112,11, 1,2,       1801 ,,141502,141502,141502459800,1,,,,,,0,724,59000,128,723,22000,128
1100,20160112,11, 1,2,       1801 ,,141502,141502,141502580200,1,,,,,,0,724,60000,128,723,22000,128
1100,20160112,11, 1,2,       1801 ,,141506,141506,141506880300,1,,,,,,0,724,60000,128,723,17000,128
1100,20160112,11, 1,2,       1801 ,,141507,141507,141507581900,1,,,,,,0,724,59000,128,723,17000,128
1100,20160112,11, 1,2,       1801 ,,141507,141507,141507583600,1,,,,,,0,724,64000,128,723,17000,128
1100,20160112,11, 1,2,       1801 ,,141508,141508,141508851800,1,,,,,,0,724,64000,128,723,16000,128
1100,20160112,11, 1,2,       1801 ,141508,141508,141508,141508853900,1,723,16,0,1000,0,0,724,64000,128,723,15000,128
1100,20160112,11, 1,2,       1801 ,,141508,141508,141508856800,1,,,,,,0,724,64000,128,723,15000,128
1100,20160112,11, 1,2,       1801 ,,141508,141508,141508858100,1,,,,,,0,724,64000,128,723,16000,128
1100,20160112,11, 1,2,       1801 ,141508,141508,141508,141508967600,1,724,48,0,3000,0,0,724,61000,128,723,16000,128
1100,20160112,11, 1,2,       1801 ,,141509,141509,141509663200,1,,,,,,0,724,61000,128,723,17000,128
1100,20160112,11, 1,2,       1801 ,,141509,141509,141509970300,1,,,,,,0,724,56000,128,723,17000,128
1100,20160112,11, 1,2,       1801 ,,141509,141509,141509972000,1,,,,,,0,724,56000,128,723,18000,128
1100,20160112,11, 1,2,       1801 ,,141509,141509,141509973400,1,,,,,,0,724,55000,128,723,18000,128
1100,20160112,11, 1,2,       1801 ,,141510,141510,141510710600,1,,,,,,0,724,55000,128,723,19000,128
1100,20160112,11, 1,2,       1801 ,,141515,141515,141515414700,1,,,,,,0,724,55000,128,723,20000,128
1100,20160112,11, 1,2,       1801 ,,141515,141515,141515416300,1,,,,,,0,724,55000,128,723,25000,128
1100,20160112,11, 1,2,       1801 ,,141515,141515,141515831700,1,,,,,,0,724,55000,128,723,26000,128
1100,20160112,11, 1,2,       1801 ,,141520,141520,141520432800,1,,,,,,0,724,55000,128,723,25000,128
1100,20160112,11, 1,2,       1801 ,,141520,141520,141520434800,1,,,,,,0,724,57000,128,723,25000,128
1100,20160112,11, 1,2,       1801 ,,141522,141522,141522067200,1,,,,,,0,724,55000,128,723,25000,128
1100,20160112,11, 1,2,       1801 ,,141526,141526,141526431000,1,,,,,,0,724,55000,128,723,26000,128
1100,20160112,11, 1,2,       1801 ,,141526,141526,141526438800,1,,,,,,0,724,55000,128,723,27000,128
1100,20160112,11, 1,2,       1801 ,,141526,141526,141526545600,1,,,,,,0,724,55000,128,723,28000,128
1100,20160112,11, 1,2,       1801 ,,141526,141526,141526756700,1,,,,,,0,724,55000,128,723,29000,128
1100,20160112,11, 1,2,       1801 ,,141527,141527,141527932700,1,,,,,,0,724,55000,128,723,28000,128
1100,20160112,11, 1,2,       1801 ,,141528,141528,141528927600,1,,,,,,0,724,55000,128,723,29000,128
1100,20160112,11, 1,2,       1801 ,,141529,141529,141529691300,1,,,,,,0,724,55000,128,723,28000,128
1100,20160112,11, 1,2,       1801 ,,141530,141530,141530981500,1,,,,,,0,724,55000,128,723,29000,128
1100,20160112,11, 1,2,       1801 ,,141531,141531,141531952300,1,,,,,,0,724,55000,128,723,28000,128
1100,20160112,11, 1,2,       1801 ,,141532,141532,141532961500,1,,,,,,0,724,55000,128,723,29000,128
1100,20160112,11, 1,2,       1801 ,,141534,141534,141534632900,1,,,,,,0,724,55000,128,723,28000,128
1100,20160112,11, 1,2,       1801 ,,141534,141534,141534777100,1,,,,,,0,724,55000,128,723,23000,128
1100,20160112,11, 1,2,       1801 ,,141534,141534,141534802100,1,,,,,,0,724,60000,128,723,23000,128
1100,20160112,11, 1,2,       1801 ,,141534,141534,141534803400,1,,,,,,0,724,60000,128,723,22000,128
1100,20160112,11, 1,2,       1801 ,,141534,141534,141534840700,1,,,,,,0,724,55000,128,723,22000,128
1100,20160112,11, 1,2,       1801 ,,141534,141534,141534998000,1,,,,,,0,724,70000,128,723,22000,128
1100,20160112,11, 1,2,       1801 ,,141535,141535,141535000100,1,,,,,,0,724,70000,128,723,21000,128
1100,20160112,11, 1,2,       1801 ,,141536,141536,141536202100,1,,,,,,0,724,70000,128,723,22000,128
1100,20160112,11, 1,2,       1801 ,,141536,141536,141536655100,1,,,,,,0,724,70000,128,723,21000,128
1100,20160112,11, 1,2,       1801 ,,141545,141545,141545209000,1,,,,,,0,724,70000,128,723,22000,128
1100,20160112,11, 1,2,       1801 ,,141545,141545,141545362100,1,,,,,,0,724,70000,128,723,23000,128
1100,20160112,11, 1,2,       1801 ,,141549,141549,141549849200,1,,,,,,0,724,70000,128,723,22000,128
1100,20160112,11, 1,2,       1801 ,,141550,141550,141550632400,1,,,,,,0,724,70000,128,723,21000,128
1100,20160112,11, 1,2,       1801 ,,141550,141550,141550633800,1,,,,,,0,724,71000,128,723,21000,128
1100,20160112,11, 1,2,       1801 ,,141552,141552,141552580300,1,,,,,,0,724,71000,128,723,22000,128
1100,20160112,11, 1,2,       1801 ,,141553,141553,141553904600,1,,,,,,0,724,72000,128,723,22000,128
1100,20160112,11, 1,2,       1801 ,,141554,141554,141554961700,1,,,,,,0,724,72000,128,723,21000,128
1100,20160112,11, 1,2,       1801 ,,141554,141554,141554971600,1,,,,,,0,724,77000,128,723,21000,128
1100,20160112,11, 1,2,       1801 ,,141554,141554,141554973800,1,,,,,,0,724,77000,128,723,19000,128
1100,20160112,11, 1,2,       1801 ,,141554,141554,141554975200,1,,,,,,0,724,77000,128,723,16000,128
1100,20160112,11, 1,2,       1801 ,,141554,141554,141554977100,1,,,,,,0,724,77000,128,723,15000,128
1100,20160112,11, 1,2,       1801 ,,141555,141555,141555010900,1,,,,,,0,724,78000,128,723,15000,128
1100,20160112,11, 1,2,       1801 ,,141555,141555,141555348700,1,,,,,,0,724,77000,128,723,15000,128
1100,20160112,11, 1,2,       1801 ,,141557,141557,141557540100,1,,,,,,0,724,81000,128,723,15000,128
1100,20160112,11, 1,2,       1801 ,141557,141557,141557,141557718800,1,723,16,0,1000,0,0,724,81000,128,723,14000,128
1100,20160112,11, 1,2,       1801 ,141557,141557,141557,141557720900,1,723,16,0,3000,0,0,724,81000,128,723,11000,128
1100,20160112,11, 1,2,       1801 ,,141557,141557,141557722100,1,,,,,,0,724,81000,128,723,10000,128
1100,20160112,11, 1,2,       1801 ,141557,141557,141557,141557723800,1,723,16,0,3000,0,0,724,81000,128,723,7000,128
1100,20160112,11, 1,2,       1801 ,,141557,141557,141557725800,1,,,,,,0,724,82000,128,723,7000,128
1100,20160112,11, 1,2,       1801 ,141557,141557,141557,141557726900,1,723,16,0,7000,0,0,724,82000,128,722,102000,128
1100,20160112,11, 1,2,       1801 ,,141557,141557,141557729500,1,,,,,,0,724,82000,128,722,101000,128
1100,20160112,11, 1,2,       1801 ,,141557,141557,141557732500,1,,,,,,0,723,1000,128,722,101000,128
1100,20160112,11, 1,2,       1801 ,,141557,141557,141557737200,1,,,,,,0,723,3000,128,722,101000,128
1100,20160112,11, 1,2,       1801 ,,141557,141557,141557743600,1,,,,,,0,723,4000,128,722,101000,128
1100,20160112,11, 1,2,       1801 ,,141557,141557,141557745800,1,,,,,,0,723,4000,128,722,98000,128
1100,20160112,11, 1,2,       1801 ,,141557,141557,141557746900,1,,,,,,0,723,4000,128,722,95000,128
1100,20160112,11, 1,2,       1801 ,,141557,141557,141557749500,1,,,,,,0,723,4000,128,722,89000,128
1100,20160112,11, 1,2,       1801 ,,141557,141557,141557750500,1,,,,,,0,723,8000,128,722,89000,128
1100,20160112,11, 1,2,       1801 ,,141557,141557,141557752200,1,,,,,,0,723,9000,128,722,89000,128
1100,20160112,11, 1,2,       1801 ,,141557,141557,141557753100,1,,,,,,0,723,9000,128,722,84000,128
1100,20160112,11, 1,2,       1801 ,,141557,141557,141557754300,1,,,,,,0,723,5000,128,722,84000,128
1100,20160112,11, 1,2,       1801 ,,141557,141557,141557760500,1,,,,,,0,723,5000,128,722,80000,128
1100,20160112,11, 1,2,       1801 ,,141557,141557,141557761400,1,,,,,,0,723,9000,128,722,80000,128
1100,20160112,11, 1,2,       1801 ,,141557,141557,141557771700,1,,,,,,0,723,10000,128,722,80000,128
1100,20160112,11, 1,2,       1801 ,,141557,141557,141557776500,1,,,,,,0,723,12000,128,722,80000,128
1100,20160112,11, 1,2,       1801 ,,141557,141557,141557777200,1,,,,,,0,723,15000,128,722,80000,128
1100,20160112,11, 1,2,       1801 ,,141557,141557,141557828600,1,,,,,,0,723,15000,128,722,85000,128
1100,20160112,11, 1,2,       1801 ,,141558,141558,141558083600,1,,,,,,0,723,16000,128,722,85000,128
1100,20160112,11, 1,2,       1801 ,,141558,141558,141558222300,1,,,,,,0,723,16000,128,722,84000,128
1100,20160112,11, 1,2,       1801 ,,141558,141558,141558377400,1,,,,,,0,723,21000,128,722,84000,128
1100,20160112,11, 1,2,       1801 ,,141558,141558,141558701400,1,,,,,,0,723,21000,128,722,83000,128
1100,20160112,11, 1,2,       1801 ,,141559,141559,141559521400,1,,,,,,0,723,21000,128,722,82000,128
1100,20160112,11, 1,2,       1801 ,141600,141600,141600,141600292200,1,723,48,0,1000,0,0,723,20000,128,722,82000,128
1100,20160112,11, 1,2,       1801 ,,141600,141600,141600294700,1,,,,,,0,723,20000,128,722,82000,128
1100,20160112,11, 1,2,       1801 ,,141600,141600,141600295300,1,,,,,,0,723,20000,128,722,83000,128
1100,20160112,11, 1,2,       1801 ,,141604,141604,141604061800,1,,,,,,0,723,21000,128,722,83000,128
1100,20160112,11, 1,2,       1801 ,,141605,141605,141605091900,1,,,,,,0,723,20000,128,722,83000,128
1100,20160112,11, 1,2,       1801 ,,141606,141606,141606590200,1,,,,,,0,723,16000,128,722,83000,128
1100,20160112,11, 1,2,       1801 ,,141607,141607,141607289300,1,,,,,,0,723,11000,128,722,83000,128
1100,20160112,11, 1,2,       1801 ,,141607,141607,141607382300,1,,,,,,0,723,11000,128,722,86000,128
1100,20160112,11, 1,2,       1801 ,,141608,141608,141608174700,1,,,,,,0,723,14000,128,722,86000,128
1100,20160112,11, 1,2,       1801 ,,141608,141608,141608187500,1,,,,,,0,723,16000,128,722,86000,128
1100,20160112,11, 1,2,       1801 ,,141608,141608,141608188900,1,,,,,,0,723,17000,128,722,86000,128
1100,20160112,11, 1,2,       1801 ,,141608,141608,141608243800,1,,,,,,0,723,15000,128,722,86000,128
1100,20160112,11, 1,2,       1801 ,,141608,141608,141608653200,1,,,,,,0,723,16000,128,722,86000,128
1100,20160112,11, 1,2,       1801 ,,141615,141615,141615593000,1,,,,,,0,723,16000,128,722,84000,128
1100,20160112,11, 1,2,       1801 ,,141616,141616,141616536600,1,,,,,,0,723,16000,128,722,88000,128
1100,20160112,11, 1,2,       1801 ,,141617,141617,141617735200,1,,,,,,0,723,17000,128,722,88000,128
1100,20160112,11, 1,2,       1801 ,,141619,141619,141619414800,1,,,,,,0,723,22000,128,722,88000,128
1100,20160112,11, 1,2,       1801 ,,141620,141620,141620384600,1,,,,,,0,723,23000,128,722,88000,128
1100,20160112,11, 1,2,       1801 ,,141631,141631,141631631100,1,,,,,,0,723,23000,128,722,89000,128
1100,20160112,11, 1,2,       1801 ,,141631,141631,141631648000,1,,,,,,0,723,23000,128,722,91000,128
1100,20160112,11, 1,2,       1801 ,,141631,141631,141631652900,1,,,,,,0,723,20000,128,722,91000,128
1100,20160112,11, 1,2,       1801 ,141631,141631,141631,141631665200,1,723,48,0,2000,0,0,723,18000,128,722,91000,128
1100,20160112,11, 1,2,       1801 ,,141631,141631,141631667300,1,,,,,,0,723,18000,128,722,91000,128
1100,20160112,11, 1,2,       1801 ,141631,141631,141631,141631668400,1,723,48,0,7000,0,0,723,11000,128,722,91000,128
1100,20160112,11, 1,2,       1801 ,141631,141631,141631,141631670700,1,723,48,0,11000,0,0,724,58000,128,723,7000,128
1100,20160112,11, 1,2,       1801 ,,141631,141631,141631674500,1,,,,,,0,724,58000,128,723,15000,128
1100,20160112,11, 1,2,       1801 ,,141631,141631,141631677700,1,,,,,,0,724,58000,128,723,18000,128
1100,20160112,11, 1,2,       1801 ,,141631,141631,141631691400,1,,,,,,0,724,58000,128,723,19000,128
1100,20160112,11, 1,2,       1801 ,,141631,141631,141631693000,1,,,,,,0,724,57000,128,723,19000,128
1100,20160112,11, 1,2,       1801 ,,141631,141631,141631693900,1,,,,,,0,724,55000,128,723,19000,128
1100,20160112,11, 1,2,       1801 ,,141631,141631,141631695500,1,,,,,,0,724,55000,128,723,20000,128
1100,20160112,11, 1,2,       1801 ,,141631,141631,141631697100,1,,,,,,0,724,53000,128,723,20000,128
1100,20160112,11, 1,2,       1801 ,,141631,141631,141631697900,1,,,,,,0,724,53000,128,723,22000,128
1100,20160112,11, 1,2,       1801 ,,141631,141631,141631700700,1,,,,,,0,724,53000,128,723,25000,128
1100,20160112,11, 1,2,       1801 ,,141631,141631,141631703700,1,,,,,,0,724,53000,128,723,26000,128
1100,20160112,11, 1,2,       1801 ,,141631,141631,141631708200,1,,,,,,0,724,53000,128,723,29000,128
1100,20160112,11, 1,2,       1801 ,,141631,141631,141631726900,1,,,,,,0,724,48000,128,723,29000,128
1100,20160112,11, 1,2,       1801 ,,141631,141631,141631760300,1,,,,,,0,724,44000,128,723,29000,128
1100,20160112,11, 1,2,       1801 ,141631,141631,141631,141631777000,1,723,16,0,1000,0,0,724,44000,128,723,28000,128
1100,20160112,11, 1,2,       1801 ,,141631,141631,141631780000,1,,,,,,0,724,39000,128,723,28000,128
1100,20160112,11, 1,2,       1801 ,,141631,141631,141631781300,1,,,,,,0,724,39000,128,723,33000,128
1100,20160112,11, 1,2,       1801 ,,141632,141632,141632301600,1,,,,,,0,724,37000,128,723,33000,128
1100,20160112,11, 1,2,       1801 ,,141632,141632,141632644000,1,,,,,,0,724,37000,128,723,27000,128
1100,20160112,11, 1,2,       1801 ,,141632,141632,141632848800,1,,,,,,0,724,38000,128,723,27000,128
1100,20160112,11, 1,2,       1801 ,,141635,141635,141635018200,1,,,,,,0,724,34000,128,723,27000,128
1100,20160112,11, 1,2,       1801 ,,141635,141635,141635219100,1,,,,,,0,724,34000,128,723,26000,128
1100,20160112,11, 1,2,       1801 ,,141635,141635,141635601400,1,,,,,,0,724,34000,128,723,27000,128
1100,20160112,11, 1,2,       1801 ,,141635,141635,141635890900,1,,,,,,0,724,34000,128,723,25000,128
1100,20160112,11, 1,2,       1801 ,,141635,141635,141635973000,1,,,,,,0,724,34000,128,723,24000,128
1100,20160112,11, 1,2,       1801 ,,141635,141635,141635976900,1,,,,,,0,724,34000,128,723,26000,128
1100,20160112,11, 1,2,       1801 ,,141635,141635,141635989700,1,,,,,,0,724,34000,128,723,24000,128
1100,20160112,11, 1,2,       1801 ,,141636,141636,141636300900,1,,,,,,0,724,34000,128,723,25000,128
1100,20160112,11, 1,2,       1801 ,,141636,141636,141636301700,1,,,,,,0,724,34000,128,723,26000,128
1100,20160112,11, 1,2,       1801 ,,141636,141636,141636303000,1,,,,,,0,724,34000,128,723,28000,128
1100,20160112,11, 1,2,       1801 ,,141638,141638,141638036600,1,,,,,,0,724,34000,128,723,26000,128
1100,20160112,11, 1,2,       1801 ,,141638,141638,141638603700,1,,,,,,0,724,34000,128,723,28000,128
1100,20160112,11, 1,2,       1801 ,,141638,141638,141638607900,1,,,,,,0,724,34000,128,723,26000,128
1100,20160112,11, 1,2,       1801 ,,141638,141638,141638628000,1,,,,,,0,724,34000,128,723,28000,128
1100,20160112,11, 1,2,       1801 ,,141638,141638,141638646900,1,,,,,,0,724,34000,128,723,26000,128
1100,20160112,11, 1,2,       1801 ,,141638,141638,141638648500,1,,,,,,0,724,34000,128,723,27000,128
1100,20160112,11, 1,2,       1801 ,,141638,141638,141638793000,1,,,,,,0,724,34000,128,723,26000,128
1100,20160112,11, 1,2,       1801 ,,141638,141638,141638800500,1,,,,,,0,724,34000,128,723,18000,128
1100,20160112,11, 1,2,       1801 ,,141638,141638,141638801800,1,,,,,,0,724,34000,128,723,17000,128
1100,20160112,11, 1,2,       1801 ,,141639,141639,141639799000,1,,,,,,0,724,36000,128,723,17000,128
1100,20160112,11, 1,2,       1801 ,,141639,141639,141639800400,1,,,,,,0,724,36000,128,723,12000,128
1100,20160112,11, 1,2,       1801 ,,141648,141648,141648935500,1,,,,,,0,724,34000,128,723,12000,128
1100,20160112,11, 1,2,       1801 ,,141648,141648,141648937300,1,,,,,,0,724,36000,128,723,12000,128
1100,20160112,11, 1,2,       1801 ,,141648,141648,141648972500,1,,,,,,0,724,36000,128,723,13000,128
1100,20160112,11, 1,2,       1801 ,,141649,141649,141649100700,1,,,,,,0,724,36000,128,723,15000,128
1100,20160112,11, 1,2,       1801 ,,141649,141649,141649103900,1,,,,,,0,724,36000,128,723,16000,128
1100,20160112,11, 1,2,       1801 ,,141649,141649,141649600500,1,,,,,,0,724,36000,128,723,14000,128
1100,20160112,11, 1,2,       1801 ,,141653,141653,141653646400,1,,,,,,0,724,36000,128,723,13000,128
1100,20160112,11, 1,2,       1801 ,,141654,141654,141654885800,1,,,,,,0,724,36000,128,723,14000,128
1100,20160112,11, 1,2,       1801 ,,141656,141656,141656998900,1,,,,,,0,724,36000,128,723,16000,128
1100,20160112,11, 1,2,       1801 ,,141659,141659,141659798600,1,,,,,,0,724,36000,128,723,15000,128
1100,20160112,11, 1,2,       1801 ,,141659,141659,141659833000,1,,,,,,0,724,36000,128,723,14000,128
1100,20160112,11, 1,2,       1801 ,,141659,141659,141659872500,1,,,,,,0,724,36000,128,723,15000,128
1100,20160112,11, 1,2,       1801 ,,141659,141659,141659893900,1,,,,,,0,724,36000,128,723,14000,128
1100,20160112,11, 1,2,       1801 ,,141659,141659,141659911200,1,,,,,,0,724,36000,128,723,15000,128
1100,20160112,11, 1,2,       1801 ,,141659,141659,141659925600,1,,,,,,0,724,36000,128,723,14000,128
1100,20160112,11, 1,2,       1801 ,,141659,141659,141659978300,1,,,,,,0,724,36000,128,723,15000,128
1100,20160112,11, 1,2,       1801 ,,141659,141659,141659983900,1,,,,,,0,724,36000,128,723,14000,128
1100,20160112,11, 1,2,       1801 ,,141659,141659,141659987400,1,,,,,,0,724,36000,128,723,15000,128
1100,20160112,11, 1,2,       1801 ,,141659,141659,141659988800,1,,,,,,0,724,36000,128,723,13000,128
1100,20160112,11, 1,2,       1801 ,,141700,141700,141700003600,1,,,,,,0,724,36000,128,723,12000,128
1100,20160112,11, 1,2,       1801 ,,141700,141700,141700019500,1,,,,,,0,724,36000,128,723,13000,128
1100,20160112,11, 1,2,       1801 ,,141700,141700,141700023100,1,,,,,,0,724,36000,128,723,12000,128
1100,20160112,11, 1,2,       1801 ,,141700,141700,141700053500,1,,,,,,0,724,36000,128,723,13000,128
1100,20160112,11, 1,2,       1801 ,,141702,141702,141702711100,1,,,,,,0,724,38000,128,723,13000,128
1100,20160112,11, 1,2,       1801 ,141702,141702,141702,141702713000,1,723,16,0,4000,0,0,724,38000,128,723,9000,128
1100,20160112,11, 1,2,       1801 ,,141702,141702,141702716100,1,,,,,,0,724,38000,128,723,8000,128
1100,20160112,11, 1,2,       1801 ,141702,141702,141702,141702719200,1,723,16,0,8000,0,0,724,38000,128,722,102000,128
1100,20160112,11, 1,2,       1801 ,,141702,141702,141702731800,1,,,,,,0,723,2000,128,722,102000,128
1100,20160112,11, 1,2,       1801 ,,141702,141702,141702741300,1,,,,,,0,723,2000,128,722,101000,128
1100,20160112,11, 1,2,       1801 ,,141702,141702,141702750200,1,,,,,,0,723,2000,128,722,100000,128
1100,20160112,11, 1,2,       1801 ,,141702,141702,141702753100,1,,,,,,0,723,3000,128,722,100000,128
1100,20160112,11, 1,2,       1801 ,,141702,141702,141702762000,1,,,,,,0,723,3000,128,722,98000,128
1100,20160112,11, 1,2,       1801 ,,141702,141702,141702764300,1,,,,,,0,723,3000,128,722,94000,128
1100,20160112,11, 1,2,       1801 ,,141702,141702,141702767900,1,,,,,,0,723,7000,128,722,94000,128
1100,20160112,11, 1,2,       1801 ,,141702,141702,141702770300,1,,,,,,0,723,9000,128,722,94000,128
1100,20160112,11, 1,2,       1801 ,,141702,141702,141702774600,1,,,,,,0,723,10000,128,722,94000,128
1100,20160112,11, 1,2,       1801 ,,141702,141702,141702779000,1,,,,,,0,723,10000,128,722,88000,128
1100,20160112,11, 1,2,       1801 ,,141702,141702,141702782400,1,,,,,,0,723,10000,128,722,86000,128
1100,20160112,11, 1,2,       1801 ,,141702,141702,141702784700,1,,,,,,0,723,14000,128,722,86000,128
1100,20160112,11, 1,2,       1801 ,,141702,141702,141702787800,1,,,,,,0,723,15000,128,722,86000,128
1100,20160112,11, 1,2,       1801 ,,141702,141702,141702790900,1,,,,,,0,723,15000,128,722,85000,128
1100,20160112,11, 1,2,       1801 ,,141702,141702,141702795100,1,,,,,,0,723,13000,128,722,85000,128
1100,20160112,11, 1,2,       1801 ,,141702,141702,141702799100,1,,,,,,0,723,9000,128,722,85000,128
1100,20160112,11, 1,2,       1801 ,141702,141702,141702,141702806600,1,723,48,0,1000,0,0,723,8000,128,722,85000,128
1100,20160112,11, 1,2,       1801 ,,141702,141702,141702809700,1,,,,,,0,723,12000,128,722,85000,128
1100,20160112,11, 1,2,       1801 ,,141702,141702,141702815400,1,,,,,,0,723,16000,128,722,85000,128
1100,20160112,11, 1,2,       1801 ,,141702,141702,141702818300,1,,,,,,0,723,21000,128,722,85000,128
1100,20160112,11, 1,2,       1801 ,,141702,141702,141702835900,1,,,,,,0,723,22000,128,722,85000,128
1100,20160112,11, 1,2,       1801 ,,141702,141702,141702860800,1,,,,,,0,723,22000,128,722,80000,128
1100,20160112,11, 1,2,       1801 ,,141702,141702,141702910300,1,,,,,,0,723,22000,128,722,76000,128
1100,20160112,11, 1,2,       1801 ,,141703,141703,141703053100,1,,,,,,0,723,23000,128,722,76000,128
1100,20160112,11, 1,2,       1801 ,,141703,141703,141703583100,1,,,,,,0,723,23000,128,722,70000,128
1100,20160112,11, 1,2,       1801 ,,141703,141703,141703903100,1,,,,,,0,723,23000,128,722,72000,128
1100,20160112,11, 1,2,       1801 ,,141704,141704,141704006400,1,,,,,,0,723,23000,128,722,71000,128
1100,20160112,11, 1,2,       1801 ,,141704,141704,141704812000,1,,,,,,0,723,23000,128,722,72000,128
1100,20160112,11, 1,2,       1801 ,,141704,141704,141704958900,1,,,,,,0,723,24000,128,722,72000,128
1100,20160112,11, 1,2,       1801 ,,141705,141705,141705228900,1,,,,,,0,723,24000,128,722,71000,128
1100,20160112,11, 1,2,       1801 ,,141708,141708,141708460000,1,,,,,,0,723,26000,128,722,71000,128
1100,20160112,11, 1,2,       1801 ,,141710,141710,141710715900,1,,,,,,0,723,26000,128,722,70000,128
1100,20160112,11, 1,2,       1801 ,,141710,141710,141710815900,1,,,,,,0,723,26000,128,722,71000,128
1100,20160112,11, 1,2,       1801 ,,141711,141711,141711773000,1,,,,,,0,723,25000,128,722,71000,128
1100,20160112,11, 1,2,       1801 ,,141712,141712,141712590500,1,,,,,,0,723,25000,128,722,73000,128
1100,20160112,11, 1,2,       1801 ,,141712,141712,141712593000,1,,,,,,0,723,21000,128,722,73000,128
1100,20160112,11, 1,2,       1801 ,,141712,141712,141712601600,1,,,,,,0,723,20000,128,722,73000,128
1100,20160112,11, 1,2,       1801 ,,141712,141712,141712603200,1,,,,,,0,723,15000,128,722,73000,128
1100,20160112,11, 1,2,       1801 ,141712,141712,141712,141712604700,1,723,48,0,2000,0,0,723,13000,128,722,73000,128
1100,20160112,11, 1,2,       1801 ,141712,141712,141712,141712607600,1,723,48,0,2000,0,0,723,11000,128,722,73000,128
1100,20160112,11, 1,2,       1801 ,,141712,141712,141712609200,1,,,,,,0,723,11000,128,722,74000,128
1100,20160112,11, 1,2,       1801 ,141712,141712,141712,141712612800,1,723,48,0,1000,0,0,723,10000,128,722,74000,128
1100,20160112,11, 1,2,       1801 ,,141712,141712,141712616300,1,,,,,,0,723,10000,128,722,74000,128
1100,20160112,11, 1,2,       1801 ,,141712,141712,141712625300,1,,,,,,0,723,6000,128,722,74000,128
1100,20160112,11, 1,2,       1801 ,141712,141712,141712,141712861700,1,723,48,0,2000,0,0,723,4000,128,722,74000,128
1100,20160112,11, 1,2,       1801 ,141712,141712,141712,141712865100,1,723,48,0,2000,0,0,723,2000,128,722,74000,128
1100,20160112,11, 1,2,       1801 ,141712,141712,141712,141712867800,1,723,48,0,1000,0,0,723,1000,128,722,74000,128
1100,20160112,11, 1,2,       1801 ,141712,141712,141712,141712870100,1,723,48,0,1000,0,0,724,63000,128,723,1000,128
1100,20160112,11, 1,2,       1801 ,141712,141712,141712,141712873200,1,723,16,0,1000,0,0,723,3000,128,722,74000,128
1100,20160112,11, 1,2,       1801 ,,141712,141712,141712875200,1,,,,,,0,723,7000,128,722,74000,128
1100,20160112,11, 1,2,       1801 ,141712,141712,141712,141712879500,1,723,48,0,1000,0,0,723,6000,128,722,74000,128
1100,20160112,11, 1,2,       1801 ,,141712,141712,141712880700,1,,,,,,0,723,6000,128,722,74000,128
1100,20160112,11, 1,2,       1801 ,141712,141712,141712,141712883800,1,723,48,0,1000,0,0,723,5000,128,722,74000,128
1100,20160112,11, 1,2,       1801 ,,141712,141712,141712885300,1,,,,,,0,723,5000,128,722,73000,128
1100,20160112,11, 1,2,       1801 ,,141712,141712,141712886400,1,,,,,,0,723,6000,128,722,73000,128
1100,20160112,11, 1,2,       1801 ,,141712,141712,141712890800,1,,,,,,0,723,6000,128,722,71000,128
1100,20160112,11, 1,2,       1801 ,,141712,141712,141712891800,1,,,,,,0,723,2000,128,722,71000,128
1100,20160112,11, 1,2,       1801 ,,141712,141712,141712893600,1,,,,,,0,723,2000,128,722,73000,128
1100,20160112,11, 1,2,       1801 ,,141712,141712,141712895400,1,,,,,,0,723,6000,128,722,73000,128
1100,20160112,11, 1,2,       1801 ,,141712,141712,141712901600,1,,,,,,0,723,6000,128,722,71000,128
1100,20160112,11, 1,2,       1801 ,,141713,141713,141713358900,1,,,,,,0,723,7000,128,722,71000,128
1100,20160112,11, 1,2,       1801 ,,141714,141714,141714094800,1,,,,,,0,723,7000,128,722,72000,128
1100,20160112,11, 1,2,       1801 ,,141716,141716,141716980800,1,,,,,,0,723,7000,128,722,71000,128
1100,20160112,11, 1,2,       1801 ,,141716,141716,141716982400,1,,,,,,0,723,12000,128,722,71000,128
1100,20160112,11, 1,2,       1801 ,,141716,141716,141716983700,1,,,,,,0,723,8000,128,722,71000,128
1100,20160112,11, 1,2,       1801 ,,141716,141716,141716984600,1,,,,,,0,723,13000,128,722,71000,128
1100,20160112,11, 1,2,       1801 ,,141717,141717,141717006500,1,,,,,,0,723,17000,128,722,71000,128
1100,20160112,11, 1,2,       1801 ,,141717,141717,141717007900,1,,,,,,0,723,19000,128,722,71000,128
1100,20160112,11, 1,2,       1801 ,,141717,141717,141717240700,1,,,,,,0,723,21000,128,722,71000,128
1100,20160112,11, 1,2,       1801 ,,141717,141717,141717243000,1,,,,,,0,723,17000,128,722,71000,128
1100,20160112,11, 1,2,       1801 ,,141717,141717,141717541200,1,,,,,,0,723,17000,128,722,69000,128
1100,20160112,11, 1,2,       1801 ,141719,141719,141719,141719959300,1,723,48,0,2000,0,0,723,15000,128,722,69000,128
1100,20160112,11, 1,2,       1801 ,,141719,141719,141719961300,1,,,,,,0,723,13000,128,722,69000,128
1100,20160112,11, 1,2,       1801 ,,141719,141719,141719962800,1,,,,,,0,723,14000,128,722,69000,128
1100,20160112,11, 1,2,       1801 ,,141720,141720,141720080200,1,,,,,,0,723,16000,128,722,69000,128
1100,20160112,11, 1,2,       1801 ,,141721,141721,141721710600,1,,,,,,0,723,16000,128,722,73000,128
1100,20160112,11, 1,2,       1801 ,,141723,141723,141723820100,1,,,,,,0,723,16000,128,722,74000,128
1100,20160112,11, 1,2,       1801 ,,141727,141727,141727209500,1,,,,,,0,723,17000,128,722,74000,128
1100,20160112,11, 1,2,       1801 ,,141727,141727,141727211200,1,,,,,,0,723,22000,128,722,74000,128
1100,20160112,11, 1,2,       1801 ,,141730,141730,141730020900,1,,,,,,0,723,21000,128,722,74000,128
1100,20160112,11, 1,2,       1801 ,,141731,141731,141731772200,1,,,,,,0,723,19000,128,722,74000,128
1100,20160112,11, 1,2,       1801 ,,141731,141731,141731790700,1,,,,,,0,723,14000,128,722,74000,128
1100,20160112,11, 1,2,       1801 ,,141731,141731,141731812400,1,,,,,,0,723,9000,128,722,74000,128
1100,20160112,11, 1,2,       1801 ,,141731,141731,141731814900,1,,,,,,0,723,9000,128,722,75000,128
1100,20160112,11, 1,2,       1801 ,,141731,141731,141731820200,1,,,,,,0,723,4000,128,722,75000,128
1100,20160112,11, 1,2,       1801 ,,141731,141731,141731821700,1,,,,,,0,723,6000,128,722,75000,128
1100,20160112,11, 1,2,       1801 ,,141731,141731,141731823200,1,,,,,,0,723,4000,128,722,75000,128
1100,20160112,11, 1,2,       1801 ,,141731,141731,141731828600,1,,,,,,0,723,8000,128,722,75000,128
1100,20160112,11, 1,2,       1801 ,,141732,141732,141732548500,1,,,,,,0,723,8000,128,722,74000,128
1100,20160112,11, 1,2,       1801 ,,141734,141734,141734302700,1,,,,,,0,723,13000,128,722,74000,128
1100,20160112,11, 1,2,       1801 ,,141734,141734,141734304300,1,,,,,,0,723,9000,128,722,74000,128
1100,20160112,11, 1,2,       1801 ,,141740,141740,141740996500,1,,,,,,0,723,9000,128,722,80000,128
1100,20160112,11, 1,2,       1801 ,,141740,141740,141740998100,1,,,,,,0,723,14000,128,722,80000,128
1100,20160112,11, 1,2,       1801 ,,141740,141740,141740999400,1,,,,,,0,723,17000,128,722,80000,128
1100,20160112,11, 1,2,       1801 ,,141741,141741,141741005300,1,,,,,,0,723,19000,128,722,80000,128
1100,20160112,11, 1,2,       1801 ,,141741,141741,141741144400,1,,,,,,0,723,20000,128,722,80000,128
1100,20160112,11, 1,2,       1801 ,141746,141746,141746,141746809300,1,722,16,0,5000,0,0,723,20000,128,722,75000,128
1100,20160112,11, 1,2,       1801 ,,141746,141746,141746811200,1,,,,,,0,723,24000,128,722,75000,128
1100,20160112,11, 1,2,       1801 ,,141747,141747,141747957300,1,,,,,,0,723,25000,128,722,75000,128
1100,20160112,11, 1,2,       1801 ,,141749,141749,141749537700,1,,,,,,0,723,25000,128,722,71000,128
1100,20160112,11, 1,2,       1801 ,,141749,141749,141749539300,1,,,,,,0,723,21000,128,722,71000,128
1100,20160112,11, 1,2,       1801 ,,141755,141755,141755801500,1,,,,,,0,723,22000,128,722,71000,128
1100,20160112,11, 1,2,       1801 ,,141756,141756,141756981600,1,,,,,,0,723,23000,128,722,71000,128
1100,20160112,11, 1,2,       1801 ,,141758,141758,141758349400,1,,,,,,0,723,23000,128,722,75000,128
1100,20160112,11, 1,2,       1801 ,,141759,141759,141759108200,1,,,,,,0,723,22000,128,722,75000,128
1100,20160112,11, 1,2,       1801 ,,141801,141801,141801381500,1,,,,,,0,723,23000,128,722,75000,128
1100,20160112,11, 1,2,       1801 ,,141803,141803,141803039000,1,,,,,,0,723,22000,128,722,75000,128
1100,20160112,11, 1,2,       1801 ,,141804,141804,141804217400,1,,,,,,0,723,23000,128,722,75000,128
1100,20160112,11, 1,2,       1801 ,,141804,141804,141804494600,1,,,,,,0,723,23000,128,722,79000,128
1100,20160112,11, 1,2,       1801 ,,141808,141808,141808791200,1,,,,,,0,723,23000,128,722,80000,128
1100,20160112,11, 1,2,       1801 ,,141812,141812,141812778700,1,,,,,,0,723,24000,128,722,80000,128
1100,20160112,11, 1,2,       1801 ,,141812,141812,141812780900,1,,,,,,0,723,24000,128,722,81000,128
1100,20160112,11, 1,2,       1801 ,,141812,141812,141812870800,1,,,,,,0,723,23000,128,722,81000,128
1100,20160112,11, 1,2,       1801 ,,141816,141816,141816850600,1,,,,,,0,723,24000,128,722,81000,128
1100,20160112,11, 1,2,       1801 ,,141817,141817,141817115900,1,,,,,,0,723,24000,128,722,75000,128
1100,20160112,11, 1,2,       1801 ,,141817,141817,141817117300,1,,,,,,0,723,24000,128,722,74000,128
1100,20160112,11, 1,2,       1801 ,,141819,141819,141819005200,1,,,,,,0,723,43000,128,722,74000,128
1100,20160112,11, 1,2,       1801 ,,141819,141819,141819006600,1,,,,,,0,723,43000,128,722,72000,128
1100,20160112,11, 1,2,       1801 ,,141823,141823,141823924600,1,,,,,,0,723,42000,128,722,72000,128
1100,20160112,11, 1,2,       1801 ,,141825,141825,141825733200,1,,,,,,0,723,43000,128,722,72000,128
1100,20160112,11, 1,2,       1801 ,,141827,141827,141827252700,1,,,,,,0,723,57000,128,722,72000,128
1100,20160112,11, 1,2,       1801 ,,141827,141827,141827254100,1,,,,,,0,723,57000,128,722,70000,128
1100,20160112,11, 1,2,       1801 ,,141827,141827,141827258600,1,,,,,,0,723,57000,128,722,68000,128
1100,20160112,11, 1,2,       1801 ,,141827,141827,141827261800,1,,,,,,0,723,57000,128,722,69000,128
1100,20160112,11, 1,2,       1801 ,,141828,141828,141828527700,1,,,,,,0,723,43000,128,722,69000,128
1100,20160112,11, 1,2,       1801 ,,141831,141831,141831005100,1,,,,,,0,723,44000,128,722,69000,128
1100,20160112,11, 1,2,       1801 ,,141832,141832,141832181900,1,,,,,,0,723,43000,128,722,69000,128
1100,20160112,11, 1,2,       1801 ,,141835,141835,141835833500,1,,,,,,0,723,51000,128,722,69000,128
1100,20160112,11, 1,2,       1801 ,,141835,141835,141835940700,1,,,,,,0,723,52000,128,722,69000,128
1100,20160112,11, 1,2,       1801 ,,141836,141836,141836567700,1,,,,,,0,723,52000,128,722,67000,128
1100,20160112,11, 1,2,       1801 ,,141838,141838,141838760600,1,,,,,,0,723,54000,128,722,67000,128
1100,20160112,11, 1,2,       1801 ,,141838,141838,141838803500,1,,,,,,0,723,53000,128,722,67000,128
1100,20160112,11, 1,2,       1801 ,,141842,141842,141842533200,1,,,,,,0,723,53000,128,722,68000,128
1100,20160112,11, 1,2,       1801 ,,141845,141845,141845527500,1,,,,,,0,723,51000,128,722,68000,128
1100,20160112,11, 1,2,       1801 ,,141845,141845,141845529100,1,,,,,,0,723,51000,128,722,70000,128
1100,20160112,11, 1,2,       1801 ,,141845,141845,141845754700,1,,,,,,0,723,49000,128,722,70000,128
1100,20160112,11, 1,2,       1801 ,,141846,141846,141846006800,1,,,,,,0,723,30000,128,722,70000,128
1100,20160112,11, 1,2,       1801 ,,141846,141846,141846008000,1,,,,,,0,723,30000,128,722,71000,128
1100,20160112,11, 1,2,       1801 ,,141846,141846,141846008800,1,,,,,,0,723,29000,128,722,71000,128
1100,20160112,11, 1,2,       1801 ,,141846,141846,141846033300,1,,,,,,0,723,26000,128,722,71000,128
1100,20160112,11, 1,2,       1801 ,,141846,141846,141846049800,1,,,,,,0,723,29000,128,722,71000,128
1100,20160112,11, 1,2,       1801 ,,141846,141846,141846050900,1,,,,,,0,723,29000,128,722,70000,128
1100,20160112,11, 1,2,       1801 ,,141855,141855,141855110700,1,,,,,,0,723,30000,128,722,70000,128
1100,20160112,11, 1,2,       1801 ,,141859,141859,141859543900,1,,,,,,0,723,29000,128,722,70000,128
1100,20160112,11, 1,2,       1801 ,,141859,141859,141859546300,1,,,,,,0,723,30000,128,722,70000,128
1100,20160112,11, 1,2,       1801 ,,141859,141859,141859952100,1,,,,,,0,723,31000,128,722,70000,128
1100,20160112,11, 1,2,       1801 ,,141901,141901,141901130200,1,,,,,,0,723,45000,128,722,70000,128
1100,20160112,11, 1,2,       1801 ,,141902,141902,141902547800,1,,,,,,0,723,45000,128,722,72000,128
1100,20160112,11, 1,2,       1801 ,,141905,141905,141905336500,1,,,,,,0,723,44000,128,722,72000,128
1100,20160112,11, 1,2,       1801 ,,141905,141905,141905341700,1,,,,,,0,723,30000,128,722,72000,128
1100,20160112,11, 1,2,       1801 ,,141912,141912,141912164100,1,,,,,,0,723,44000,128,722,72000,128
1100,20160112,11, 1,2,       1801 ,,141912,141912,141912170800,1,,,,,,0,723,44000,128,722,70000,128
1100,20160112,11, 1,2,       1801 ,,141912,141912,141912927300,1,,,,,,0,723,44000,128,722,69000,128
1100,20160112,11, 1,2,       1801 ,141913,141913,141913,141913120200,1,722,16,0,2000,0,0,723,44000,128,722,67000,128
1100,20160112,11, 1,2,       1801 ,,141913,141913,141913358800,1,,,,,,0,723,45000,128,722,67000,128
1100,20160112,11, 1,2,       1801 ,,141917,141917,141917932000,1,,,,,,0,723,45000,128,722,66000,128
1100,20160112,11, 1,2,       1801 ,,141918,141918,141918010800,1,,,,,,0,723,45000,128,722,64000,128
1100,20160112,11, 1,2,       1801 ,,141918,141918,141918020100,1,,,,,,0,723,45000,128,722,60000,128
1100,20160112,11, 1,2,       1801 ,,141918,141918,141918727700,1,,,,,,0,723,46000,128,722,60000,128
1100,20160112,11, 1,2,       1801 ,,141925,141925,141925161500,1,,,,,,0,723,46000,128,722,61000,128
1100,20160112,11, 1,2,       1801 ,,141929,141929,141929078600,1,,,,,,0,723,46000,128,722,62000,128
1100,20160112,11, 1,2,       1801 ,,141929,141929,141929079900,1,,,,,,0,723,46000,128,722,65000,128
1100,20160112,11, 1,2,       1801 ,,141929,141929,141929081400,1,,,,,,0,723,46000,128,722,67000,128
1100,20160112,11, 1,2,       1801 ,,141930,141930,141930158300,1,,,,,,0,723,46000,128,722,66000,128
1100,20160112,11, 1,2,       1801 ,,141930,141930,141930892400,1,,,,,,0,723,46000,128,722,67000,128
1100,20160112,11, 1,2,       1801 ,,141931,141931,141931668700,1,,,,,,0,723,49000,128,722,67000,128
1100,20160112,11, 1,2,       1801 ,,141933,141933,141933287000,1,,,,,,0,723,56000,128,722,67000,128
1100,20160112,11, 1,2,       1801 ,,141942,141942,141942251800,1,,,,,,0,723,56000,128,722,66000,128
1100,20160112,11, 1,2,       1801 ,,141943,141943,141943752600,1,,,,,,0,723,56000,128,722,67000,128
1100,20160112,11, 1,2,       1801 ,,141946,141946,141946830600,1,,,,,,0,723,56000,128,722,66000,128
1100,20160112,11, 1,2,       1801 ,,141955,141955,141955505900,1,,,,,,0,723,56000,128,722,64000,128
1100,20160112,11, 1,2,       1801 ,141955,141955,141955,141955511900,1,722,16,0,13000,0,0,723,56000,128,722,51000,128
1100,20160112,11, 1,2,       1801 ,,141955,141955,141955513700,1,,,,,,0,723,56000,128,722,53000,128
1100,20160112,11, 1,2,       1801 ,141955,141955,141955,141955516500,1,722,16,0,21000,0,0,723,56000,128,722,32000,128
1100,20160112,11, 1,2,       1801 ,141955,141955,141955,141955520200,1,722,16,0,21000,0,0,723,56000,128,722,11000,128
1100,20160112,11, 1,2,       1801 ,141955,141955,141955,141955524000,1,722,16,0,11000,0,0,723,56000,128,721,114000,128
1100,20160112,11, 1,2,       1801 ,,141955,141955,141955529300,1,,,,,,0,722,2000,128,721,114000,128
1100,20160112,11, 1,2,       1801 ,141955,141955,141955,141955534400,1,722,48,0,1000,0,0,722,1000,128,721,113000,128
1100,20160112,11, 1,2,       1801 ,,141955,141955,141955538700,1,,,,,,0,722,15000,128,721,113000,128
1100,20160112,11, 1,2,       1801 ,,141955,141955,141955540100,1,,,,,,0,722,18000,128,721,113000,128
1100,20160112,11, 1,2,       1801 ,,141955,141955,141955540900,1,,,,,,0,722,22000,128,721,113000,128
1100,20160112,11, 1,2,       1801 ,,141955,141955,141955547000,1,,,,,,0,722,22000,128,721,112000,128
1100,20160112,11, 1,2,       1801 ,,141955,141955,141955547900,1,,,,,,0,722,23000,128,721,112000,128
1100,20160112,11, 1,2,       1801 ,,141955,141955,141955553200,1,,,,,,0,722,23000,128,721,109000,128
1100,20160112,11, 1,2,       1801 ,,141955,141955,141955555000,1,,,,,,0,722,24000,128,721,109000,128
1100,20160112,11, 1,2,       1801 ,,141955,141955,141955557500,1,,,,,,0,722,28000,128,721,109000,128
1100,20160112,11, 1,2,       1801 ,,141955,141955,141955558200,1,,,,,,0,722,28000,128,721,108000,128
1100,20160112,11, 1,2,       1801 ,,141955,141955,141955563500,1,,,,,,0,722,32000,128,721,108000,128
1100,20160112,11, 1,2,       1801 ,,141955,141955,141955565300,1,,,,,,0,722,33000,128,721,108000,128
1100,20160112,11, 1,2,       1801 ,,141955,141955,141955568300,1,,,,,,0,722,32000,128,721,108000,128
1100,20160112,11, 1,2,       1801 ,,141955,141955,141955571500,1,,,,,,0,722,33000,128,721,108000,128
1100,20160112,11, 1,2,       1801 ,,141955,141955,141955573500,1,,,,,,0,722,34000,128,721,108000,128
1100,20160112,11, 1,2,       1801 ,,141955,141955,141955577900,1,,,,,,0,722,39000,128,721,108000,128
1100,20160112,11, 1,2,       1801 ,,141955,141955,141955578900,1,,,,,,0,722,41000,128,721,108000,128
1100,20160112,11, 1,2,       1801 ,,141955,141955,141955598500,1,,,,,,0,722,41000,128,721,107000,128
1100,20160112,11, 1,2,       1801 ,,141955,141955,141955599800,1,,,,,,0,722,41000,128,721,101000,128
1100,20160112,11, 1,2,       1801 ,,141955,141955,141955602900,1,,,,,,0,722,41000,128,721,100000,128
1100,20160112,11, 1,2,       1801 ,,141955,141955,141955611000,1,,,,,,0,722,41000,128,721,95000,128
1100,20160112,11, 1,2,       1801 ,,141955,141955,141955679100,1,,,,,,0,722,43000,128,721,95000,128
1100,20160112,11, 1,2,       1801 ,,141955,141955,141955681100,1,,,,,,0,722,57000,128,721,95000,128
1100,20160112,11, 1,2,       1801 ,,141955,141955,141955682300,1,,,,,,0,722,57000,128,721,93000,128
1100,20160112,11, 1,2,       1801 ,,141955,141955,141955740100,1,,,,,,0,722,57000,128,721,98000,128
1100,20160112,11, 1,2,       1801 ,,141955,141955,141955785500,1,,,,,,0,722,57000,128,721,94000,128
1100,20160112,11, 1,2,       1801 ,,141955,141955,141955834400,1,,,,,,0,722,59000,128,721,94000,128
1100,20160112,11, 1,2,       1801 ,,141956,141956,141956320400,1,,,,,,0,722,59000,128,721,93000,128
1100,20160112,11, 1,2,       1801 ,,141956,141956,141956518500,1,,,,,,0,722,45000,128,721,93000,128
1100,20160112,11, 1,2,       1801 ,,141956,141956,141956540200,1,,,,,,0,722,47000,128,721,93000,128
1100,20160112,11, 1,2,       1801 ,,141956,141956,141956785800,1,,,,,,0,722,47000,128,721,101000,128
1100,20160112,11, 1,2,       1801 ,,141956,141956,141956829500,1,,,,,,0,722,47000,128,721,100000,128
1100,20160112,11, 1,2,       1801 ,,141958,141958,141958791800,1,,,,,,0,722,47000,128,721,101000,128
1100,20160112,11, 1,2,       1801 ,,141958,141958,141958833100,1,,,,,,0,722,47000,128,721,99000,128
1100,20160112,11, 1,2,       1801 ,,142000,142000,142000060800,1,,,,,,0,722,48000,128,721,99000,128
1100,20160112,11, 1,2,       1801 ,,142001,142001,142001744600,1,,,,,,0,722,49000,128,721,99000,128
1100,20160112,11, 1,2,       1801 ,,142002,142002,142002352000,1,,,,,,0,722,48000,128,721,99000,128
1100,20160112,11, 1,2,       1801 ,,142004,142004,142004260800,1,,,,,,0,722,43000,128,721,99000,128
1100,20160112,11, 1,2,       1801 ,,142005,142005,142005102800,1,,,,,,0,722,48000,128,721,99000,128
1100,20160112,11, 1,2,       1801 ,,142005,142005,142005117000,1,,,,,,0,722,49000,128,721,99000,128
1100,20160112,11, 1,2,       1801 ,,142005,142005,142005120800,1,,,,,,0,722,49000,128,721,98000,128
1100,20160112,11, 1,2,       1801 ,,142006,142006,142006899100,1,,,,,,0,722,49000,128,721,99000,128
1100,20160112,11, 1,2,       1801 ,,142007,142007,142007117200,1,,,,,,0,722,48000,128,721,99000,128
1100,20160112,11, 1,2,       1801 ,,142007,142007,142007294600,1,,,,,,0,722,49000,128,721,99000,128
1100,20160112,11, 1,2,       1801 ,,142007,142007,142007912100,1,,,,,,0,722,49000,128,721,98000,128
1100,20160112,11, 1,2,       1801 ,,142007,142007,142007954600,1,,,,,,0,722,49000,128,721,99000,128
1100,20160112,11, 1,2,       1801 ,,142008,142008,142008197000,1,,,,,,0,722,48000,128,721,99000,128
1100,20160112,11, 1,2,       1801 ,,142008,142008,142008786800,1,,,,,,0,722,48000,128,721,100000,128
1100,20160112,11, 1,2,       1801 ,,142009,142009,142009472300,1,,,,,,0,722,49000,128,721,100000,128
1100,20160112,11, 1,2,       1801 ,,142010,142010,142010880600,1,,,,,,0,722,50000,128,721,100000,128
1100,20160112,11, 1,2,       1801 ,,142011,142011,142011184800,1,,,,,,0,722,51000,128,721,100000,128
1100,20160112,11, 1,2,       1801 ,,142011,142011,142011221100,1,,,,,,0,722,51000,128,721,99000,128
1100,20160112,11, 1,2,       1801 ,,142012,142012,142012536400,1,,,,,,0,722,58000,128,721,99000,128
1100,20160112,11, 1,2,       1801 ,,142012,142012,142012699000,1,,,,,,0,722,58000,128,721,94000,128
1100,20160112,11, 1,2,       1801 ,,142012,142012,142012798900,1,,,,,,0,722,59000,128,721,94000,128
1100,20160112,11, 1,2,       1801 ,,142014,142014,142014811000,1,,,,,,0,722,61000,128,721,94000,128
1100,20160112,11, 1,2,       1801 ,,142015,142015,142015874200,1,,,,,,0,722,61000,128,721,95000,128
1100,20160112,11, 1,2,       1801 ,,142016,142016,142016601600,1,,,,,,0,722,61000,128,721,96000,128
1100,20160112,11, 1,2,       1801 ,,142017,142017,142017654100,1,,,,,,0,722,60000,128,721,96000,128
1100,20160112,11, 1,2,       1801 ,,142019,142019,142019537500,1,,,,,,0,722,60000,128,721,97000,128
1100,20160112,11, 1,2,       1801 ,,142022,142022,142022006600,1,,,,,,0,722,79000,128,721,97000,128
1100,20160112,11, 1,2,       1801 ,,142022,142022,142022008100,1,,,,,,0,722,79000,128,721,94000,128
1100,20160112,11, 1,2,       1801 ,,142022,142022,142022016700,1,,,,,,0,722,79000,128,721,98000,128
1100,20160112,11, 1,2,       1801 ,,142023,142023,142023049900,1,,,,,,0,722,80000,128,721,98000,128
1100,20160112,11, 1,2,       1801 ,,142023,142023,142023063100,1,,,,,,0,722,80000,128,721,97000,128
1100,20160112,11, 1,2,       1801 ,,142026,142026,142026876100,1,,,,,,0,722,78000,128,721,97000,128
1100,20160112,11, 1,2,       1801 ,,142027,142027,142027019600,1,,,,,,0,722,78000,128,721,96000,128
1100,20160112,11, 1,2,       1801 ,,142032,142032,142032961600,1,,,,,,0,722,78000,128,721,97000,128
1100,20160112,11, 1,2,       1801 ,,142033,142033,142033726800,1,,,,,,0,722,79000,128,721,97000,128
1100,20160112,11, 1,2,       1801 ,,142044,142044,142044767500,1,,,,,,0,722,80000,128,721,97000,128
1100,20160112,11, 1,2,       1801 ,,142044,142044,142044769200,1,,,,,,0,722,85000,128,721,97000,128
1100,20160112,11, 1,2,       1801 ,,142044,142044,142044770600,1,,,,,,0,722,88000,128,721,97000,128
1100,20160112,11, 1,2,       1801 ,,142048,142048,142048798300,1,,,,,,0,722,90000,128,721,97000,128
1100,20160112,11, 1,2,       1801 ,,142048,142048,142048965500,1,,,,,,0,722,90000,128,721,98000,128
1100,20160112,11, 1,2,       1801 ,,142048,142048,142048973100,1,,,,,,0,722,89000,128,721,98000,128
1100,20160112,11, 1,2,       1801 ,,142048,142048,142048991800,1,,,,,,0,722,86000,128,721,98000,128
1100,20160112,11, 1,2,       1801 ,,142051,142051,142051933900,1,,,,,,0,722,87000,128,721,98000,128
1100,20160112,11, 1,2,       1801 ,,142051,142051,142051934900,1,,,,,,0,722,87000,128,721,97000,128
1100,20160112,11, 1,2,       1801 ,,142052,142052,142052965800,1,,,,,,0,722,89000,128,721,97000,128
1100,20160112,11, 1,2,       1801 ,142057,142057,142057,142057699900,1,722,48,0,5000,0,0,722,84000,128,721,97000,128
1100,20160112,11, 1,2,       1801 ,,142102,142102,142102858100,1,,,,,,0,722,84000,128,721,97000,128
1100,20160112,11, 1,2,       1801 ,,142103,142103,142103418900,1,,,,,,0,722,84000,128,721,99000,128
1100,20160112,11, 1,2,       1801 ,,142105,142105,142105729400,1,,,,,,0,722,84000,128,721,101000,128
1100,20160112,11, 1,2,       1801 ,,142106,142106,142106290900,1,,,,,,0,722,84000,128,721,102000,128
1100,20160112,11, 1,2,       1801 ,,142107,142107,142107116900,1,,,,,,0,722,83000,128,721,102000,128
1100,20160112,11, 1,2,       1801 ,,142107,142107,142107601800,1,,,,,,0,722,84000,128,721,102000,128
1100,20160112,11, 1,2,       1801 ,,142107,142107,142107857900,1,,,,,,0,722,83000,128,721,102000,128
1100,20160112,11, 1,2,       1801 ,,142108,142108,142108041800,1,,,,,,0,722,83000,128,721,101000,128
1100,20160112,11, 1,2,       1801 ,,142110,142110,142110334600,1,,,,,,0,722,83000,128,721,102000,128
1100,20160112,11, 1,2,       1801 ,,142113,142113,142113098000,1,,,,,,0,722,83000,128,721,103000,128
1100,20160112,11, 1,2,       1801 ,,142113,142113,142113682400,1,,,,,,0,722,82000,128,721,103000,128
1100,20160112,11, 1,2,       1801 ,,142114,142114,142114711600,1,,,,,,0,722,83000,128,721,103000,128
1100,20160112,11, 1,2,       1801 ,,142115,142115,142115462000,1,,,,,,0,722,83000,128,721,102000,128
1100,20160112,11, 1,2,       1801 ,,142117,142117,142117327100,1,,,,,,0,722,83000,128,721,103000,128
1100,20160112,11, 1,2,       1801 ,,142117,142117,142117782000,1,,,,,,0,722,82000,128,721,103000,128
1100,20160112,11, 1,2,       1801 ,,142119,142119,142119412600,1,,,,,,0,722,83000,128,721,103000,128
1100,20160112,11, 1,2,       1801 ,,142119,142119,142119413600,1,,,,,,0,722,83000,128,721,102000,128
1100,20160112,11, 1,2,       1801 ,,142120,142120,142120484500,1,,,,,,0,722,83000,128,721,103000,128
1100,20160112,11, 1,2,       1801 ,,142120,142120,142120592200,1,,,,,,0,722,83000,128,721,102000,128
1100,20160112,11, 1,2,       1801 ,142121,142121,142121,142121448800,1,722,48,0,10000,0,0,722,73000,128,721,102000,128
1100,20160112,11, 1,2,       1801 ,142121,142121,142121,142121450800,1,722,48,0,6000,0,0,722,67000,128,721,102000,128
1100,20160112,11, 1,2,       1801 ,,142121,142121,142121452900,1,,,,,,0,722,67000,128,721,107000,128
1100,20160112,11, 1,2,       1801 ,,142121,142121,142121453600,1,,,,,,0,722,67000,128,721,108000,128
1100,20160112,11, 1,2,       1801 ,,142121,142121,142121454300,1,,,,,,0,722,66000,128,721,108000,128
1100,20160112,11, 1,2,       1801 ,,142121,142121,142121465900,1,,,,,,0,722,61000,128,721,108000,128
1100,20160112,11, 1,2,       1801 ,,142121,142121,142121467200,1,,,,,,0,722,60000,128,721,108000,128
1100,20160112,11, 1,2,       1801 ,,142121,142121,142121481600,1,,,,,,0,722,59000,128,721,108000,128
1100,20160112,11, 1,2,       1801 ,,142121,142121,142121498900,1,,,,,,0,722,57000,128,721,108000,128
1100,20160112,11, 1,2,       1801 ,,142121,142121,142121500900,1,,,,,,0,722,58000,128,721,108000,128
1100,20160112,11, 1,2,       1801 ,,142121,142121,142121509300,1,,,,,,0,722,60000,128,721,108000,128
1100,20160112,11, 1,2,       1801 ,,142130,142130,142130200600,1,,,,,,0,722,55000,128,721,108000,128
1100,20160112,11, 1,2,       1801 ,,142134,142134,142134067900,1,,,,,,0,722,56000,128,721,108000,128
1100,20160112,11, 1,2,       1801 ,,142134,142134,142134073000,1,,,,,,0,722,56000,128,721,107000,128
1100,20160112,11, 1,2,       1801 ,,142134,142134,142134693000,1,,,,,,0,722,56000,128,721,108000,128
1100,20160112,11, 1,2,       1801 ,,142134,142134,142134694000,1,,,,,,0,722,55000,128,721,108000,128
1100,20160112,11, 1,2,       1801 ,,142136,142136,142136450100,1,,,,,,0,722,55000,128,721,109000,128
1100,20160112,11, 1,2,       1801 ,142136,142136,142136,142136752500,1,722,48,0,1000,0,0,722,54000,128,721,109000,128
1100,20160112,11, 1,2,       1801 ,,142138,142138,142138736900,1,,,,,,0,722,55000,128,721,109000,128
1100,20160112,11, 1,2,       1801 ,142138,142138,142138,142138879900,1,722,48,0,1000,0,0,722,54000,128,721,109000,128
1100,20160112,11, 1,2,       1801 ,,142142,142142,142142692300,1,,,,,,0,722,55000,128,721,109000,128
1100,20160112,11, 1,2,       1801 ,,142142,142142,142142721800,1,,,,,,0,722,54000,128,721,109000,128
1100,20160112,11, 1,2,       1801 ,,142143,142143,142143702500,1,,,,,,0,722,55000,128,721,109000,128
1100,20160112,11, 1,2,       1801 ,,142143,142143,142143721900,1,,,,,,0,722,54000,128,721,109000,128
1100,20160112,11, 1,2,       1801 ,,142145,142145,142145646200,1,,,,,,0,722,55000,128,721,109000,128
1100,20160112,11, 1,2,       1801 ,,142146,142146,142146396800,1,,,,,,0,722,56000,128,721,109000,128
1100,20160112,11, 1,2,       1801 ,,142148,142148,142148691500,1,,,,,,0,722,55000,128,721,109000,128
1100,20160112,11, 1,2,       1801 ,,142149,142149,142149045200,1,,,,,,0,722,55000,128,721,101000,128
1100,20160112,11, 1,2,       1801 ,,142149,142149,142149322500,1,,,,,,0,722,56000,128,721,101000,128
1100,20160112,11, 1,2,       1801 ,,142149,142149,142149371800,1,,,,,,0,722,55000,128,721,101000,128
1100,20160112,11, 1,2,       1801 ,,142149,142149,142149382100,1,,,,,,0,722,56000,128,721,101000,128
1100,20160112,11, 1,2,       1801 ,,142149,142149,142149971600,1,,,,,,0,722,55000,128,721,101000,128
1100,20160112,11, 1,2,       1801 ,,142151,142151,142151581100,1,,,,,,0,722,56000,128,721,101000,128
1100,20160112,11, 1,2,       1801 ,,142151,142151,142151583400,1,,,,,,0,722,61000,128,721,101000,128
1100,20160112,11, 1,2,       1801 ,,142152,142152,142152266100,1,,,,,,0,722,60000,128,721,101000,128
1100,20160112,11, 1,2,       1801 ,,142152,142152,142152382800,1,,,,,,0,722,60000,128,721,100000,128
1100,20160112,11, 1,2,       1801 ,,142153,142153,142153759000,1,,,,,,0,722,61000,128,721,100000,128
1100,20160112,11, 1,2,       1801 ,142154,142154,142154,142154488300,1,721,16,0,1000,0,0,722,61000,128,721,99000,128
1100,20160112,11, 1,2,       1801 ,,142154,142154,142154490300,1,,,,,,0,722,64000,128,721,99000,128
1100,20160112,11, 1,2,       1801 ,,142154,142154,142154490900,1,,,,,,0,722,66000,128,721,99000,128
1100,20160112,11, 1,2,       1801 ,,142154,142154,142154840500,1,,,,,,0,722,66000,128,721,94000,128
1100,20160112,11, 1,2,       1801 ,,142156,142156,142156914300,1,,,,,,0,722,66000,128,721,95000,128
1100,20160112,11, 1,2,       1801 ,,142157,142157,142157943400,1,,,,,,0,722,66000,128,721,94000,128
1100,20160112,11, 1,2,       1801 ,142158,142158,142158,142158286100,1,722,48,0,1000,0,0,722,65000,128,721,93000,128
1100,20160112,11, 1,2,       1801 ,,142158,142158,142158762700,1,,,,,,0,722,65000,128,721,94000,128
1100,20160112,11, 1,2,       1801 ,,142159,142159,142159293400,1,,,,,,0,722,67000,128,721,94000,128
1100,20160112,11, 1,2,       1801 ,,142200,142200,142200360500,1,,,,,,0,722,65000,128,721,94000,128
1100,20160112,11, 1,2,       1801 ,,142200,142200,142200711600,1,,,,,,0,722,65000,128,721,93000,128
1100,20160112,11, 1,2,       1801 ,,142201,142201,142201764200,1,,,,,,0,722,65000,128,721,94000,128
1100,20160112,11, 1,2,       1801 ,,142202,142202,142202671800,1,,,,,,0,722,65000,128,721,93000,128
1100,20160112,11, 1,2,       1801 ,,142203,142203,142203669300,1,,,,,,0,722,66000,128,721,93000,128
1100,20160112,11, 1,2,       1801 ,,142204,142204,142204264600,1,,,,,,0,722,66000,128,721,94000,128
1100,20160112,11, 1,2,       1801 ,,142204,142204,142204624200,1,,,,,,0,722,68000,128,721,94000,128
1100,20160112,11, 1,2,       1801 ,,142206,142206,142206174000,1,,,,,,0,722,66000,128,721,94000,128
1100,20160112,11, 1,2,       1801 ,,142206,142206,142206175600,1,,,,,,0,722,66000,128,721,99000,128
1100,20160112,11, 1,2,       1801 ,,142206,142206,142206800900,1,,,,,,0,722,68000,128,721,99000,128
1100,20160112,11, 1,2,       1801 ,,142206,142206,142206805400,1,,,,,,0,722,68000,128,721,94000,128
1100,20160112,11, 1,2,       1801 ,,142206,142206,142206815500,1,,,,,,0,722,68000,128,721,93000,128
1100,20160112,11, 1,2,       1801 ,,142206,142206,142206817000,1,,,,,,0,722,68000,128,721,88000,128
1100,20160112,11, 1,2,       1801 ,,142206,142206,142206851300,1,,,,,,0,722,68000,128,721,93000,128
1100,20160112,11, 1,2,       1801 ,,142206,142206,142206857000,1,,,,,,0,722,68000,128,721,88000,128
1100,20160112,11, 1,2,       1801 ,,142206,142206,142206882000,1,,,,,,0,722,68000,128,721,93000,128
1100,20160112,11, 1,2,       1801 ,,142207,142207,142207861400,1,,,,,,0,722,68000,128,721,94000,128
1100,20160112,11, 1,2,       1801 ,,142207,142207,142207880500,1,,,,,,0,722,65000,128,721,94000,128
1100,20160112,11, 1,2,       1801 ,,142209,142209,142209025900,1,,,,,,0,722,65000,128,721,95000,128
1100,20160112,11, 1,2,       1801 ,,142210,142210,142210942000,1,,,,,,0,722,65000,128,721,94000,128
1100,20160112,11, 1,2,       1801 ,,142210,142210,142210963100,1,,,,,,0,722,65000,128,721,95000,128
1100,20160112,11, 1,2,       1801 ,,142211,142211,142211002000,1,,,,,,0,722,65000,128,721,94000,128
1100,20160112,11, 1,2,       1801 ,,142212,142212,142212974100,1,,,,,,0,722,65000,128,721,89000,128
1100,20160112,11, 1,2,       1801 ,,142213,142213,142213002900,1,,,,,,0,722,65000,128,721,94000,128
1100,20160112,11, 1,2,       1801 ,,142213,142213,142213023100,1,,,,,,0,722,65000,128,721,89000,128
1100,20160112,11, 1,2,       1801 ,,142213,142213,142213040500,1,,,,,,0,722,63000,128,721,89000,128
1100,20160112,11, 1,2,       1801 ,,142213,142213,142213052100,1,,,,,,0,722,63000,128,721,94000,128
1100,20160112,11, 1,2,       1801 ,,142213,142213,142213091400,1,,,,,,0,722,63000,128,721,89000,128
1100,20160112,11, 1,2,       1801 ,,142213,142213,142213102600,1,,,,,,0,722,63000,128,721,94000,128
1100,20160112,11, 1,2,       1801 ,,142213,142213,142213974900,1,,,,,,0,722,63000,128,721,95000,128
1100,20160112,11, 1,2,       1801 ,,142215,142215,142215643500,1,,,,,,0,722,63000,128,721,94000,128
1100,20160112,11, 1,2,       1801 ,,142216,142216,142216271500,1,,,,,,0,722,63000,128,721,95000,128
1100,20160112,11, 1,2,       1801 ,142221,142221,142221,142221822200,1,722,48,0,2000,0,0,722,61000,128,721,95000,128
1100,20160112,11, 1,2,       1801 ,,142221,142221,142221970200,1,,,,,,0,722,63000,128,721,95000,128
1100,20160112,11, 1,2,       1801 ,,142223,142223,142223093800,1,,,,,,0,722,61000,128,721,95000,128
1100,20160112,11, 1,2,       1801 ,,142223,142223,142223957800,1,,,,,,0,722,60000,128,721,95000,128
1100,20160112,11, 1,2,       1801 ,,142225,142225,142225161000,1,,,,,,0,722,61000,128,721,95000,128
1100,20160112,11, 1,2,       1801 ,,142230,142230,142230792900,1,,,,,,0,722,63000,128,721,95000,128
1100,20160112,11, 1,2,       1801 ,,142230,142230,142230794400,1,,,,,,0,722,66000,128,721,95000,128
1100,20160112,11, 1,2,       1801 ,142230,142230,142230,142230840200,1,721,16,0,2000,0,0,722,66000,128,721,93000,128
1100,20160112,11, 1,2,       1801 ,,142235,142235,142235263200,1,,,,,,0,722,74000,128,721,93000,128
1100,20160112,11, 1,2,       1801 ,142239,142239,142239,142239166400,1,721,16,0,1000,0,0,722,74000,128,721,92000,128
1100,20160112,11, 1,2,       1801 ,,142241,142241,142241356900,1,,,,,,0,722,73000,128,721,92000,128
1100,20160112,11, 1,2,       1801 ,,142247,142247,142247007100,1,,,,,,0,722,54000,128,721,92000,128
1100,20160112,11, 1,2,       1801 ,,142247,142247,142247046300,1,,,,,,0,722,49000,128,721,92000,128
1100,20160112,11, 1,2,       1801 ,,142247,142247,142247216200,1,,,,,,0,722,41000,128,721,92000,128
1100,20160112,11, 1,2,       1801 ,,142247,142247,142247217500,1,,,,,,0,722,41000,128,721,93000,128
1100,20160112,11, 1,2,       1801 ,,142247,142247,142247219000,1,,,,,,0,722,38000,128,721,93000,128
1100,20160112,11, 1,2,       1801 ,,142247,142247,142247848600,1,,,,,,0,722,38000,128,721,92000,128
1100,20160112,11, 1,2,       1801 ,,142247,142247,142247860700,1,,,,,,0,722,37000,128,721,92000,128
1100,20160112,11, 1,2,       1801 ,,142247,142247,142247891100,1,,,,,,0,722,37000,128,721,93000,128
1100,20160112,11, 1,2,       1801 ,,142247,142247,142247892300,1,,,,,,0,722,35000,128,721,93000,128
1100,20160112,11, 1,2,       1801 ,,142247,142247,142247893100,1,,,,,,0,722,30000,128,721,93000,128
1100,20160112,11, 1,2,       1801 ,142247,142247,142247,142247894800,1,722,48,0,1000,0,0,722,29000,128,721,93000,128
1100,20160112,11, 1,2,       1801 ,142247,142247,142247,142247897000,1,722,48,0,7000,0,0,722,22000,128,721,93000,128
1100,20160112,11, 1,2,       1801 ,,142247,142247,142247898300,1,,,,,,0,722,22000,128,721,93000,128
1100,20160112,11, 1,2,       1801 ,142247,142247,142247,142247899100,1,722,48,0,6000,0,0,722,16000,128,721,93000,128
1100,20160112,11, 1,2,       1801 ,142247,142247,142247,142247901100,1,722,48,0,16000,0,0,723,66000,128,721,93000,128
1100,20160112,11, 1,2,       1801 ,,142247,142247,142247904000,1,,,,,,0,723,66000,128,721,95000,128
1100,20160112,11, 1,2,       1801 ,,142247,142247,142247906400,1,,,,,,0,723,63000,128,721,95000,128
1100,20160112,11, 1,2,       1801 ,,142247,142247,142247907200,1,,,,,,0,723,63000,128,722,1000,128
1100,20160112,11, 1,2,       1801 ,,142247,142247,142247907900,1,,,,,,0,723,63000,128,722,6000,128
1100,20160112,11, 1,2,       1801 ,,142247,142247,142247910300,1,,,,,,0,723,63000,128,722,8000,128
1100,20160112,11, 1,2,       1801 ,,142247,142247,142247911500,1,,,,,,0,723,63000,128,722,12000,128
1100,20160112,11, 1,2,       1801 ,,142247,142247,142247913400,1,,,,,,0,723,61000,128,722,12000,128
1100,20160112,11, 1,2,       1801 ,,142247,142247,142247914800,1,,,,,,0,723,61000,128,722,13000,128
1100,20160112,11, 1,2,       1801 ,,142247,142247,142247916200,1,,,,,,0,723,56000,128,722,13000,128
1100,20160112,11, 1,2,       1801 ,,142247,142247,142247917700,1,,,,,,0,723,51000,128,722,13000,128
1100,20160112,11, 1,2,       1801 ,,142247,142247,142247918400,1,,,,,,0,723,51000,128,722,14000,128
1100,20160112,11, 1,2,       1801 ,,142247,142247,142247919200,1,,,,,,0,723,51000,128,722,18000,128
1100,20160112,11, 1,2,       1801 ,,142247,142247,142247920500,1,,,,,,0,723,51000,128,722,19000,128
1100,20160112,11, 1,2,       1801 ,,142247,142247,142247922500,1,,,,,,0,723,51000,128,722,21000,128
1100,20160112,11, 1,2,       1801 ,,142247,142247,142247923800,1,,,,,,0,723,51000,128,722,23000,128
1100,20160112,11, 1,2,       1801 ,,142247,142247,142247931100,1,,,,,,0,723,51000,128,722,24000,128
1100,20160112,11, 1,2,       1801 ,,142247,142247,142247931700,1,,,,,,0,723,51000,128,722,25000,128
1100,20160112,11, 1,2,       1801 ,,142247,142247,142247933000,1,,,,,,0,723,51000,128,722,30000,128
1100,20160112,11, 1,2,       1801 ,,142247,142247,142247934500,1,,,,,,0,723,51000,128,722,33000,128
1100,20160112,11, 1,2,       1801 ,,142247,142247,142247935700,1,,,,,,0,723,47000,128,722,33000,128
1100,20160112,11, 1,2,       1801 ,,142247,142247,142247960400,1,,,,,,0,723,47000,128,722,34000,128
1100,20160112,11, 1,2,       1801 ,,142248,142248,142248382100,1,,,,,,0,723,47000,128,722,32000,128
1100,20160112,11, 1,2,       1801 ,,142248,142248,142248913500,1,,,,,,0,723,93000,128,722,32000,128
1100,20160112,11, 1,2,       1801 ,,142248,142248,142248914600,1,,,,,,0,723,93000,128,722,31000,128
1100,20160112,11, 1,2,       1801 ,,142248,142248,142248915400,1,,,,,,0,723,93000,128,722,28000,128
1100,20160112,11, 1,2,       1801 ,,142248,142248,142248916100,1,,,,,,0,723,93000,128,722,26000,128
1100,20160112,11, 1,2,       1801 ,,142248,142248,142248916900,1,,,,,,0,723,93000,128,722,21000,128
1100,20160112,11, 1,2,       1801 ,,142248,142248,142248918300,1,,,,,,0,723,94000,128,722,21000,128
1100,20160112,11, 1,2,       1801 ,,142248,142248,142248950900,1,,,,,,0,723,94000,128,722,22000,128
1100,20160112,11, 1,2,       1801 ,,142249,142249,142249048600,1,,,,,,0,723,93000,128,722,22000,128
1100,20160112,11, 1,2,       1801 ,142249,142249,142249,142249234100,1,722,16,0,1000,0,0,723,93000,128,722,21000,128
1100,20160112,11, 1,2,       1801 ,,142249,142249,142249236900,1,,,,,,0,723,93000,128,722,21000,128
1100,20160112,11, 1,2,       1801 ,,142249,142249,142249814900,1,,,,,,0,723,93000,128,722,22000,128
1100,20160112,11, 1,2,       1801 ,,142250,142250,142250531400,1,,,,,,0,723,93000,128,722,23000,128
1100,20160112,11, 1,2,       1801 ,,142250,142250,142250722500,1,,,,,,0,723,92000,128,722,23000,128
1100,20160112,11, 1,2,       1801 ,,142253,142253,142253323700,1,,,,,,0,723,92000,128,722,28000,128
1100,20160112,11, 1,2,       1801 ,,142253,142253,142253840700,1,,,,,,0,723,92000,128,722,30000,128
1100,20160112,11, 1,2,       1801 ,,142254,142254,142254370600,1,,,,,,0,723,92000,128,722,28000,128
1100,20160112,11, 1,2,       1801 ,,142254,142254,142254533900,1,,,,,,0,723,93000,128,722,28000,128
1100,20160112,11, 1,2,       1801 ,,142254,142254,142254542000,1,,,,,,0,723,92000,128,722,28000,128
1100,20160112,11, 1,2,       1801 ,,142254,142254,142254579800,1,,,,,,0,723,92000,128,722,30000,128
1100,20160112,11, 1,2,       1801 ,,142254,142254,142254654700,1,,,,,,0,723,92000,128,722,28000,128
1100,20160112,11, 1,2,       1801 ,,142254,142254,142254672200,1,,,,,,0,723,93000,128,722,28000,128
1100,20160112,11, 1,2,       1801 ,,142254,142254,142254960300,1,,,,,,0,723,93000,128,722,27000,128
1100,20160112,11, 1,2,       1801 ,,142256,142256,142256004800,1,,,,,,0,723,93000,128,722,22000,128
1100,20160112,11, 1,2,       1801 ,,142256,142256,142256007100,1,,,,,,0,723,94000,128,722,22000,128
1100,20160112,11, 1,2,       1801 ,,142256,142256,142256008000,1,,,,,,0,723,94000,128,722,17000,128
1100,20160112,11, 1,2,       1801 ,142257,142257,142257,142257020000,1,722,16,0,6000,0,0,723,94000,128,722,11000,128
1100,20160112,11, 1,2,       1801 ,,142300,142300,142300157200,1,,,,,,0,723,94000,128,722,10000,128
1100,20160112,11, 1,2,       1801 ,,142300,142300,142300158000,1,,,,,,0,723,94000,128,722,11000,128
1100,20160112,11, 1,2,       1801 ,,142300,142300,142300159100,1,,,,,,0,723,99000,128,722,11000,128
1100,20160112,11, 1,2,       1801 ,,142300,142300,142300160500,1,,,,,,0,723,99000,128,722,13000,128
1100,20160112,11, 1,2,       1801 ,,142302,142302,142302100000,1,,,,,,0,723,99000,128,722,14000,128
1100,20160112,11, 1,2,       1801 ,,142304,142304,142304875700,1,,,,,,0,723,99000,128,722,19000,128
1100,20160112,11, 1,2,       1801 ,,142304,142304,142304877100,1,,,,,,0,723,98000,128,722,19000,128
1100,20160112,11, 1,2,       1801 ,,142306,142306,142306111000,1,,,,,,0,723,102000,128,722,19000,128
1100,20160112,11, 1,2,       1801 ,,142306,142306,142306841100,1,,,,,,0,723,103000,128,722,19000,128
1100,20160112,11, 1,2,       1801 ,,142306,142306,142306885000,1,,,,,,0,723,103000,128,722,14000,128
1100,20160112,11, 1,2,       1801 ,142321,142321,142321,142321903700,1,722,16,0,1000,0,0,723,103000,128,722,13000,128
1100,20160112,11, 1,2,       1801 ,142321,142321,142321,142321905600,1,722,16,0,1000,0,0,723,103000,128,722,12000,128
1100,20160112,11, 1,2,       1801 ,142321,142321,142321,142321907100,1,722,16,0,12000,0,0,722,1000,128,721,111000,128
1100,20160112,11, 1,2,       1801 ,,142321,142321,142321915100,1,,,,,,0,722,3000,128,721,111000,128
1100,20160112,11, 1,2,       1801 ,,142321,142321,142321918300,1,,,,,,0,722,13000,128,721,111000,128
1100,20160112,11, 1,2,       1801 ,,142321,142321,142321922000,1,,,,,,0,722,13000,128,721,109000,128
1100,20160112,11, 1,2,       1801 ,,142321,142321,142321923000,1,,,,,,0,722,14000,128,721,109000,128
1100,20160112,11, 1,2,       1801 ,,142321,142321,142321926200,1,,,,,,0,722,18000,128,721,109000,128
1100,20160112,11, 1,2,       1801 ,,142321,142321,142321927000,1,,,,,,0,722,22000,128,721,109000,128
1100,20160112,11, 1,2,       1801 ,,142321,142321,142321927800,1,,,,,,0,722,22000,128,721,103000,128
1100,20160112,11, 1,2,       1801 ,,142321,142321,142321928700,1,,,,,,0,722,22000,128,721,102000,128
1100,20160112,11, 1,2,       1801 ,,142321,142321,142321929700,1,,,,,,0,722,23000,128,721,102000,128
1100,20160112,11, 1,2,       1801 ,,142321,142321,142321931500,1,,,,,,0,722,23000,128,721,101000,128
1100,20160112,11, 1,2,       1801 ,,142321,142321,142321932400,1,,,,,,0,722,24000,128,721,101000,128
1100,20160112,11, 1,2,       1801 ,,142321,142321,142321933300,1,,,,,,0,722,26000,128,721,101000,128
1100,20160112,11, 1,2,       1801 ,,142321,142321,142321934000,1,,,,,,0,722,26000,128,721,96000,128
1100,20160112,11, 1,2,       1801 ,,142321,142321,142321934900,1,,,,,,0,722,28000,128,721,96000,128
1100,20160112,11, 1,2,       1801 ,,142321,142321,142321936500,1,,,,,,0,722,28000,128,721,90000,128
1100,20160112,11, 1,2,       1801 ,142321,142321,142321,142321954700,1,721,16,0,29000,0,0,722,28000,128,721,61000,128
1100,20160112,11, 1,2,       1801 ,,142321,142321,142321957400,1,,,,,,0,722,28000,128,721,61000,128
1100,20160112,11, 1,2,       1801 ,142321,142321,142321,142321960800,1,721,16,0,61000,0,0,722,28000,128,720,139000,128
1100,20160112,11, 1,2,       1801 ,,142321,142321,142321963200,1,,,,,,0,721,2000,128,720,139000,128
1100,20160112,11, 1,2,       1801 ,,142321,142321,142321971300,1,,,,,,0,721,2000,128,720,138000,128
1100,20160112,11, 1,2,       1801 ,,142321,142321,142321972200,1,,,,,,0,721,3000,128,720,138000,128
1100,20160112,11, 1,2,       1801 ,,142321,142321,142321974600,1,,,,,,0,721,3000,128,720,136000,128
1100,20160112,11, 1,2,       1801 ,142321,142321,142321,142321981700,1,721,48,0,2000,0,0,721,1000,128,720,136000,128
1100,20160112,11, 1,2,       1801 ,,142321,142321,142321982800,1,,,,,,0,721,1000,128,720,136000,128
1100,20160112,11, 1,2,       1801 ,,142321,142321,142321984800,1,,,,,,0,721,2000,128,720,136000,128
1100,20160112,11, 1,2,       1801 ,,142321,142321,142321986200,1,,,,,,0,721,3000,128,720,136000,128
1100,20160112,11, 1,2,       1801 ,,142321,142321,142321992500,1,,,,,,0,721,3000,128,720,135000,128
1100,20160112,11, 1,2,       1801 ,,142321,142321,142321993200,1,,,,,,0,721,5000,128,720,135000,128
1100,20160112,11, 1,2,       1801 ,,142321,142321,142321994100,1,,,,,,0,721,4000,128,720,135000,128
1100,20160112,11, 1,2,       1801 ,142321,142321,142321,142321996500,1,721,48,0,3000,0,0,721,1000,128,720,135000,128
1100,20160112,11, 1,2,       1801 ,,142321,142321,142321999700,1,,,,,,0,721,1000,128,720,135000,128
1100,20160112,11, 1,2,       1801 ,142322,142322,142322,142322001200,1,721,48,0,1000,0,0,722,64000,128,720,135000,128
1100,20160112,11, 1,2,       1801 ,,142322,142322,142322002600,1,,,,,,0,722,64000,128,720,135000,128
1100,20160112,11, 1,2,       1801 ,,142322,142322,142322003300,1,,,,,,0,722,64000,128,721,1000,128
1100,20160112,11, 1,2,       1801 ,142322,142322,142322,142322006400,1,721,16,0,1000,0,0,722,64000,128,720,137000,128
1100,20160112,11, 1,2,       1801 ,,142322,142322,142322008400,1,,,,,,0,721,2000,128,720,137000,128
1100,20160112,11, 1,2,       1801 ,142322,142322,142322,142322009800,1,721,48,0,1000,0,0,721,1000,128,720,137000,128
1100,20160112,11, 1,2,       1801 ,,142322,142322,142322010700,1,,,,,,0,721,1000,128,720,137000,128
1100,20160112,11, 1,2,       1801 ,,142322,142322,142322040600,1,,,,,,0,722,66000,128,720,137000,128
1100,20160112,11, 1,2,       1801 ,,142322,142322,142322041900,1,,,,,,0,722,63000,128,720,137000,128
1100,20160112,11, 1,2,       1801 ,,142322,142322,142322067200,1,,,,,,0,722,63000,128,720,132000,128
1100,20160112,11, 1,2,       1801 ,,142322,142322,142322068700,1,,,,,,0,722,68000,128,720,132000,128
1100,20160112,11, 1,2,       1801 ,,142322,142322,142322111100,1,,,,,,0,722,68000,128,720,128000,128
1100,20160112,11, 1,2,       1801 ,,142322,142322,142322128500,1,,,,,,0,722,68000,128,720,126000,128
1100,20160112,11, 1,2,       1801 ,,142322,142322,142322163700,1,,,,,,0,722,72000,128,720,126000,128
1100,20160112,11, 1,2,       1801 ,,142322,142322,142322211500,1,,,,,,0,722,78000,128,720,126000,128
1100,20160112,11, 1,2,       1801 ,,142322,142322,142322434300,1,,,,,,0,722,78000,128,720,131000,128
1100,20160112,11, 1,2,       1801 ,,142322,142322,142322894000,1,,,,,,0,722,77000,128,720,131000,128
1100,20160112,11, 1,2,       1801 ,,142322,142322,142322917600,1,,,,,,0,722,67000,128,720,131000,128
1100,20160112,11, 1,2,       1801 ,,142322,142322,142322918800,1,,,,,,0,722,66000,128,720,131000,128
1100,20160112,11, 1,2,       1801 ,142323,142323,142323,142323747800,1,720,16,0,1000,0,0,722,66000,128,720,130000,128
1100,20160112,11, 1,2,       1801 ,,142323,142323,142323749900,1,,,,,,0,722,67000,128,720,130000,128
1100,20160112,11, 1,2,       1801 ,142323,142323,142323,142323905200,1,720,16,0,1000,0,0,722,67000,128,720,129000,128
1100,20160112,11, 1,2,       1801 ,,142323,142323,142323906900,1,,,,,,0,722,67000,128,720,128000,128
1100,20160112,11, 1,2,       1801 ,,142323,142323,142323911600,1,,,,,,0,722,67000,128,720,127000,128
1100,20160112,11, 1,2,       1801 ,,142323,142323,142323948600,1,,,,,,0,722,67000,128,720,128000,128
1100,20160112,11, 1,2,       1801 ,,142324,142324,142324824400,1,,,,,,0,722,68000,128,720,128000,128
1100,20160112,11, 1,2,       1801 ,,142325,142325,142325160000,1,,,,,,0,722,67000,128,720,128000,128
1100,20160112,11, 1,2,       1801 ,,142325,142325,142325162000,1,,,,,,0,722,68000,128,720,128000,128
1100,20160112,11, 1,2,       1801 ,,142325,142325,142325218200,1,,,,,,0,722,114000,128,720,128000,128
1100,20160112,11, 1,2,       1801 ,,142325,142325,142325219400,1,,,,,,0,722,114000,128,720,127000,128
1100,20160112,11, 1,2,       1801 ,,142325,142325,142325220100,1,,,,,,0,722,115000,128,720,127000,128
1100,20160112,11, 1,2,       1801 ,,142326,142326,142326048600,1,,,,,,0,722,115000,128,720,128000,128
1100,20160112,11, 1,2,       1801 ,,142328,142328,142328461300,1,,,,,,0,722,115000,128,721,1000,128
1100,20160112,11, 1,2,       1801 ,142328,142328,142328,142328462600,1,721,16,0,1000,0,0,722,115000,128,720,128000,128
1100,20160112,11, 1,2,       1801 ,,142328,142328,142328463500,1,,,,,,0,722,115000,128,720,128000,128
1100,20160112,11, 1,2,       1801 ,,142328,142328,142328465200,1,,,,,,0,722,120000,128,720,128000,128
1100,20160112,11, 1,2,       1801 ,,142328,142328,142328465900,1,,,,,,0,722,120000,128,720,133000,128
1100,20160112,11, 1,2,       1801 ,,142328,142328,142328542200,1,,,,,,0,722,121000,128,720,133000,128
1100,20160112,11, 1,2,       1801 ,,142329,142329,142329376700,1,,,,,,0,722,128000,128,720,133000,128
1100,20160112,11, 1,2,       1801 ,,142336,142336,142336650400,1,,,,,,0,722,127000,128,720,133000,128
1100,20160112,11, 1,2,       1801 ,,142337,142337,142337720800,1,,,,,,0,722,128000,128,720,133000,128
1100,20160112,11, 1,2,       1801 ,142340,142340,142340,142340777300,1,720,16,0,1000,0,0,722,128000,128,720,132000,128
1100,20160112,11, 1,2,       1801 ,,142340,142340,142340779000,1,,,,,,0,722,128000,128,720,131000,128
1100,20160112,11, 1,2,       1801 ,,142340,142340,142340780400,1,,,,,,0,721,2000,128,720,131000,128
1100,20160112,11, 1,2,       1801 ,,142340,142340,142340782500,1,,,,,,0,721,3000,128,720,131000,128
1100,20160112,11, 1,2,       1801 ,,142340,142340,142340783100,1,,,,,,0,721,7000,128,720,131000,128
1100,20160112,11, 1,2,       1801 ,,142340,142340,142340784400,1,,,,,,0,721,7000,128,720,129000,128
1100,20160112,11, 1,2,       1801 ,,142340,142340,142340785100,1,,,,,,0,721,7000,128,720,124000,128
1100,20160112,11, 1,2,       1801 ,,142340,142340,142340786600,1,,,,,,0,721,7000,128,720,119000,128
1100,20160112,11, 1,2,       1801 ,,142340,142340,142340790500,1,,,,,,0,721,7000,128,720,123000,128
1100,20160112,11, 1,2,       1801 ,,142341,142341,142341420600,1,,,,,,0,721,12000,128,720,123000,128
1100,20160112,11, 1,2,       1801 ,,142341,142341,142341542700,1,,,,,,0,721,12000,128,720,127000,128
1100,20160112,11, 1,2,       1801 ,,142341,142341,142341544100,1,,,,,,0,721,8000,128,720,127000,128
1100,20160112,11, 1,2,       1801 ,,142341,142341,142341545500,1,,,,,,0,721,8000,128,720,128000,128
1100,20160112,11, 1,2,       1801 ,,142343,142343,142343075700,1,,,,,,0,721,9000,128,720,128000,128
1100,20160112,11, 1,2,       1801 ,,142343,142343,142343398400,1,,,,,,0,721,27000,128,720,128000,128
1100,20160112,11, 1,2,       1801 ,,142343,142343,142343399500,1,,,,,,0,721,27000,128,720,127000,128
1100,20160112,11, 1,2,       1801 ,,142344,142344,142344921800,1,,,,,,0,721,28000,128,720,127000,128
1100,20160112,11, 1,2,       1801 ,,142345,142345,142345192600,1,,,,,,0,721,27000,128,720,127000,128
1100,20160112,11, 1,2,       1801 ,,142347,142347,142347629900,1,,,,,,0,721,27000,128,720,128000,128
1100,20160112,11, 1,2,       1801 ,,142349,142349,142349282100,1,,,,,,0,721,28000,128,720,128000,128
1100,20160112,11, 1,2,       1801 ,,142349,142349,142349421800,1,,,,,,0,721,27000,128,720,128000,128
1100,20160112,11, 1,2,       1801 ,,142351,142351,142351463900,1,,,,,,0,721,11000,128,720,128000,128
1100,20160112,11, 1,2,       1801 ,,142351,142351,142351465200,1,,,,,,0,721,10000,128,720,128000,128
1100,20160112,11, 1,2,       1801 ,,142354,142354,142354671300,1,,,,,,0,721,8000,128,720,128000,128
1100,20160112,11, 1,2,       1801 ,,142359,142359,142359367800,1,,,,,,0,721,9000,128,720,128000,128
1100,20160112,11, 1,2,       1801 ,,142359,142359,142359607200,1,,,,,,0,721,11000,128,720,128000,128
1100,20160112,11, 1,2,       1801 ,,142400,142400,142400072100,1,,,,,,0,721,11000,128,720,127000,128
1100,20160112,11, 1,2,       1801 ,,142400,142400,142400085100,1,,,,,,0,721,16000,128,720,127000,128
1100,20160112,11, 1,2,       1801 ,,142400,142400,142400086600,1,,,,,,0,721,16000,128,720,126000,128
1100,20160112,11, 1,2,       1801 ,,142400,142400,142400087700,1,,,,,,0,721,16000,128,720,124000,128
1100,20160112,11, 1,2,       1801 ,,142400,142400,142400088600,1,,,,,,0,721,18000,128,720,124000,128
1100,20160112,11, 1,2,       1801 ,,142400,142400,142400093000,1,,,,,,0,721,22000,128,720,124000,128
1100,20160112,11, 1,2,       1801 ,,142400,142400,142400646600,1,,,,,,0,721,37000,128,720,124000,128
1100,20160112,11, 1,2,       1801 ,,142402,142402,142402131300,1,,,,,,0,721,37000,128,720,125000,128
1100,20160112,11, 1,2,       1801 ,,142402,142402,142402893200,1,,,,,,0,721,37000,128,720,126000,128
1100,20160112,11, 1,2,       1801 ,,142402,142402,142402927200,1,,,,,,0,721,38000,128,720,126000,128
1100,20160112,11, 1,2,       1801 ,,142403,142403,142403046500,1,,,,,,0,721,37000,128,720,126000,128
1100,20160112,11, 1,2,       1801 ,,142403,142403,142403471300,1,,,,,,0,721,37000,128,720,127000,128
1100,20160112,11, 1,2,       1801 ,,142404,142404,142404066800,1,,,,,,0,721,37000,128,720,128000,128
1100,20160112,11, 1,2,       1801 ,,142404,142404,142404545300,1,,,,,,0,721,38000,128,720,128000,128
1100,20160112,11, 1,2,       1801 ,,142405,142405,142405148300,1,,,,,,0,721,38000,128,720,127000,128
1100,20160112,11, 1,2,       1801 ,,142408,142408,142408888200,1,,,,,,0,721,39000,128,720,127000,128
1100,20160112,11, 1,2,       1801 ,,142408,142408,142408889900,1,,,,,,0,721,39000,128,720,128000,128
1100,20160112,11, 1,2,       1801 ,,142411,142411,142411751700,1,,,,,,0,721,39000,128,720,129000,128
1100,20160112,11, 1,2,       1801 ,,142411,142411,142411935400,1,,,,,,0,721,40000,128,720,129000,128
1100,20160112,11, 1,2,       1801 ,,142411,142411,142411946300,1,,,,,,0,721,40000,128,720,128000,128
1100,20160112,11, 1,2,       1801 ,,142412,142412,142412111600,1,,,,,,0,721,40000,128,720,129000,128
1100,20160112,11, 1,2,       1801 ,,142413,142413,142413434300,1,,,,,,0,721,40000,128,720,128000,128
1100,20160112,11, 1,2,       1801 ,,142414,142414,142414472000,1,,,,,,0,721,40000,128,720,129000,128
1100,20160112,11, 1,2,       1801 ,,142416,142416,142416292100,1,,,,,,0,721,45000,128,720,129000,128
1100,20160112,11, 1,2,       1801 ,,142418,142418,142418852000,1,,,,,,0,721,45000,128,720,128000,128
1100,20160112,11, 1,2,       1801 ,,142418,142418,142418868800,1,,,,,,0,721,45000,128,720,124000,128
1100,20160112,11, 1,2,       1801 ,,142420,142420,142420022200,1,,,,,,0,721,45000,128,720,125000,128
1100,20160112,11, 1,2,       1801 ,,142420,142420,142420551100,1,,,,,,0,721,45000,128,720,124000,128
1100,20160112,11, 1,2,       1801 ,,142420,142420,142420846400,1,,,,,,0,721,45000,128,720,125000,128
1100,20160112,11, 1,2,       1801 ,,142421,142421,142421168700,1,,,,,,0,721,45000,128,720,124000,128
1100,20160112,11, 1,2,       1801 ,,142421,142421,142421515100,1,,,,,,0,721,44000,128,720,124000,128
1100,20160112,11, 1,2,       1801 ,,142422,142422,142422761700,1,,,,,,0,721,45000,128,720,124000,128
1100,20160112,11, 1,2,       1801 ,,142423,142423,142423081900,1,,,,,,0,721,45000,128,720,123000,128
1100,20160112,11, 1,2,       1801 ,,142423,142423,142423771100,1,,,,,,0,721,45000,128,720,124000,128
1100,20160112,11, 1,2,       1801 ,,142424,142424,142424221400,1,,,,,,0,721,44000,128,720,124000,128
1100,20160112,11, 1,2,       1801 ,,142424,142424,142424644000,1,,,,,,0,721,44000,128,720,125000,128
1100,20160112,11, 1,2,       1801 ,,142425,142425,142425314600,1,,,,,,0,721,44000,128,720,124000,128
1100,20160112,11, 1,2,       1801 ,,142425,142425,142425859300,1,,,,,,0,721,44000,128,720,125000,128
1100,20160112,11, 1,2,       1801 ,,142428,142428,142428659700,1,,,,,,0,721,45000,128,720,125000,128
1100,20160112,11, 1,2,       1801 ,,142429,142429,142429498700,1,,,,,,0,721,45000,128,720,124000,128
1100,20160112,11, 1,2,       1801 ,,142431,142431,142431871000,1,,,,,,0,721,45000,128,720,125000,128
1100,20160112,11, 1,2,       1801 ,,142431,142431,142431885800,1,,,,,,0,721,45000,128,720,126000,128
1100,20160112,11, 1,2,       1801 ,,142431,142431,142431985500,1,,,,,,0,721,50000,128,720,126000,128
1100,20160112,11, 1,2,       1801 ,,142431,142431,142431998300,1,,,,,,0,721,51000,128,720,126000,128
1100,20160112,11, 1,2,       1801 ,,142431,142431,142431999500,1,,,,,,0,721,53000,128,720,126000,128
1100,20160112,11, 1,2,       1801 ,,142432,142432,142432541000,1,,,,,,0,721,53000,128,720,122000,128
1100,20160112,11, 1,2,       1801 ,,142432,142432,142432542300,1,,,,,,0,721,53000,128,720,121000,128
1100,20160112,11, 1,2,       1801 ,,142432,142432,142432644700,1,,,,,,0,721,54000,128,720,121000,128
1100,20160112,11, 1,2,       1801 ,,142432,142432,142432654000,1,,,,,,0,721,53000,128,720,121000,128
1100,20160112,11, 1,2,       1801 ,,142436,142436,142436848400,1,,,,,,0,721,54000,128,720,121000,128
1100,20160112,11, 1,2,       1801 ,,142436,142436,142436850400,1,,,,,,0,721,55000,128,720,121000,128
1100,20160112,11, 1,2,       1801 ,142439,142439,142439,142439829700,1,721,48,0,1000,0,0,721,54000,128,720,121000,128
1100,20160112,11, 1,2,       1801 ,,142440,142440,142440067500,1,,,,,,0,721,50000,128,720,121000,128
1100,20160112,11, 1,2,       1801 ,,142440,142440,142440071100,1,,,,,,0,721,50000,128,720,126000,128
1100,20160112,11, 1,2,       1801 ,,142440,142440,142440072800,1,,,,,,0,721,49000,128,720,126000,128
1100,20160112,11, 1,2,       1801 ,,142443,142443,142443375200,1,,,,,,0,721,49000,128,720,131000,128
1100,20160112,11, 1,2,       1801 ,142443,142443,142443,142443396300,1,721,48,0,1000,0,0,721,48000,128,720,131000,128
1100,20160112,11, 1,2,       1801 ,,142445,142445,142445628700,1,,,,,,0,721,48000,128,720,131000,128
1100,20160112,11, 1,2,       1801 ,,142446,142446,142446630500,1,,,,,,0,721,46000,128,720,131000,128
1100,20160112,11, 1,2,       1801 ,,142448,142448,142448727200,1,,,,,,0,721,47000,128,720,131000,128
1100,20160112,11, 1,2,       1801 ,,142448,142448,142448728500,1,,,,,,0,721,47000,128,720,132000,128
1100,20160112,11, 1,2,       1801 ,,142456,142456,142456677400,1,,,,,,0,721,47000,128,720,133000,128
1100,20160112,11, 1,2,       1801 ,142457,142457,142457,142457782600,1,721,48,0,1000,0,0,721,46000,128,720,133000,128
1100,20160112,11, 1,2,       1801 ,142458,142458,142458,142458082900,1,721,48,0,1000,0,0,721,45000,128,720,132000,128
1100,20160112,11, 1,2,       1801 ,,142458,142458,142459907700,1,,,,,,0,721,45000,128,720,132000,128
1100,20160112,11, 1,2,       1801 ,,142502,142502,142502231800,1,,,,,,0,721,48000,128,720,132000,128
1100,20160112,11, 1,2,       1801 ,,142502,142502,142502394800,1,,,,,,0,721,48000,128,720,133000,128
1100,20160112,11, 1,2,       1801 ,,142508,142508,142508673000,1,,,,,,0,721,48000,128,720,128000,128
1100,20160112,11, 1,2,       1801 ,,142509,142509,142509832800,1,,,,,,0,721,49000,128,720,128000,128
1100,20160112,11, 1,2,       1801 ,,142509,142509,142509852500,1,,,,,,0,721,49000,128,720,127000,128
1100,20160112,11, 1,2,       1801 ,,142511,142511,142511841400,1,,,,,,0,721,49000,128,720,128000,128
1100,20160112,11, 1,2,       1801 ,,142512,142512,142512011300,1,,,,,,0,721,48000,128,720,128000,128
1100,20160112,11, 1,2,       1801 ,,142514,142514,142514232900,1,,,,,,0,721,49000,128,720,128000,128
1100,20160112,11, 1,2,       1801 ,,142514,142514,142514331200,1,,,,,,0,721,49000,128,720,127000,128
1100,20160112,11, 1,2,       1801 ,,142521,142521,142521367600,1,,,,,,0,721,49000,128,720,128000,128
1100,20160112,11, 1,2,       1801 ,,142522,142522,142522041700,1,,,,,,0,721,49000,128,720,127000,128
1100,20160112,11, 1,2,       1801 ,,142522,142522,142522814000,1,,,,,,0,721,49000,128,720,122000,128
1100,20160112,11, 1,2,       1801 ,,142523,142523,142523149200,1,,,,,,0,721,49000,128,720,123000,128
1100,20160112,11, 1,2,       1801 ,,142523,142523,142523721300,1,,,,,,0,721,48000,128,720,123000,128
1100,20160112,11, 1,2,       1801 ,,142530,142530,142530456700,1,,,,,,0,721,48000,128,720,124000,128
1100,20160112,11, 1,2,       1801 ,,142530,142530,142530458200,1,,,,,,0,721,48000,128,720,129000,128
1100,20160112,11, 1,2,       1801 ,,142532,142532,142532399300,1,,,,,,0,721,49000,128,720,129000,128
1100,20160112,11, 1,2,       1801 ,,142533,142533,142533306500,1,,,,,,0,721,48000,128,720,129000,128
1100,20160112,11, 1,2,       1801 ,,142533,142533,142533328200,1,,,,,,0,721,56000,128,720,129000,128
1100,20160112,11, 1,2,       1801 ,,142534,142534,142534016500,1,,,,,,0,721,57000,128,720,129000,128
1100,20160112,11, 1,2,       1801 ,,142536,142536,142536060800,1,,,,,,0,721,56000,128,720,129000,128
1100,20160112,11, 1,2,       1801 ,,142536,142536,142536743000,1,,,,,,0,721,57000,128,720,129000,128
1100,20160112,11, 1,2,       1801 ,,142538,142538,142538040100,1,,,,,,0,721,56000,128,720,129000,128
1100,20160112,11, 1,2,       1801 ,,142542,142542,142542442100,1,,,,,,0,721,56000,128,720,128000,128
1100,20160112,11, 1,2,       1801 ,,142556,142556,142556171100,1,,,,,,0,721,59000,128,720,128000,128
1100,20160112,11, 1,2,       1801 ,,142556,142556,142556172600,1,,,,,,0,721,59000,128,720,127000,128
1100,20160112,11, 1,2,       1801 ,,142556,142556,142556173400,1,,,,,,0,721,61000,128,720,127000,128
1100,20160112,11, 1,2,       1801 ,142558,142558,142558,142558379200,1,721,48,0,1000,0,0,721,60000,128,720,126000,128
1100,20160112,11, 1,2,       1801 ,,142601,142601,142601528800,1,,,,,,0,721,57000,128,720,126000,128
1100,20160112,11, 1,2,       1801 ,,142608,142608,142608823000,1,,,,,,0,721,57000,128,720,127000,128
1100,20160112,11, 1,2,       1801 ,,142609,142609,142609607100,1,,,,,,0,721,57000,128,720,128000,128
1100,20160112,11, 1,2,       1801 ,,142610,142610,142610136800,1,,,,,,0,721,57000,128,720,127000,128
1100,20160112,11, 1,2,       1801 ,,142610,142610,142610845100,1,,,,,,0,721,58000,128,720,127000,128
1100,20160112,11, 1,2,       1801 ,,142610,142610,142610874000,1,,,,,,0,721,58000,128,720,126000,128
1100,20160112,11, 1,2,       1801 ,,142611,142611,142611024000,1,,,,,,0,721,58000,128,720,127000,128
1100,20160112,11, 1,2,       1801 ,,142612,142612,142612252300,1,,,,,,0,721,57000,128,720,127000,128
1100,20160112,11, 1,2,       1801 ,142612,142612,142612,142612284600,1,720,16,0,4000,0,0,721,57000,128,720,123000,128
1100,20160112,11, 1,2,       1801 ,,142612,142612,142612287300,1,,,,,,0,721,58000,128,720,123000,128
1100,20160112,11, 1,2,       1801 ,,142612,142612,142612457400,1,,,,,,0,721,58000,128,720,124000,128
1100,20160112,11, 1,2,       1801 ,,142612,142612,142612655500,1,,,,,,0,721,58000,128,720,123000,128
1100,20160112,11, 1,2,       1801 ,,142612,142612,142612657000,1,,,,,,0,721,58000,128,720,124000,128
1100,20160112,11, 1,2,       1801 ,,142612,142612,142612657600,1,,,,,,0,721,59000,128,720,124000,128
1100,20160112,11, 1,2,       1801 ,,142613,142613,142613183900,1,,,,,,0,721,59000,128,720,125000,128
1100,20160112,11, 1,2,       1801 ,142613,142613,142613,142613690000,1,720,16,0,10000,0,0,721,59000,128,720,115000,128
1100,20160112,11, 1,2,       1801 ,,142613,142613,142613692800,1,,,,,,0,721,59000,128,720,110000,128
1100,20160112,11, 1,2,       1801 ,,142613,142613,142613694300,1,,,,,,0,721,59000,128,720,109000,128
1100,20160112,11, 1,2,       1801 ,,142613,142613,142613695100,1,,,,,,0,721,63000,128,720,109000,128
1100,20160112,11, 1,2,       1801 ,,142613,142613,142613699300,1,,,,,,0,721,63000,128,720,108000,128
1100,20160112,11, 1,2,       1801 ,,142613,142613,142613700000,1,,,,,,0,721,63000,128,720,107000,128
1100,20160112,11, 1,2,       1801 ,,142615,142615,142615100000,1,,,,,,0,721,63000,128,720,105000,128
1100,20160112,11, 1,2,       1801 ,,142616,142616,142616099900,1,,,,,,0,721,63000,128,720,104000,128
1100,20160112,11, 1,2,       1801 ,,142616,142616,142616100800,1,,,,,,0,721,63000,128,720,103000,128
1100,20160112,11, 1,2,       1801 ,,142618,142618,142618208600,1,,,,,,0,721,68000,128,720,103000,128
1100,20160112,11, 1,2,       1801 ,,142619,142619,142619220000,1,,,,,,0,721,68000,128,720,102000,128
1100,20160112,11, 1,2,       1801 ,,142619,142619,142619610400,1,,,,,,0,721,68000,128,720,101000,128
1100,20160112,11, 1,2,       1801 ,,142622,142622,142622332200,1,,,,,,0,721,68000,128,720,91000,128
1100,20160112,11, 1,2,       1801 ,,142622,142622,142622731700,1,,,,,,0,721,68000,128,720,90000,128
1100,20160112,11, 1,2,       1801 ,142622,142622,142622,142622732600,1,720,16,0,13000,0,0,721,68000,128,720,77000,128
1100,20160112,11, 1,2,       1801 ,142622,142622,142622,142622736300,1,720,16,0,2000,0,0,721,68000,128,720,75000,128
1100,20160112,11, 1,2,       1801 ,142622,142622,142622,142622738600,1,720,16,0,12000,0,0,721,68000,128,720,63000,128
1100,20160112,11, 1,2,       1801 ,,142622,142622,142622740800,1,,,,,,0,721,68000,128,720,62000,128
1100,20160112,11, 1,2,       1801 ,,142622,142622,142622741800,1,,,,,,0,721,70000,128,720,62000,128
1100,20160112,11, 1,2,       1801 ,142622,142622,142622,142622743000,1,720,16,0,3000,0,0,721,70000,128,720,59000,128
1100,20160112,11, 1,2,       1801 ,142622,142622,142622,142622744400,1,720,16,0,7000,0,0,721,70000,128,720,52000,128
1100,20160112,11, 1,2,       1801 ,,142622,142622,142622746500,1,,,,,,0,721,71000,128,720,52000,128
1100,20160112,11, 1,2,       1801 ,142622,142622,142622,142622747200,1,720,16,0,4000,0,0,721,71000,128,720,48000,128
1100,20160112,11, 1,2,       1801 ,142622,142622,142622,142622748900,1,720,16,0,2000,0,0,721,71000,128,720,46000,128
1100,20160112,11, 1,2,       1801 ,,142622,142622,142622750200,1,,,,,,0,721,69000,128,720,46000,128
1100,20160112,11, 1,2,       1801 ,,142622,142622,142622751300,1,,,,,,0,721,68000,128,720,46000,128
1100,20160112,11, 1,2,       1801 ,,142622,142622,142622752300,1,,,,,,0,721,67000,128,720,46000,128
1100,20160112,11, 1,2,       1801 ,,142622,142622,142622753200,1,,,,,,0,721,67000,128,720,43000,128
1100,20160112,11, 1,2,       1801 ,142622,142622,142622,142622754100,1,720,16,0,8000,0,0,721,67000,128,720,35000,128
1100,20160112,11, 1,2,       1801 ,142622,142622,142622,142622756300,1,720,16,0,35000,0,0,721,67000,128,719,94000,128
1100,20160112,11, 1,2,       1801 ,,142622,142622,142622757500,1,,,,,,0,721,72000,128,719,94000,128
1100,20160112,11, 1,2,       1801 ,,142622,142622,142622758900,1,,,,,,0,721,71000,128,719,94000,128
1100,20160112,11, 1,2,       1801 ,,142622,142622,142622760800,1,,,,,,0,721,72000,128,719,94000,128
1100,20160112,11, 1,2,       1801 ,,142622,142622,142622761800,1,,,,,,0,720,2000,128,719,94000,128
1100,20160112,11, 1,2,       1801 ,,142622,142622,142622763600,1,,,,,,0,720,3000,128,719,94000,128
1100,20160112,11, 1,2,       1801 ,,142622,142622,142622767300,1,,,,,,0,720,4000,128,719,94000,128
1100,20160112,11, 1,2,       1801 ,,142622,142622,142622768800,1,,,,,,0,720,4000,128,719,91000,128
1100,20160112,11, 1,2,       1801 ,,142622,142622,142622771500,1,,,,,,0,720,4000,128,719,87000,128
1100,20160112,11, 1,2,       1801 ,,142622,142622,142622774800,1,,,,,,0,720,8000,128,719,87000,128
1100,20160112,11, 1,2,       1801 ,,142622,142622,142622777800,1,,,,,,0,720,9000,128,719,87000,128
1100,20160112,11, 1,2,       1801 ,,142622,142622,142622782700,1,,,,,,0,720,5000,128,719,87000,128
1100,20160112,11, 1,2,       1801 ,,142622,142622,142622785000,1,,,,,,0,720,5000,128,719,85000,128
1100,20160112,11, 1,2,       1801 ,,142622,142622,142622787100,1,,,,,,0,720,9000,128,719,85000,128
1100,20160112,11, 1,2,       1801 ,,142622,142622,142622844900,1,,,,,,0,720,13000,128,719,85000,128
1100,20160112,11, 1,2,       1801 ,,142622,142622,142622860600,1,,,,,,0,720,13000,128,719,81000,128
1100,20160112,11, 1,2,       1801 ,,142622,142622,142622862000,1,,,,,,0,720,13000,128,719,83000,128
1100,20160112,11, 1,2,       1801 ,,142622,142622,142622881200,1,,,,,,0,720,11000,128,719,83000,128
1100,20160112,11, 1,2,       1801 ,,142622,142622,142622948200,1,,,,,,0,720,11000,128,719,80000,128
1100,20160112,11, 1,2,       1801 ,,142623,142623,142623138000,1,,,,,,0,720,12000,128,719,80000,128
1100,20160112,11, 1,2,       1801 ,,142623,142623,142623191900,1,,,,,,0,720,11000,128,719,80000,128
1100,20160112,11, 1,2,       1801 ,,142623,142623,142623383700,1,,,,,,0,720,11000,128,719,79000,128
1100,20160112,11, 1,2,       1801 ,,142623,142623,142623392100,1,,,,,,0,720,15000,128,719,79000,128
1100,20160112,11, 1,2,       1801 ,,142623,142623,142623392800,1,,,,,,0,720,15000,128,719,78000,128
1100,20160112,11, 1,2,       1801 ,,142623,142623,142623394000,1,,,,,,0,720,15000,128,719,73000,128
1100,20160112,11, 1,2,       1801 ,,142624,142624,142624335500,1,,,,,,0,720,49000,128,719,73000,128
1100,20160112,11, 1,2,       1801 ,,142624,142624,142624336900,1,,,,,,0,720,49000,128,719,70000,128
1100,20160112,11, 1,2,       1801 ,,142624,142624,142624338300,1,,,,,,0,720,54000,128,719,70000,128
1100,20160112,11, 1,2,       1801 ,,142624,142624,142624761800,1,,,,,,0,720,54000,128,719,69000,128
1100,20160112,11, 1,2,       1801 ,,142626,142626,142626299800,1,,,,,,0,720,54000,128,719,68000,128
1100,20160112,11, 1,2,       1801 ,,142628,142628,142628130400,1,,,,,,0,720,54000,128,719,66000,128
1100,20160112,11, 1,2,       1801 ,,142628,142628,142628132900,1,,,,,,0,720,54000,128,719,62000,128
1100,20160112,11, 1,2,       1801 ,,142628,142628,142628134800,1,,,,,,0,720,54000,128,719,57000,128
1100,20160112,11, 1,2,       1801 ,,142632,142632,142632977200,1,,,,,,0,720,55000,128,719,57000,128
1100,20160112,11, 1,2,       1801 ,,142632,142632,142632979400,1,,,,,,0,720,56000,128,719,57000,128
1100,20160112,11, 1,2,       1801 ,,142632,142632,142632981400,1,,,,,,0,720,59000,128,719,57000,128
1100,20160112,11, 1,2,       1801 ,,142634,142634,142634699400,1,,,,,,0,720,64000,128,719,57000,128
1100,20160112,11, 1,2,       1801 ,,142635,142635,142635727900,1,,,,,,0,720,64000,128,719,56000,128
1100,20160112,11, 1,2,       1801 ,142636,142636,142636,142636067000,1,719,16,0,1000,0,0,720,64000,128,719,55000,128
1100,20160112,11, 1,2,       1801 ,,142636,142636,142636068900,1,,,,,,0,720,64000,128,719,53000,128
1100,20160112,11, 1,2,       1801 ,,142636,142636,142636069600,1,,,,,,0,720,68000,128,719,53000,128
1100,20160112,11, 1,2,       1801 ,,142636,142636,142636070900,1,,,,,,0,720,68000,128,719,52000,128
1100,20160112,11, 1,2,       1801 ,,142636,142636,142636071600,1,,,,,,0,720,68000,128,719,51000,128
1100,20160112,11, 1,2,       1801 ,142636,142636,142636,142636130800,1,719,16,0,1000,0,0,720,68000,128,719,50000,128
1100,20160112,11, 1,2,       1801 ,,142636,142636,142636133900,1,,,,,,0,720,69000,128,719,50000,128
1100,20160112,11, 1,2,       1801 ,,142636,142636,142636134700,1,,,,,,0,720,69000,128,719,49000,128
1100,20160112,11, 1,2,       1801 ,142636,142636,142636,142636281500,1,719,16,0,1000,0,0,720,69000,128,719,48000,128
1100,20160112,11, 1,2,       1801 ,,142637,142637,142637481700,1,,,,,,0,720,69000,128,719,49000,128
1100,20160112,11, 1,2,       1801 ,,142637,142637,142637957500,1,,,,,,0,720,69000,128,719,48000,128
1100,20160112,11, 1,2,       1801 ,,142639,142639,142639305600,1,,,,,,0,720,69000,128,719,47000,128
1100,20160112,11, 1,2,       1801 ,,142639,142639,142639471500,1,,,,,,0,720,84000,128,719,47000,128
1100,20160112,11, 1,2,       1801 ,,142639,142639,142639473000,1,,,,,,0,720,84000,128,719,42000,128
1100,20160112,11, 1,2,       1801 ,,142640,142640,142640921800,1,,,,,,0,720,92000,128,719,42000,128
1100,20160112,11, 1,2,       1801 ,,142641,142641,142641581300,1,,,,,,0,720,93000,128,719,42000,128
1100,20160112,11, 1,2,       1801 ,,142642,142642,142642547200,1,,,,,,0,720,97000,128,719,42000,128
1100,20160112,11, 1,2,       1801 ,142642,142642,142642,142642548700,1,719,16,0,10000,0,0,720,97000,128,719,32000,128
1100,20160112,11, 1,2,       1801 ,,142642,142642,142642551300,1,,,,,,0,720,98000,128,719,32000,128
1100,20160112,11, 1,2,       1801 ,142642,142642,142642,142642552000,1,719,16,0,4000,0,0,720,98000,128,719,28000,128
1100,20160112,11, 1,2,       1801 ,,142642,142642,142642553900,1,,,,,,0,720,98000,128,719,28000,128
1100,20160112,11, 1,2,       1801 ,,142642,142642,142642554700,1,,,,,,0,720,100000,128,719,28000,128
1100,20160112,11, 1,2,       1801 ,142642,142642,142642,142642555500,1,719,16,0,28000,0,0,720,100000,128,718,86000,128
1100,20160112,11, 1,2,       1801 ,,142642,142642,142642557800,1,,,,,,0,719,2000,128,718,86000,128
1100,20160112,11, 1,2,       1801 ,,142642,142642,142642558600,1,,,,,,0,719,2000,128,718,84000,128
1100,20160112,11, 1,2,       1801 ,,142642,142642,142642560200,1,,,,,,0,719,3000,128,718,84000,128
1100,20160112,11, 1,2,       1801 ,,142642,142642,142642562700,1,,,,,,0,719,3000,128,718,83000,128
1100,20160112,11, 1,2,       1801 ,,142642,142642,142642565200,1,,,,,,0,719,7000,128,718,83000,128
1100,20160112,11, 1,2,       1801 ,,142642,142642,142642565900,1,,,,,,0,719,7000,128,718,79000,128
1100,20160112,11, 1,2,       1801 ,,142642,142642,142642567500,1,,,,,,0,719,8000,128,718,79000,128
1100,20160112,11, 1,2,       1801 ,,142642,142642,142642574400,1,,,,,,0,719,9000,128,718,79000,128
1100,20160112,11, 1,2,       1801 ,,142642,142642,142642575100,1,,,,,,0,719,9000,128,718,78000,128
1100,20160112,11, 1,2,       1801 ,,142642,142642,142642576500,1,,,,,,0,719,9000,128,718,76000,128
1100,20160112,11, 1,2,       1801 ,,142642,142642,142642640200,1,,,,,,0,719,7000,128,718,76000,128
1100,20160112,11, 1,2,       1801 ,,142642,142642,142642641100,1,,,,,,0,719,7000,128,718,78000,128
1100,20160112,11, 1,2,       1801 ,,142642,142642,142642724700,1,,,,,,0,719,8000,128,718,78000,128
1100,20160112,11, 1,2,       1801 ,,142642,142642,142642772600,1,,,,,,0,719,8000,128,718,73000,128
1100,20160112,11, 1,2,       1801 ,,142643,142643,142643010800,1,,,,,,0,719,8000,128,718,69000,128
1100,20160112,11, 1,2,       1801 ,,142643,142643,142643050300,1,,,,,,0,719,12000,128,718,69000,128
1100,20160112,11, 1,2,       1801 ,,142643,142643,142643110600,1,,,,,,0,719,12000,128,718,64000,128
1100,20160112,11, 1,2,       1801 ,,142643,142643,142643188400,1,,,,,,0,719,12000,128,718,58000,128
1100,20160112,11, 1,2,       1801 ,,142643,142643,142643701000,1,,,,,,0,719,12000,128,718,59000,128
1100,20160112,11, 1,2,       1801 ,,142643,142643,142643701900,1,,,,,,0,719,11000,128,718,59000,128
1100,20160112,11, 1,2,       1801 ,,142643,142643,142643969400,1,,,,,,0,719,11000,128,718,58000,128
1100,20160112,11, 1,2,       1801 ,,142644,142644,142644391800,1,,,,,,0,719,11000,128,718,59000,128
1100,20160112,11, 1,2,       1801 ,,142644,142644,142644557700,1,,,,,,0,719,11000,128,718,58000,128
1100,20160112,11, 1,2,       1801 ,,142645,142645,142645373500,1,,,,,,0,719,11000,128,718,59000,128
1100,20160112,11, 1,2,       1801 ,,142645,142645,142645788700,1,,,,,,0,719,14000,128,718,59000,128
1100,20160112,11, 1,2,       1801 ,,142646,142646,142646242300,1,,,,,,0,719,14000,128,718,58000,128
1100,20160112,11, 1,2,       1801 ,,142646,142646,142646665200,1,,,,,,0,719,14000,128,718,57000,128
1100,20160112,11, 1,2,       1801 ,,142646,142646,142646707500,1,,,,,,0,719,46000,128,718,57000,128
1100,20160112,11, 1,2,       1801 ,,142646,142646,142646708900,1,,,,,,0,719,46000,128,718,53000,128
1100,20160112,11, 1,2,       1801 ,,142646,142646,142646710400,1,,,,,,0,719,51000,128,718,53000,128
1100,20160112,11, 1,2,       1801 ,,142648,142648,142648219900,1,,,,,,0,719,58000,128,718,53000,128
1100,20160112,11, 1,2,       1801 ,,142648,142648,142648761900,1,,,,,,0,719,60000,128,718,53000,128
1100,20160112,11, 1,2,       1801 ,,142648,142648,142648764200,1,,,,,,0,719,63000,128,718,53000,128
1100,20160112,11, 1,2,       1801 ,,142652,142652,142652358300,1,,,,,,0,719,64000,128,718,53000,128
1100,20160112,11, 1,2,       1801 ,142654,142654,142654,142654264700,1,719,48,0,1000,0,0,719,63000,128,718,53000,128
1100,20160112,11, 1,2,       1801 ,,142654,142654,142654426200,1,,,,,,0,719,48000,128,718,53000,128
1100,20160112,11, 1,2,       1801 ,,142656,142656,142656579400,1,,,,,,0,719,46000,128,718,53000,128
1100,20160112,11, 1,2,       1801 ,,142656,142656,142656580800,1,,,,,,0,719,46000,128,718,54000,128
1100,20160112,11, 1,2,       1801 ,,142656,142656,142656996800,1,,,,,,0,719,47000,128,718,54000,128
1100,20160112,11, 1,2,       1801 ,,142702,142702,142702293500,1,,,,,,0,719,47000,128,718,55000,128
1100,20160112,11, 1,2,       1801 ,,142703,142703,142703862700,1,,,,,,0,719,47000,128,718,59000,128
1100,20160112,11, 1,2,       1801 ,,142704,142704,142704968900,1,,,,,,0,719,61000,128,718,59000,128
1100,20160112,11, 1,2,       1801 ,,142704,142704,142704973500,1,,,,,,0,719,61000,128,718,58000,128
1100,20160112,11, 1,2,       1801 ,,142704,142704,142704983600,1,,,,,,0,719,62000,128,718,58000,128
1100,20160112,11, 1,2,       1801 ,,142707,142707,142707160700,1,,,,,,0,719,61000,128,718,58000,128
1100,20160112,11, 1,2,       1801 ,,142707,142707,142707404200,1,,,,,,0,719,61000,128,718,59000,128
1100,20160112,11, 1,2,       1801 ,,142707,142707,142707710600,1,,,,,,0,719,62000,128,718,59000,128
1100,20160112,11, 1,2,       1801 ,,142707,142707,142707787200,1,,,,,,0,719,62000,128,718,58000,128
1100,20160112,11, 1,2,       1801 ,,142707,142707,142707788000,1,,,,,,0,719,63000,128,718,58000,128
1100,20160112,11, 1,2,       1801 ,,142708,142708,142708078800,1,,,,,,0,719,63000,128,718,60000,128
1100,20160112,11, 1,2,       1801 ,,142708,142708,142708141600,1,,,,,,0,719,63000,128,718,61000,128
1100,20160112,11, 1,2,       1801 ,,142708,142708,142708142400,1,,,,,,0,719,62000,128,718,61000,128
1100,20160112,11, 1,2,       1801 ,142708,142708,142708,142708173100,1,719,48,0,1000,0,0,719,61000,128,718,61000,128
1100,20160112,11, 1,2,       1801 ,142708,142708,142708,142708174900,1,719,48,0,11000,0,0,719,50000,128,718,61000,128
1100,20160112,11, 1,2,       1801 ,142708,142708,142708,142708177300,1,719,48,0,2000,0,0,719,48000,128,718,61000,128
1100,20160112,11, 1,2,       1801 ,,142708,142708,142708207500,1,,,,,,0,719,34000,128,718,61000,128
1100,20160112,11, 1,2,       1801 ,,142708,142708,142708208800,1,,,,,,0,719,34000,128,718,62000,128
1100,20160112,11, 1,2,       1801 ,,142708,142708,142708290300,1,,,,,,0,719,31000,128,718,62000,128
1100,20160112,11, 1,2,       1801 ,142708,142708,142708,142708339900,1,719,48,0,1000,0,0,719,30000,128,718,62000,128
1100,20160112,11, 1,2,       1801 ,142708,142708,142708,142708341200,1,719,48,0,30000,0,0,720,83000,128,718,62000,128
1100,20160112,11, 1,2,       1801 ,,142708,142708,142708344800,1,,,,,,0,720,83000,128,719,2000,128
1100,20160112,11, 1,2,       1801 ,,142708,142708,142708345600,1,,,,,,0,720,82000,128,719,2000,128
1100,20160112,11, 1,2,       1801 ,,142708,142708,142708346500,1,,,,,,0,720,82000,128,719,4000,128
1100,20160112,11, 1,2,       1801 ,,142708,142708,142708347900,1,,,,,,0,720,82000,128,719,9000,128
1100,20160112,11, 1,2,       1801 ,,142708,142708,142708348500,1,,,,,,0,720,82000,128,719,10000,128
1100,20160112,11, 1,2,       1801 ,,142708,142708,142708352200,1,,,,,,0,720,82000,128,719,11000,128
1100,20160112,11, 1,2,       1801 ,,142708,142708,142708352900,1,,,,,,0,720,77000,128,719,11000,128
1100,20160112,11, 1,2,       1801 ,,142708,142708,142708353600,1,,,,,,0,720,77000,128,719,14000,128
1100,20160112,11, 1,2,       1801 ,,142708,142708,142708354800,1,,,,,,0,720,71000,128,719,14000,128
1100,20160112,11, 1,2,       1801 ,,142708,142708,142708355600,1,,,,,,0,720,70000,128,719,14000,128
1100,20160112,11, 1,2,       1801 ,,142708,142708,142708356600,1,,,,,,0,720,70000,128,719,16000,128
1100,20160112,11, 1,2,       1801 ,,142708,142708,142708357700,1,,,,,,0,720,68000,128,719,16000,128
1100,20160112,11, 1,2,       1801 ,,142708,142708,142708361000,1,,,,,,0,720,64000,128,719,16000,128
1100,20160112,11, 1,2,       1801 ,,142708,142708,142708365900,1,,,,,,0,720,64000,128,719,18000,128
1100,20160112,11, 1,2,       1801 ,,142708,142708,142708385900,1,,,,,,0,720,64000,128,719,19000,128
1100,20160112,11, 1,2,       1801 ,,142708,142708,142708489200,1,,,,,,0,720,64000,128,719,20000,128
1100,20160112,11, 1,2,       1801 ,,142708,142708,142708874300,1,,,,,,0,720,64000,128,719,22000,128
1100,20160112,11, 1,2,       1801 ,,142710,142710,142710252200,1,,,,,,0,720,64000,128,719,21000,128
1100,20160112,11, 1,2,       1801 ,,142711,142711,142711841700,1,,,,,,0,720,65000,128,719,21000,128
1100,20160112,11, 1,2,       1801 ,,142711,142711,142711888700,1,,,,,,0,720,65000,128,719,22000,128
1100,20160112,11, 1,2,       1801 ,,142712,142712,142712831100,1,,,,,,0,720,64000,128,719,22000,128
1100,20160112,11, 1,2,       1801 ,,142713,142713,142713154000,1,,,,,,0,720,69000,128,719,22000,128
1100,20160112,11, 1,2,       1801 ,,142714,142714,142714155000,1,,,,,,0,720,80000,128,719,22000,128
1100,20160112,11, 1,2,       1801 ,,142714,142714,142714449700,1,,,,,,0,720,80000,128,719,23000,128
1100,20160112,11, 1,2,       1801 ,,142714,142714,142714451300,1,,,,,,0,720,80000,128,719,28000,128
1100,20160112,11, 1,2,       1801 ,,142714,142714,142714691400,1,,,,,,0,720,80000,128,719,27000,128
1100,20160112,11, 1,2,       1801 ,,142714,142714,142714692400,1,,,,,,0,720,81000,128,719,27000,128
1100,20160112,11, 1,2,       1801 ,,142716,142716,142716297800,1,,,,,,0,720,81000,128,719,28000,128
1100,20160112,11, 1,2,       1801 ,,142716,142716,142716354100,1,,,,,,0,720,80000,128,719,28000,128
1100,20160112,11, 1,2,       1801 ,,142717,142717,142717990000,1,,,,,,0,720,80000,128,719,29000,128
1100,20160112,11, 1,2,       1801 ,142719,142719,142719,142719434100,1,720,48,0,1000,0,0,720,79000,128,719,29000,128
1100,20160112,11, 1,2,       1801 ,,142719,142719,142719438400,1,,,,,,0,720,79000,128,719,29000,128
1100,20160112,11, 1,2,       1801 ,,142719,142719,142719451700,1,,,,,,0,720,75000,128,719,29000,128
1100,20160112,11, 1,2,       1801 ,,142719,142719,142719860700,1,,,,,,0,720,67000,128,719,29000,128
1100,20160112,11, 1,2,       1801 ,,142719,142719,142719863800,1,,,,,,0,720,63000,128,719,29000,128
1100,20160112,11, 1,2,       1801 ,142720,142720,142720,142720863000,1,719,16,0,1000,0,0,720,63000,128,719,28000,128
1100,20160112,11, 1,2,       1801 ,,142721,142721,142721237500,1,,,,,,0,720,64000,128,719,28000,128
1100,20160112,11, 1,2,       1801 ,,142722,142722,142722839500,1,,,,,,0,720,53000,128,719,28000,128
1100,20160112,11, 1,2,       1801 ,,142722,142722,142722840900,1,,,,,,0,720,38000,128,719,28000,128
1100,20160112,11, 1,2,       1801 ,,142724,142724,142724434400,1,,,,,,0,720,38000,128,719,43000,128
1100,20160112,11, 1,2,       1801 ,,142724,142724,142724435700,1,,,,,,0,720,37000,128,719,43000,128
1100,20160112,11, 1,2,       1801 ,,142724,142724,142724436400,1,,,,,,0,720,36000,128,719,43000,128
1100,20160112,11, 1,2,       1801 ,,142725,142725,142725218100,1,,,,,,0,720,37000,128,719,43000,128
1100,20160112,11, 1,2,       1801 ,142727,142727,142727,142727179200,1,719,16,0,2000,0,0,720,37000,128,719,41000,128
1100,20160112,11, 1,2,       1801 ,,142727,142727,142727190200,1,,,,,,0,720,37000,128,719,42000,128
1100,20160112,11, 1,2,       1801 ,,142727,142727,142727371100,1,,,,,,0,720,37000,128,719,44000,128
1100,20160112,11, 1,2,       1801 ,,142727,142727,142727372400,1,,,,,,0,720,37000,128,719,45000,128
1100,20160112,11, 1,2,       1801 ,,142727,142727,142727511400,1,,,,,,0,720,36000,128,719,45000,128
1100,20160112,11, 1,2,       1801 ,,142729,142729,142729603900,1,,,,,,0,720,35000,128,719,45000,128
1100,20160112,11, 1,2,       1801 ,,142729,142729,142729970100,1,,,,,,0,720,32000,128,719,45000,128
1100,20160112,11, 1,2,       1801 ,142730,142730,142730,142730030200,1,720,48,0,12000,0,0,720,20000,128,719,45000,128
1100,20160112,11, 1,2,       1801 ,142730,142730,142730,142730032700,1,720,48,0,20000,0,0,721,78000,128,719,45000,128
1100,20160112,11, 1,2,       1801 ,,142730,142730,142730036800,1,,,,,,0,721,78000,128,720,2000,128
1100,20160112,11, 1,2,       1801 ,,142730,142730,142730041300,1,,,,,,0,721,78000,128,720,4000,128
1100,20160112,11, 1,2,       1801 ,,142730,142730,142730044900,1,,,,,,0,721,75000,128,720,4000,128
1100,20160112,11, 1,2,       1801 ,,142730,142730,142730045700,1,,,,,,0,721,75000,128,720,5000,128
1100,20160112,11, 1,2,       1801 ,,142730,142730,142730046400,1,,,,,,0,721,75000,128,720,6000,128
1100,20160112,11, 1,2,       1801 ,,142730,142730,142730048500,1,,,,,,0,721,74000,128,720,6000,128
1100,20160112,11, 1,2,       1801 ,,142730,142730,142730051300,1,,,,,,0,721,74000,128,720,11000,128
1100,20160112,11, 1,2,       1801 ,,142730,142730,142730052000,1,,,,,,0,721,74000,128,720,12000,128
1100,20160112,11, 1,2,       1801 ,,142730,142730,142730058600,1,,,,,,0,721,74000,128,720,13000,128
1100,20160112,11, 1,2,       1801 ,,142730,142730,142730059300,1,,,,,,0,721,74000,128,720,16000,128
1100,20160112,11, 1,2,       1801 ,,142730,142730,142730059900,1,,,,,,0,721,74000,128,720,17000,128
1100,20160112,11, 1,2,       1801 ,,142730,142730,142730064600,1,,,,,,0,721,69000,128,720,17000,128
1100,20160112,11, 1,2,       1801 ,,142730,142730,142730066600,1,,,,,,0,721,64000,128,720,17000,128
1100,20160112,11, 1,2,       1801 ,,142730,142730,142730068000,1,,,,,,0,721,64000,128,720,19000,128
1100,20160112,11, 1,2,       1801 ,,142730,142730,142730068600,1,,,,,,0,721,63000,128,720,19000,128
1100,20160112,11, 1,2,       1801 ,,142730,142730,142730070100,1,,,,,,0,721,57000,128,720,19000,128
1100,20160112,11, 1,2,       1801 ,,142730,142730,142730070900,1,,,,,,0,721,57000,128,720,24000,128
1100,20160112,11, 1,2,       1801 ,,142730,142730,142730072200,1,,,,,,0,721,55000,128,720,24000,128
1100,20160112,11, 1,2,       1801 ,,142730,142730,142730074100,1,,,,,,0,721,55000,128,720,26000,128
1100,20160112,11, 1,2,       1801 ,,142730,142730,142730074800,1,,,,,,0,721,55000,128,720,28000,128
1100,20160112,11, 1,2,       1801 ,,142730,142730,142730076800,1,,,,,,0,721,55000,128,720,29000,128
1100,20160112,11, 1,2,       1801 ,,142730,142730,142730143200,1,,,,,,0,721,55000,128,720,30000,128
1100,20160112,11, 1,2,       1801 ,,142730,142730,142730239800,1,,,,,,0,721,49000,128,720,30000,128
1100,20160112,11, 1,2,       1801 ,,142731,142731,142731654300,1,,,,,,0,721,49000,128,720,44000,128
1100,20160112,11, 1,2,       1801 ,,142731,142731,142731655700,1,,,,,,0,721,45000,128,720,44000,128
1100,20160112,11, 1,2,       1801 ,,142731,142731,142731657000,1,,,,,,0,721,45000,128,720,48000,128
1100,20160112,11, 1,2,       1801 ,,142731,142731,142731933200,1,,,,,,0,721,46000,128,720,48000,128
1100,20160112,11, 1,2,       1801 ,142732,142732,142732,142732695600,1,720,16,0,39000,0,0,721,46000,128,720,9000,128
1100,20160112,11, 1,2,       1801 ,,142732,142732,142732699100,1,,,,,,0,721,46000,128,720,9000,128
1100,20160112,11, 1,2,       1801 ,142732,142732,142732,142732700000,1,720,16,0,9000,0,0,721,46000,128,719,60000,128
1100,20160112,11, 1,2,       1801 ,,142732,142732,142732701800,1,,,,,,0,721,47000,128,719,60000,128
1100,20160112,11, 1,2,       1801 ,,142732,142732,142732703400,1,,,,,,0,720,1000,128,719,60000,128
1100,20160112,11, 1,2,       1801 ,142732,142732,142732,142732707700,1,720,48,0,1000,0,0,721,49000,128,719,60000,128
1100,20160112,11, 1,2,       1801 ,,142732,142732,142732711800,1,,,,,,0,721,49000,128,719,60000,128
1100,20160112,11, 1,2,       1801 ,,142732,142732,142732715200,1,,,,,,0,721,51000,128,719,60000,128
1100,20160112,11, 1,2,       1801 ,,142732,142732,142732716200,1,,,,,,0,721,51000,128,719,57000,128
1100,20160112,11, 1,2,       1801 ,,142732,142732,142732716900,1,,,,,,0,720,4000,128,719,57000,128
1100,20160112,11, 1,2,       1801 ,,142732,142732,142732720300,1,,,,,,0,720,4000,128,719,58000,128
1100,20160112,11, 1,2,       1801 ,,142732,142732,142732721200,1,,,,,,0,720,4000,128,719,54000,128
1100,20160112,11, 1,2,       1801 ,,142732,142732,142732722000,1,,,,,,0,720,4000,128,719,53000,128
1100,20160112,11, 1,2,       1801 ,,142732,142732,142732722700,1,,,,,,0,721,57000,128,719,53000,128
1100,20160112,11, 1,2,       1801 ,,142732,142732,142732723400,1,,,,,,0,721,57000,128,719,51000,128
1100,20160112,11, 1,2,       1801 ,,142732,142732,142732724200,1,,,,,,0,721,57000,128,719,52000,128
1100,20160112,11, 1,2,       1801 ,,142732,142732,142732725500,1,,,,,,0,721,57000,128,719,54000,128
1100,20160112,11, 1,2,       1801 ,,142732,142732,142732727000,1,,,,,,0,720,4000,128,719,54000,128
1100,20160112,11, 1,2,       1801 ,,142732,142732,142732728200,1,,,,,,0,720,4000,128,719,53000,128
1100,20160112,11, 1,2,       1801 ,,142732,142732,142732729000,1,,,,,,0,720,4000,128,719,51000,128
1100,20160112,11, 1,2,       1801 ,,142732,142732,142732789400,1,,,,,,0,721,55000,128,719,51000,128
1100,20160112,11, 1,2,       1801 ,,142732,142732,142732790800,1,,,,,,0,721,55000,128,719,52000,128
1100,20160112,11, 1,2,       1801 ,,142732,142732,142732791300,1,,,,,,0,721,55000,128,719,54000,128
1100,20160112,11, 1,2,       1801 ,,142732,142732,142732792700,1,,,,,,0,720,4000,128,719,54000,128
1100,20160112,11, 1,2,       1801 ,,142732,142732,142732794000,1,,,,,,0,720,4000,128,719,53000,128
1100,20160112,11, 1,2,       1801 ,,142732,142732,142732794700,1,,,,,,0,720,4000,128,719,51000,128
1100,20160112,11, 1,2,       1801 ,,142733,142733,142733276300,1,,,,,,0,721,55000,128,719,51000,128
1100,20160112,11, 1,2,       1801 ,,142733,142733,142733277700,1,,,,,,0,721,55000,128,719,52000,128
1100,20160112,11, 1,2,       1801 ,,142733,142733,142733278300,1,,,,,,0,721,55000,128,719,54000,128
1100,20160112,11, 1,2,       1801 ,,142733,142733,142733377100,1,,,,,,0,721,55000,128,719,55000,128
1100,20160112,11, 1,2,       1801 ,,142734,142734,142734131500,1,,,,,,0,721,55000,128,719,56000,128
1100,20160112,11, 1,2,       1801 ,,142736,142736,142736571000,1,,,,,,0,721,57000,128,719,56000,128
1100,20160112,11, 1,2,       1801 ,,142736,142736,142736572400,1,,,,,,0,721,57000,128,719,55000,128
1100,20160112,11, 1,2,       1801 ,,142736,142736,142736573300,1,,,,,,0,721,63000,128,719,55000,128
1100,20160112,11, 1,2,       1801 ,,142736,142736,142736620200,1,,,,,,0,721,63000,128,719,54000,128
1100,20160112,11, 1,2,       1801 ,,142736,142736,142736819300,1,,,,,,0,721,63000,128,719,53000,128
1100,20160112,11, 1,2,       1801 ,,142740,142740,142740256700,1,,,,,,0,721,94000,128,719,53000,128
1100,20160112,11, 1,2,       1801 ,,142740,142740,142740258100,1,,,,,,0,721,98000,128,719,53000,128
1100,20160112,11, 1,2,       1801 ,,142741,142741,142741651500,1,,,,,,0,721,98000,128,720,10000,128
1100,20160112,11, 1,2,       1801 ,142743,142743,142743,142743380000,1,720,16,0,3000,0,0,721,95000,128,720,7000,128
1100,20160112,11, 1,2,       1801 ,142743,142743,142743,142743381500,1,720,16,0,7000,0,0,721,95000,128,719,55000,128
1100,20160112,11, 1,2,       1801 ,,142743,142743,142743382300,1,,,,,,0,721,95000,128,719,55000,128
1100,20160112,11, 1,2,       1801 ,,142743,142743,142743383400,1,,,,,,0,720,1000,128,719,55000,128
1100,20160112,11, 1,2,       1801 ,,142743,142743,142743384200,1,,,,,,0,720,2000,128,719,55000,128
1100,20160112,11, 1,2,       1801 ,,142743,142743,142743385600,1,,,,,,0,720,3000,128,719,55000,128
1100,20160112,11, 1,2,       1801 ,,142743,142743,142743387100,1,,,,,,0,720,2000,128,719,55000,128
1100,20160112,11, 1,2,       1801 ,,142743,142743,142743387900,1,,,,,,0,720,2000,128,719,53000,128
1100,20160112,11, 1,2,       1801 ,,142744,142744,142744068300,1,,,,,,0,720,3000,128,719,53000,128
1100,20160112,11, 1,2,       1801 ,,142744,142744,142744078500,1,,,,,,0,720,3000,128,719,52000,128
1100,20160112,11, 1,2,       1801 ,,142744,142744,142744081800,1,,,,,,0,720,3000,128,719,51000,128
1100,20160112,11, 1,2,       1801 ,,142751,142751,142751261300,1,,,,,,0,720,3000,128,719,55000,128
1100,20160112,11, 1,2,       1801 ,,142752,142752,142752352300,1,,,,,,0,720,21000,128,719,55000,128
1100,20160112,11, 1,2,       1801 ,,142752,142752,142752353900,1,,,,,,0,720,24000,128,719,55000,128
1100,20160112,11, 1,2,       1801 ,,142752,142752,142752355100,1,,,,,,0,720,29000,128,719,55000,128
1100,20160112,11, 1,2,       1801 ,,142752,142752,142752355800,1,,,,,,0,720,29000,128,719,50000,128
1100,20160112,11, 1,2,       1801 ,,142752,142752,142752544100,1,,,,,,0,720,29000,128,719,46000,128
1100,20160112,11, 1,2,       1801 ,,142752,142752,142752545400,1,,,,,,0,720,29000,128,719,45000,128
1100,20160112,11, 1,2,       1801 ,,142754,142754,142754390200,1,,,,,,0,720,29000,128,719,46000,128
1100,20160112,11, 1,2,       1801 ,,142757,142757,142757910100,1,,,,,,0,720,29000,128,719,44000,128
1100,20160112,11, 1,2,       1801 ,,142757,142757,142757912200,1,,,,,,0,720,33000,128,719,44000,128
1100,20160112,11, 1,2,       1801 ,,142757,142757,142757931600,1,,,,,,0,720,35000,128,719,44000,128
1100,20160112,11, 1,2,       1801 ,,142757,142757,142757935100,1,,,,,,0,720,36000,128,719,44000,128
1100,20160112,11, 1,2,       1801 ,,142757,142757,142757937300,1,,,,,,0,720,36000,128,719,40000,128
1100,20160112,11, 1,2,       1801 ,,142757,142757,142757941100,1,,,,,,0,720,36000,128,719,39000,128
1100,20160112,11, 1,2,       1801 ,,142757,142757,142757957800,1,,,,,,0,720,36000,128,719,34000,128
1100,20160112,11, 1,2,       1801 ,,142758,142758,142758030600,1,,,,,,0,720,34000,128,719,34000,128
1100,20160112,11, 1,2,       1801 ,,142759,142759,142759394800,1,,,,,,0,720,34000,128,719,19000,128
1100,20160112,11, 1,2,       1801 ,,142800,142800,142800820800,1,,,,,,0,720,17000,128,719,19000,128
1100,20160112,11, 1,2,       1801 ,,142803,142803,142803083000,1,,,,,,0,720,16000,128,719,19000,128
1100,20160112,11, 1,2,       1801 ,,142804,142804,142804490400,1,,,,,,0,720,16000,128,719,21000,128
1100,20160112,11, 1,2,       1801 ,,142804,142804,142804491400,1,,,,,,0,720,16000,128,719,22000,128
1100,20160112,11, 1,2,       1801 ,,142804,142804,142804504500,1,,,,,,0,720,15000,128,719,22000,128
1100,20160112,11, 1,2,       1801 ,,142805,142805,142805536000,1,,,,,,0,720,20000,128,719,22000,128
1100,20160112,11, 1,2,       1801 ,,142805,142805,142805538800,1,,,,,,0,720,21000,128,719,22000,128
1100,20160112,11, 1,2,       1801 ,,142805,142805,142805743300,1,,,,,,0,720,21000,128,719,21000,128
1100,20160112,11, 1,2,       1801 ,,142806,142806,142806442800,1,,,,,,0,720,28000,128,719,21000,128
1100,20160112,11, 1,2,       1801 ,,142806,142806,142806444200,1,,,,,,0,720,29000,128,719,21000,128
1100,20160112,11, 1,2,       1801 ,,142806,142806,142806794400,1,,,,,,0,720,29000,128,719,22000,128
1100,20160112,11, 1,2,       1801 ,,142807,142807,142807699200,1,,,,,,0,720,29000,128,719,23000,128
1100,20160112,11, 1,2,       1801 ,,142807,142807,142807732100,1,,,,,,0,720,28000,128,719,23000,128
1100,20160112,11, 1,2,       1801 ,,142808,142808,142808702000,1,,,,,,0,720,29000,128,719,23000,128
1100,20160112,11, 1,2,       1801 ,,142808,142808,142808710300,1,,,,,,0,720,29000,128,719,22000,128
1100,20160112,11, 1,2,       1801 ,,142808,142808,142808822000,1,,,,,,0,720,29000,128,719,23000,128
1100,20160112,11, 1,2,       1801 ,,142808,142808,142808945800,1,,,,,,0,720,29000,128,719,24000,128
1100,20160112,11, 1,2,       1801 ,,142809,142809,142809272900,1,,,,,,0,720,29000,128,719,23000,128
1100,20160112,11, 1,2,       1801 ,,142813,142813,142813115000,1,,,,,,0,720,30000,128,719,23000,128
1100,20160112,11, 1,2,       1801 ,,142815,142815,142815049500,1,,,,,,0,720,30000,128,719,24000,128
1100,20160112,11, 1,2,       1801 ,,142815,142815,142815661300,1,,,,,,0,720,30000,128,719,23000,128
1100,20160112,11, 1,2,       1801 ,,142817,142817,142817996400,1,,,,,,0,720,30000,128,719,24000,128
1100,20160112,11, 1,2,       1801 ,,142818,142818,142818282300,1,,,,,,0,720,30000,128,719,23000,128
1100,20160112,11, 1,2,       1801 ,,142818,142818,142818290400,1,,,,,,0,720,31000,128,719,23000,128
1100,20160112,11, 1,2,       1801 ,,142820,142820,142820680800,1,,,,,,0,720,31000,128,719,24000,128
1100,20160112,11, 1,2,       1801 ,,142820,142820,142820692300,1,,,,,,0,720,30000,128,719,24000,128
1100,20160112,11, 1,2,       1801 ,,142822,142822,142822407800,1,,,,,,0,720,31000,128,719,24000,128
1100,20160112,11, 1,2,       1801 ,,142822,142822,142822891100,1,,,,,,0,720,30000,128,719,24000,128
1100,20160112,11, 1,2,       1801 ,,142823,142823,142823990700,1,,,,,,0,720,31000,128,719,24000,128
1100,20160112,11, 1,2,       1801 ,,142824,142824,142824310800,1,,,,,,0,720,31000,128,719,23000,128
1100,20160112,11, 1,2,       1801 ,142825,142825,142825,142825849800,1,720,48,0,1000,0,0,720,30000,128,719,23000,128
1100,20160112,11, 1,2,       1801 ,,142825,142825,142825851900,1,,,,,,0,720,30000,128,719,23000,128
1100,20160112,11, 1,2,       1801 ,,142827,142827,142827174600,1,,,,,,0,720,35000,128,719,23000,128
1100,20160112,11, 1,2,       1801 ,,142836,142836,142836916200,1,,,,,,0,720,50000,128,719,23000,128
1100,20160112,11, 1,2,       1801 ,,142836,142836,142836917500,1,,,,,,0,720,50000,128,719,22000,128
1100,20160112,11, 1,2,       1801 ,,142836,142836,142836918300,1,,,,,,0,720,50000,128,719,20000,128
1100,20160112,11, 1,2,       1801 ,,142836,142836,142836919200,1,,,,,,0,720,50000,128,719,18000,128
1100,20160112,11, 1,2,       1801 ,,142837,142837,142837601000,1,,,,,,0,720,52000,128,719,18000,128
1100,20160112,11, 1,2,       1801 ,,142837,142837,142837608600,1,,,,,,0,720,52000,128,719,17000,128
1100,20160112,11, 1,2,       1801 ,,142837,142837,142837648800,1,,,,,,0,720,52000,128,719,16000,128
1100,20160112,11, 1,2,       1801 ,,142837,142837,142837661900,1,,,,,,0,720,52000,128,719,13000,128
1100,20160112,11, 1,2,       1801 ,142837,142837,142837,142837663800,1,719,16,0,2000,0,0,720,52000,128,719,11000,128
1100,20160112,11, 1,2,       1801 ,,142837,142837,142837665300,1,,,,,,0,720,52000,128,719,7000,128
1100,20160112,11, 1,2,       1801 ,,142837,142837,142837666300,1,,,,,,0,720,53000,128,719,7000,128
1100,20160112,11, 1,2,       1801 ,142837,142837,142837,142837715800,1,719,16,0,4000,0,0,720,53000,128,719,3000,128
1100,20160112,11, 1,2,       1801 ,,142837,142837,142837717600,1,,,,,,0,720,53000,128,719,2000,128
1100,20160112,11, 1,2,       1801 ,142837,142837,142837,142837718400,1,719,16,0,1000,0,0,720,53000,128,719,1000,128
1100,20160112,11, 1,2,       1801 ,,142837,142837,142837719400,1,,,,,,0,720,53000,128,719,1000,128
1100,20160112,11, 1,2,       1801 ,,142837,142837,142837720200,1,,,,,,0,720,57000,128,719,1000,128
1100,20160112,11, 1,2,       1801 ,142837,142837,142837,142837720800,1,719,16,0,1000,0,0,720,57000,128,718,87000,128
1100,20160112,11, 1,2,       1801 ,,142837,142837,142837725500,1,,,,,,0,720,61000,128,718,87000,128
1100,20160112,11, 1,2,       1801 ,,142837,142837,142837727700,1,,,,,,0,720,61000,128,718,86000,128
1100,20160112,11, 1,2,       1801 ,,142837,142837,142837730700,1,,,,,,0,720,61000,128,718,83000,128
1100,20160112,11, 1,2,       1801 ,,142837,142837,142837731500,1,,,,,,0,720,63000,128,718,83000,128
1100,20160112,11, 1,2,       1801 ,,142837,142837,142837732200,1,,,,,,0,720,63000,128,718,79000,128
1100,20160112,11, 1,2,       1801 ,,142837,142837,142837733000,1,,,,,,0,720,63000,128,718,76000,128
1100,20160112,11, 1,2,       1801 ,,142837,142837,142837733700,1,,,,,,0,720,68000,128,718,76000,128
1100,20160112,11, 1,2,       1801 ,,142837,142837,142837824800,1,,,,,,0,720,73000,128,718,76000,128
1100,20160112,11, 1,2,       1801 ,,142837,142837,142837911600,1,,,,,,0,720,79000,128,718,76000,128
1100,20160112,11, 1,2,       1801 ,,142838,142838,142838607400,1,,,,,,0,720,80000,128,718,76000,128
1100,20160112,11, 1,2,       1801 ,,142838,142838,142838721800,1,,,,,,0,720,80000,128,718,75000,128
1100,20160112,11, 1,2,       1801 ,,142838,142838,142838723500,1,,,,,,0,720,80000,128,718,76000,128
1100,20160112,11, 1,2,       1801 ,,142838,142838,142838974200,1,,,,,,0,720,80000,128,718,75000,128
1100,20160112,11, 1,2,       1801 ,,142840,142840,142840570300,1,,,,,,0,720,80000,128,718,76000,128
1100,20160112,11, 1,2,       1801 ,,142840,142840,142840600800,1,,,,,,0,720,111000,128,718,76000,128
1100,20160112,11, 1,2,       1801 ,,142840,142840,142840603100,1,,,,,,0,720,111000,128,718,75000,128
1100,20160112,11, 1,2,       1801 ,,142842,142842,142842383100,1,,,,,,0,720,111000,128,719,1000,128
1100,20160112,11, 1,2,       1801 ,142842,142842,142842,142842383900,1,719,16,0,1000,0,0,719,4000,128,718,74000,128
1100,20160112,11, 1,2,       1801 ,,142842,142842,142842384800,1,,,,,,0,719,4000,128,718,74000,128
1100,20160112,11, 1,2,       1801 ,,142842,142842,142842386400,1,,,,,,0,719,4000,128,718,72000,128
1100,20160112,11, 1,2,       1801 ,,142842,142842,142842387100,1,,,,,,0,719,4000,128,718,71000,128
1100,20160112,11, 1,2,       1801 ,142842,142842,142842,142842388500,1,719,48,0,1000,0,0,719,3000,128,718,71000,128
1100,20160112,11, 1,2,       1801 ,,142842,142842,142842389300,1,,,,,,0,719,3000,128,718,71000,128
1100,20160112,11, 1,2,       1801 ,,142842,142842,142842411000,1,,,,,,0,719,3000,128,718,67000,128
1100,20160112,11, 1,2,       1801 ,,142842,142842,142842412500,1,,,,,,0,719,3000,128,718,66000,128
1100,20160112,11, 1,2,       1801 ,,142842,142842,142842783700,1,,,,,,0,719,5000,128,718,66000,128
1100,20160112,11, 1,2,       1801 ,142844,142844,142844,142844261300,1,718,16,0,1000,0,0,719,5000,128,718,65000,128
1100,20160112,11, 1,2,       1801 ,,142844,142844,142844264500,1,,,,,,0,719,5000,128,718,65000,128
1100,20160112,11, 1,2,       1801 ,,142844,142844,142844700500,1,,,,,,0,719,5000,128,718,60000,128
1100,20160112,11, 1,2,       1801 ,,142844,142844,142844712300,1,,,,,,0,719,6000,128,718,60000,128
1100,20160112,11, 1,2,       1801 ,,142844,142844,142844751900,1,,,,,,0,719,5000,128,718,60000,128
1100,20160112,11, 1,2,       1801 ,,142844,142844,142844773600,1,,,,,,0,719,6000,128,718,60000,128
1100,20160112,11, 1,2,       1801 ,142845,142845,142845,142845273200,1,719,48,0,1000,0,0,719,5000,128,718,60000,128
1100,20160112,11, 1,2,       1801 ,,142845,142845,142845274900,1,,,,,,0,719,5000,128,718,64000,128
1100,20160112,11, 1,2,       1801 ,,142845,142845,142845275800,1,,,,,,0,719,4000,128,718,64000,128
1100,20160112,11, 1,2,       1801 ,142848,142848,142848,142848601200,1,719,48,0,1000,0,0,719,3000,128,718,64000,128
1100,20160112,11, 1,2,       1801 ,,142850,142850,142850345400,1,,,,,,0,719,3000,128,718,59000,128
1100,20160112,11, 1,2,       1801 ,,142850,142850,142850871700,1,,,,,,0,719,32000,128,718,59000,128
1100,20160112,11, 1,2,       1801 ,,142850,142850,142850873900,1,,,,,,0,719,35000,128,718,59000,128
1100,20160112,11, 1,2,       1801 ,,142850,142850,142850874700,1,,,,,,0,719,40000,128,718,59000,128
1100,20160112,11, 1,2,       1801 ,,142851,142851,142851530400,1,,,,,,0,719,40000,128,718,57000,128
1100,20160112,11, 1,2,       1801 ,,142858,142858,142858758500,1,,,,,,0,719,22000,128,718,57000,128
1100,20160112,11, 1,2,       1801 ,,142858,142858,142858761300,1,,,,,,0,719,17000,128,718,57000,128
1100,20160112,11, 1,2,       1801 ,,142858,142858,142858762600,1,,,,,,0,719,17000,128,718,58000,128
1100,20160112,11, 1,2,       1801 ,,142858,142858,142858781500,1,,,,,,0,719,25000,128,718,58000,128
1100,20160112,11, 1,2,       1801 ,,142858,142858,142858782600,1,,,,,,0,719,25000,128,718,57000,128
1100,20160112,11, 1,2,       1801 ,,142859,142859,142859612200,1,,,,,,0,719,30000,128,718,57000,128
1100,20160112,11, 1,2,       1801 ,,142909,142909,142909772500,1,,,,,,0,719,19000,128,718,57000,128
1100,20160112,11, 1,2,       1801 ,,142909,142909,142909774500,1,,,,,,0,719,20000,128,718,57000,128
1100,20160112,11, 1,2,       1801 ,,142911,142911,142911299500,1,,,,,,0,719,21000,128,718,57000,128
1100,20160112,11, 1,2,       1801 ,,142911,142911,142911839900,1,,,,,,0,719,16000,128,718,57000,128
1100,20160112,11, 1,2,       1801 ,,142911,142911,142911841400,1,,,,,,0,719,16000,128,718,58000,128
1100,20160112,11, 1,2,       1801 ,,142911,142911,142911851200,1,,,,,,0,719,16000,128,718,60000,128
1100,20160112,11, 1,2,       1801 ,,142912,142912,142912548800,1,,,,,,0,719,16000,128,718,64000,128
1100,20160112,11, 1,2,       1801 ,142912,142912,142912,142912550200,1,719,48,0,10000,0,0,719,6000,128,718,64000,128
1100,20160112,11, 1,2,       1801 ,142912,142912,142912,142912553400,1,719,48,0,6000,0,0,720,76000,128,718,64000,128
1100,20160112,11, 1,2,       1801 ,,142912,142912,142912558400,1,,,,,,0,720,76000,128,719,1000,128
1100,20160112,11, 1,2,       1801 ,,142912,142912,142912559100,1,,,,,,0,720,76000,128,719,2000,128
1100,20160112,11, 1,2,       1801 ,,142912,142912,142912561000,1,,,,,,0,720,75000,128,719,2000,128
1100,20160112,11, 1,2,       1801 ,,142912,142912,142912561800,1,,,,,,0,720,75000,128,719,3000,128
1100,20160112,11, 1,2,       1801 ,,142912,142912,142912564000,1,,,,,,0,720,75000,128,719,5000,128
1100,20160112,11, 1,2,       1801 ,,142912,142912,142912567200,1,,,,,,0,720,70000,128,719,5000,128
1100,20160112,11, 1,2,       1801 ,,142912,142912,142912568000,1,,,,,,0,720,70000,128,719,9000,128
1100,20160112,11, 1,2,       1801 ,,142912,142912,142912568700,1,,,,,,0,720,70000,128,719,11000,128
1100,20160112,11, 1,2,       1801 ,,142912,142912,142912569300,1,,,,,,0,720,70000,128,719,13000,128
1100,20160112,11, 1,2,       1801 ,,142912,142912,142912570000,1,,,,,,0,720,65000,128,719,13000,128
1100,20160112,11, 1,2,       1801 ,,142912,142912,142912570700,1,,,,,,0,720,65000,128,719,14000,128
1100,20160112,11, 1,2,       1801 ,,142912,142912,142912571500,1,,,,,,0,720,63000,128,719,14000,128
1100,20160112,11, 1,2,       1801 ,,142912,142912,142912572300,1,,,,,,0,720,63000,128,719,16000,128
1100,20160112,11, 1,2,       1801 ,,142912,142912,142912573800,1,,,,,,0,720,61000,128,719,16000,128
1100,20160112,11, 1,2,       1801 ,,142912,142912,142912574600,1,,,,,,0,720,57000,128,719,16000,128
1100,20160112,11, 1,2,       1801 ,,142912,142912,142912575300,1,,,,,,0,720,56000,128,719,16000,128
1100,20160112,11, 1,2,       1801 ,,142912,142912,142912585400,1,,,,,,0,720,50000,128,719,16000,128
1100,20160112,11, 1,2,       1801 ,,142912,142912,142912670400,1,,,,,,0,720,50000,128,719,14000,128
1100,20160112,11, 1,2,       1801 ,,142913,142913,142913553300,1,,,,,,0,720,50000,128,719,13000,128
1100,20160112,11, 1,2,       1801 ,,142914,142914,142914437600,1,,,,,,0,720,50000,128,719,15000,128
1100,20160112,11, 1,2,       1801 ,,142914,142914,142914899900,1,,,,,,0,720,50000,128,719,20000,128
1100,20160112,11, 1,2,       1801 ,,142917,142917,142917086000,1,,,,,,0,720,50000,128,719,21000,128
1100,20160112,11, 1,2,       1801 ,,142917,142917,142917573000,1,,,,,,0,720,50000,128,719,22000,128
1100,20160112,11, 1,2,       1801 ,,142918,142918,142918021800,1,,,,,,0,720,56000,128,719,22000,128
1100,20160112,11, 1,2,       1801 ,,142918,142918,142918023100,1,,,,,,0,720,52000,128,719,22000,128
1100,20160112,11, 1,2,       1801 ,,142921,142921,142921050500,1,,,,,,0,720,52000,128,719,24000,128
1100,20160112,11, 1,2,       1801 ,,142921,142921,142921250400,1,,,,,,0,720,52000,128,719,22000,128
1100,20160112,11, 1,2,       1801 ,,142921,142921,142921263900,1,,,,,,0,720,52000,128,719,21000,128
1100,20160112,11, 1,2,       1801 ,,142921,142921,142921264900,1,,,,,,0,720,53000,128,719,21000,128
1100,20160112,11, 1,2,       1801 ,,142921,142921,142921464500,1,,,,,,0,720,53000,128,719,22000,128
1100,20160112,11, 1,2,       1801 ,,142921,142921,142921712300,1,,,,,,0,720,53000,128,719,21000,128
1100,20160112,11, 1,2,       1801 ,,142926,142926,142926685400,1,,,,,,0,720,54000,128,719,21000,128
1100,20160112,11, 1,2,       1801 ,,142926,142926,142926687400,1,,,,,,0,720,54000,128,719,23000,128
1100,20160112,11, 1,2,       1801 ,,142928,142928,142928018900,1,,,,,,0,720,48000,128,719,23000,128
1100,20160112,11, 1,2,       1801 ,,142931,142931,142931050600,1,,,,,,0,720,48000,128,719,24000,128
1100,20160112,11, 1,2,       1801 ,,142931,142931,142931811600,1,,,,,,0,720,48000,128,719,25000,128
1100,20160112,11, 1,2,       1801 ,,142931,142931,142931813700,1,,,,,,0,720,48000,128,719,26000,128
1100,20160112,11, 1,2,       1801 ,,142931,142931,142931814800,1,,,,,,0,720,47000,128,719,26000,128
1100,20160112,11, 1,2,       1801 ,,142937,142937,142937880100,1,,,,,,0,720,48000,128,719,26000,128
1100,20160112,11, 1,2,       1801 ,,142937,142937,142937881300,1,,,,,,0,720,49000,128,719,26000,128
1100,20160112,11, 1,2,       1801 ,,142940,142940,142940537800,1,,,,,,0,720,49000,128,719,27000,128
1100,20160112,11, 1,2,       1801 ,,142940,142940,142940539100,1,,,,,,0,720,50000,128,719,27000,128
1100,20160112,11, 1,2,       1801 ,,142941,142941,142941613900,1,,,,,,0,720,50000,128,719,28000,128
1100,20160112,11, 1,2,       1801 ,,142941,142941,142941615000,1,,,,,,0,720,49000,128,719,28000,128
1100,20160112,11, 1,2,       1801 ,,142943,142943,142943031500,1,,,,,,0,720,50000,128,719,28000,128
1100,20160112,11, 1,2,       1801 ,,142943,142943,142943077900,1,,,,,,0,720,50000,128,719,27000,128
1100,20160112,11, 1,2,       1801 ,,142943,142943,142943707500,1,,,,,,0,720,50000,128,719,28000,128
1100,20160112,11, 1,2,       1801 ,,142943,142943,142943911000,1,,,,,,0,720,50000,128,719,27000,128
1100,20160112,11, 1,2,       1801 ,,142945,142945,142945354400,1,,,,,,0,720,50000,128,719,28000,128
1100,20160112,11, 1,2,       1801 ,,142946,142946,142946051000,1,,,,,,0,720,50000,128,719,27000,128
1100,20160112,11, 1,2,       1801 ,,142947,142947,142947659100,1,,,,,,0,720,50000,128,719,28000,128
1100,20160112,11, 1,2,       1801 ,,142950,142950,142950055400,1,,,,,,0,720,69000,128,719,28000,128
1100,20160112,11, 1,2,       1801 ,,142950,142950,142950056600,1,,,,,,0,720,69000,128,719,27000,128
1100,20160112,11, 1,2,       1801 ,,142950,142950,142950074200,1,,,,,,0,720,68000,128,719,27000,128
1100,20160112,11, 1,2,       1801 ,142950,142950,142950,142950079800,1,719,16,0,1000,0,0,720,68000,128,719,26000,128
1100,20160112,11, 1,2,       1801 ,,142950,142950,142950080800,1,,,,,,0,720,67000,128,719,26000,128
1100,20160112,11, 1,2,       1801 ,,142950,142950,142950638200,1,,,,,,0,720,67000,128,719,30000,128
1100,20160112,11, 1,2,       1801 ,,142952,142952,142952286000,1,,,,,,0,720,67000,128,719,31000,128
1100,20160112,11, 1,2,       1801 ,,142952,142952,142952292400,1,,,,,,0,720,66000,128,719,31000,128
1100,20160112,11, 1,2,       1801 ,,142952,142952,142952920300,1,,,,,,0,720,66000,128,719,33000,128
1100,20160112,11, 1,2,       1801 ,,142953,142953,142953640600,1,,,,,,0,720,66000,128,719,31000,128
1100,20160112,11, 1,2,       1801 ,,142954,142954,142954074600,1,,,,,,0,720,67000,128,719,31000,128
1100,20160112,11, 1,2,       1801 ,,142954,142954,142954501900,1,,,,,,0,720,67000,128,719,30000,128
1100,20160112,11, 1,2,       1801 ,,142957,142957,142957216600,1,,,,,,0,720,65000,128,719,30000,128
1100,20160112,11, 1,2,       1801 ,,143000,143000,143000048700,1,,,,,,0,720,66000,128,719,30000,128
1100,20160112,11, 1,2,       1801 ,,143000,143000,143000432500,1,,,,,,0,720,66000,128,719,32000,128
1100,20160112,11, 1,2,       1801 ,,143000,143000,143000740200,1,,,,,,0,720,66000,128,719,30000,128
1100,20160112,11, 1,2,       1801 ,,143000,143000,143000944700,1,,,,,,0,720,65000,128,719,30000,128
1100,20160112,11, 1,2,       1801 ,,143001,143001,143001546100,1,,,,,,0,720,69000,128,719,30000,128
1100,20160112,11, 1,2,       1801 ,,143002,143002,143002065700,1,,,,,,0,720,69000,128,719,31000,128
1100,20160112,11, 1,2,       1801 ,,143003,143003,143003463100,1,,,,,,0,720,66000,128,719,31000,128
1100,20160112,11, 1,2,       1801 ,,143003,143003,143003943400,1,,,,,,0,720,74000,128,719,31000,128
1100,20160112,11, 1,2,       1801 ,,143004,143004,143004503100,1,,,,,,0,720,74000,128,719,32000,128
1100,20160112,11, 1,2,       1801 ,,143005,143005,143005069800,1,,,,,,0,720,74000,128,719,35000,128
1100,20160112,11, 1,2,       1801 ,,143006,143006,143006698400,1,,,,,,0,720,74000,128,719,34000,128
1100,20160112,11, 1,2,       1801 ,,143010,143010,143010072200,1,,,,,,0,720,74000,128,719,32000,128
1100,20160112,11, 1,2,       1801 ,,143010,143010,143010529700,1,,,,,,0,720,74000,128,719,33000,128
1100,20160112,11, 1,2,       1801 ,,143010,143010,143010855300,1,,,,,,0,720,74000,128,719,34000,128
1100,20160112,11, 1,2,       1801 ,,143011,143011,143011908400,1,,,,,,0,720,71000,128,719,34000,128
1100,20160112,11, 1,2,       1801 ,,143011,143011,143011909700,1,,,,,,0,720,70000,128,719,34000,128
1100,20160112,11, 1,2,       1801 ,,143014,143014,143014251600,1,,,,,,0,720,58000,128,719,34000,128
1100,20160112,11, 1,2,       1801 ,143016,143016,143016,143016209900,1,719,16,0,1000,0,0,720,58000,128,719,33000,128
1100,20160112,11, 1,2,       1801 ,,143018,143018,143018566500,1,,,,,,0,720,58000,128,719,33000,128
1100,20160112,11, 1,2,       1801 ,,143019,143019,143019175700,1,,,,,,0,720,59000,128,719,33000,128
1100,20160112,11, 1,2,       1801 ,,143019,143019,143019177000,1,,,,,,0,720,59000,128,719,34000,128
1100,20160112,11, 1,2,       1801 ,,143021,143021,143021027000,1,,,,,,0,720,59000,128,719,33000,128
1100,20160112,11, 1,2,       1801 ,,143021,143021,143021028000,1,,,,,,0,720,59000,128,719,31000,128
1100,20160112,11, 1,2,       1801 ,,143026,143026,143026591800,1,,,,,,0,720,59000,128,719,30000,128
1100,20160112,11, 1,2,       1801 ,,143026,143026,143026593200,1,,,,,,0,720,59000,128,719,29000,128
1100,20160112,11, 1,2,       1801 ,,143026,143026,143026829900,1,,,,,,0,720,60000,128,719,29000,128
1100,20160112,11, 1,2,       1801 ,,143031,143031,143031307100,1,,,,,,0,720,60000,128,719,39000,128
1100,20160112,11, 1,2,       1801 ,,143031,143031,143031308300,1,,,,,,0,720,59000,128,719,39000,128
1100,20160112,11, 1,2,       1801 ,,143031,143031,143031309100,1,,,,,,0,720,59000,128,719,44000,128
1100,20160112,11, 1,2,       1801 ,,143031,143031,143031310300,1,,,,,,0,720,58000,128,719,44000,128
1100,20160112,11, 1,2,       1801 ,,143037,143037,143037996900,1,,,,,,0,720,59000,128,719,44000,128
1100,20160112,11, 1,2,       1801 ,,143038,143038,143038629500,1,,,,,,0,720,59000,128,719,45000,128
1100,20160112,11, 1,2,       1801 ,,143038,143038,143038680500,1,,,,,,0,720,58000,128,719,45000,128
1100,20160112,11, 1,2,       1801 ,,143039,143039,143039630100,1,,,,,,0,720,58000,128,719,47000,128
1100,20160112,11, 1,2,       1801 ,,143040,143040,143040542700,1,,,,,,0,720,54000,128,719,47000,128
1100,20160112,11, 1,2,       1801 ,143040,143040,143040,143040930500,1,719,16,0,2000,0,0,720,54000,128,719,45000,128
1100,20160112,11, 1,2,       1801 ,,143041,143041,143041342800,1,,,,,,0,720,54000,128,719,46000,128
1100,20160112,11, 1,2,       1801 ,,143045,143045,143045874100,1,,,,,,0,720,57000,128,719,46000,128
1100,20160112,11, 1,2,       1801 ,143045,143045,143045,143045991500,1,720,48,0,2000,0,0,720,55000,128,719,46000,128
1100,20160112,11, 1,2,       1801 ,143046,143046,143046,143046006500,1,720,48,0,2000,0,0,720,53000,128,719,46000,128
1100,20160112,11, 1,2,       1801 ,143046,143046,143046,143046009300,1,720,48,0,5000,0,0,720,48000,128,719,46000,128
1100,20160112,11, 1,2,       1801 ,,143046,143046,143046014500,1,,,,,,0,720,48000,128,719,47000,128
1100,20160112,11, 1,2,       1801 ,143046,143046,143046,143046018100,1,720,48,0,1000,0,0,720,47000,128,719,47000,128
1100,20160112,11, 1,2,       1801 ,,143046,143046,143046020100,1,,,,,,0,720,47000,128,719,51000,128
1100,20160112,11, 1,2,       1801 ,143046,143046,143046,143046022800,1,720,48,0,1000,0,0,720,46000,128,719,51000,128
1100,20160112,11, 1,2,       1801 ,143046,143046,143046,143046030500,1,720,48,0,4000,0,0,720,42000,128,719,51000,128
1100,20160112,11, 1,2,       1801 ,,143046,143046,143046034400,1,,,,,,0,720,42000,128,719,52000,128
1100,20160112,11, 1,2,       1801 ,,143046,143046,143046333700,1,,,,,,0,720,42000,128,719,67000,128
1100,20160112,11, 1,2,       1801 ,,143046,143046,143046367600,1,,,,,,0,720,42000,128,719,66000,128
1100,20160112,11, 1,2,       1801 ,,143046,143046,143046404000,1,,,,,,0,720,34000,128,719,66000,128
1100,20160112,11, 1,2,       1801 ,143046,143046,143046,143046405400,1,720,48,0,2000,0,0,720,32000,128,719,66000,128
1100,20160112,11, 1,2,       1801 ,,143046,143046,143046406300,1,,,,,,0,720,32000,128,719,65000,128
1100,20160112,11, 1,2,       1801 ,,143046,143046,143046407200,1,,,,,,0,720,32000,128,719,64000,128
1100,20160112,11, 1,2,       1801 ,,143046,143046,143046420100,1,,,,,,0,720,32000,128,719,62000,128
1100,20160112,11, 1,2,       1801 ,143046,143046,143046,143046673900,1,720,48,0,2000,0,0,720,30000,128,719,62000,128
1100,20160112,11, 1,2,       1801 ,143046,143046,143046,143046675400,1,720,48,0,3000,0,0,720,27000,128,719,62000,128
1100,20160112,11, 1,2,       1801 ,143046,143046,143046,143046677200,1,720,48,0,27000,0,0,721,98000,128,719,62000,128
1100,20160112,11, 1,2,       1801 ,,143046,143046,143046679100,1,,,,,,0,721,98000,128,720,1000,128
1100,20160112,11, 1,2,       1801 ,,143046,143046,143046679800,1,,,,,,0,721,98000,128,720,3000,128
1100,20160112,11, 1,2,       1801 ,,143046,143046,143046682800,1,,,,,,0,721,98000,128,720,4000,128
1100,20160112,11, 1,2,       1801 ,,143046,143046,143046688700,1,,,,,,0,721,98000,128,720,2000,128
1100,20160112,11, 1,2,       1801 ,,143046,143046,143046811100,1,,,,,,0,721,94000,128,720,2000,128
1100,20160112,11, 1,2,       1801 ,143046,143046,143046,143046944400,1,721,48,0,1000,0,0,721,93000,128,720,2000,128
1100,20160112,11, 1,2,       1801 ,,143046,143046,143046946000,1,,,,,,0,721,92000,128,720,2000,128
1100,20160112,11, 1,2,       1801 ,,143046,143046,143046946900,1,,,,,,0,721,92000,128,720,3000,128
1100,20160112,11, 1,2,       1801 ,,143047,143047,143047399000,1,,,,,,0,721,92000,128,720,2000,128
1100,20160112,11, 1,2,       1801 ,,143047,143047,143047596400,1,,,,,,0,721,92000,128,720,3000,128
1100,20160112,11, 1,2,       1801 ,143047,143047,143047,143047898300,1,720,16,0,1000,0,0,721,92000,128,720,2000,128
1100,20160112,11, 1,2,       1801 ,,143048,143048,143048164400,1,,,,,,0,721,92000,128,720,2000,128
1100,20160112,11, 1,2,       1801 ,143048,143048,143048,143048638300,1,720,16,0,2000,0,0,721,92000,128,719,72000,128
1100,20160112,11, 1,2,       1801 ,,143048,143048,143048639900,1,,,,,,0,721,92000,128,719,71000,128
1100,20160112,11, 1,2,       1801 ,,143050,143050,143050489800,1,,,,,,0,721,92000,128,719,72000,128
1100,20160112,11, 1,2,       1801 ,,143055,143055,143055825800,1,,,,,,0,721,92000,128,719,73000,128
1100,20160112,11, 1,2,       1801 ,,143055,143055,143055878400,1,,,,,,0,721,92000,128,719,72000,128
1100,20160112,11, 1,2,       1801 ,,143056,143056,143056802000,1,,,,,,0,721,94000,128,719,72000,128
1100,20160112,11, 1,2,       1801 ,,143057,143057,143057198900,1,,,,,,0,721,94000,128,719,71000,128
1100,20160112,11, 1,2,       1801 ,,143059,143059,143059955600,1,,,,,,0,721,92000,128,719,71000,128
1100,20160112,11, 1,2,       1801 ,,143102,143102,143102712600,1,,,,,,0,721,92000,128,719,72000,128
1100,20160112,11, 1,2,       1801 ,,143103,143103,143103142200,1,,,,,,0,721,120000,128,719,72000,128
1100,20160112,11, 1,2,       1801 ,,143105,143105,143105542000,1,,,,,,0,721,126000,128,719,72000,128
1100,20160112,11, 1,2,       1801 ,,143110,143110,143110954100,1,,,,,,0,721,126000,128,719,73000,128
1100,20160112,11, 1,2,       1801 ,,143112,143112,143112547100,1,,,,,,0,721,126000,128,719,79000,128
1100,20160112,11, 1,2,       1801 ,,143115,143115,143115532000,1,,,,,,0,721,126000,128,719,77000,128
1100,20160112,11, 1,2,       1801 ,,143115,143115,143115533200,1,,,,,,0,720,2000,128,719,77000,128
1100,20160112,11, 1,2,       1801 ,,143115,143115,143115537600,1,,,,,,0,720,2000,128,719,75000,128
1100,20160112,11, 1,2,       1801 ,,143115,143115,143115540100,1,,,,,,0,720,3000,128,719,75000,128
1100,20160112,11, 1,2,       1801 ,,143115,143115,143115542200,1,,,,,,0,720,3000,128,719,70000,128
1100,20160112,11, 1,2,       1801 ,143115,143115,143115,143115543300,1,720,48,0,1000,0,0,720,2000,128,719,70000,128
1100,20160112,11, 1,2,       1801 ,,143115,143115,143115545400,1,,,,,,0,720,5000,128,719,70000,128
1100,20160112,11, 1,2,       1801 ,,143115,143115,143115546600,1,,,,,,0,720,4000,128,719,70000,128
1100,20160112,11, 1,2,       1801 ,,143115,143115,143115560300,1,,,,,,0,720,4000,128,719,69000,128
1100,20160112,11, 1,2,       1801 ,,143115,143115,143115562400,1,,,,,,0,720,5000,128,719,69000,128
1100,20160112,11, 1,2,       1801 ,,143115,143115,143115607800,1,,,,,,0,720,5000,128,719,64000,128
1100,20160112,11, 1,2,       1801 ,,143115,143115,143115636800,1,,,,,,0,720,5000,128,719,58000,128
1100,20160112,11, 1,2,       1801 ,,143115,143115,143115720600,1,,,,,,0,720,5000,128,719,60000,128
1100,20160112,11, 1,2,       1801 ,,143115,143115,143115751500,1,,,,,,0,720,5000,128,719,59000,128
1100,20160112,11, 1,2,       1801 ,143115,143115,143115,143115854000,1,720,48,0,1000,0,0,720,4000,128,719,59000,128
1100,20160112,11, 1,2,       1801 ,,143115,143115,143115856000,1,,,,,,0,720,4000,128,719,59000,128
1100,20160112,11, 1,2,       1801 ,,143116,143116,143116036600,1,,,,,,0,720,9000,128,719,59000,128
1100,20160112,11, 1,2,       1801 ,,143118,143118,143118152700,1,,,,,,0,720,8000,128,719,59000,128
1100,20160112,11, 1,2,       1801 ,,143119,143119,143119511900,1,,,,,,0,720,3000,128,719,59000,128
1100,20160112,11, 1,2,       1801 ,,143119,143119,143119513300,1,,,,,,0,720,3000,128,719,60000,128
1100,20160112,11, 1,2,       1801 ,,143119,143119,143119513900,1,,,,,,0,721,129000,128,719,60000,128
1100,20160112,11, 1,2,       1801 ,,143126,143126,143126457100,1,,,,,,0,721,129000,128,719,65000,128
1100,20160112,11, 1,2,       1801 ,,143126,143126,143126458500,1,,,,,,0,721,129000,128,719,70000,128
1100,20160112,11, 1,2,       1801 ,,143129,143129,143129286100,1,,,,,,0,721,129000,128,719,71000,128
1100,20160112,11, 1,2,       1801 ,,143133,143133,143133710800,1,,,,,,0,721,129000,128,719,77000,128
1100,20160112,11, 1,2,       1801 ,,143133,143133,143133712100,1,,,,,,0,721,129000,128,719,79000,128
1100,20160112,11, 1,2,       1801 ,,143143,143143,143143337800,1,,,,,,0,720,5000,128,719,79000,128
1100,20160112,11, 1,2,       1801 ,,143143,143143,143143341300,1,,,,,,0,720,5000,128,719,77000,128
1100,20160112,11, 1,2,       1801 ,,143143,143143,143143342300,1,,,,,,0,720,6000,128,719,77000,128
1100,20160112,11, 1,2,       1801 ,,143143,143143,143143348300,1,,,,,,0,720,6000,128,719,72000,128
1100,20160112,11, 1,2,       1801 ,,143143,143143,143143360700,1,,,,,,0,720,6000,128,719,66000,128
1100,20160112,11, 1,2,       1801 ,,143143,143143,143143361900,1,,,,,,0,720,6000,128,719,65000,128
1100,20160112,11, 1,2,       1801 ,,143143,143143,143143781500,1,,,,,,0,720,7000,128,719,65000,128
1100,20160112,11, 1,2,       1801 ,,143143,143143,143143782800,1,,,,,,0,720,7000,128,719,60000,128
1100,20160112,11, 1,2,       1801 ,,143146,143146,143146271700,1,,,,,,0,720,6000,128,719,60000,128
1100,20160112,11, 1,2,       1801 ,,143147,143147,143147129300,1,,,,,,0,720,1000,128,719,60000,128
1100,20160112,11, 1,2,       1801 ,,143147,143147,143147130800,1,,,,,,0,720,1000,128,719,61000,128
1100,20160112,11, 1,2,       1801 ,,143147,143147,143147594500,1,,,,,,0,720,27000,128,719,61000,128
1100,20160112,11, 1,2,       1801 ,,143147,143147,143147595600,1,,,,,,0,720,27000,128,719,60000,128
1100,20160112,11, 1,2,       1801 ,,143147,143147,143147596400,1,,,,,,0,720,30000,128,719,60000,128
1100,20160112,11, 1,2,       1801 ,,143147,143147,143147597000,1,,,,,,0,720,32000,128,719,60000,128
1100,20160112,11, 1,2,       1801 ,,143147,143147,143147597600,1,,,,,,0,720,37000,128,719,60000,128
1100,20160112,11, 1,2,       1801 ,,143147,143147,143147598400,1,,,,,,0,720,37000,128,719,59000,128
1100,20160112,11, 1,2,       1801 ,,143147,143147,143147599100,1,,,,,,0,720,38000,128,719,59000,128
1100,20160112,11, 1,2,       1801 ,,143147,143147,143147599900,1,,,,,,0,720,38000,128,719,57000,128
1100,20160112,11, 1,2,       1801 ,,143148,143148,143148854200,1,,,,,,0,720,37000,128,719,57000,128
1100,20160112,11, 1,2,       1801 ,,143149,143149,143149606900,1,,,,,,0,720,38000,128,719,57000,128
1100,20160112,11, 1,2,       1801 ,,143149,143149,143149994200,1,,,,,,0,720,37000,128,719,57000,128
1100,20160112,11, 1,2,       1801 ,,143150,143150,143150376900,1,,,,,,0,720,38000,128,719,57000,128
1100,20160112,11, 1,2,       1801 ,,143151,143151,143151022100,1,,,,,,0,720,37000,128,719,57000,128
1100,20160112,11, 1,2,       1801 ,,143151,143151,143151779900,1,,,,,,0,720,38000,128,719,57000,128
1100,20160112,11, 1,2,       1801 ,,143152,143152,143152439800,1,,,,,,0,720,37000,128,719,57000,128
1100,20160112,11, 1,2,       1801 ,,143152,143152,143152548300,1,,,,,,0,720,38000,128,719,57000,128
1100,20160112,11, 1,2,       1801 ,,143152,143152,143152643000,1,,,,,,0,720,37000,128,719,57000,128
1100,20160112,11, 1,2,       1801 ,,143155,143155,143155684300,1,,,,,,0,720,39000,128,719,57000,128
1100,20160112,11, 1,2,       1801 ,,143156,143156,143156209000,1,,,,,,0,720,40000,128,719,57000,128
1100,20160112,11, 1,2,       1801 ,,143157,143157,143157121500,1,,,,,,0,720,40000,128,719,56000,128
1100,20160112,11, 1,2,       1801 ,,143158,143158,143158550500,1,,,,,,0,720,42000,128,719,56000,128
1100,20160112,11, 1,2,       1801 ,,143158,143158,143158552100,1,,,,,,0,720,47000,128,719,56000,128
1100,20160112,11, 1,2,       1801 ,,143158,143158,143158553300,1,,,,,,0,720,47000,128,719,54000,128
1100,20160112,11, 1,2,       1801 ,,143200,143200,143200417000,1,,,,,,0,720,56000,128,719,54000,128
1100,20160112,11, 1,2,       1801 ,,143200,143200,143200418600,1,,,,,,0,720,56000,128,719,53000,128
1100,20160112,11, 1,2,       1801 ,,143200,143200,143200913800,1,,,,,,0,720,56000,128,719,54000,128
1100,20160112,11, 1,2,       1801 ,,143204,143204,143204644800,1,,,,,,0,720,45000,128,719,54000,128
1100,20160112,11, 1,2,       1801 ,,143207,143207,143207132000,1,,,,,,0,720,38000,128,719,54000,128
1100,20160112,11, 1,2,       1801 ,,143208,143208,143208777600,1,,,,,,0,720,38000,128,719,55000,128
1100,20160112,11, 1,2,       1801 ,,143210,143210,143210371600,1,,,,,,0,720,30000,128,719,55000,128
1100,20160112,11, 1,2,       1801 ,,143210,143210,143210395800,1,,,,,,0,720,29000,128,719,55000,128
1100,20160112,11, 1,2,       1801 ,,143210,143210,143210447000,1,,,,,,0,720,30000,128,719,55000,128
1100,20160112,11, 1,2,       1801 ,,143210,143210,143210544000,1,,,,,,0,720,30000,128,719,40000,128
1100,20160112,11, 1,2,       1801 ,,143210,143210,143210557200,1,,,,,,0,720,29000,128,719,40000,128
1100,20160112,11, 1,2,       1801 ,,143210,143210,143210569800,1,,,,,,0,720,30000,128,719,40000,128
1100,20160112,11, 1,2,       1801 ,,143211,143211,143211841200,1,,,,,,0,720,31000,128,719,40000,128
1100,20160112,11, 1,2,       1801 ,,143213,143213,143213170700,1,,,,,,0,720,33000,128,719,40000,128
1100,20160112,11, 1,2,       1801 ,,143213,143213,143213294900,1,,,,,,0,720,33000,128,719,36000,128
1100,20160112,11, 1,2,       1801 ,,143213,143213,143213438500,1,,,,,,0,720,33000,128,719,40000,128
1100,20160112,11, 1,2,       1801 ,,143213,143213,143213462600,1,,,,,,0,720,33000,128,719,36000,128
1100,20160112,11, 1,2,       1801 ,,143213,143213,143213463700,1,,,,,,0,720,33000,128,719,40000,128
1100,20160112,11, 1,2,       1801 ,,143213,143213,143213467300,1,,,,,,0,720,33000,128,719,36000,128
1100,20160112,11, 1,2,       1801 ,,143213,143213,143213546300,1,,,,,,0,720,48000,128,719,36000,128
1100,20160112,11, 1,2,       1801 ,,143214,143214,143214495000,1,,,,,,0,720,48000,128,719,40000,128
1100,20160112,11, 1,2,       1801 ,143215,143215,143215,143215364300,1,720,48,0,1000,0,0,720,47000,128,719,40000,128
1100,20160112,11, 1,2,       1801 ,,143215,143215,143215671300,1,,,,,,0,720,47000,128,719,36000,128
1100,20160112,11, 1,2,       1801 ,,143215,143215,143215694600,1,,,,,,0,720,47000,128,719,40000,128
1100,20160112,11, 1,2,       1801 ,,143215,143215,143215700700,1,,,,,,0,720,47000,128,719,36000,128
1100,20160112,11, 1,2,       1801 ,,143215,143215,143215733700,1,,,,,,0,720,47000,128,719,40000,128
1100,20160112,11, 1,2,       1801 ,,143215,143215,143215735700,1,,,,,,0,720,32000,128,719,40000,128
1100,20160112,11, 1,2,       1801 ,,143215,143215,143215737200,1,,,,,,0,720,32000,128,719,43000,128
1100,20160112,11, 1,2,       1801 ,,143216,143216,143216276600,1,,,,,,0,720,33000,128,719,43000,128
1100,20160112,11, 1,2,       1801 ,,143216,143216,143216277800,1,,,,,,0,720,34000,128,719,43000,128
1100,20160112,11, 1,2,       1801 ,,143216,143216,143216694700,1,,,,,,0,720,41000,128,719,43000,128
1100,20160112,11, 1,2,       1801 ,,143216,143216,143216697700,1,,,,,,0,720,41000,128,719,39000,128
1100,20160112,11, 1,2,       1801 ,,143216,143216,143216882100,1,,,,,,0,720,41000,128,719,43000,128
1100,20160112,11, 1,2,       1801 ,,143216,143216,143216951700,1,,,,,,0,720,41000,128,719,39000,128
1100,20160112,11, 1,2,       1801 ,,143216,143216,143216997100,1,,,,,,0,720,41000,128,719,43000,128
1100,20160112,11, 1,2,       1801 ,,143217,143217,143217101400,1,,,,,,0,720,41000,128,719,39000,128
1100,20160112,11, 1,2,       1801 ,,143217,143217,143217131600,1,,,,,,0,720,41000,128,719,43000,128
1100,20160112,11, 1,2,       1801 ,,143217,143217,143217151700,1,,,,,,0,720,41000,128,719,39000,128
1100,20160112,11, 1,2,       1801 ,,143217,143217,143217230200,1,,,,,,0,720,41000,128,719,43000,128
1100,20160112,11, 1,2,       1801 ,,143217,143217,143217234700,1,,,,,,0,720,41000,128,719,39000,128
1100,20160112,11, 1,2,       1801 ,,143217,143217,143217865000,1,,,,,,0,720,41000,128,719,43000,128
1100,20160112,11, 1,2,       1801 ,,143219,143219,143219524500,1,,,,,,0,720,41000,128,719,44000,128
1100,20160112,11, 1,2,       1801 ,,143222,143222,143222371300,1,,,,,,0,720,39000,128,719,44000,128
1100,20160112,11, 1,2,       1801 ,,143226,143226,143226659800,1,,,,,,0,720,39000,128,719,45000,128
1100,20160112,11, 1,2,       1801 ,,143227,143227,143227340300,1,,,,,,0,720,39000,128,719,44000,128
1100,20160112,11, 1,2,       1801 ,,143227,143227,143227701900,1,,,,,,0,720,39000,128,719,45000,128
1100,20160112,11, 1,2,       1801 ,,143228,143228,143228841600,1,,,,,,0,720,39000,128,719,44000,128
1100,20160112,11, 1,2,       1801 ,,143231,143231,143231707000,1,,,,,,0,720,32000,128,719,44000,128
1100,20160112,11, 1,2,       1801 ,,143233,143233,143233001400,1,,,,,,0,720,33000,128,719,44000,128
1100,20160112,11, 1,2,       1801 ,,143233,143233,143233553000,1,,,,,,0,720,42000,128,719,44000,128
1100,20160112,11, 1,2,       1801 ,,143235,143235,143235235300,1,,,,,,0,720,42000,128,719,45000,128
1100,20160112,11, 1,2,       1801 ,,143238,143238,143238781600,1,,,,,,0,720,44000,128,719,45000,128
1100,20160112,11, 1,2,       1801 ,,143239,143239,143239655500,1,,,,,,0,720,44000,128,719,46000,128
1100,20160112,11, 1,2,       1801 ,,143240,143240,143240189300,1,,,,,,0,720,44000,128,719,45000,128
1100,20160112,11, 1,2,       1801 ,,143240,143240,143240774600,1,,,,,,0,720,42000,128,719,45000,128
1100,20160112,11, 1,2,       1801 ,,143242,143242,143242063000,1,,,,,,0,720,42000,128,719,46000,128
1100,20160112,11, 1,2,       1801 ,,143242,143242,143242508300,1,,,,,,0,720,42000,128,719,45000,128
1100,20160112,11, 1,2,       1801 ,,143243,143243,143243166900,1,,,,,,0,720,43000,128,719,45000,128
1100,20160112,11, 1,2,       1801 ,,143245,143245,143245250400,1,,,,,,0,720,36000,128,719,45000,128
1100,20160112,11, 1,2,       1801 ,,143248,143248,143248023100,1,,,,,,0,720,29000,128,719,45000,128
1100,20160112,11, 1,2,       1801 ,,143248,143248,143248024500,1,,,,,,0,720,28000,128,719,45000,128
1100,20160112,11, 1,2,       1801 ,,143248,143248,143248025200,1,,,,,,0,720,28000,128,719,46000,128
1100,20160112,11, 1,2,       1801 ,,143250,143250,143250012700,1,,,,,,0,720,27000,128,719,46000,128
1100,20160112,11, 1,2,       1801 ,,143254,143254,143254142000,1,,,,,,0,720,28000,128,719,46000,128
1100,20160112,11, 1,2,       1801 ,,143255,143255,143255192600,1,,,,,,0,720,28000,128,719,45000,128
1100,20160112,11, 1,2,       1801 ,,143255,143255,143255194200,1,,,,,,0,720,29000,128,719,45000,128
1100,20160112,11, 1,2,       1801 ,,143256,143256,143256641800,1,,,,,,0,720,29000,128,719,46000,128
1100,20160112,11, 1,2,       1801 ,,143259,143259,143259126000,1,,,,,,0,720,44000,128,719,46000,128
1100,20160112,11, 1,2,       1801 ,,143259,143259,143259128100,1,,,,,,0,720,44000,128,719,45000,128
1100,20160112,11, 1,2,       1801 ,,143300,143300,143300620900,1,,,,,,0,720,44000,128,719,46000,128
1100,20160112,11, 1,2,       1801 ,,143300,143300,143300866500,1,,,,,,0,720,44000,128,719,45000,128
1100,20160112,11, 1,2,       1801 ,,143301,143301,143301360500,1,,,,,,0,720,48000,128,719,45000,128
1100,20160112,11, 1,2,       1801 ,,143302,143302,143302220400,1,,,,,,0,720,48000,128,719,46000,128
1100,20160112,11, 1,2,       1801 ,,143304,143304,143304033900,1,,,,,,0,720,48000,128,719,50000,128
1100,20160112,11, 1,2,       1801 ,,143306,143306,143306060700,1,,,,,,0,720,49000,128,719,50000,128
1100,20160112,11, 1,2,       1801 ,,143306,143306,143306571200,1,,,,,,0,720,49000,128,719,51000,128
1100,20160112,11, 1,2,       1801 ,,143309,143309,143309146000,1,,,,,,0,720,48000,128,719,51000,128
1100,20160112,11, 1,2,       1801 ,,143310,143310,143310420400,1,,,,,,0,720,49000,128,719,51000,128
1100,20160112,11, 1,2,       1801 ,,143310,143310,143310447900,1,,,,,,0,720,48000,128,719,51000,128
1100,20160112,11, 1,2,       1801 ,,143311,143311,143311513800,1,,,,,,0,720,49000,128,719,51000,128
1100,20160112,11, 1,2,       1801 ,,143312,143312,143312314100,1,,,,,,0,720,45000,128,719,51000,128
1100,20160112,11, 1,2,       1801 ,,143312,143312,143312463800,1,,,,,,0,720,44000,128,719,51000,128
1100,20160112,11, 1,2,       1801 ,,143312,143312,143312701500,1,,,,,,0,720,45000,128,719,51000,128
1100,20160112,11, 1,2,       1801 ,,143313,143313,143313079600,1,,,,,,0,720,44000,128,719,51000,128
1100,20160112,11, 1,2,       1801 ,,143314,143314,143314192600,1,,,,,,0,720,45000,128,719,51000,128
1100,20160112,11, 1,2,       1801 ,,143314,143314,143314748300,1,,,,,,0,720,44000,128,719,51000,128
1100,20160112,11, 1,2,       1801 ,,143315,143315,143315264800,1,,,,,,0,720,45000,128,719,51000,128
1100,20160112,11, 1,2,       1801 ,,143316,143316,143316108900,1,,,,,,0,720,44000,128,719,51000,128
1100,20160112,11, 1,2,       1801 ,,143317,143317,143317733600,1,,,,,,0,720,45000,128,719,51000,128
1100,20160112,11, 1,2,       1801 ,,143317,143317,143317873800,1,,,,,,0,720,44000,128,719,51000,128
1100,20160112,11, 1,2,       1801 ,,143317,143317,143317911800,1,,,,,,0,720,44000,128,719,53000,128
1100,20160112,11, 1,2,       1801 ,,143317,143317,143317923900,1,,,,,,0,720,29000,128,719,53000,128
1100,20160112,11, 1,2,       1801 ,,143317,143317,143317925400,1,,,,,,0,720,29000,128,719,54000,128
1100,20160112,11, 1,2,       1801 ,,143317,143317,143317926100,1,,,,,,0,720,28000,128,719,54000,128
1100,20160112,11, 1,2,       1801 ,,143317,143317,143317930100,1,,,,,,0,720,23000,128,719,54000,128
1100,20160112,11, 1,2,       1801 ,,143317,143317,143317944800,1,,,,,,0,720,23000,128,719,59000,128
1100,20160112,11, 1,2,       1801 ,,143318,143318,143318064500,1,,,,,,0,720,18000,128,719,59000,128
1100,20160112,11, 1,2,       1801 ,,143318,143318,143318181400,1,,,,,,0,720,18000,128,719,54000,128
1100,20160112,11, 1,2,       1801 ,,143319,143319,143319710400,1,,,,,,0,720,23000,128,719,54000,128
1100,20160112,11, 1,2,       1801 ,,143319,143319,143319711900,1,,,,,,0,720,23000,128,719,53000,128
1100,20160112,11, 1,2,       1801 ,,143322,143322,143322870700,1,,,,,,0,720,23000,128,719,54000,128
1100,20160112,11, 1,2,       1801 ,,143328,143328,143328339200,1,,,,,,0,720,23000,128,719,55000,128
1100,20160112,11, 1,2,       1801 ,,143328,143328,143328340500,1,,,,,,0,720,23000,128,719,56000,128
1100,20160112,11, 1,2,       1801 ,,143328,143328,143328341100,1,,,,,,0,720,23000,128,719,61000,128
1100,20160112,11, 1,2,       1801 ,,143328,143328,143328541800,1,,,,,,0,720,33000,128,719,61000,128
1100,20160112,11, 1,2,       1801 ,,143328,143328,143328543100,1,,,,,,0,720,33000,128,719,60000,128
1100,20160112,11, 1,2,       1801 ,,143329,143329,143329050900,1,,,,,,0,720,31000,128,719,60000,128
1100,20160112,11, 1,2,       1801 ,,143329,143329,143329052300,1,,,,,,0,720,31000,128,719,61000,128
1100,20160112,11, 1,2,       1801 ,,143331,143331,143331541400,1,,,,,,0,720,32000,128,719,61000,128
1100,20160112,11, 1,2,       1801 ,,143331,143331,143331542900,1,,,,,,0,720,32000,128,719,60000,128
1100,20160112,11, 1,2,       1801 ,,143331,143331,143331589100,1,,,,,,0,720,32000,128,719,58000,128
1100,20160112,11, 1,2,       1801 ,,143331,143331,143331671100,1,,,,,,0,720,32000,128,719,57000,128
1100,20160112,11, 1,2,       1801 ,,143331,143331,143331763600,1,,,,,,0,720,32000,128,719,58000,128
1100,20160112,11, 1,2,       1801 ,,143331,143331,143331954700,1,,,,,,0,720,32000,128,719,65000,128
1100,20160112,11, 1,2,       1801 ,,143332,143332,143332104400,1,,,,,,0,720,32000,128,719,64000,128
1100,20160112,11, 1,2,       1801 ,,143332,143332,143332150800,1,,,,,,0,720,32000,128,719,65000,128
1100,20160112,11, 1,2,       1801 ,,143332,143332,143332841200,1,,,,,,0,720,32000,128,719,66000,128
1100,20160112,11, 1,2,       1801 ,,143332,143332,143332842800,1,,,,,,0,720,32000,128,719,65000,128
1100,20160112,11, 1,2,       1801 ,,143335,143335,143335032100,1,,,,,,0,720,31000,128,719,65000,128
1100,20160112,11, 1,2,       1801 ,,143335,143335,143335541800,1,,,,,,0,720,32000,128,719,65000,128
1100,20160112,11, 1,2,       1801 ,,143335,143335,143335865900,1,,,,,,0,720,31000,128,719,65000,128
1100,20160112,11, 1,2,       1801 ,,143335,143335,143335995700,1,,,,,,0,720,32000,128,719,65000,128
1100,20160112,11, 1,2,       1801 ,,143336,143336,143336251800,1,,,,,,0,720,31000,128,719,65000,128
1100,20160112,11, 1,2,       1801 ,,143336,143336,143336703400,1,,,,,,0,720,31000,128,719,64000,128
1100,20160112,11, 1,2,       1801 ,,143338,143338,143338151300,1,,,,,,0,720,31000,128,719,66000,128
1100,20160112,11, 1,2,       1801 ,,143338,143338,143338248200,1,,,,,,0,720,31000,128,719,67000,128
1100,20160112,11, 1,2,       1801 ,,143343,143343,143343837700,1,,,,,,0,720,32000,128,719,67000,128
1100,20160112,11, 1,2,       1801 ,,143343,143343,143343839500,1,,,,,,0,720,32000,128,719,65000,128
1100,20160112,11, 1,2,       1801 ,143345,143345,143345,143345470100,1,720,48,0,2000,0,0,720,30000,128,719,65000,128
1100,20160112,11, 1,2,       1801 ,,143345,143345,143345472500,1,,,,,,0,720,30000,128,719,66000,128
1100,20160112,11, 1,2,       1801 ,,143345,143345,143345627800,1,,,,,,0,720,29000,128,719,66000,128
1100,20160112,11, 1,2,       1801 ,,143346,143346,143346448300,1,,,,,,0,720,29000,128,719,65000,128
1100,20160112,11, 1,2,       1801 ,143347,143347,143347,143347236300,1,719,16,0,1000,0,0,720,29000,128,719,64000,128
1100,20160112,11, 1,2,       1801 ,,143347,143347,143347238900,1,,,,,,0,720,30000,128,719,64000,128
1100,20160112,11, 1,2,       1801 ,,143349,143349,143349200700,1,,,,,,0,720,30000,128,719,66000,128
1100,20160112,11, 1,2,       1801 ,,143350,143350,143350730800,1,,,,,,0,720,30000,128,719,64000,128
1100,20160112,11, 1,2,       1801 ,,143350,143350,143350755700,1,,,,,,0,720,30000,128,719,59000,128
1100,20160112,11, 1,2,       1801 ,,143350,143350,143350761700,1,,,,,,0,720,30000,128,719,58000,128
1100,20160112,11, 1,2,       1801 ,,143350,143350,143350864200,1,,,,,,0,720,30000,128,719,59000,128
1100,20160112,11, 1,2,       1801 ,,143350,143350,143350869200,1,,,,,,0,720,30000,128,719,60000,128
1100,20160112,11, 1,2,       1801 ,,143353,143353,143353216300,1,,,,,,0,720,30000,128,719,61000,128
1100,20160112,11, 1,2,       1801 ,143358,143358,143358,143358339300,1,720,48,0,1000,0,0,720,29000,128,719,60000,128
1100,20160112,11, 1,2,       1801 ,,143358,143358,143358713400,1,,,,,,0,720,29000,128,719,61000,128
1100,20160112,11, 1,2,       1801 ,,143358,143358,143358827900,1,,,,,,0,720,30000,128,719,61000,128
1100,20160112,11, 1,2,       1801 ,,143404,143404,143404990500,1,,,,,,0,720,30000,128,719,63000,128
1100,20160112,11, 1,2,       1801 ,,143404,143404,143404997900,1,,,,,,0,720,30000,128,719,68000,128
1100,20160112,11, 1,2,       1801 ,,143404,143404,143404999800,1,,,,,,0,720,30000,128,719,69000,128
1100,20160112,11, 1,2,       1801 ,,143405,143405,143405000500,1,,,,,,0,720,29000,128,719,69000,128
1100,20160112,11, 1,2,       1801 ,,143405,143405,143405001500,1,,,,,,0,720,27000,128,719,69000,128
1100,20160112,11, 1,2,       1801 ,143405,143405,143405,143405002800,1,720,48,0,1000,0,0,720,26000,128,719,69000,128
1100,20160112,11, 1,2,       1801 ,,143405,143405,143405024700,1,,,,,,0,720,21000,128,719,69000,128
1100,20160112,11, 1,2,       1801 ,,143406,143406,143406120900,1,,,,,,0,720,21000,128,719,84000,128
1100,20160112,11, 1,2,       1801 ,143406,143406,143406,143406122100,1,720,48,0,21000,0,0,721,81000,128,719,84000,128
1100,20160112,11, 1,2,       1801 ,,143406,143406,143406123700,1,,,,,,0,721,81000,128,719,84000,128
1100,20160112,11, 1,2,       1801 ,,143406,143406,143406124600,1,,,,,,0,721,81000,128,720,1000,128
1100,20160112,11, 1,2,       1801 ,,143406,143406,143406126000,1,,,,,,0,721,81000,128,720,3000,128
1100,20160112,11, 1,2,       1801 ,,143406,143406,143406128200,1,,,,,,0,721,81000,128,720,4000,128
1100,20160112,11, 1,2,       1801 ,,143406,143406,143406128800,1,,,,,,0,721,81000,128,720,5000,128
1100,20160112,11, 1,2,       1801 ,,143406,143406,143406129500,1,,,,,,0,721,75000,128,720,5000,128
1100,20160112,11, 1,2,       1801 ,143406,143406,143406,143406134000,1,720,16,0,1000,0,0,721,75000,128,720,4000,128
1100,20160112,11, 1,2,       1801 ,,143406,143406,143406135600,1,,,,,,0,721,75000,128,720,5000,128
1100,20160112,11, 1,2,       1801 ,,143406,143406,143406136400,1,,,,,,0,721,75000,128,720,6000,128
1100,20160112,11, 1,2,       1801 ,,143406,143406,143406137300,1,,,,,,0,721,75000,128,720,7000,128
1100,20160112,11, 1,2,       1801 ,,143406,143406,143406138000,1,,,,,,0,721,75000,128,720,8000,128
1100,20160112,11, 1,2,       1801 ,,143406,143406,143406141000,1,,,,,,0,721,69000,128,720,8000,128
1100,20160112,11, 1,2,       1801 ,,143406,143406,143406143000,1,,,,,,0,721,68000,128,720,8000,128
1100,20160112,11, 1,2,       1801 ,,143406,143406,143406145600,1,,,,,,0,721,63000,128,720,8000,128
1100,20160112,11, 1,2,       1801 ,,143406,143406,143406146800,1,,,,,,0,721,62000,128,720,8000,128
1100,20160112,11, 1,2,       1801 ,,143406,143406,143406149100,1,,,,,,0,721,62000,128,720,9000,128
1100,20160112,11, 1,2,       1801 ,,143406,143406,143406149800,1,,,,,,0,721,62000,128,720,10000,128
1100,20160112,11, 1,2,       1801 ,,143406,143406,143406150400,1,,,,,,0,721,60000,128,720,10000,128
1100,20160112,11, 1,2,       1801 ,,143406,143406,143406175200,1,,,,,,0,721,60000,128,720,11000,128
1100,20160112,11, 1,2,       1801 ,,143406,143406,143406548300,1,,,,,,0,721,61000,128,720,11000,128
1100,20160112,11, 1,2,       1801 ,,143406,143406,143406555700,1,,,,,,0,721,61000,128,720,10000,128
1100,20160112,11, 1,2,       1801 ,,143406,143406,143406910900,1,,,,,,0,721,61000,128,720,12000,128
1100,20160112,11, 1,2,       1801 ,,143408,143408,143408603700,1,,,,,,0,721,89000,128,720,12000,128
1100,20160112,11, 1,2,       1801 ,,143408,143408,143408918200,1,,,,,,0,721,89000,128,720,13000,128
1100,20160112,11, 1,2,       1801 ,,143410,143410,143410077300,1,,,,,,0,721,89000,128,720,14000,128
1100,20160112,11, 1,2,       1801 ,,143410,143410,143410083500,1,,,,,,0,721,89000,128,720,15000,128
1100,20160112,11, 1,2,       1801 ,143415,143415,143415,143415620400,1,720,16,0,10000,0,0,721,89000,128,720,5000,128
1100,20160112,11, 1,2,       1801 ,143415,143415,143415,143415623500,1,720,16,0,1000,0,0,721,89000,128,720,4000,128
1100,20160112,11, 1,2,       1801 ,143415,143415,143415,143415624400,1,720,16,0,4000,0,0,721,89000,128,719,96000,128
1100,20160112,11, 1,2,       1801 ,,143415,143415,143415625600,1,,,,,,0,721,89000,128,719,96000,128
1100,20160112,11, 1,2,       1801 ,,143415,143415,143415627500,1,,,,,,0,721,90000,128,719,96000,128
1100,20160112,11, 1,2,       1801 ,,143415,143415,143415631000,1,,,,,,0,721,90000,128,719,92000,128
1100,20160112,11, 1,2,       1801 ,,143415,143415,143415631800,1,,,,,,0,721,92000,128,719,92000,128
1100,20160112,11, 1,2,       1801 ,,143415,143415,143415632500,1,,,,,,0,720,3000,128,719,92000,128
1100,20160112,11, 1,2,       1801 ,,143415,143415,143415633100,1,,,,,,0,720,3000,128,719,90000,128
1100,20160112,11, 1,2,       1801 ,,143415,143415,143415636800,1,,,,,,0,720,3000,128,719,88000,128
1100,20160112,11, 1,2,       1801 ,,143415,143415,143415637500,1,,,,,,0,720,3000,128,719,90000,128
1100,20160112,11, 1,2,       1801 ,,143415,143415,143415638300,1,,,,,,0,720,3000,128,719,85000,128
1100,20160112,11, 1,2,       1801 ,,143415,143415,143415639000,1,,,,,,0,720,3000,128,719,83000,128
1100,20160112,11, 1,2,       1801 ,,143415,143415,143415639800,1,,,,,,0,720,3000,128,719,78000,128
1100,20160112,11, 1,2,       1801 ,,143415,143415,143415640500,1,,,,,,0,720,3000,128,719,74000,128
1100,20160112,11, 1,2,       1801 ,,143415,143415,143415828300,1,,,,,,0,720,4000,128,719,74000,128
1100,20160112,11, 1,2,       1801 ,,143415,143415,143415853000,1,,,,,,0,720,4000,128,719,73000,128
1100,20160112,11, 1,2,       1801 ,,143416,143416,143416296000,1,,,,,,0,720,4000,128,719,72000,128
1100,20160112,11, 1,2,       1801 ,,143416,143416,143416314100,1,,,,,,0,720,4000,128,719,71000,128
1100,20160112,11, 1,2,       1801 ,,143416,143416,143416517300,1,,,,,,0,720,20000,128,719,71000,128
1100,20160112,11, 1,2,       1801 ,,143416,143416,143416518600,1,,,,,,0,720,23000,128,719,71000,128
1100,20160112,11, 1,2,       1801 ,,143416,143416,143416519200,1,,,,,,0,720,25000,128,719,71000,128
1100,20160112,11, 1,2,       1801 ,,143416,143416,143416520500,1,,,,,,0,720,25000,128,719,70000,128
1100,20160112,11, 1,2,       1801 ,,143417,143417,143417069400,1,,,,,,0,720,25000,128,719,68000,128
1100,20160112,11, 1,2,       1801 ,,143420,143420,143420340700,1,,,,,,0,720,25000,128,719,69000,128
1100,20160112,11, 1,2,       1801 ,,143423,143423,143423735400,1,,,,,,0,720,30000,128,719,69000,128
1100,20160112,11, 1,2,       1801 ,,143423,143423,143423736800,1,,,,,,0,720,30000,128,719,68000,128
1100,20160112,11, 1,2,       1801 ,,143423,143423,143423737500,1,,,,,,0,720,30000,128,719,67000,128
1100,20160112,11, 1,2,       1801 ,,143423,143423,143423743800,1,,,,,,0,720,31000,128,719,67000,128
1100,20160112,11, 1,2,       1801 ,,143424,143424,143424611300,1,,,,,,0,720,15000,128,719,67000,128
1100,20160112,11, 1,2,       1801 ,,143424,143424,143424612700,1,,,,,,0,720,15000,128,719,68000,128
1100,20160112,11, 1,2,       1801 ,,143424,143424,143424794400,1,,,,,,0,720,10000,128,719,68000,128
1100,20160112,11, 1,2,       1801 ,,143424,143424,143424831200,1,,,,,,0,720,11000,128,719,68000,128
1100,20160112,11, 1,2,       1801 ,,143426,143426,143426619800,1,,,,,,0,720,13000,128,719,68000,128
1100,20160112,11, 1,2,       1801 ,,143426,143426,143426979000,1,,,,,,0,720,13000,128,719,69000,128
1100,20160112,11, 1,2,       1801 ,,143428,143428,143428745900,1,,,,,,0,720,12000,128,719,69000,128
1100,20160112,11, 1,2,       1801 ,,143431,143431,143431337700,1,,,,,,0,720,12000,128,719,68000,128
1100,20160112,11, 1,2,       1801 ,143431,143431,143431,143431378300,1,720,48,0,1000,0,0,720,11000,128,719,68000,128
1100,20160112,11, 1,2,       1801 ,,143431,143431,143431380000,1,,,,,,0,720,9000,128,719,68000,128
1100,20160112,11, 1,2,       1801 ,,143433,143433,143433911000,1,,,,,,0,720,9000,128,719,72000,128
1100,20160112,11, 1,2,       1801 ,,143435,143435,143435662400,1,,,,,,0,720,9000,128,719,73000,128
1100,20160112,11, 1,2,       1801 ,,143436,143436,143436574100,1,,,,,,0,720,9000,128,719,74000,128
1100,20160112,11, 1,2,       1801 ,,143438,143438,143438624700,1,,,,,,0,720,10000,128,719,74000,128
1100,20160112,11, 1,2,       1801 ,,143441,143441,143441926800,1,,,,,,0,720,11000,128,719,74000,128
1100,20160112,11, 1,2,       1801 ,,143443,143443,143443522700,1,,,,,,0,720,13000,128,719,74000,128
1100,20160112,11, 1,2,       1801 ,,143443,143443,143443527900,1,,,,,,0,720,18000,128,719,74000,128
1100,20160112,11, 1,2,       1801 ,,143449,143449,143449248200,1,,,,,,0,720,24000,128,719,74000,128
1100,20160112,11, 1,2,       1801 ,,143450,143450,143450048300,1,,,,,,0,720,24000,128,719,73000,128
1100,20160112,11, 1,2,       1801 ,,143450,143450,143450049800,1,,,,,,0,720,29000,128,719,73000,128
1100,20160112,11, 1,2,       1801 ,,143450,143450,143450118000,1,,,,,,0,720,30000,128,719,73000,128
1100,20160112,11, 1,2,       1801 ,,143450,143450,143450545400,1,,,,,,0,720,30000,128,719,69000,128
1100,20160112,11, 1,2,       1801 ,,143450,143450,143450546800,1,,,,,,0,720,30000,128,719,54000,128
1100,20160112,11, 1,2,       1801 ,,143451,143451,143451154300,1,,,,,,0,720,29000,128,719,54000,128
1100,20160112,11, 1,2,       1801 ,,143451,143451,143451155700,1,,,,,,0,720,30000,128,719,54000,128
1100,20160112,11, 1,2,       1801 ,,143451,143451,143451156800,1,,,,,,0,720,30000,128,719,53000,128
1100,20160112,11, 1,2,       1801 ,,143452,143452,143452713800,1,,,,,,0,720,31000,128,719,53000,128
1100,20160112,11, 1,2,       1801 ,,143453,143453,143453458500,1,,,,,,0,720,30000,128,719,53000,128
1100,20160112,11, 1,2,       1801 ,143455,143455,143455,143455242900,1,719,16,0,5000,0,0,720,30000,128,719,48000,128
1100,20160112,11, 1,2,       1801 ,,143455,143455,143455244700,1,,,,,,0,720,30000,128,719,45000,128
1100,20160112,11, 1,2,       1801 ,,143455,143455,143455245400,1,,,,,,0,720,32000,128,719,45000,128
1100,20160112,11, 1,2,       1801 ,,143455,143455,143455521500,1,,,,,,0,720,33000,128,719,45000,128
1100,20160112,11, 1,2,       1801 ,,143456,143456,143456900500,1,,,,,,0,720,31000,128,719,45000,128
1100,20160112,11, 1,2,       1801 ,,143456,143456,143456933400,1,,,,,,0,720,30000,128,719,45000,128
1100,20160112,11, 1,2,       1801 ,,143457,143457,143457140700,1,,,,,,0,720,30000,128,719,60000,128
1100,20160112,11, 1,2,       1801 ,,143457,143457,143457142100,1,,,,,,0,720,30000,128,719,61000,128
1100,20160112,11, 1,2,       1801 ,,143457,143457,143457142800,1,,,,,,0,720,25000,128,719,61000,128
1100,20160112,11, 1,2,       1801 ,,143457,143457,143457144200,1,,,,,,0,720,24000,128,719,61000,128
1100,20160112,11, 1,2,       1801 ,,143500,143500,143500474400,1,,,,,,0,720,24000,128,719,63000,128
1100,20160112,11, 1,2,       1801 ,,143501,143501,143501821400,1,,,,,,0,720,22000,128,719,63000,128
1100,20160112,11, 1,2,       1801 ,,143501,143501,143501828800,1,,,,,,0,720,25000,128,719,63000,128
1100,20160112,11, 1,2,       1801 ,,143501,143501,143501830100,1,,,,,,0,720,25000,128,719,67000,128
1100,20160112,11, 1,2,       1801 ,,143501,143501,143501836100,1,,,,,,0,720,20000,128,719,67000,128
1100,20160112,11, 1,2,       1801 ,143501,143501,143501,143501840200,1,720,48,0,20000,0,0,721,88000,128,719,67000,128
1100,20160112,11, 1,2,       1801 ,,143501,143501,143501854800,1,,,,,,0,721,88000,128,720,1000,128
1100,20160112,11, 1,2,       1801 ,,143501,143501,143501856900,1,,,,,,0,721,88000,128,720,3000,128
1100,20160112,11, 1,2,       1801 ,,143501,143501,143501868200,1,,,,,,0,721,86000,128,720,3000,128
1100,20160112,11, 1,2,       1801 ,,143501,143501,143501870900,1,,,,,,0,721,84000,128,720,3000,128
1100,20160112,11, 1,2,       1801 ,,143501,143501,143501873500,1,,,,,,0,721,84000,128,720,4000,128
1100,20160112,11, 1,2,       1801 ,,143501,143501,143501880700,1,,,,,,0,721,84000,128,720,5000,128
1100,20160112,11, 1,2,       1801 ,,143501,143501,143501882100,1,,,,,,0,721,84000,128,720,7000,128
1100,20160112,11, 1,2,       1801 ,,143501,143501,143501884600,1,,,,,,0,721,84000,128,720,8000,128
1100,20160112,11, 1,2,       1801 ,,143501,143501,143501885900,1,,,,,,0,721,84000,128,720,6000,128
1100,20160112,11, 1,2,       1801 ,,143501,143501,143501910600,1,,,,,,0,721,78000,128,720,6000,128
1100,20160112,11, 1,2,       1801 ,143501,143501,143501,143501959500,1,720,16,0,1000,0,0,721,78000,128,720,5000,128
1100,20160112,11, 1,2,       1801 ,,143501,143501,143501980900,1,,,,,,0,721,77000,128,720,5000,128
1100,20160112,11, 1,2,       1801 ,,143501,143501,143501983100,1,,,,,,0,721,71000,128,720,5000,128
1100,20160112,11, 1,2,       1801 ,,143501,143501,143501987000,1,,,,,,0,721,67000,128,720,5000,128
1100,20160112,11, 1,2,       1801 ,,143501,143501,143501988500,1,,,,,,0,721,67000,128,720,9000,128
1100,20160112,11, 1,2,       1801 ,,143501,143501,143501989800,1,,,,,,0,721,69000,128,720,9000,128
1100,20160112,11, 1,2,       1801 ,,143501,143501,143501992000,1,,,,,,0,721,67000,128,720,9000,128
1100,20160112,11, 1,2,       1801 ,,143502,143502,143502200400,1,,,,,,0,721,65000,128,720,9000,128
1100,20160112,11, 1,2,       1801 ,,143502,143502,143502390900,1,,,,,,0,721,60000,128,720,9000,128
1100,20160112,11, 1,2,       1801 ,,143502,143502,143502600000,1,,,,,,0,721,59000,128,720,9000,128
1100,20160112,11, 1,2,       1801 ,,143502,143502,143502652500,1,,,,,,0,721,59000,128,720,10000,128
1100,20160112,11, 1,2,       1801 ,,143502,143502,143502881900,1,,,,,,0,721,60000,128,720,10000,128
1100,20160112,11, 1,2,       1801 ,,143503,143503,143503402600,1,,,,,,0,721,60000,128,720,6000,128
1100,20160112,11, 1,2,       1801 ,,143503,143503,143503403900,1,,,,,,0,721,61000,128,720,6000,128
1100,20160112,11, 1,2,       1801 ,,143503,143503,143503404600,1,,,,,,0,721,63000,128,720,6000,128
1100,20160112,11, 1,2,       1801 ,,143504,143504,143504150700,1,,,,,,0,721,63000,128,720,5000,128
1100,20160112,11, 1,2,       1801 ,,143504,143504,143504257400,1,,,,,,0,721,63000,128,720,7000,128
1100,20160112,11, 1,2,       1801 ,,143504,143504,143504291600,1,,,,,,0,721,64000,128,720,7000,128
1100,20160112,11, 1,2,       1801 ,,143504,143504,143504902600,1,,,,,,0,721,64000,128,720,8000,128
1100,20160112,11, 1,2,       1801 ,,143505,143505,143505025700,1,,,,,,0,721,64000,128,720,7000,128
1100,20160112,11, 1,2,       1801 ,,143505,143505,143505511600,1,,,,,,0,721,64000,128,720,8000,128
1100,20160112,11, 1,2,       1801 ,,143505,143505,143505664400,1,,,,,,0,721,63000,128,720,8000,128
1100,20160112,11, 1,2,       1801 ,,143505,143505,143505710400,1,,,,,,0,721,64000,128,720,8000,128
1100,20160112,11, 1,2,       1801 ,,143505,143505,143505864200,1,,,,,,0,721,64000,128,720,9000,128
1100,20160112,11, 1,2,       1801 ,,143505,143505,143505879800,1,,,,,,0,721,62000,128,720,9000,128
1100,20160112,11, 1,2,       1801 ,,143505,143505,143505935800,1,,,,,,0,721,62000,128,720,10000,128
1100,20160112,11, 1,2,       1801 ,,143505,143505,143505936900,1,,,,,,0,721,61000,128,720,10000,128
1100,20160112,11, 1,2,       1801 ,,143506,143506,143506064000,1,,,,,,0,721,62000,128,720,10000,128
1100,20160112,11, 1,2,       1801 ,,143507,143507,143507348300,1,,,,,,0,721,63000,128,720,10000,128
1100,20160112,11, 1,2,       1801 ,,143507,143507,143507821700,1,,,,,,0,721,64000,128,720,10000,128
1100,20160112,11, 1,2,       1801 ,,143508,143508,143508143200,1,,,,,,0,721,64000,128,720,9000,128
1100,20160112,11, 1,2,       1801 ,,143508,143508,143508758300,1,,,,,,0,721,80000,128,720,9000,128
1100,20160112,11, 1,2,       1801 ,,143508,143508,143508759800,1,,,,,,0,721,85000,128,720,9000,128
1100,20160112,11, 1,2,       1801 ,,143508,143508,143508760400,1,,,,,,0,721,85000,128,720,8000,128
1100,20160112,11, 1,2,       1801 ,,143509,143509,143509226600,1,,,,,,0,721,85000,128,720,11000,128
1100,20160112,11, 1,2,       1801 ,,143509,143509,143509248300,1,,,,,,0,721,100000,128,720,11000,128
1100,20160112,11, 1,2,       1801 ,,143512,143512,143512275200,1,,,,,,0,721,100000,128,720,12000,128
1100,20160112,11, 1,2,       1801 ,,143513,143513,143513596500,1,,,,,,0,721,100000,128,720,11000,128
1100,20160112,11, 1,2,       1801 ,,143515,143515,143515701000,1,,,,,,0,721,100000,128,720,13000,128
1100,20160112,11, 1,2,       1801 ,,143516,143516,143516120500,1,,,,,,0,721,100000,128,720,14000,128
1100,20160112,11, 1,2,       1801 ,,143517,143517,143517298500,1,,,,,,0,721,100000,128,720,15000,128
1100,20160112,11, 1,2,       1801 ,,143517,143517,143517299200,1,,,,,,0,721,100000,128,720,16000,128
1100,20160112,11, 1,2,       1801 ,,143517,143517,143517299900,1,,,,,,0,721,100000,128,720,17000,128
1100,20160112,11, 1,2,       1801 ,,143519,143519,143519372800,1,,,,,,0,721,100000,128,720,16000,128
1100,20160112,11, 1,2,       1801 ,,143520,143520,143520083300,1,,,,,,0,721,100000,128,720,15000,128
1100,20160112,11, 1,2,       1801 ,,143520,143520,143520098800,1,,,,,,0,721,102000,128,720,15000,128
1100,20160112,11, 1,2,       1801 ,,143520,143520,143520120500,1,,,,,,0,721,100000,128,720,15000,128
1100,20160112,11, 1,2,       1801 ,,143520,143520,143520151100,1,,,,,,0,721,100000,128,720,14000,128
1100,20160112,11, 1,2,       1801 ,,143520,143520,143520710800,1,,,,,,0,721,104000,128,720,14000,128
1100,20160112,11, 1,2,       1801 ,,143520,143520,143520783600,1,,,,,,0,721,104000,128,720,12000,128
1100,20160112,11, 1,2,       1801 ,143520,143520,143520,143520784800,1,720,16,0,2000,0,0,721,104000,128,720,10000,128
1100,20160112,11, 1,2,       1801 ,143520,143520,143520,143520786300,1,720,16,0,2000,0,0,721,104000,128,720,8000,128
1100,20160112,11, 1,2,       1801 ,143520,143520,143520,143520787300,1,720,16,0,8000,0,0,721,104000,128,719,96000,128
1100,20160112,11, 1,2,       1801 ,,143520,143520,143520788500,1,,,,,,0,720,2000,128,719,96000,128
1100,20160112,11, 1,2,       1801 ,,143520,143520,143520790800,1,,,,,,0,720,2000,128,719,94000,128
1100,20160112,11, 1,2,       1801 ,,143520,143520,143520792200,1,,,,,,0,720,4000,128,719,94000,128
1100,20160112,11, 1,2,       1801 ,,143520,143520,143520793800,1,,,,,,0,720,4000,128,719,90000,128
1100,20160112,11, 1,2,       1801 ,,143520,143520,143520796300,1,,,,,,0,720,4000,128,719,89000,128
1100,20160112,11, 1,2,       1801 ,,143520,143520,143520798400,1,,,,,,0,720,4000,128,719,90000,128
1100,20160112,11, 1,2,       1801 ,,143520,143520,143520801400,1,,,,,,0,720,4000,128,719,88000,128
1100,20160112,11, 1,2,       1801 ,,143520,143520,143520802200,1,,,,,,0,720,5000,128,719,88000,128
1100,20160112,11, 1,2,       1801 ,,143520,143520,143520802900,1,,,,,,0,720,5000,128,719,87000,128
1100,20160112,11, 1,2,       1801 ,,143520,143520,143520803500,1,,,,,,0,720,7000,128,719,87000,128
1100,20160112,11, 1,2,       1801 ,,143520,143520,143520810400,1,,,,,,0,720,7000,128,719,83000,128
1100,20160112,11, 1,2,       1801 ,,143520,143520,143520812000,1,,,,,,0,720,7000,128,719,78000,128
1100,20160112,11, 1,2,       1801 ,,143520,143520,143520841700,1,,,,,,0,720,5000,128,719,78000,128
1100,20160112,11, 1,2,       1801 ,,143521,143521,143521011500,1,,,,,,0,720,5000,128,719,77000,128
1100,20160112,11, 1,2,       1801 ,143521,143521,143521,143521051900,1,720,48,0,1000,0,0,720,4000,128,719,77000,128
1100,20160112,11, 1,2,       1801 ,,143521,143521,143521053300,1,,,,,,0,720,4000,128,719,78000,128
1100,20160112,11, 1,2,       1801 ,,143521,143521,143521054600,1,,,,,,0,720,4000,128,719,80000,128
1100,20160112,11, 1,2,       1801 ,,143521,143521,143521151800,1,,,,,,0,720,4000,128,719,78000,128
1100,20160112,11, 1,2,       1801 ,,143521,143521,143521359900,1,,,,,,0,720,4000,128,719,77000,128
1100,20160112,11, 1,2,       1801 ,,143521,143521,143521452200,1,,,,,,0,720,3000,128,719,77000,128
1100,20160112,11, 1,2,       1801 ,,143521,143521,143521512700,1,,,,,,0,720,5000,128,719,77000,128
1100,20160112,11, 1,2,       1801 ,,143521,143521,143521658000,1,,,,,,0,720,6000,128,719,77000,128
1100,20160112,11, 1,2,       1801 ,,143521,143521,143521743900,1,,,,,,0,720,7000,128,719,77000,128
1100,20160112,11, 1,2,       1801 ,,143522,143522,143522660100,1,,,,,,0,720,15000,128,719,77000,128
1100,20160112,11, 1,2,       1801 ,,143522,143522,143522677200,1,,,,,,0,720,18000,128,719,77000,128
1100,20160112,11, 1,2,       1801 ,,143522,143522,143522678400,1,,,,,,0,720,18000,128,719,72000,128
1100,20160112,11, 1,2,       1801 ,,143522,143522,143522688600,1,,,,,,0,720,18000,128,719,76000,128
1100,20160112,11, 1,2,       1801 ,,143522,143522,143522795400,1,,,,,,0,720,18000,128,719,75000,128
1100,20160112,11, 1,2,       1801 ,,143523,143523,143523820200,1,,,,,,0,720,18000,128,719,76000,128
1100,20160112,11, 1,2,       1801 ,143524,143524,143524,143524042800,1,720,48,0,1000,0,0,720,17000,128,719,76000,128
1100,20160112,11, 1,2,       1801 ,,143524,143524,143524085000,1,,,,,,0,720,17000,128,719,75000,128
1100,20160112,11, 1,2,       1801 ,,143524,143524,143524136500,1,,,,,,0,720,19000,128,719,75000,128
1100,20160112,11, 1,2,       1801 ,,143524,143524,143524137600,1,,,,,,0,720,19000,128,719,74000,128
1100,20160112,11, 1,2,       1801 ,,143527,143527,143527459300,1,,,,,,0,720,19000,128,719,70000,128
1100,20160112,11, 1,2,       1801 ,,143530,143530,143530204000,1,,,,,,0,720,20000,128,719,70000,128
1100,20160112,11, 1,2,       1801 ,,143531,143531,143531730000,1,,,,,,0,720,20000,128,719,69000,128
1100,20160112,11, 1,2,       1801 ,,143532,143532,143532348100,1,,,,,,0,720,19000,128,719,69000,128
1100,20160112,11, 1,2,       1801 ,,143533,143533,143533679900,1,,,,,,0,720,19000,128,719,70000,128
1100,20160112,11, 1,2,       1801 ,,143535,143535,143535851300,1,,,,,,0,720,19000,128,719,71000,128
1100,20160112,11, 1,2,       1801 ,,143539,143539,143539250600,1,,,,,,0,720,25000,128,719,71000,128
1100,20160112,11, 1,2,       1801 ,143539,143539,143539,143539252200,1,719,16,0,5000,0,0,720,25000,128,719,66000,128
1100,20160112,11, 1,2,       1801 ,,143539,143539,143539253500,1,,,,,,0,720,30000,128,719,66000,128
1100,20160112,11, 1,2,       1801 ,,143539,143539,143539254300,1,,,,,,0,720,30000,128,719,65000,128
1100,20160112,11, 1,2,       1801 ,,143539,143539,143539255800,1,,,,,,0,720,32000,128,719,65000,128
1100,20160112,11, 1,2,       1801 ,,143539,143539,143539256500,1,,,,,,0,720,32000,128,719,67000,128
1100,20160112,11, 1,2,       1801 ,,143539,143539,143539257400,1,,,,,,0,720,35000,128,719,67000,128
1100,20160112,11, 1,2,       1801 ,,143539,143539,143539628800,1,,,,,,0,720,36000,128,719,67000,128
1100,20160112,11, 1,2,       1801 ,,143539,143539,143539630400,1,,,,,,0,720,39000,128,719,67000,128
1100,20160112,11, 1,2,       1801 ,,143542,143542,143542123200,1,,,,,,0,720,39000,128,719,70000,128
1100,20160112,11, 1,2,       1801 ,,143542,143542,143542124700,1,,,,,,0,720,36000,128,719,70000,128
1100,20160112,11, 1,2,       1801 ,,143542,143542,143542125900,1,,,,,,0,720,36000,128,719,71000,128
1100,20160112,11, 1,2,       1801 ,,143542,143542,143542430000,1,,,,,,0,720,36000,128,719,72000,128
1100,20160112,11, 1,2,       1801 ,,143543,143543,143543362000,1,,,,,,0,720,35000,128,719,72000,128
1100,20160112,11, 1,2,       1801 ,,143543,143543,143543588500,1,,,,,,0,720,35000,128,719,76000,128
1100,20160112,11, 1,2,       1801 ,,143543,143543,143543810300,1,,,,,,0,720,32000,128,719,76000,128
1100,20160112,11, 1,2,       1801 ,,143549,143549,143549246800,1,,,,,,0,720,34000,128,719,76000,128
1100,20160112,11, 1,2,       1801 ,,143549,143549,143549248000,1,,,,,,0,720,34000,128,719,75000,128
1100,20160112,11, 1,2,       1801 ,,143549,143549,143549298700,1,,,,,,0,720,32000,128,719,75000,128
1100,20160112,11, 1,2,       1801 ,,143549,143549,143549350800,1,,,,,,0,720,30000,128,719,75000,128
1100,20160112,11, 1,2,       1801 ,,143549,143549,143549351900,1,,,,,,0,720,30000,128,719,76000,128
1100,20160112,11, 1,2,       1801 ,,143551,143551,143551192600,1,,,,,,0,720,31000,128,719,76000,128
1100,20160112,11, 1,2,       1801 ,143556,143556,143556,143556154400,1,720,48,0,1000,0,0,720,30000,128,719,76000,128
1100,20160112,11, 1,2,       1801 ,,143557,143557,143557314600,1,,,,,,0,720,30000,128,719,77000,128
1100,20160112,11, 1,2,       1801 ,,143603,143603,143603918700,1,,,,,,0,720,30000,128,719,78000,128
1100,20160112,11, 1,2,       1801 ,,143603,143603,143603920400,1,,,,,,0,720,30000,128,719,83000,128
1100,20160112,11, 1,2,       1801 ,,143608,143608,143608779200,1,,,,,,0,720,30000,128,719,84000,128
1100,20160112,11, 1,2,       1801 ,,143613,143613,143613364000,1,,,,,,0,720,29000,128,719,84000,128
1100,20160112,11, 1,2,       1801 ,,143614,143614,143614950900,1,,,,,,0,720,34000,128,719,84000,128
1100,20160112,11, 1,2,       1801 ,,143616,143616,143616116000,1,,,,,,0,720,29000,128,719,84000,128
1100,20160112,11, 1,2,       1801 ,,143619,143619,143619221900,1,,,,,,0,720,34000,128,719,84000,128
1100,20160112,11, 1,2,       1801 ,,143619,143619,143619284300,1,,,,,,0,720,34000,128,719,83000,128
1100,20160112,11, 1,2,       1801 ,143619,143619,143619,143619292800,1,720,48,0,1000,0,0,720,33000,128,719,83000,128
1100,20160112,11, 1,2,       1801 ,,143619,143619,143619350000,1,,,,,,0,720,33000,128,719,84000,128
1100,20160112,11, 1,2,       1801 ,,143619,143619,143619351200,1,,,,,,0,720,33000,128,719,85000,128
1100,20160112,11, 1,2,       1801 ,,143619,143619,143619362200,1,,,,,,0,720,33000,128,719,84000,128
1100,20160112,11, 1,2,       1801 ,143619,143619,143619,143619374400,1,720,48,0,1000,0,0,720,32000,128,719,84000,128
1100,20160112,11, 1,2,       1801 ,,143619,143619,143619416300,1,,,,,,0,720,32000,128,719,85000,128
1100,20160112,11, 1,2,       1801 ,,143619,143619,143619438900,1,,,,,,0,720,32000,128,719,84000,128
1100,20160112,11, 1,2,       1801 ,143619,143619,143619,143619446000,1,720,48,0,1000,0,0,720,31000,128,719,84000,128
1100,20160112,11, 1,2,       1801 ,,143619,143619,143619478100,1,,,,,,0,720,31000,128,719,85000,128
1100,20160112,11, 1,2,       1801 ,,143619,143619,143619479300,1,,,,,,0,720,29000,128,719,85000,128
1100,20160112,11, 1,2,       1801 ,,143619,143619,143619507200,1,,,,,,0,720,29000,128,719,84000,128
1100,20160112,11, 1,2,       1801 ,143619,143619,143619,143619517000,1,720,48,0,1000,0,0,720,28000,128,719,84000,128
1100,20160112,11, 1,2,       1801 ,,143619,143619,143619551300,1,,,,,,0,720,28000,128,719,85000,128
1100,20160112,11, 1,2,       1801 ,,143619,143619,143619584200,1,,,,,,0,720,28000,128,719,84000,128
1100,20160112,11, 1,2,       1801 ,143619,143619,143619,143619596500,1,720,48,0,1000,0,0,720,27000,128,719,84000,128
1100,20160112,11, 1,2,       1801 ,,143619,143619,143619613200,1,,,,,,0,720,23000,128,719,84000,128
1100,20160112,11, 1,2,       1801 ,,143619,143619,143619802200,1,,,,,,0,720,25000,128,719,84000,128
1100,20160112,11, 1,2,       1801 ,,143620,143620,143620198200,1,,,,,,0,720,20000,128,719,84000,128
1100,20160112,11, 1,2,       1801 ,,143620,143620,143620200800,1,,,,,,0,720,15000,128,719,84000,128
1100,20160112,11, 1,2,       1801 ,143620,143620,143620,143620202300,1,720,48,0,1000,0,0,720,14000,128,719,84000,128
1100,20160112,11, 1,2,       1801 ,,143623,143623,143623788400,1,,,,,,0,720,14000,128,719,86000,128
1100,20160112,11, 1,2,       1801 ,,143624,143624,143624458700,1,,,,,,0,720,14000,128,719,87000,128
1100,20160112,11, 1,2,       1801 ,,143626,143626,143626242400,1,,,,,,0,720,14000,128,719,88000,128
1100,20160112,11, 1,2,       1801 ,,143626,143626,143626429900,1,,,,,,0,720,14000,128,719,90000,128
1100,20160112,11, 1,2,       1801 ,,143631,143631,143631052900,1,,,,,,0,720,14000,128,719,92000,128
1100,20160112,11, 1,2,       1801 ,143632,143632,143632,143632800400,1,720,48,0,1000,0,0,720,13000,128,719,92000,128
1100,20160112,11, 1,2,       1801 ,143632,143632,143632,143632802000,1,720,48,0,13000,0,0,721,79000,128,719,92000,128
1100,20160112,11, 1,2,       1801 ,,143632,143632,143632803800,1,,,,,,0,721,81000,128,719,92000,128
1100,20160112,11, 1,2,       1801 ,,143632,143632,143632804600,1,,,,,,0,721,81000,128,719,94000,128
1100,20160112,11, 1,2,       1801 ,,143632,143632,143632807100,1,,,,,,0,721,81000,128,720,1000,128
1100,20160112,11, 1,2,       1801 ,,143632,143632,143632808600,1,,,,,,0,721,75000,128,720,1000,128
1100,20160112,11, 1,2,       1801 ,,143632,143632,143632810100,1,,,,,,0,721,75000,128,720,2000,128
1100,20160112,11, 1,2,       1801 ,,143632,143632,143632810700,1,,,,,,0,721,75000,128,720,3000,128
1100,20160112,11, 1,2,       1801 ,,143632,143632,143632812300,1,,,,,,0,721,75000,128,720,5000,128
1100,20160112,11, 1,2,       1801 ,,143632,143632,143632814300,1,,,,,,0,721,75000,128,720,6000,128
1100,20160112,11, 1,2,       1801 ,,143632,143632,143632815800,1,,,,,,0,721,70000,128,720,6000,128
1100,20160112,11, 1,2,       1801 ,,143632,143632,143632816500,1,,,,,,0,721,70000,128,720,7000,128
1100,20160112,11, 1,2,       1801 ,,143632,143632,143632817200,1,,,,,,0,721,66000,128,720,7000,128
1100,20160112,11, 1,2,       1801 ,,143632,143632,143632818000,1,,,,,,0,721,66000,128,720,8000,128
1100,20160112,11, 1,2,       1801 ,,143632,143632,143632820300,1,,,,,,0,721,64000,128,720,8000,128
1100,20160112,11, 1,2,       1801 ,,143632,143632,143632829800,1,,,,,,0,721,64000,128,720,10000,128
1100,20160112,11, 1,2,       1801 ,,143632,143632,143632831100,1,,,,,,0,721,59000,128,720,10000,128
1100,20160112,11, 1,2,       1801 ,,143632,143632,143632847400,1,,,,,,0,721,59000,128,720,11000,128
1100,20160112,11, 1,2,       1801 ,,143632,143632,143632991900,1,,,,,,0,721,59000,128,720,12000,128
1100,20160112,11, 1,2,       1801 ,,143632,143632,143632993200,1,,,,,,0,721,59000,128,720,16000,128
1100,20160112,11, 1,2,       1801 ,,143632,143632,143632993900,1,,,,,,0,721,59000,128,720,21000,128
1100,20160112,11, 1,2,       1801 ,,143632,143632,143632994600,1,,,,,,0,721,58000,128,720,21000,128
1100,20160112,11, 1,2,       1801 ,,143632,143632,143632995400,1,,,,,,0,721,58000,128,720,23000,128
1100,20160112,11, 1,2,       1801 ,,143632,143632,143632999100,1,,,,,,0,721,58000,128,720,25000,128
1100,20160112,11, 1,2,       1801 ,,143633,143633,143633072100,1,,,,,,0,721,56000,128,720,25000,128
1100,20160112,11, 1,2,       1801 ,,143633,143633,143633181900,1,,,,,,0,721,55000,128,720,25000,128
1100,20160112,11, 1,2,       1801 ,,143633,143633,143633461300,1,,,,,,0,721,57000,128,720,25000,128
1100,20160112,11, 1,2,       1801 ,,143633,143633,143633472900,1,,,,,,0,721,58000,128,720,25000,128
1100,20160112,11, 1,2,       1801 ,,143633,143633,143633671400,1,,,,,,0,721,57000,128,720,25000,128
1100,20160112,11, 1,2,       1801 ,,143634,143634,143634757900,1,,,,,,0,721,55000,128,720,25000,128
1100,20160112,11, 1,2,       1801 ,,143634,143634,143634918200,1,,,,,,0,721,55000,128,720,26000,128
1100,20160112,11, 1,2,       1801 ,,143638,143638,143638301700,1,,,,,,0,721,56000,128,720,26000,128
1100,20160112,11, 1,2,       1801 ,,143639,143639,143639247700,1,,,,,,0,721,71000,128,720,26000,128
1100,20160112,11, 1,2,       1801 ,,143639,143639,143639248900,1,,,,,,0,721,72000,128,720,26000,128
1100,20160112,11, 1,2,       1801 ,,143639,143639,143639862400,1,,,,,,0,721,72000,128,720,27000,128
1100,20160112,11, 1,2,       1801 ,,143640,143640,143640301100,1,,,,,,0,721,72000,128,720,26000,128
1100,20160112,11, 1,2,       1801 ,,143640,143640,143640724600,1,,,,,,0,721,72000,128,720,27000,128
1100,20160112,11, 1,2,       1801 ,,143641,143641,143641681500,1,,,,,,0,721,72000,128,720,28000,128
1100,20160112,11, 1,2,       1801 ,,143642,143642,143642142400,1,,,,,,0,721,72000,128,720,27000,128
1100,20160112,11, 1,2,       1801 ,,143642,143642,143642910700,1,,,,,,0,721,72000,128,720,28000,128
1100,20160112,11, 1,2,       1801 ,,143644,143644,143644131500,1,,,,,,0,721,72000,128,720,32000,128
1100,20160112,11, 1,2,       1801 ,,143644,143644,143644133000,1,,,,,,0,721,71000,128,720,32000,128
1100,20160112,11, 1,2,       1801 ,,143645,143645,143645480200,1,,,,,,0,721,71000,128,720,30000,128
1100,20160112,11, 1,2,       1801 ,,143647,143647,143647579400,1,,,,,,0,721,71000,128,720,29000,128
1100,20160112,11, 1,2,       1801 ,143648,143648,143648,143648634300,1,721,48,0,1000,0,0,721,70000,128,720,29000,128
1100,20160112,11, 1,2,       1801 ,,143648,143648,143648636000,1,,,,,,0,721,68000,128,720,29000,128
1100,20160112,11, 1,2,       1801 ,143650,143650,143650,143650426500,1,720,16,0,2000,0,0,721,68000,128,720,27000,128
1100,20160112,11, 1,2,       1801 ,,143650,143650,143650428200,1,,,,,,0,721,69000,128,720,27000,128
1100,20160112,11, 1,2,       1801 ,,143650,143650,143650432400,1,,,,,,0,721,69000,128,720,26000,128
1100,20160112,11, 1,2,       1801 ,,143650,143650,143650801300,1,,,,,,0,721,69000,128,720,27000,128
1100,20160112,11, 1,2,       1801 ,,143651,143651,143651052700,1,,,,,,0,721,69000,128,720,29000,128
1100,20160112,11, 1,2,       1801 ,,143651,143651,143651348400,1,,,,,,0,721,68000,128,720,29000,128
1100,20160112,11, 1,2,       1801 ,,143653,143653,143653353400,1,,,,,,0,721,68000,128,720,28000,128
1100,20160112,11, 1,2,       1801 ,,143653,143653,143653360500,1,,,,,,0,721,69000,128,720,28000,128
1100,20160112,11, 1,2,       1801 ,,143653,143653,143653400500,1,,,,,,0,721,71000,128,720,28000,128
1100,20160112,11, 1,2,       1801 ,,143653,143653,143653410700,1,,,,,,0,721,71000,128,720,26000,128
1100,20160112,11, 1,2,       1801 ,,143653,143653,143653412300,1,,,,,,0,721,71000,128,720,25000,128
1100,20160112,11, 1,2,       1801 ,,143653,143653,143653415800,1,,,,,,0,721,71000,128,720,21000,128
1100,20160112,11, 1,2,       1801 ,,143653,143653,143653421300,1,,,,,,0,721,71000,128,720,20000,128
1100,20160112,11, 1,2,       1801 ,,143653,143653,143653442700,1,,,,,,0,721,76000,128,720,20000,128
1100,20160112,11, 1,2,       1801 ,,143653,143653,143653450400,1,,,,,,0,721,76000,128,720,16000,128
1100,20160112,11, 1,2,       1801 ,,143653,143653,143653460700,1,,,,,,0,721,76000,128,720,11000,128
1100,20160112,11, 1,2,       1801 ,,143653,143653,143653463900,1,,,,,,0,721,76000,128,720,9000,128
1100,20160112,11, 1,2,       1801 ,,143653,143653,143653652500,1,,,,,,0,721,76000,128,720,7000,128
1100,20160112,11, 1,2,       1801 ,,143653,143653,143653680400,1,,,,,,0,721,76000,128,720,6000,128
1100,20160112,11, 1,2,       1801 ,,143653,143653,143653793800,1,,,,,,0,721,77000,128,720,6000,128
1100,20160112,11, 1,2,       1801 ,,143654,143654,143654538500,1,,,,,,0,721,81000,128,720,6000,128
1100,20160112,11, 1,2,       1801 ,,143655,143655,143655073500,1,,,,,,0,721,90000,128,720,6000,128
1100,20160112,11, 1,2,       1801 ,,143659,143659,143659214200,1,,,,,,0,721,90000,128,720,7000,128
1100,20160112,11, 1,2,       1801 ,,143700,143700,143700421700,1,,,,,,0,721,90000,128,720,8000,128
1100,20160112,11, 1,2,       1801 ,,143700,143700,143700423100,1,,,,,,0,721,90000,128,720,10000,128
1100,20160112,11, 1,2,       1801 ,,143701,143701,143701430500,1,,,,,,0,721,88000,128,720,10000,128
1100,20160112,11, 1,2,       1801 ,,143701,143701,143701450200,1,,,,,,0,721,88000,128,720,14000,128
1100,20160112,11, 1,2,       1801 ,,143707,143707,143707388100,1,,,,,,0,721,88000,128,720,15000,128
1100,20160112,11, 1,2,       1801 ,,143707,143707,143707538200,1,,,,,,0,721,84000,128,720,15000,128
1100,20160112,11, 1,2,       1801 ,,143707,143707,143707539500,1,,,,,,0,721,84000,128,720,19000,128
1100,20160112,11, 1,2,       1801 ,,143710,143710,143710038200,1,,,,,,0,721,75000,128,720,19000,128
1100,20160112,11, 1,2,       1801 ,,143711,143711,143711052500,1,,,,,,0,721,77000,128,720,19000,128
1100,20160112,11, 1,2,       1801 ,,143719,143719,143719551300,1,,,,,,0,721,78000,128,720,19000,128
1100,20160112,11, 1,2,       1801 ,143723,143723,143723,143723789200,1,720,16,0,8000,0,0,721,78000,128,720,11000,128
1100,20160112,11, 1,2,       1801 ,,143723,143723,143723791900,1,,,,,,0,721,80000,128,720,11000,128
1100,20160112,11, 1,2,       1801 ,,143723,143723,143723793900,1,,,,,,0,721,80000,128,720,7000,128
1100,20160112,11, 1,2,       1801 ,143723,143723,143723,143723927700,1,720,16,0,1000,0,0,721,80000,128,720,6000,128
1100,20160112,11, 1,2,       1801 ,,143724,143724,143724133800,1,,,,,,0,721,80000,128,720,7000,128
1100,20160112,11, 1,2,       1801 ,,143725,143725,143725710800,1,,,,,,0,721,84000,128,720,7000,128
1100,20160112,11, 1,2,       1801 ,,143726,143726,143726200200,1,,,,,,0,721,89000,128,720,7000,128
1100,20160112,11, 1,2,       1801 ,,143727,143727,143727260500,1,,,,,,0,721,87000,128,720,7000,128
1100,20160112,11, 1,2,       1801 ,,143727,143727,143727410400,1,,,,,,0,721,89000,128,720,7000,128
1100,20160112,11, 1,2,       1801 ,,143727,143727,143727423500,1,,,,,,0,721,89000,128,720,6000,128
1100,20160112,11, 1,2,       1801 ,,143727,143727,143727494600,1,,,,,,0,721,89000,128,720,7000,128
1100,20160112,11, 1,2,       1801 ,,143727,143727,143727561200,1,,,,,,0,721,87000,128,720,7000,128
1100,20160112,11, 1,2,       1801 ,,143733,143733,143733950000,1,,,,,,0,721,98000,128,720,7000,128
1100,20160112,11, 1,2,       1801 ,143734,143734,143734,143734250100,1,720,16,0,7000,0,0,721,98000,128,719,101000,128
1100,20160112,11, 1,2,       1801 ,,143734,143734,143734252400,1,,,,,,0,721,98000,128,719,97000,128
1100,20160112,11, 1,2,       1801 ,,143734,143734,143734253600,1,,,,,,0,721,98000,128,719,95000,128
1100,20160112,11, 1,2,       1801 ,,143734,143734,143734254900,1,,,,,,0,720,2000,128,719,95000,128
1100,20160112,11, 1,2,       1801 ,,143734,143734,143734260600,1,,,,,,0,720,2000,128,719,91000,128
1100,20160112,11, 1,2,       1801 ,,143734,143734,143734261400,1,,,,,,0,720,2000,128,719,95000,128
1100,20160112,11, 1,2,       1801 ,,143734,143734,143734262100,1,,,,,,0,720,4000,128,719,95000,128
1100,20160112,11, 1,2,       1801 ,,143734,143734,143734264600,1,,,,,,0,720,4000,128,719,93000,128
1100,20160112,11, 1,2,       1801 ,,143734,143734,143734266300,1,,,,,,0,720,4000,128,719,88000,128
1100,20160112,11, 1,2,       1801 ,,143734,143734,143734267100,1,,,,,,0,720,5000,128,719,88000,128
1100,20160112,11, 1,2,       1801 ,,143734,143734,143734285400,1,,,,,,0,720,5000,128,719,84000,128
1100,20160112,11, 1,2,       1801 ,,143734,143734,143734291000,1,,,,,,0,720,5000,128,719,79000,128
1100,20160112,11, 1,2,       1801 ,,143734,143734,143734322300,1,,,,,,0,720,5000,128,719,80000,128
1100,20160112,11, 1,2,       1801 ,,143734,143734,143734384500,1,,,,,,0,720,8000,128,719,80000,128
1100,20160112,11, 1,2,       1801 ,,143734,143734,143734601600,1,,,,,,0,720,8000,128,719,79000,128
1100,20160112,11, 1,2,       1801 ,,143734,143734,143734719200,1,,,,,,0,720,8000,128,719,78000,128
1100,20160112,11, 1,2,       1801 ,,143734,143734,143734820200,1,,,,,,0,720,8000,128,719,77000,128
1100,20160112,11, 1,2,       1801 ,,143735,143735,143735115400,1,,,,,,0,720,9000,128,719,77000,128
1100,20160112,11, 1,2,       1801 ,,143736,143736,143736960500,1,,,,,,0,720,9000,128,719,78000,128
1100,20160112,11, 1,2,       1801 ,,143737,143737,143737995200,1,,,,,,0,720,8000,128,719,78000,128
1100,20160112,11, 1,2,       1801 ,143740,143740,143740,143740450200,1,720,48,0,1000,0,0,720,7000,128,719,78000,128
1100,20160112,11, 1,2,       1801 ,,143740,143740,143740452600,1,,,,,,0,720,7000,128,719,83000,128
1100,20160112,11, 1,2,       1801 ,,143740,143740,143740469200,1,,,,,,0,720,7000,128,719,82000,128
1100,20160112,11, 1,2,       1801 ,,143741,143741,143741009900,1,,,,,,0,720,5000,128,719,82000,128
1100,20160112,11, 1,2,       1801 ,,143741,143741,143741469700,1,,,,,,0,720,7000,128,719,82000,128
1100,20160112,11, 1,2,       1801 ,,143747,143747,143747171900,1,,,,,,0,720,9000,128,719,82000,128
1100,20160112,11, 1,2,       1801 ,,143749,143749,143749247700,1,,,,,,0,720,7000,128,719,82000,128
1100,20160112,11, 1,2,       1801 ,,143749,143749,143749251500,1,,,,,,0,720,10000,128,719,82000,128
1100,20160112,11, 1,2,       1801 ,143749,143749,143749,143749253800,1,719,16,0,3000,0,0,720,10000,128,719,79000,128
1100,20160112,11, 1,2,       1801 ,,143749,143749,143749256100,1,,,,,,0,720,11000,128,719,79000,128
1100,20160112,11, 1,2,       1801 ,,143751,143751,143751180200,1,,,,,,0,720,11000,128,719,74000,128
1100,20160112,11, 1,2,       1801 ,,143751,143751,143751191100,1,,,,,,0,720,10000,128,719,74000,128
1100,20160112,11, 1,2,       1801 ,,143751,143751,143751796900,1,,,,,,0,720,11000,128,719,74000,128
1100,20160112,11, 1,2,       1801 ,,143752,143752,143752156400,1,,,,,,0,720,11000,128,719,75000,128
1100,20160112,11, 1,2,       1801 ,,143752,143752,143752537200,1,,,,,,0,720,11000,128,719,79000,128
1100,20160112,11, 1,2,       1801 ,,143754,143754,143754246100,1,,,,,,0,720,11000,128,719,78000,128
1100,20160112,11, 1,2,       1801 ,,143759,143759,143759230000,1,,,,,,0,720,11000,128,719,85000,128
1100,20160112,11, 1,2,       1801 ,,143759,143759,143759231600,1,,,,,,0,720,11000,128,719,90000,128
1100,20160112,11, 1,2,       1801 ,,143759,143759,143759247400,1,,,,,,0,720,10000,128,719,90000,128
1100,20160112,11, 1,2,       1801 ,,143759,143759,143759273800,1,,,,,,0,720,9000,128,719,90000,128
1100,20160112,11, 1,2,       1801 ,,143759,143759,143759275100,1,,,,,,0,720,7000,128,719,90000,128
1100,20160112,11, 1,2,       1801 ,143759,143759,143759,143759275800,1,720,48,0,1000,0,0,720,6000,128,719,90000,128
1100,20160112,11, 1,2,       1801 ,143759,143759,143759,143759276700,1,720,48,0,1000,0,0,720,5000,128,719,90000,128
1100,20160112,11, 1,2,       1801 ,143759,143759,143759,143759277700,1,720,48,0,5000,0,0,721,80000,128,719,90000,128
1100,20160112,11, 1,2,       1801 ,,143759,143759,143759278800,1,,,,,,0,721,80000,128,720,1000,128
1100,20160112,11, 1,2,       1801 ,,143759,143759,143759279500,1,,,,,,0,721,80000,128,720,3000,128
1100,20160112,11, 1,2,       1801 ,,143759,143759,143759282300,1,,,,,,0,721,80000,128,720,4000,128
1100,20160112,11, 1,2,       1801 ,,143759,143759,143759284700,1,,,,,,0,721,80000,128,720,6000,128
1100,20160112,11, 1,2,       1801 ,,143759,143759,143759285400,1,,,,,,0,721,74000,128,720,6000,128
1100,20160112,11, 1,2,       1801 ,,143759,143759,143759288400,1,,,,,,0,721,69000,128,720,6000,128
1100,20160112,11, 1,2,       1801 ,,143759,143759,143759289900,1,,,,,,0,721,69000,128,720,8000,128
1100,20160112,11, 1,2,       1801 ,,143759,143759,143759290500,1,,,,,,0,721,69000,128,720,9000,128
1100,20160112,11, 1,2,       1801 ,,143759,143759,143759291200,1,,,,,,0,721,67000,128,720,9000,128
1100,20160112,11, 1,2,       1801 ,,143759,143759,143759292000,1,,,,,,0,721,63000,128,720,9000,128
1100,20160112,11, 1,2,       1801 ,,143759,143759,143759292800,1,,,,,,0,721,63000,128,720,13000,128
1100,20160112,11, 1,2,       1801 ,,143759,143759,143759294100,1,,,,,,0,721,61000,128,720,13000,128
1100,20160112,11, 1,2,       1801 ,,143759,143759,143759294900,1,,,,,,0,721,61000,128,720,15000,128
1100,20160112,11, 1,2,       1801 ,,143759,143759,143759295500,1,,,,,,0,721,60000,128,720,15000,128
1100,20160112,11, 1,2,       1801 ,,143759,143759,143759296200,1,,,,,,0,721,55000,128,720,15000,128
1100,20160112,11, 1,2,       1801 ,,143759,143759,143759829400,1,,,,,,0,721,55000,128,720,14000,128
1100,20160112,11, 1,2,       1801 ,,143803,143803,143803277800,1,,,,,,0,721,55000,128,720,15000,128
1100,20160112,11, 1,2,       1801 ,143804,143804,143804,143804884400,1,720,16,0,1000,0,0,721,55000,128,720,14000,128
1100,20160112,11, 1,2,       1801 ,,143804,143804,143804885900,1,,,,,,0,721,56000,128,720,14000,128
1100,20160112,11, 1,2,       1801 ,,143805,143805,143805041300,1,,,,,,0,721,54000,128,720,14000,128
1100,20160112,11, 1,2,       1801 ,,143805,143805,143805254000,1,,,,,,0,721,54000,128,720,15000,128
1100,20160112,11, 1,2,       1801 ,,143807,143807,143807111600,1,,,,,,0,721,54000,128,720,21000,128
1100,20160112,11, 1,2,       1801 ,,143807,143807,143807113100,1,,,,,,0,721,53000,128,720,21000,128
1100,20160112,11, 1,2,       1801 ,,143807,143807,143807113900,1,,,,,,0,721,53000,128,720,26000,128
1100,20160112,11, 1,2,       1801 ,,143808,143808,143808872100,1,,,,,,0,721,53000,128,720,27000,128
1100,20160112,11, 1,2,       1801 ,,143809,143809,143809249100,1,,,,,,0,721,70000,128,720,27000,128
1100,20160112,11, 1,2,       1801 ,,143809,143809,143809250300,1,,,,,,0,721,71000,128,720,27000,128
1100,20160112,11, 1,2,       1801 ,,143815,143815,143815033900,1,,,,,,0,721,69000,128,720,27000,128
1100,20160112,11, 1,2,       1801 ,,143819,143819,143819620700,1,,,,,,0,721,69000,128,720,23000,128
1100,20160112,11, 1,2,       1801 ,,143819,143819,143819621300,1,,,,,,0,721,69000,128,720,17000,128
1100,20160112,11, 1,2,       1801 ,,143820,143820,143820679400,1,,,,,,0,721,69000,128,720,18000,128
1100,20160112,11, 1,2,       1801 ,,143820,143820,143820681300,1,,,,,,0,721,69000,128,720,24000,128
1100,20160112,11, 1,2,       1801 ,,143820,143820,143820682400,1,,,,,,0,721,68000,128,720,24000,128
1100,20160112,11, 1,2,       1801 ,,143823,143823,143823580500,1,,,,,,0,721,68000,128,720,25000,128
1100,20160112,11, 1,2,       1801 ,,143823,143823,143823854100,1,,,,,,0,721,68000,128,720,26000,128
1100,20160112,11, 1,2,       1801 ,,143827,143827,143827008600,1,,,,,,0,721,68000,128,720,25000,128
1100,20160112,11, 1,2,       1801 ,,143828,143828,143828275200,1,,,,,,0,721,68000,128,720,19000,128
1100,20160112,11, 1,2,       1801 ,,143828,143828,143828276500,1,,,,,,0,721,69000,128,720,19000,128
1100,20160112,11, 1,2,       1801 ,,143836,143836,143836880700,1,,,,,,0,721,71000,128,720,19000,128
1100,20160112,11, 1,2,       1801 ,,143836,143836,143836931500,1,,,,,,0,721,71000,128,720,14000,128
1100,20160112,11, 1,2,       1801 ,,143836,143836,143836932300,1,,,,,,0,721,76000,128,720,14000,128
1100,20160112,11, 1,2,       1801 ,,143836,143836,143836937300,1,,,,,,0,721,76000,128,720,12000,128
1100,20160112,11, 1,2,       1801 ,,143837,143837,143837170000,1,,,,,,0,721,76000,128,720,10000,128
1100,20160112,11, 1,2,       1801 ,,143837,143837,143837210200,1,,,,,,0,721,76000,128,720,8000,128
1100,20160112,11, 1,2,       1801 ,143837,143837,143837,143837221700,1,720,16,0,1000,0,0,721,76000,128,720,7000,128
1100,20160112,11, 1,2,       1801 ,143837,143837,143837,143837223500,1,720,16,0,3000,0,0,721,76000,128,720,4000,128
1100,20160112,11, 1,2,       1801 ,143837,143837,143837,143837224700,1,720,16,0,4000,0,0,720,3000,128,719,104000,128
1100,20160112,11, 1,2,       1801 ,,143837,143837,143837226500,1,,,,,,0,720,3000,128,719,104000,128
1100,20160112,11, 1,2,       1801 ,,143837,143837,143837229400,1,,,,,,0,720,4000,128,719,104000,128
1100,20160112,11, 1,2,       1801 ,,143837,143837,143837230200,1,,,,,,0,720,6000,128,719,104000,128
1100,20160112,11, 1,2,       1801 ,,143837,143837,143837232500,1,,,,,,0,720,7000,128,719,104000,128
1100,20160112,11, 1,2,       1801 ,,143837,143837,143837234600,1,,,,,,0,720,8000,128,719,104000,128
1100,20160112,11, 1,2,       1801 ,,143837,143837,143837235600,1,,,,,,0,720,8000,128,719,102000,128
1100,20160112,11, 1,2,       1801 ,,143837,143837,143837236900,1,,,,,,0,720,8000,128,719,98000,128
1100,20160112,11, 1,2,       1801 ,,143837,143837,143837237700,1,,,,,,0,720,8000,128,719,93000,128
1100,20160112,11, 1,2,       1801 ,,143837,143837,143837238700,1,,,,,,0,720,9000,128,719,93000,128
1100,20160112,11, 1,2,       1801 ,,143837,143837,143837239500,1,,,,,,0,720,11000,128,719,93000,128
1100,20160112,11, 1,2,       1801 ,,143837,143837,143837240400,1,,,,,,0,720,11000,128,719,99000,128
1100,20160112,11, 1,2,       1801 ,,143837,143837,143837241100,1,,,,,,0,720,11000,128,719,95000,128
1100,20160112,11, 1,2,       1801 ,,143837,143837,143837241900,1,,,,,,0,720,12000,128,719,95000,128
1100,20160112,11, 1,2,       1801 ,,143837,143837,143837242600,1,,,,,,0,720,12000,128,719,94000,128
1100,20160112,11, 1,2,       1801 ,,143837,143837,143837261200,1,,,,,,0,720,12000,128,719,89000,128
1100,20160112,11, 1,2,       1801 ,,143837,143837,143837385300,1,,,,,,0,720,12000,128,719,85000,128
1100,20160112,11, 1,2,       1801 ,,143837,143837,143837422700,1,,,,,,0,720,12000,128,719,84000,128
1100,20160112,11, 1,2,       1801 ,,143837,143837,143837428700,1,,,,,,0,720,17000,128,719,84000,128
1100,20160112,11, 1,2,       1801 ,,143837,143837,143837432500,1,,,,,,0,720,17000,128,719,85000,128
1100,20160112,11, 1,2,       1801 ,,143837,143837,143837628700,1,,,,,,0,720,17000,128,719,84000,128
1100,20160112,11, 1,2,       1801 ,,143838,143838,143838002700,1,,,,,,0,720,12000,128,719,84000,128
1100,20160112,11, 1,2,       1801 ,,143838,143838,143838004100,1,,,,,,0,720,12000,128,719,85000,128
1100,20160112,11, 1,2,       1801 ,,143838,143838,143838122800,1,,,,,,0,720,13000,128,719,85000,128
1100,20160112,11, 1,2,       1801 ,,143838,143838,143838886300,1,,,,,,0,720,13000,128,719,86000,128
1100,20160112,11, 1,2,       1801 ,,143838,143838,143838969600,1,,,,,,0,720,11000,128,719,86000,128
1100,20160112,11, 1,2,       1801 ,,143838,143838,143838981300,1,,,,,,0,720,10000,128,719,86000,128
1100,20160112,11, 1,2,       1801 ,,143838,143838,143838982800,1,,,,,,0,720,9000,128,719,86000,128
1100,20160112,11, 1,2,       1801 ,,143839,143839,143839206900,1,,,,,,0,720,9000,128,719,85000,128
1100,20160112,11, 1,2,       1801 ,,143839,143839,143839253100,1,,,,,,0,720,12000,128,719,85000,128
1100,20160112,11, 1,2,       1801 ,143839,143839,143839,143839253900,1,719,16,0,3000,0,0,720,12000,128,719,82000,128
1100,20160112,11, 1,2,       1801 ,,143839,143839,143839254900,1,,,,,,0,720,12000,128,719,81000,128
1100,20160112,11, 1,2,       1801 ,,143839,143839,143839256700,1,,,,,,0,720,12000,128,719,80000,128
1100,20160112,11, 1,2,       1801 ,,143839,143839,143839257500,1,,,,,,0,720,14000,128,719,80000,128
1100,20160112,11, 1,2,       1801 ,,143839,143839,143839258200,1,,,,,,0,720,15000,128,719,80000,128
1100,20160112,11, 1,2,       1801 ,,143839,143839,143839548600,1,,,,,,0,720,15000,128,719,81000,128
1100,20160112,11, 1,2,       1801 ,,143839,143839,143839663100,1,,,,,,0,720,15000,128,719,80000,128
1100,20160112,11, 1,2,       1801 ,,143841,143841,143841501600,1,,,,,,0,720,15000,128,719,81000,128
1100,20160112,11, 1,2,       1801 ,,143841,143841,143841971600,1,,,,,,0,720,14000,128,719,81000,128
1100,20160112,11, 1,2,       1801 ,,143841,143841,143841973100,1,,,,,,0,720,15000,128,719,81000,128
1100,20160112,11, 1,2,       1801 ,,143842,143842,143842955600,1,,,,,,0,720,15000,128,719,82000,128
1100,20160112,11, 1,2,       1801 ,143843,143843,143843,143843205800,1,720,48,0,1000,0,0,720,14000,128,719,82000,128
1100,20160112,11, 1,2,       1801 ,,143843,143843,143843773300,1,,,,,,0,720,15000,128,719,82000,128
1100,20160112,11, 1,2,       1801 ,,143845,143845,143845811800,1,,,,,,0,720,14000,128,719,82000,128
1100,20160112,11, 1,2,       1801 ,,143845,143845,143845813400,1,,,,,,0,720,13000,128,719,82000,128
1100,20160112,11, 1,2,       1801 ,143846,143846,143846,143846414400,1,720,48,0,1000,0,0,720,12000,128,719,82000,128
1100,20160112,11, 1,2,       1801 ,,143846,143846,143846416000,1,,,,,,0,720,10000,128,719,82000,128
1100,20160112,11, 1,2,       1801 ,,143846,143846,143846416800,1,,,,,,0,720,8000,128,719,82000,128
1100,20160112,11, 1,2,       1801 ,143846,143846,143846,143846430000,1,720,48,0,7000,0,0,720,1000,128,719,82000,128
1100,20160112,11, 1,2,       1801 ,143846,143846,143846,143846432200,1,720,48,0,1000,0,0,721,73000,128,719,82000,128
1100,20160112,11, 1,2,       1801 ,,143846,143846,143846433000,1,,,,,,0,721,73000,128,720,1000,128
1100,20160112,11, 1,2,       1801 ,,143846,143846,143846434600,1,,,,,,0,721,73000,128,720,2000,128
1100,20160112,11, 1,2,       1801 ,,143846,143846,143846435900,1,,,,,,0,721,73000,128,720,8000,128
1100,20160112,11, 1,2,       1801 ,,143846,143846,143846438600,1,,,,,,0,721,73000,128,720,9000,128
1100,20160112,11, 1,2,       1801 ,,143846,143846,143846439200,1,,,,,,0,721,73000,128,720,11000,128
1100,20160112,11, 1,2,       1801 ,,143846,143846,143846442100,1,,,,,,0,721,68000,128,720,11000,128
1100,20160112,11, 1,2,       1801 ,,143846,143846,143846442900,1,,,,,,0,721,66000,128,720,11000,128
1100,20160112,11, 1,2,       1801 ,,143846,143846,143846444500,1,,,,,,0,721,66000,128,720,15000,128
1100,20160112,11, 1,2,       1801 ,,143846,143846,143846460800,1,,,,,,0,721,62000,128,720,15000,128
1100,20160112,11, 1,2,       1801 ,,143846,143846,143846626300,1,,,,,,0,721,62000,128,720,16000,128
1100,20160112,11, 1,2,       1801 ,143847,143847,143847,143847968000,1,720,16,0,10000,0,0,721,62000,128,720,6000,128
1100,20160112,11, 1,2,       1801 ,,143847,143847,143847975300,1,,,,,,0,721,62000,128,720,6000,128
1100,20160112,11, 1,2,       1801 ,,143848,143848,143848101200,1,,,,,,0,721,62000,128,720,7000,128
1100,20160112,11, 1,2,       1801 ,,143848,143848,143848595000,1,,,,,,0,721,62000,128,720,8000,128
1100,20160112,11, 1,2,       1801 ,143848,143848,143848,143848820500,1,720,16,0,2000,0,0,721,62000,128,720,6000,128
1100,20160112,11, 1,2,       1801 ,,143848,143848,143848823200,1,,,,,,0,721,62000,128,720,3000,128
1100,20160112,11, 1,2,       1801 ,,143848,143848,143848839300,1,,,,,,0,721,62000,128,720,2000,128
1100,20160112,11, 1,2,       1801 ,,143849,143849,143849172000,1,,,,,,0,721,62000,128,720,4000,128
1100,20160112,11, 1,2,       1801 ,,143849,143849,143849203400,1,,,,,,0,721,66000,128,720,4000,128
1100,20160112,11, 1,2,       1801 ,,143849,143849,143849247500,1,,,,,,0,721,78000,128,720,4000,128
1100,20160112,11, 1,2,       1801 ,,143850,143850,143850619500,1,,,,,,0,721,78000,128,720,2000,128
1100,20160112,11, 1,2,       1801 ,143850,143850,143850,143850884200,1,720,16,0,2000,0,0,721,78000,128,719,97000,128
1100,20160112,11, 1,2,       1801 ,,143850,143850,143850885800,1,,,,,,0,721,78000,128,719,97000,128
1100,20160112,11, 1,2,       1801 ,,143850,143850,143850888000,1,,,,,,0,721,80000,128,719,97000,128
1100,20160112,11, 1,2,       1801 ,,143850,143850,143850888700,1,,,,,,0,720,2000,128,719,97000,128
1100,20160112,11, 1,2,       1801 ,,143850,143850,143850889400,1,,,,,,0,720,2000,128,719,93000,128
1100,20160112,11, 1,2,       1801 ,,143850,143850,143850891100,1,,,,,,0,720,2000,128,719,96000,128
1100,20160112,11, 1,2,       1801 ,,143850,143850,143850893200,1,,,,,,0,720,2000,128,719,94000,128
1100,20160112,11, 1,2,       1801 ,,143850,143850,143850894000,1,,,,,,0,720,4000,128,719,94000,128
1100,20160112,11, 1,2,       1801 ,,143850,143850,143850894600,1,,,,,,0,720,4000,128,719,89000,128
1100,20160112,11, 1,2,       1801 ,,143850,143850,143850896000,1,,,,,,0,720,5000,128,719,89000,128
1100,20160112,11, 1,2,       1801 ,143850,143850,143850,143850899800,1,720,48,0,1000,0,0,720,4000,128,719,89000,128
1100,20160112,11, 1,2,       1801 ,,143850,143850,143850901400,1,,,,,,0,720,4000,128,719,85000,128
1100,20160112,11, 1,2,       1801 ,,143851,143851,143851133400,1,,,,,,0,720,5000,128,719,85000,128
1100,20160112,11, 1,2,       1801 ,,143851,143851,143851145100,1,,,,,,0,720,7000,128,719,85000,128
1100,20160112,11, 1,2,       1801 ,,143851,143851,143851179500,1,,,,,,0,720,7000,128,719,80000,128
1100,20160112,11, 1,2,       1801 ,,143851,143851,143851181200,1,,,,,,0,720,7000,128,719,79000,128
1100,20160112,11, 1,2,       1801 ,,143851,143851,143851460000,1,,,,,,0,720,7000,128,719,78000,128
1100,20160112,11, 1,2,       1801 ,,143851,143851,143851471000,1,,,,,,0,720,7000,128,719,79000,128
1100,20160112,11, 1,2,       1801 ,,143851,143851,143851779500,1,,,,,,0,720,6000,128,719,79000,128
1100,20160112,11, 1,2,       1801 ,,143851,143851,143851848600,1,,,,,,0,720,6000,128,719,80000,128
1100,20160112,11, 1,2,       1801 ,143852,143852,143852,143852777800,1,720,48,0,1000,0,0,720,5000,128,719,80000,128
1100,20160112,11, 1,2,       1801 ,143853,143853,143853,143853146000,1,720,48,0,1000,0,0,720,4000,128,719,80000,128
1100,20160112,11, 1,2,       1801 ,,143855,143855,143855539400,1,,,,,,0,720,4000,128,719,84000,128
1100,20160112,11, 1,2,       1801 ,,143855,143855,143855956200,1,,,,,,0,720,4000,128,719,83000,128
1100,20160112,11, 1,2,       1801 ,,143856,143856,143856773900,1,,,,,,0,720,2000,128,719,83000,128
1100,20160112,11, 1,2,       1801 ,,143856,143856,143856783700,1,,,,,,0,720,3000,128,719,83000,128
1100,20160112,11, 1,2,       1801 ,,143857,143857,143857604100,1,,,,,,0,720,3000,128,719,84000,128
1100,20160112,11, 1,2,       1801 ,,143858,143858,143858750600,1,,,,,,0,720,5000,128,719,84000,128
1100,20160112,11, 1,2,       1801 ,,143858,143858,143858965700,1,,,,,,0,720,5000,128,719,83000,128
1100,20160112,11, 1,2,       1801 ,143901,143901,143901,143901386100,1,719,16,0,1000,0,0,720,5000,128,719,82000,128
1100,20160112,11, 1,2,       1801 ,,143901,143901,143901387800,1,,,,,,0,720,5000,128,719,81000,128
1100,20160112,11, 1,2,       1801 ,,143901,143901,143901548600,1,,,,,,0,720,5000,128,719,82000,128
1100,20160112,11, 1,2,       1801 ,,143901,143901,143901787900,1,,,,,,0,720,6000,128,719,82000,128
1100,20160112,11, 1,2,       1801 ,,143903,143903,143903256800,1,,,,,,0,720,7000,128,719,82000,128
1100,20160112,11, 1,2,       1801 ,,143904,143904,143904246500,1,,,,,,0,720,8000,128,719,82000,128
1100,20160112,11, 1,2,       1801 ,,143905,143905,143905677600,1,,,,,,0,720,8000,128,719,86000,128
1100,20160112,11, 1,2,       1801 ,,143905,143905,143905889900,1,,,,,,0,720,7000,128,719,86000,128
1100,20160112,11, 1,2,       1801 ,,143907,143907,143907100400,1,,,,,,0,720,5000,128,719,86000,128
1100,20160112,11, 1,2,       1801 ,143907,143907,143907,143907619500,1,720,48,0,5000,0,0,721,102000,128,719,86000,128
1100,20160112,11, 1,2,       1801 ,,143907,143907,143907621800,1,,,,,,0,721,102000,128,720,1000,128
1100,20160112,11, 1,2,       1801 ,,143907,143907,143907625800,1,,,,,,0,721,101000,128,720,1000,128
1100,20160112,11, 1,2,       1801 ,,143907,143907,143907626800,1,,,,,,0,721,95000,128,720,1000,128
1100,20160112,11, 1,2,       1801 ,,143907,143907,143907627800,1,,,,,,0,721,93000,128,720,1000,128
1100,20160112,11, 1,2,       1801 ,,143907,143907,143907628700,1,,,,,,0,721,93000,128,720,2000,128
1100,20160112,11, 1,2,       1801 ,,143907,143907,143907631800,1,,,,,,0,721,93000,128,720,4000,128
1100,20160112,11, 1,2,       1801 ,,143907,143907,143907633900,1,,,,,,0,721,93000,128,720,5000,128
1100,20160112,11, 1,2,       1801 ,,143907,143907,143907634700,1,,,,,,0,721,91000,128,720,5000,128
1100,20160112,11, 1,2,       1801 ,,143907,143907,143907636500,1,,,,,,0,721,91000,128,720,6000,128
1100,20160112,11, 1,2,       1801 ,,143907,143907,143907637500,1,,,,,,0,721,86000,128,720,6000,128
1100,20160112,11, 1,2,       1801 ,,143907,143907,143907638500,1,,,,,,0,721,82000,128,720,6000,128
1100,20160112,11, 1,2,       1801 ,,143907,143907,143907640300,1,,,,,,0,721,77000,128,720,6000,128
1100,20160112,11, 1,2,       1801 ,,143907,143907,143907650200,1,,,,,,0,721,76000,128,720,6000,128
1100,20160112,11, 1,2,       1801 ,,143907,143907,143907651300,1,,,,,,0,721,74000,128,720,6000,128
1100,20160112,11, 1,2,       1801 ,,143907,143907,143907659300,1,,,,,,0,721,73000,128,720,6000,128
1100,20160112,11, 1,2,       1801 ,,143907,143907,143907668300,1,,,,,,0,721,73000,128,720,10000,128
1100,20160112,11, 1,2,       1801 ,,143908,143908,143908013400,1,,,,,,0,721,73000,128,720,11000,128
1100,20160112,11, 1,2,       1801 ,,143908,143908,143908014900,1,,,,,,0,721,73000,128,720,14000,128
1100,20160112,11, 1,2,       1801 ,,143908,143908,143908240400,1,,,,,,0,721,75000,128,720,14000,128
1100,20160112,11, 1,2,       1801 ,,143908,143908,143908241300,1,,,,,,0,721,76000,128,720,14000,128
1100,20160112,11, 1,2,       1801 ,,143908,143908,143908299700,1,,,,,,0,721,76000,128,720,13000,128
1100,20160112,11, 1,2,       1801 ,,143908,143908,143908521500,1,,,,,,0,721,76000,128,720,10000,128
1100,20160112,11, 1,2,       1801 ,,143908,143908,143908897500,1,,,,,,0,721,77000,128,720,10000,128
1100,20160112,11, 1,2,       1801 ,,143909,143909,143909030500,1,,,,,,0,721,75000,128,720,10000,128
1100,20160112,11, 1,2,       1801 ,,143910,143910,143910690200,1,,,,,,0,721,75000,128,720,12000,128
1100,20160112,11, 1,2,       1801 ,,143916,143916,143916844200,1,,,,,,0,721,75000,128,720,13000,128
1100,20160112,11, 1,2,       1801 ,,143916,143916,143916846400,1,,,,,,0,721,75000,128,720,16000,128
1100,20160112,11, 1,2,       1801 ,,143917,143917,143917726300,1,,,,,,0,721,90000,128,720,16000,128
1100,20160112,11, 1,2,       1801 ,,143917,143917,143917727800,1,,,,,,0,721,95000,128,720,16000,128
1100,20160112,11, 1,2,       1801 ,,143919,143919,143919420100,1,,,,,,0,721,95000,128,720,13000,128
1100,20160112,11, 1,2,       1801 ,,143919,143919,143919422200,1,,,,,,0,721,95000,128,720,9000,128
1100,20160112,11, 1,2,       1801 ,143919,143919,143919,143919709500,1,720,16,0,5000,0,0,721,95000,128,720,4000,128
1100,20160112,11, 1,2,       1801 ,,143919,143919,143919716500,1,,,,,,0,721,95000,128,720,4000,128
1100,20160112,11, 1,2,       1801 ,,143919,143919,143919860500,1,,,,,,0,721,95000,128,720,6000,128
1100,20160112,11, 1,2,       1801 ,,143922,143922,143922310400,1,,,,,,0,721,97000,128,720,6000,128
1100,20160112,11, 1,2,       1801 ,,143922,143922,143922340800,1,,,,,,0,721,97000,128,720,4000,128
1100,20160112,11, 1,2,       1801 ,143922,143922,143922,143922581300,1,721,48,0,1000,0,0,721,96000,128,720,4000,128
1100,20160112,11, 1,2,       1801 ,,143922,143922,143922583000,1,,,,,,0,721,96000,128,720,6000,128
1100,20160112,11, 1,2,       1801 ,143922,143922,143922,143922584000,1,720,16,0,2000,0,0,721,96000,128,720,4000,128
1100,20160112,11, 1,2,       1801 ,,143922,143922,143922585000,1,,,,,,0,721,96000,128,720,5000,128
1100,20160112,11, 1,2,       1801 ,,143922,143922,143922780200,1,,,,,,0,721,94000,128,720,5000,128
1100,20160112,11, 1,2,       1801 ,,143926,143926,143926184100,1,,,,,,0,721,94000,128,720,6000,128
1100,20160112,11, 1,2,       1801 ,,143926,143926,143926537500,1,,,,,,0,721,98000,128,720,6000,128
1100,20160112,11, 1,2,       1801 ,143926,143926,143926,143926539700,1,720,16,0,6000,0,0,721,98000,128,719,96000,128
1100,20160112,11, 1,2,       1801 ,,143926,143926,143926541300,1,,,,,,0,720,1000,128,719,96000,128
1100,20160112,11, 1,2,       1801 ,,143926,143926,143926542000,1,,,,,,0,720,1000,128,719,94000,128
1100,20160112,11, 1,2,       1801 ,,143926,143926,143926542800,1,,,,,,0,720,1000,128,719,93000,128
1100,20160112,11, 1,2,       1801 ,,143926,143926,143926548000,1,,,,,,0,720,1000,128,719,97000,128
1100,20160112,11, 1,2,       1801 ,,143926,143926,143926548600,1,,,,,,0,720,1000,128,719,95000,128
1100,20160112,11, 1,2,       1801 ,,143926,143926,143926550100,1,,,,,,0,720,3000,128,719,95000,128
1100,20160112,11, 1,2,       1801 ,,143926,143926,143926552700,1,,,,,,0,720,3000,128,719,90000,128
1100,20160112,11, 1,2,       1801 ,,143926,143926,143926553400,1,,,,,,0,720,4000,128,719,90000,128
1100,20160112,11, 1,2,       1801 ,,143926,143926,143926554900,1,,,,,,0,720,5000,128,719,90000,128
1100,20160112,11, 1,2,       1801 ,,143926,143926,143926555600,1,,,,,,0,720,6000,128,719,90000,128
1100,20160112,11, 1,2,       1801 ,,143926,143926,143926560700,1,,,,,,0,720,6000,128,719,86000,128
1100,20160112,11, 1,2,       1801 ,,143926,143926,143926562200,1,,,,,,0,720,6000,128,719,82000,128
1100,20160112,11, 1,2,       1801 ,,143926,143926,143926997300,1,,,,,,0,720,7000,128,719,82000,128
1100,20160112,11, 1,2,       1801 ,143927,143927,143927,143927042700,1,720,48,0,2000,0,0,720,5000,128,719,82000,128
1100,20160112,11, 1,2,       1801 ,,143927,143927,143927045200,1,,,,,,0,720,4000,128,719,82000,128
1100,20160112,11, 1,2,       1801 ,,143927,143927,143927049800,1,,,,,,0,720,4000,128,719,81000,128
1100,20160112,11, 1,2,       1801 ,,143927,143927,143927061200,1,,,,,,0,720,4000,128,719,80000,128
1100,20160112,11, 1,2,       1801 ,143929,143929,143929,143929250700,1,719,16,0,12000,0,0,720,4000,128,719,68000,128
1100,20160112,11, 1,2,       1801 ,,143929,143929,143929252400,1,,,,,,0,720,4000,128,719,67000,128
1100,20160112,11, 1,2,       1801 ,,143929,143929,143929253300,1,,,,,,0,720,6000,128,719,67000,128
1100,20160112,11, 1,2,       1801 ,,143929,143929,143929254900,1,,,,,,0,720,7000,128,719,67000,128
1100,20160112,11, 1,2,       1801 ,,143929,143929,143929255800,1,,,,,,0,720,11000,128,719,67000,128
1100,20160112,11, 1,2,       1801 ,,143929,143929,143929258000,1,,,,,,0,720,13000,128,719,67000,128
1100,20160112,11, 1,2,       1801 ,,143929,143929,143929700000,1,,,,,,0,720,13000,128,719,62000,128
1100,20160112,11, 1,2,       1801 ,,143929,143929,143929848600,1,,,,,,0,720,13000,128,719,63000,128
1100,20160112,11, 1,2,       1801 ,,143931,143931,143931999800,1,,,,,,0,720,12000,128,719,63000,128
1100,20160112,11, 1,2,       1801 ,,143932,143932,143932483300,1,,,,,,0,720,19000,128,719,63000,128
1100,20160112,11, 1,2,       1801 ,,143932,143932,143932518000,1,,,,,,0,720,22000,128,719,63000,128
1100,20160112,11, 1,2,       1801 ,,143933,143933,143933400100,1,,,,,,0,720,20000,128,719,63000,128
1100,20160112,11, 1,2,       1801 ,,143934,143934,143934451000,1,,,,,,0,720,20000,128,719,65000,128
1100,20160112,11, 1,2,       1801 ,143935,143935,143935,143935851000,1,719,16,0,1000,0,0,720,20000,128,719,64000,128
1100,20160112,11, 1,2,       1801 ,,143935,143935,143935852600,1,,,,,,0,720,20000,128,719,63000,128
1100,20160112,11, 1,2,       1801 ,,143936,143936,143936048600,1,,,,,,0,720,20000,128,719,64000,128
1100,20160112,11, 1,2,       1801 ,,143937,143937,143937003000,1,,,,,,0,720,19000,128,719,64000,128
1100,20160112,11, 1,2,       1801 ,,143938,143938,143938931300,1,,,,,,0,720,20000,128,719,64000,128
1100,20160112,11, 1,2,       1801 ,,143940,143940,143940431300,1,,,,,,0,720,19000,128,719,64000,128
1100,20160112,11, 1,2,       1801 ,,143940,143940,143940872200,1,,,,,,0,720,20000,128,719,64000,128
1100,20160112,11, 1,2,       1801 ,,143942,143942,143942209300,1,,,,,,0,720,19000,128,719,64000,128
1100,20160112,11, 1,2,       1801 ,,143943,143943,143943052000,1,,,,,,0,720,20000,128,719,64000,128
1100,20160112,11, 1,2,       1801 ,,143945,143945,143945471000,1,,,,,,0,720,19000,128,719,64000,128
1100,20160112,11, 1,2,       1801 ,,143945,143945,143945538500,1,,,,,,0,720,19000,128,719,68000,128
1100,20160112,11, 1,2,       1801 ,,143946,143946,143946213500,1,,,,,,0,720,20000,128,719,68000,128
1100,20160112,11, 1,2,       1801 ,,143946,143946,143946386800,1,,,,,,0,720,21000,128,719,68000,128
1100,20160112,11, 1,2,       1801 ,,143947,143947,143947002400,1,,,,,,0,720,26000,128,719,68000,128
1100,20160112,11, 1,2,       1801 ,,143947,143947,143947711100,1,,,,,,0,720,25000,128,719,68000,128
1100,20160112,11, 1,2,       1801 ,,143948,143948,143948171100,1,,,,,,0,720,26000,128,719,68000,128
1100,20160112,11, 1,2,       1801 ,,143948,143948,143948403700,1,,,,,,0,720,27000,128,719,68000,128
1100,20160112,11, 1,2,       1801 ,,143949,143949,143949214100,1,,,,,,0,720,36000,128,719,68000,128
1100,20160112,11, 1,2,       1801 ,,143949,143949,143949215400,1,,,,,,0,720,36000,128,719,67000,128
1100,20160112,11, 1,2,       1801 ,,143949,143949,143949247800,1,,,,,,0,720,48000,128,719,67000,128
1100,20160112,11, 1,2,       1801 ,,143949,143949,143949467200,1,,,,,,0,720,49000,128,719,67000,128
1100,20160112,11, 1,2,       1801 ,,143949,143949,143949557400,1,,,,,,0,720,49000,128,719,68000,128
1100,20160112,11, 1,2,       1801 ,,143951,143951,143951590400,1,,,,,,0,720,50000,128,719,68000,128
1100,20160112,11, 1,2,       1801 ,,143957,143957,143957031400,1,,,,,,0,720,50000,128,719,64000,128
1100,20160112,11, 1,2,       1801 ,,143957,143957,143957053600,1,,,,,,0,720,50000,128,719,63000,128
1100,20160112,11, 1,2,       1801 ,,143957,143957,143957056400,1,,,,,,0,720,50000,128,719,61000,128
1100,20160112,11, 1,2,       1801 ,,143957,143957,143957057600,1,,,,,,0,720,50000,128,719,60000,128
1100,20160112,11, 1,2,       1801 ,,143957,143957,143957058700,1,,,,,,0,720,50000,128,719,58000,128
1100,20160112,11, 1,2,       1801 ,,143957,143957,143957541500,1,,,,,,0,720,50000,128,719,54000,128
1100,20160112,11, 1,2,       1801 ,,143957,143957,143957543500,1,,,,,,0,720,50000,128,719,50000,128
1100,20160112,11, 1,2,       1801 ,,143958,143958,143958811000,1,,,,,,0,720,50000,128,719,35000,128
1100,20160112,11, 1,2,       1801 ,,143958,143958,143958812300,1,,,,,,0,720,65000,128,719,35000,128
1100,20160112,11, 1,2,       1801 ,,143958,143958,143958813000,1,,,,,,0,720,68000,128,719,35000,128
1100,20160112,11, 1,2,       1801 ,,143958,143958,143958813700,1,,,,,,0,720,69000,128,719,35000,128
1100,20160112,11, 1,2,       1801 ,,143958,143958,143958814400,1,,,,,,0,720,74000,128,719,35000,128
1100,20160112,11, 1,2,       1801 ,,143959,143959,143959002800,1,,,,,,0,720,93000,128,719,35000,128
1100,20160112,11, 1,2,       1801 ,,143959,143959,143959654700,1,,,,,,0,720,93000,128,719,34000,128
1100,20160112,11, 1,2,       1801 ,,143959,143959,143959890300,1,,,,,,0,720,88000,128,719,34000,128
1100,20160112,11, 1,2,       1801 ,,143959,143959,143959891700,1,,,,,,0,720,87000,128,719,34000,128
1100,20160112,11, 1,2,       1801 ,,144000,144000,144000322300,1,,,,,,0,720,87000,128,719,35000,128
1100,20160112,11, 1,2,       1801 ,,144001,144001,144001863300,1,,,,,,0,720,88000,128,719,35000,128
1100,20160112,11, 1,2,       1801 ,,144002,144002,144002272000,1,,,,,,0,720,88000,128,719,36000,128
1100,20160112,11, 1,2,       1801 ,,144002,144002,144002440200,1,,,,,,0,720,90000,128,719,36000,128
1100,20160112,11, 1,2,       1801 ,,144002,144002,144002442400,1,,,,,,0,720,90000,128,719,35000,128
1100,20160112,11, 1,2,       1801 ,,144003,144003,144003835200,1,,,,,,0,720,88000,128,719,35000,128
1100,20160112,11, 1,2,       1801 ,,144005,144005,144005136500,1,,,,,,0,720,88000,128,719,36000,128
1100,20160112,11, 1,2,       1801 ,,144005,144005,144005260400,1,,,,,,0,720,88000,128,719,37000,128
1100,20160112,11, 1,2,       1801 ,,144006,144006,144006779100,1,,,,,,0,720,88000,128,719,36000,128
1100,20160112,11, 1,2,       1801 ,144007,144007,144007,144007037300,1,720,48,0,3000,0,0,720,85000,128,719,36000,128
1100,20160112,11, 1,2,       1801 ,,144007,144007,144007040600,1,,,,,,0,720,85000,128,719,37000,128
1100,20160112,11, 1,2,       1801 ,,144008,144008,144008537000,1,,,,,,0,720,85000,128,719,38000,128
1100,20160112,11, 1,2,       1801 ,,144009,144009,144009096400,1,,,,,,0,720,85000,128,719,39000,128
1100,20160112,11, 1,2,       1801 ,,144010,144010,144010882600,1,,,,,,0,720,85000,128,719,41000,128
1100,20160112,11, 1,2,       1801 ,,144011,144011,144011118100,1,,,,,,0,720,85000,128,719,39000,128
1100,20160112,11, 1,2,       1801 ,,144011,144011,144011122400,1,,,,,,0,720,83000,128,719,39000,128
1100,20160112,11, 1,2,       1801 ,,144011,144011,144011382800,1,,,,,,0,720,82000,128,719,39000,128
1100,20160112,11, 1,2,       1801 ,,144012,144012,144012235600,1,,,,,,0,720,82000,128,719,38000,128
1100,20160112,11, 1,2,       1801 ,,144013,144013,144013280600,1,,,,,,0,720,82000,128,719,40000,128
1100,20160112,11, 1,2,       1801 ,144014,144014,144014,144014724900,1,720,48,0,1000,0,0,720,81000,128,719,40000,128
1100,20160112,11, 1,2,       1801 ,,144014,144014,144014910200,1,,,,,,0,720,81000,128,719,40000,128
1100,20160112,11, 1,2,       1801 ,,144015,144015,144015521800,1,,,,,,0,720,81000,128,719,41000,128
1100,20160112,11, 1,2,       1801 ,144017,144017,144017,144017041600,1,719,16,0,1000,0,0,720,81000,128,719,40000,128
1100,20160112,11, 1,2,       1801 ,,144018,144018,144018850900,1,,,,,,0,720,81000,128,719,39000,128
1100,20160112,11, 1,2,       1801 ,,144019,144019,144019860900,1,,,,,,0,720,81000,128,719,40000,128
1100,20160112,11, 1,2,       1801 ,,144029,144029,144029871200,1,,,,,,0,720,81000,128,719,46000,128
1100,20160112,11, 1,2,       1801 ,,144029,144029,144029872600,1,,,,,,0,720,81000,128,719,50000,128
1100,20160112,11, 1,2,       1801 ,,144029,144029,144029873300,1,,,,,,0,720,81000,128,719,55000,128
1100,20160112,11, 1,2,       1801 ,,144029,144029,144029873900,1,,,,,,0,720,81000,128,719,57000,128
1100,20160112,11, 1,2,       1801 ,,144029,144029,144029874700,1,,,,,,0,720,78000,128,719,57000,128
1100,20160112,11, 1,2,       1801 ,,144029,144029,144029875500,1,,,,,,0,720,77000,128,719,57000,128
1100,20160112,11, 1,2,       1801 ,,144030,144030,144030039700,1,,,,,,0,720,78000,128,719,57000,128
1100,20160112,11, 1,2,       1801 ,,144033,144033,144033719800,1,,,,,,0,720,78000,128,719,58000,128
1100,20160112,11, 1,2,       1801 ,,144035,144035,144035943700,1,,,,,,0,720,77000,128,719,58000,128
1100,20160112,11, 1,2,       1801 ,,144036,144036,144036391000,1,,,,,,0,720,78000,128,719,58000,128
1100,20160112,11, 1,2,       1801 ,,144037,144037,144037995300,1,,,,,,0,720,79000,128,719,58000,128
1100,20160112,11, 1,2,       1801 ,,144040,144040,144040391800,1,,,,,,0,720,79000,128,719,53000,128
1100,20160112,11, 1,2,       1801 ,,144040,144040,144040420300,1,,,,,,0,720,79000,128,719,52000,128
1100,20160112,11, 1,2,       1801 ,,144041,144041,144041861600,1,,,,,,0,720,82000,128,719,52000,128
1100,20160112,11, 1,2,       1801 ,,144041,144041,144041863000,1,,,,,,0,720,86000,128,719,52000,128
1100,20160112,11, 1,2,       1801 ,,144041,144041,144041863600,1,,,,,,0,720,86000,128,719,46000,128
1100,20160112,11, 1,2,       1801 ,144042,144042,144042,144042702000,1,720,48,0,2000,0,0,720,84000,128,719,46000,128
1100,20160112,11, 1,2,       1801 ,,144042,144042,144042704700,1,,,,,,0,720,84000,128,719,47000,128
1100,20160112,11, 1,2,       1801 ,144043,144043,144043,144043397800,1,719,16,0,2000,0,0,720,84000,128,719,45000,128
1100,20160112,11, 1,2,       1801 ,,144043,144043,144043400000,1,,,,,,0,720,84000,128,719,44000,128
1100,20160112,11, 1,2,       1801 ,144044,144044,144044,144044288500,1,719,16,0,7000,0,0,720,84000,128,719,37000,128
1100,20160112,11, 1,2,       1801 ,,144044,144044,144044290400,1,,,,,,0,720,85000,128,719,37000,128
1100,20160112,11, 1,2,       1801 ,,144044,144044,144044291100,1,,,,,,0,720,85000,128,719,36000,128
1100,20160112,11, 1,2,       1801 ,,144044,144044,144044748700,1,,,,,,0,720,84000,128,719,36000,128
1100,20160112,11, 1,2,       1801 ,144045,144045,144045,144045066600,1,719,16,0,2000,0,0,720,84000,128,719,34000,128
1100,20160112,11, 1,2,       1801 ,,144045,144045,144045069200,1,,,,,,0,720,84000,128,719,34000,128
1100,20160112,11, 1,2,       1801 ,144045,144045,144045,144045345300,1,720,48,0,5000,0,0,720,79000,128,719,34000,128
1100,20160112,11, 1,2,       1801 ,,144045,144045,144045869500,1,,,,,,0,720,79000,128,719,35000,128
1100,20160112,11, 1,2,       1801 ,,144049,144049,144049855800,1,,,,,,0,720,81000,128,719,35000,128
1100,20160112,11, 1,2,       1801 ,144049,144049,144049,144049866900,1,719,16,0,5000,0,0,720,81000,128,719,30000,128
1100,20160112,11, 1,2,       1801 ,,144050,144050,144050109500,1,,,,,,0,720,62000,128,719,30000,128
1100,20160112,11, 1,2,       1801 ,,144050,144050,144050111700,1,,,,,,0,720,62000,128,719,36000,128
1100,20160112,11, 1,2,       1801 ,,144053,144053,144053606500,1,,,,,,0,720,62000,128,719,37000,128
1100,20160112,11, 1,2,       1801 ,,144053,144053,144053608100,1,,,,,,0,720,62000,128,719,42000,128
1100,20160112,11, 1,2,       1801 ,,144054,144054,144054121400,1,,,,,,0,720,73000,128,719,42000,128
1100,20160112,11, 1,2,       1801 ,,144056,144056,144056509600,1,,,,,,0,720,71000,128,719,42000,128
1100,20160112,11, 1,2,       1801 ,,144056,144056,144056511500,1,,,,,,0,720,74000,128,719,42000,128
1100,20160112,11, 1,2,       1801 ,,144056,144056,144056512200,1,,,,,,0,720,76000,128,719,42000,128
1100,20160112,11, 1,2,       1801 ,,144057,144057,144057900900,1,,,,,,0,720,75000,128,719,42000,128
1100,20160112,11, 1,2,       1801 ,,144058,144058,144058643100,1,,,,,,0,720,76000,128,719,42000,128
1100,20160112,11, 1,2,       1801 ,,144112,144112,144112371100,1,,,,,,0,720,78000,128,719,42000,128
1100,20160112,11, 1,2,       1801 ,,144112,144112,144112376100,1,,,,,,0,720,78000,128,719,37000,128
1100,20160112,11, 1,2,       1801 ,,144112,144112,144112390300,1,,,,,,0,720,79000,128,719,37000,128
1100,20160112,11, 1,2,       1801 ,,144112,144112,144112392700,1,,,,,,0,720,79000,128,719,36000,128
1100,20160112,11, 1,2,       1801 ,,144112,144112,144112394000,1,,,,,,0,720,79000,128,719,30000,128
1100,20160112,11, 1,2,       1801 ,,144112,144112,144112395300,1,,,,,,0,720,79000,128,719,28000,128
1100,20160112,11, 1,2,       1801 ,,144112,144112,144112396500,1,,,,,,0,720,79000,128,719,24000,128
1100,20160112,11, 1,2,       1801 ,,144112,144112,144112400300,1,,,,,,0,720,79000,128,719,25000,128
1100,20160112,11, 1,2,       1801 ,,144113,144113,144113727700,1,,,,,,0,720,79000,128,719,26000,128
1100,20160112,11, 1,2,       1801 ,,144113,144113,144113805800,1,,,,,,0,720,77000,128,719,26000,128
1100,20160112,11, 1,2,       1801 ,,144114,144114,144114699400,1,,,,,,0,720,76000,128,719,26000,128
1100,20160112,11, 1,2,       1801 ,,144118,144118,144118044200,1,,,,,,0,720,76000,128,719,27000,128
1100,20160112,11, 1,2,       1801 ,144123,144123,144123,144123380900,1,720,48,0,6000,0,0,720,70000,128,719,27000,128
1100,20160112,11, 1,2,       1801 ,,144123,144123,144123382900,1,,,,,,0,720,70000,128,719,32000,128
1100,20160112,11, 1,2,       1801 ,,144123,144123,144123383500,1,,,,,,0,720,70000,128,719,37000,128
1100,20160112,11, 1,2,       1801 ,,144123,144123,144123384200,1,,,,,,0,720,70000,128,719,40000,128
1100,20160112,11, 1,2,       1801 ,,144123,144123,144123384900,1,,,,,,0,720,70000,128,719,48000,128
1100,20160112,11, 1,2,       1801 ,,144124,144124,144124325000,1,,,,,,0,720,71000,128,719,48000,128
1100,20160112,11, 1,2,       1801 ,,144128,144128,144128804200,1,,,,,,0,720,71000,128,719,49000,128
1100,20160112,11, 1,2,       1801 ,,144129,144129,144129108000,1,,,,,,0,720,72000,128,719,49000,128
1100,20160112,11, 1,2,       1801 ,,144134,144134,144134946700,1,,,,,,0,720,72000,128,719,50000,128
1100,20160112,11, 1,2,       1801 ,,144136,144136,144136087300,1,,,,,,0,720,72000,128,719,51000,128
1100,20160112,11, 1,2,       1801 ,,144137,144137,144137941500,1,,,,,,0,720,71000,128,719,51000,128
1100,20160112,11, 1,2,       1801 ,,144140,144140,144140714000,1,,,,,,0,720,72000,128,719,51000,128
1100,20160112,11, 1,2,       1801 ,,144140,144140,144140734100,1,,,,,,0,720,71000,128,719,51000,128
1100,20160112,11, 1,2,       1801 ,,144140,144140,144140782900,1,,,,,,0,720,68000,128,719,51000,128
1100,20160112,11, 1,2,       1801 ,,144140,144140,144140787000,1,,,,,,0,720,64000,128,719,51000,128
1100,20160112,11, 1,2,       1801 ,,144140,144140,144140969600,1,,,,,,0,720,64000,128,719,53000,128
1100,20160112,11, 1,2,       1801 ,,144140,144140,144140971400,1,,,,,,0,720,64000,128,719,54000,128
1100,20160112,11, 1,2,       1801 ,,144140,144140,144140982300,1,,,,,,0,720,49000,128,719,54000,128
1100,20160112,11, 1,2,       1801 ,,144140,144140,144140983600,1,,,,,,0,720,49000,128,719,55000,128
1100,20160112,11, 1,2,       1801 ,,144140,144140,144140984300,1,,,,,,0,720,48000,128,719,55000,128
1100,20160112,11, 1,2,       1801 ,,144141,144141,144141010600,1,,,,,,0,720,48000,128,719,53000,128
1100,20160112,11, 1,2,       1801 ,,144141,144141,144141541000,1,,,,,,0,720,48000,128,719,57000,128
1100,20160112,11, 1,2,       1801 ,,144141,144141,144141663600,1,,,,,,0,720,48000,128,719,58000,128
1100,20160112,11, 1,2,       1801 ,,144141,144141,144141903100,1,,,,,,0,720,51000,128,719,58000,128
1100,20160112,11, 1,2,       1801 ,,144141,144141,144141904600,1,,,,,,0,720,51000,128,719,57000,128
1100,20160112,11, 1,2,       1801 ,,144143,144143,144143988500,1,,,,,,0,720,52000,128,719,57000,128
1100,20160112,11, 1,2,       1801 ,,144144,144144,144144461700,1,,,,,,0,720,52000,128,719,56000,128
1100,20160112,11, 1,2,       1801 ,,144148,144148,144148644200,1,,,,,,0,720,52000,128,719,57000,128
1100,20160112,11, 1,2,       1801 ,,144151,144151,144151103200,1,,,,,,0,720,52000,128,719,56000,128
1100,20160112,11, 1,2,       1801 ,,144151,144151,144151104100,1,,,,,,0,720,52000,128,719,57000,128
1100,20160112,11, 1,2,       1801 ,,144154,144154,144154190700,1,,,,,,0,720,54000,128,719,57000,128
1100,20160112,11, 1,2,       1801 ,,144154,144154,144154222300,1,,,,,,0,720,54000,128,719,56000,128
1100,20160112,11, 1,2,       1801 ,,144154,144154,144154420000,1,,,,,,0,720,52000,128,719,56000,128
1100,20160112,11, 1,2,       1801 ,,144154,144154,144154421600,1,,,,,,0,720,52000,128,719,55000,128
1100,20160112,11, 1,2,       1801 ,,144154,144154,144154825700,1,,,,,,0,720,52000,128,719,56000,128
1100,20160112,11, 1,2,       1801 ,,144156,144156,144156645000,1,,,,,,0,720,52000,128,719,55000,128
1100,20160112,11, 1,2,       1801 ,,144158,144158,144158020000,1,,,,,,0,720,54000,128,719,55000,128
1100,20160112,11, 1,2,       1801 ,144158,144158,144158,144158409800,1,720,48,0,1000,0,0,720,53000,128,719,54000,128
1100,20160112,11, 1,2,       1801 ,,144158,144158,144158980600,1,,,,,,0,720,53000,128,719,55000,128
1100,20160112,11, 1,2,       1801 ,,144159,144159,144159919400,1,,,,,,0,720,53000,128,719,54000,128
1100,20160112,11, 1,2,       1801 ,,144159,144159,144159920200,1,,,,,,0,720,53000,128,719,55000,128
1100,20160112,11, 1,2,       1801 ,,144203,144203,144203139900,1,,,,,,0,720,51000,128,719,55000,128
1100,20160112,11, 1,2,       1801 ,,144205,144205,144205399600,1,,,,,,0,720,51000,128,719,58000,128
1100,20160112,11, 1,2,       1801 ,,144206,144206,144206383000,1,,,,,,0,720,53000,128,719,58000,128
1100,20160112,11, 1,2,       1801 ,,144209,144209,144209120900,1,,,,,,0,720,53000,128,719,59000,128
1100,20160112,11, 1,2,       1801 ,,144209,144209,144209122300,1,,,,,,0,720,53000,128,719,60000,128
1100,20160112,11, 1,2,       1801 ,,144210,144210,144210238300,1,,,,,,0,720,53000,128,719,61000,128
1100,20160112,11, 1,2,       1801 ,144213,144213,144213,144213666000,1,719,16,0,6000,0,0,720,42000,128,719,55000,128
1100,20160112,11, 1,2,       1801 ,,144213,144213,144213675100,1,,,,,,0,720,42000,128,719,52000,128
1100,20160112,11, 1,2,       1801 ,,144213,144213,144213680400,1,,,,,,0,720,45000,128,719,52000,128
1100,20160112,11, 1,2,       1801 ,,144217,144217,144217464700,1,,,,,,0,720,45000,128,719,53000,128
1100,20160112,11, 1,2,       1801 ,,144218,144218,144218684200,1,,,,,,0,720,45000,128,719,55000,128
1100,20160112,11, 1,2,       1801 ,144220,144220,144220,144220406400,1,720,48,0,5000,0,0,720,40000,128,719,55000,128
1100,20160112,11, 1,2,       1801 ,,144220,144220,144220407900,1,,,,,,0,720,40000,128,719,56000,128
1100,20160112,11, 1,2,       1801 ,,144220,144220,144220501300,1,,,,,,0,720,40000,128,719,55000,128
1100,20160112,11, 1,2,       1801 ,,144220,144220,144220548600,1,,,,,,0,720,40000,128,719,54000,128
1100,20160112,11, 1,2,       1801 ,,144221,144221,144221007400,1,,,,,,0,720,38000,128,719,54000,128
1100,20160112,11, 1,2,       1801 ,,144221,144221,144221009100,1,,,,,,0,720,38000,128,719,55000,128
1100,20160112,11, 1,2,       1801 ,,144221,144221,144221143400,1,,,,,,0,720,38000,128,719,70000,128
1100,20160112,11, 1,2,       1801 ,,144221,144221,144221144600,1,,,,,,0,720,38000,128,719,71000,128
1100,20160112,11, 1,2,       1801 ,,144221,144221,144221150800,1,,,,,,0,720,38000,128,719,70000,128
1100,20160112,11, 1,2,       1801 ,,144221,144221,144221703400,1,,,,,,0,720,38000,128,719,71000,128
1100,20160112,11, 1,2,       1801 ,,144221,144221,144221731300,1,,,,,,0,720,37000,128,719,71000,128
1100,20160112,11, 1,2,       1801 ,,144221,144221,144221734100,1,,,,,,0,720,34000,128,719,71000,128
1100,20160112,11, 1,2,       1801 ,144222,144222,144222,144222504200,1,720,48,0,1000,0,0,720,33000,128,719,71000,128
1100,20160112,11, 1,2,       1801 ,,144222,144222,144222529800,1,,,,,,0,720,31000,128,719,71000,128
1100,20160112,11, 1,2,       1801 ,,144229,144229,144229249000,1,,,,,,0,720,40000,128,719,71000,128
1100,20160112,11, 1,2,       1801 ,,144229,144229,144229250200,1,,,,,,0,720,40000,128,719,70000,128
1100,20160112,11, 1,2,       1801 ,,144230,144230,144230041400,1,,,,,,0,720,41000,128,719,70000,128
1100,20160112,11, 1,2,       1801 ,,144230,144230,144230930100,1,,,,,,0,720,40000,128,719,70000,128
1100,20160112,11, 1,2,       1801 ,,144232,144232,144232231600,1,,,,,,0,720,41000,128,719,70000,128
1100,20160112,11, 1,2,       1801 ,,144232,144232,144232450900,1,,,,,,0,720,40000,128,719,70000,128
1100,20160112,11, 1,2,       1801 ,,144233,144233,144233389900,1,,,,,,0,720,40000,128,719,71000,128
1100,20160112,11, 1,2,       1801 ,,144233,144233,144233624000,1,,,,,,0,720,39000,128,719,71000,128
1100,20160112,11, 1,2,       1801 ,,144233,144233,144233800900,1,,,,,,0,720,40000,128,719,71000,128
1100,20160112,11, 1,2,       1801 ,,144238,144238,144238135500,1,,,,,,0,720,40000,128,719,56000,128
1100,20160112,11, 1,2,       1801 ,,144238,144238,144238137300,1,,,,,,0,720,42000,128,719,56000,128
1100,20160112,11, 1,2,       1801 ,,144239,144239,144239330100,1,,,,,,0,720,42000,128,719,57000,128
1100,20160112,11, 1,2,       1801 ,,144243,144243,144243911200,1,,,,,,0,720,44000,128,719,57000,128
1100,20160112,11, 1,2,       1801 ,,144243,144243,144243913300,1,,,,,,0,720,47000,128,719,57000,128
1100,20160112,11, 1,2,       1801 ,,144244,144244,144244774900,1,,,,,,0,720,45000,128,719,57000,128
1100,20160112,11, 1,2,       1801 ,,144244,144244,144244776500,1,,,,,,0,720,45000,128,719,56000,128
1100,20160112,11, 1,2,       1801 ,,144248,144248,144248211200,1,,,,,,0,720,45000,128,719,71000,128
1100,20160112,11, 1,2,       1801 ,,144248,144248,144248212500,1,,,,,,0,720,42000,128,719,71000,128
1100,20160112,11, 1,2,       1801 ,,144248,144248,144248214000,1,,,,,,0,720,42000,128,719,72000,128
1100,20160112,11, 1,2,       1801 ,,144249,144249,144249048600,1,,,,,,0,720,42000,128,719,71000,128
1100,20160112,11, 1,2,       1801 ,144252,144252,144252,144252030200,1,720,48,0,1000,0,0,720,41000,128,719,71000,128
1100,20160112,11, 1,2,       1801 ,,144252,144252,144252031900,1,,,,,,0,720,41000,128,719,72000,128
1100,20160112,11, 1,2,       1801 ,,144252,144252,144252033200,1,,,,,,0,720,39000,128,719,72000,128
1100,20160112,11, 1,2,       1801 ,,144252,144252,144252764500,1,,,,,,0,720,39000,128,719,73000,128
1100,20160112,11, 1,2,       1801 ,,144254,144254,144254069500,1,,,,,,0,720,39000,128,719,72000,128
1100,20160112,11, 1,2,       1801 ,,144255,144255,144255341700,1,,,,,,0,720,39000,128,719,57000,128
1100,20160112,11, 1,2,       1801 ,,144258,144258,144258292500,1,,,,,,0,720,40000,128,719,57000,128
1100,20160112,11, 1,2,       1801 ,,144258,144258,144258294100,1,,,,,,0,720,42000,128,719,57000,128
1100,20160112,11, 1,2,       1801 ,,144300,144300,144300629700,1,,,,,,0,720,42000,128,719,58000,128
1100,20160112,11, 1,2,       1801 ,,144300,144300,144300860500,1,,,,,,0,720,44000,128,719,58000,128
1100,20160112,11, 1,2,       1801 ,,144301,144301,144301677500,1,,,,,,0,720,46000,128,719,58000,128
1100,20160112,11, 1,2,       1801 ,144302,144302,144302,144302322300,1,719,16,0,1000,0,0,720,46000,128,719,57000,128
1100,20160112,11, 1,2,       1801 ,,144302,144302,144302324100,1,,,,,,0,720,49000,128,719,57000,128
1100,20160112,11, 1,2,       1801 ,,144302,144302,144302547100,1,,,,,,0,720,49000,128,719,53000,128
1100,20160112,11, 1,2,       1801 ,,144302,144302,144302548400,1,,,,,,0,720,49000,128,719,52000,128
1100,20160112,11, 1,2,       1801 ,,144305,144305,144305306800,1,,,,,,0,720,49000,128,719,53000,128
1100,20160112,11, 1,2,       1801 ,,144306,144306,144306452000,1,,,,,,0,720,49000,128,719,54000,128
1100,20160112,11, 1,2,       1801 ,,144308,144308,144308100500,1,,,,,,0,720,47000,128,719,54000,128
1100,20160112,11, 1,2,       1801 ,,144308,144308,144308626300,1,,,,,,0,720,46000,128,719,54000,128
1100,20160112,11, 1,2,       1801 ,,144308,144308,144308628300,1,,,,,,0,720,46000,128,719,69000,128
1100,20160112,11, 1,2,       1801 ,,144310,144310,144310498500,1,,,,,,0,720,46000,128,719,67000,128
1100,20160112,11, 1,2,       1801 ,,144310,144310,144310909600,1,,,,,,0,720,43000,128,719,67000,128
1100,20160112,11, 1,2,       1801 ,,144310,144310,144310911100,1,,,,,,0,720,43000,128,719,68000,128
1100,20160112,11, 1,2,       1801 ,,144310,144310,144310911700,1,,,,,,0,720,44000,128,719,68000,128
1100,20160112,11, 1,2,       1801 ,,144310,144310,144310913200,1,,,,,,0,720,43000,128,719,68000,128
1100,20160112,11, 1,2,       1801 ,,144313,144313,144313748300,1,,,,,,0,720,44000,128,719,68000,128
1100,20160112,11, 1,2,       1801 ,,144313,144313,144313820300,1,,,,,,0,720,43000,128,719,68000,128
1100,20160112,11, 1,2,       1801 ,,144314,144314,144314804700,1,,,,,,0,720,44000,128,719,68000,128
1100,20160112,11, 1,2,       1801 ,,144316,144316,144316058000,1,,,,,,0,720,44000,128,719,69000,128
1100,20160112,11, 1,2,       1801 ,,144323,144323,144323465500,1,,,,,,0,720,44000,128,719,54000,128
1100,20160112,11, 1,2,       1801 ,,144323,144323,144323466900,1,,,,,,0,720,45000,128,719,54000,128
1100,20160112,11, 1,2,       1801 ,144325,144325,144325,144325768100,1,719,16,0,1000,0,0,720,45000,128,719,53000,128
1100,20160112,11, 1,2,       1801 ,,144325,144325,144325769800,1,,,,,,0,720,48000,128,719,53000,128
1100,20160112,11, 1,2,       1801 ,,144325,144325,144325771100,1,,,,,,0,720,48000,128,719,52000,128
1100,20160112,11, 1,2,       1801 ,,144328,144328,144328280400,1,,,,,,0,720,60000,128,719,52000,128
1100,20160112,11, 1,2,       1801 ,,144329,144329,144329247100,1,,,,,,0,720,51000,128,719,52000,128
1100,20160112,11, 1,2,       1801 ,,144329,144329,144329247800,1,,,,,,0,720,43000,128,719,52000,128
1100,20160112,11, 1,2,       1801 ,144329,144329,144329,144329254200,1,719,16,0,17000,0,0,720,43000,128,719,35000,128
1100,20160112,11, 1,2,       1801 ,,144329,144329,144329256700,1,,,,,,0,720,45000,128,719,35000,128
1100,20160112,11, 1,2,       1801 ,,144329,144329,144329257500,1,,,,,,0,720,45000,128,719,30000,128
1100,20160112,11, 1,2,       1801 ,144329,144329,144329,144329258900,1,719,16,0,3000,0,0,720,45000,128,719,27000,128
1100,20160112,11, 1,2,       1801 ,,144329,144329,144329259900,1,,,,,,0,720,42000,128,719,27000,128
1100,20160112,11, 1,2,       1801 ,,144330,144330,144330923600,1,,,,,,0,720,57000,128,719,27000,128
1100,20160112,11, 1,2,       1801 ,,144339,144339,144339247100,1,,,,,,0,720,56000,128,719,27000,128
1100,20160112,11, 1,2,       1801 ,144339,144339,144339,144339253000,1,719,16,0,1000,0,0,720,56000,128,719,26000,128
1100,20160112,11, 1,2,       1801 ,,144339,144339,144339808600,1,,,,,,0,720,56000,128,719,27000,128
1100,20160112,11, 1,2,       1801 ,,144340,144340,144340581000,1,,,,,,0,720,54000,128,719,27000,128
1100,20160112,11, 1,2,       1801 ,144341,144341,144341,144341224800,1,720,48,0,1000,0,0,720,53000,128,719,27000,128
1100,20160112,11, 1,2,       1801 ,,144341,144341,144341226800,1,,,,,,0,720,53000,128,719,32000,128
1100,20160112,11, 1,2,       1801 ,,144341,144341,144341227500,1,,,,,,0,720,38000,128,719,32000,128
1100,20160112,11, 1,2,       1801 ,,144341,144341,144341228800,1,,,,,,0,720,38000,128,719,33000,128
1100,20160112,11, 1,2,       1801 ,,144341,144341,144341348600,1,,,,,,0,720,38000,128,719,32000,128
1100,20160112,11, 1,2,       1801 ,,144343,144343,144343051100,1,,,,,,0,720,38000,128,719,33000,128
1100,20160112,11, 1,2,       1801 ,,144344,144344,144344118100,1,,,,,,0,720,38000,128,719,34000,128
1100,20160112,11, 1,2,       1801 ,,144344,144344,144344119500,1,,,,,,0,720,38000,128,719,37000,128
1100,20160112,11, 1,2,       1801 ,,144344,144344,144344643000,1,,,,,,0,720,39000,128,719,37000,128
1100,20160112,11, 1,2,       1801 ,144345,144345,144345,144345155300,1,719,16,0,1000,0,0,720,39000,128,719,36000,128
1100,20160112,11, 1,2,       1801 ,,144348,144348,144348532700,1,,,,,,0,720,40000,128,719,36000,128
1100,20160112,11, 1,2,       1801 ,,144349,144349,144349248700,1,,,,,,0,720,50000,128,719,36000,128
1100,20160112,11, 1,2,       1801 ,,144350,144350,144350460700,1,,,,,,0,720,50000,128,719,31000,128
1100,20160112,11, 1,2,       1801 ,,144350,144350,144350462200,1,,,,,,0,720,50000,128,719,28000,128
1100,20160112,11, 1,2,       1801 ,,144356,144356,144356154600,1,,,,,,0,720,50000,128,719,29000,128
1100,20160112,11, 1,2,       1801 ,,144356,144356,144356156400,1,,,,,,0,720,50000,128,719,31000,128
1100,20160112,11, 1,2,       1801 ,,144357,144357,144357430100,1,,,,,,0,720,52000,128,719,31000,128
1100,20160112,11, 1,2,       1801 ,,144357,144357,144357462000,1,,,,,,0,720,52000,128,719,30000,128
1100,20160112,11, 1,2,       1801 ,,144357,144357,144357511100,1,,,,,,0,720,53000,128,719,30000,128
1100,20160112,11, 1,2,       1801 ,,144358,144358,144358330800,1,,,,,,0,720,53000,128,719,28000,128
1100,20160112,11, 1,2,       1801 ,144358,144358,144358,144358598200,1,720,48,0,1000,0,0,720,52000,128,719,27000,128
1100,20160112,11, 1,2,       1801 ,,144358,144358,144358600800,1,,,,,,0,720,51000,128,719,27000,128
1100,20160112,11, 1,2,       1801 ,,144359,144359,144359961300,1,,,,,,0,720,51000,128,719,28000,128
1100,20160112,11, 1,2,       1801 ,144400,144400,144400,144400317100,1,719,16,0,5000,0,0,720,51000,128,719,23000,128
1100,20160112,11, 1,2,       1801 ,,144400,144400,144400318600,1,,,,,,0,720,52000,128,719,23000,128
1100,20160112,11, 1,2,       1801 ,,144400,144400,144400320000,1,,,,,,0,720,52000,128,719,22000,128
1100,20160112,11, 1,2,       1801 ,,144400,144400,144400320700,1,,,,,,0,720,52000,128,719,20000,128
1100,20160112,11, 1,2,       1801 ,,144400,144400,144400321400,1,,,,,,0,720,52000,128,719,29000,128
1100,20160112,11, 1,2,       1801 ,,144400,144400,144400322400,1,,,,,,0,720,52000,128,719,20000,128
1100,20160112,11, 1,2,       1801 ,,144400,144400,144400323100,1,,,,,,0,720,51000,128,719,20000,128
1100,20160112,11, 1,2,       1801 ,,144400,144400,144400324500,1,,,,,,0,720,51000,128,719,29000,128
1100,20160112,11, 1,2,       1801 ,,144401,144401,144401302000,1,,,,,,0,720,51000,128,719,30000,128
1100,20160112,11, 1,2,       1801 ,,144401,144401,144401802200,1,,,,,,0,720,51000,128,719,29000,128
1100,20160112,11, 1,2,       1801 ,,144401,144401,144401884400,1,,,,,,0,720,51000,128,719,30000,128
1100,20160112,11, 1,2,       1801 ,,144401,144401,144401899200,1,,,,,,0,720,51000,128,719,29000,128
1100,20160112,11, 1,2,       1801 ,,144402,144402,144402050200,1,,,,,,0,720,51000,128,719,30000,128
1100,20160112,11, 1,2,       1801 ,,144403,144403,144403034300,1,,,,,,0,720,49000,128,719,30000,128
1100,20160112,11, 1,2,       1801 ,,144409,144409,144409862100,1,,,,,,0,720,49000,128,719,29000,128
1100,20160112,11, 1,2,       1801 ,,144409,144409,144409955900,1,,,,,,0,720,51000,128,719,29000,128
1100,20160112,11, 1,2,       1801 ,,144409,144409,144409968100,1,,,,,,0,720,49000,128,719,29000,128
1100,20160112,11, 1,2,       1801 ,,144410,144410,144410442700,1,,,,,,0,720,49000,128,719,28000,128
1100,20160112,11, 1,2,       1801 ,144412,144412,144412,144412197200,1,719,16,0,7000,0,0,720,49000,128,719,21000,128
1100,20160112,11, 1,2,       1801 ,,144412,144412,144412199700,1,,,,,,0,720,51000,128,719,21000,128
1100,20160112,11, 1,2,       1801 ,,144412,144412,144412200500,1,,,,,,0,720,52000,128,719,21000,128
1100,20160112,11, 1,2,       1801 ,,144412,144412,144412201600,1,,,,,,0,720,52000,128,719,12000,128
1100,20160112,11, 1,2,       1801 ,,144412,144412,144412202900,1,,,,,,0,720,52000,128,719,14000,128
1100,20160112,11, 1,2,       1801 ,,144412,144412,144412203500,1,,,,,,0,720,52000,128,719,15000,128
1100,20160112,11, 1,2,       1801 ,,144412,144412,144412204600,1,,,,,,0,720,52000,128,719,24000,128
1100,20160112,11, 1,2,       1801 ,,144412,144412,144412205700,1,,,,,,0,720,51000,128,719,24000,128
1100,20160112,11, 1,2,       1801 ,,144412,144412,144412297100,1,,,,,,0,720,51000,128,719,25000,128
1100,20160112,11, 1,2,       1801 ,,144413,144413,144413574400,1,,,,,,0,720,51000,128,719,26000,128
1100,20160112,11, 1,2,       1801 ,,144415,144415,144415811300,1,,,,,,0,720,49000,128,719,26000,128
1100,20160112,11, 1,2,       1801 ,,144416,144416,144416400000,1,,,,,,0,720,51000,128,719,26000,128
1100,20160112,11, 1,2,       1801 ,,144416,144416,144416966000,1,,,,,,0,720,51000,128,719,28000,128
1100,20160112,11, 1,2,       1801 ,144426,144426,144426,144426231100,1,719,16,0,7000,0,0,720,51000,128,719,21000,128
1100,20160112,11, 1,2,       1801 ,,144426,144426,144426235200,1,,,,,,0,720,51000,128,719,20000,128
1100,20160112,11, 1,2,       1801 ,,144426,144426,144426239300,1,,,,,,0,720,52000,128,719,20000,128
1100,20160112,11, 1,2,       1801 ,144426,144426,144426,144426240600,1,719,16,0,2000,0,0,720,52000,128,719,18000,128
1100,20160112,11, 1,2,       1801 ,144426,144426,144426,144426250700,1,719,16,0,18000,0,0,720,52000,128,718,136000,128
1100,20160112,11, 1,2,       1801 ,,144426,144426,144426252600,1,,,,,,0,719,2000,128,718,136000,128
1100,20160112,11, 1,2,       1801 ,,144426,144426,144426262100,1,,,,,,0,719,3000,128,718,136000,128
1100,20160112,11, 1,2,       1801 ,,144426,144426,144426267200,1,,,,,,0,719,5000,128,718,136000,128
1100,20160112,11, 1,2,       1801 ,,144426,144426,144426272000,1,,,,,,0,719,5000,128,718,134000,128
1100,20160112,11, 1,2,       1801 ,144426,144426,144426,144426279000,1,719,48,0,2000,0,0,719,3000,128,718,134000,128
1100,20160112,11, 1,2,       1801 ,,144426,144426,144426280500,1,,,,,,0,719,3000,128,718,134000,128
1100,20160112,11, 1,2,       1801 ,144426,144426,144426,144426282700,1,719,48,0,2000,0,0,719,1000,128,718,134000,128
1100,20160112,11, 1,2,       1801 ,144426,144426,144426,144426285400,1,719,48,0,1000,0,0,720,62000,128,718,134000,128
1100,20160112,11, 1,2,       1801 ,,144426,144426,144426287400,1,,,,,,0,720,62000,128,718,134000,128
1100,20160112,11, 1,2,       1801 ,,144426,144426,144426288600,1,,,,,,0,720,64000,128,718,134000,128
1100,20160112,11, 1,2,       1801 ,,144426,144426,144426289900,1,,,,,,0,720,65000,128,718,134000,128
1100,20160112,11, 1,2,       1801 ,,144426,144426,144426293700,1,,,,,,0,719,2000,128,718,134000,128
1100,20160112,11, 1,2,       1801 ,,144426,144426,144426295900,1,,,,,,0,719,3000,128,718,134000,128
1100,20160112,11, 1,2,       1801 ,,144426,144426,144426297900,1,,,,,,0,719,3000,128,718,143000,128
1100,20160112,11, 1,2,       1801 ,144426,144426,144426,144426301100,1,719,48,0,2000,0,0,719,1000,128,718,143000,128
1100,20160112,11, 1,2,       1801 ,,144426,144426,144426304700,1,,,,,,0,719,1000,128,718,143000,128
1100,20160112,11, 1,2,       1801 ,,144426,144426,144426307000,1,,,,,,0,719,1000,128,718,141000,128
1100,20160112,11, 1,2,       1801 ,,144426,144426,144426308700,1,,,,,,0,719,1000,128,718,140000,128
1100,20160112,11, 1,2,       1801 ,,144426,144426,144426310300,1,,,,,,0,719,2000,128,718,140000,128
1100,20160112,11, 1,2,       1801 ,,144426,144426,144426329700,1,,,,,,0,719,2000,128,718,141000,128
1100,20160112,11, 1,2,       1801 ,,144426,144426,144426335800,1,,,,,,0,719,2000,128,718,143000,128
1100,20160112,11, 1,2,       1801 ,144426,144426,144426,144426337000,1,719,48,0,2000,0,0,720,65000,128,719,4000,128
1100,20160112,11, 1,2,       1801 ,,144426,144426,144426355200,1,,,,,,0,720,66000,128,719,4000,128
1100,20160112,11, 1,2,       1801 ,,144426,144426,144426399600,1,,,,,,0,720,66000,128,719,6000,128
1100,20160112,11, 1,2,       1801 ,,144426,144426,144426400500,1,,,,,,0,720,66000,128,719,7000,128
1100,20160112,11, 1,2,       1801 ,,144426,144426,144426404800,1,,,,,,0,720,66000,128,719,8000,128
1100,20160112,11, 1,2,       1801 ,,144426,144426,144426405800,1,,,,,,0,720,66000,128,719,11000,128
1100,20160112,11, 1,2,       1801 ,144426,144426,144426,144426407700,1,719,16,0,4000,0,0,720,66000,128,719,7000,128
1100,20160112,11, 1,2,       1801 ,,144426,144426,144426413300,1,,,,,,0,720,66000,128,719,7000,128
1100,20160112,11, 1,2,       1801 ,,144426,144426,144426429500,1,,,,,,0,720,64000,128,719,7000,128
1100,20160112,11, 1,2,       1801 ,,144426,144426,144426431100,1,,,,,,0,720,64000,128,719,5000,128
1100,20160112,11, 1,2,       1801 ,,144426,144426,144426487100,1,,,,,,0,720,68000,128,719,5000,128
1100,20160112,11, 1,2,       1801 ,,144426,144426,144426530500,1,,,,,,0,720,68000,128,719,4000,128
1100,20160112,11, 1,2,       1801 ,144426,144426,144426,144426544000,1,719,16,0,2000,0,0,720,68000,128,719,2000,128
1100,20160112,11, 1,2,       1801 ,,144426,144426,144426545800,1,,,,,,0,720,64000,128,719,2000,128
1100,20160112,11, 1,2,       1801 ,144426,144426,144426,144426548200,1,719,16,0,2000,0,0,720,64000,128,718,116000,128
1100,20160112,11, 1,2,       1801 ,,144426,144426,144426557000,1,,,,,,0,719,1000,128,718,116000,128
1100,20160112,11, 1,2,       1801 ,,144426,144426,144426559600,1,,,,,,0,719,3000,128,718,116000,128
1100,20160112,11, 1,2,       1801 ,,144426,144426,144426563200,1,,,,,,0,719,4000,128,718,116000,128
1100,20160112,11, 1,2,       1801 ,,144426,144426,144426565900,1,,,,,,0,719,6000,128,718,116000,128
1100,20160112,11, 1,2,       1801 ,,144426,144426,144426569700,1,,,,,,0,719,6000,128,718,114000,128
1100,20160112,11, 1,2,       1801 ,,144426,144426,144426571500,1,,,,,,0,719,10000,128,718,114000,128
1100,20160112,11, 1,2,       1801 ,,144426,144426,144426573800,1,,,,,,0,719,12000,128,718,114000,128
1100,20160112,11, 1,2,       1801 ,,144426,144426,144426575300,1,,,,,,0,719,17000,128,718,114000,128
1100,20160112,11, 1,2,       1801 ,,144426,144426,144426580700,1,,,,,,0,719,17000,128,718,113000,128
1100,20160112,11, 1,2,       1801 ,,144426,144426,144426588400,1,,,,,,0,719,15000,128,718,113000,128
1100,20160112,11, 1,2,       1801 ,,144426,144426,144426591200,1,,,,,,0,719,19000,128,718,113000,128
1100,20160112,11, 1,2,       1801 ,,144426,144426,144426653500,1,,,,,,0,719,19000,128,718,112000,128
1100,20160112,11, 1,2,       1801 ,,144426,144426,144426751400,1,,,,,,0,719,22000,128,718,112000,128
1100,20160112,11, 1,2,       1801 ,,144426,144426,144426894300,1,,,,,,0,719,22000,128,718,116000,128
1100,20160112,11, 1,2,       1801 ,144426,144426,144426,144426940900,1,719,48,0,2000,0,0,719,20000,128,718,116000,128
1100,20160112,11, 1,2,       1801 ,,144426,144426,144426942400,1,,,,,,0,719,20000,128,718,117000,128
1100,20160112,11, 1,2,       1801 ,,144426,144426,144426948500,1,,,,,,0,719,20000,128,718,116000,128
1100,20160112,11, 1,2,       1801 ,,144427,144427,144427206800,1,,,,,,0,719,20000,128,718,115000,128
1100,20160112,11, 1,2,       1801 ,,144427,144427,144427543600,1,,,,,,0,719,21000,128,718,115000,128
1100,20160112,11, 1,2,       1801 ,,144427,144427,144427570500,1,,,,,,0,719,20000,128,718,115000,128
1100,20160112,11, 1,2,       1801 ,,144427,144427,144427609700,1,,,,,,0,719,21000,128,718,115000,128
1100,20160112,11, 1,2,       1801 ,,144427,144427,144427935900,1,,,,,,0,719,26000,128,718,115000,128
1100,20160112,11, 1,2,       1801 ,,144428,144428,144428202400,1,,,,,,0,719,21000,128,718,115000,128
1100,20160112,11, 1,2,       1801 ,,144428,144428,144428203800,1,,,,,,0,719,21000,128,718,116000,128
1100,20160112,11, 1,2,       1801 ,144428,144428,144428,144428787600,1,719,48,0,1000,0,0,719,20000,128,718,115000,128
1100,20160112,11, 1,2,       1801 ,,144428,144428,144428790500,1,,,,,,0,719,20000,128,718,115000,128
1100,20160112,11, 1,2,       1801 ,,144429,144429,144429253800,1,,,,,,0,719,43000,128,718,115000,128
1100,20160112,11, 1,2,       1801 ,,144429,144429,144429254900,1,,,,,,0,719,43000,128,718,114000,128
1100,20160112,11, 1,2,       1801 ,,144430,144430,144430211900,1,,,,,,0,719,43000,128,718,115000,128
1100,20160112,11, 1,2,       1801 ,,144430,144430,144430212800,1,,,,,,0,719,44000,128,718,115000,128
1100,20160112,11, 1,2,       1801 ,,144430,144430,144430216300,1,,,,,,0,719,44000,128,718,111000,128
1100,20160112,11, 1,2,       1801 ,,144430,144430,144430754000,1,,,,,,0,719,45000,128,718,111000,128
1100,20160112,11, 1,2,       1801 ,,144431,144431,144431056500,1,,,,,,0,719,44000,128,718,111000,128
1100,20160112,11, 1,2,       1801 ,,144431,144431,144431460300,1,,,,,,0,719,45000,128,718,111000,128
1100,20160112,11, 1,2,       1801 ,,144431,144431,144431462300,1,,,,,,0,719,47000,128,718,111000,128
1100,20160112,11, 1,2,       1801 ,,144432,144432,144432741300,1,,,,,,0,719,57000,128,718,111000,128
1100,20160112,11, 1,2,       1801 ,,144433,144433,144433702700,1,,,,,,0,719,62000,128,718,111000,128
1100,20160112,11, 1,2,       1801 ,,144433,144433,144433704700,1,,,,,,0,719,62000,128,718,102000,128
1100,20160112,11, 1,2,       1801 ,,144434,144434,144434301500,1,,,,,,0,719,63000,128,718,102000,128
1100,20160112,11, 1,2,       1801 ,,144434,144434,144434303100,1,,,,,,0,719,64000,128,718,102000,128
1100,20160112,11, 1,2,       1801 ,,144434,144434,144434471700,1,,,,,,0,719,64000,128,718,100000,128
1100,20160112,11, 1,2,       1801 ,144434,144434,144434,144434581200,1,719,48,0,1000,0,0,719,63000,128,718,99000,128
1100,20160112,11, 1,2,       1801 ,,144434,144434,144434585900,1,,,,,,0,719,62000,128,718,99000,128
1100,20160112,11, 1,2,       1801 ,144434,144434,144434,144434596000,1,719,48,0,1000,0,0,719,61000,128,718,98000,128
1100,20160112,11, 1,2,       1801 ,,144435,144435,144435003500,1,,,,,,0,719,61000,128,718,98000,128
1100,20160112,11, 1,2,       1801 ,,144435,144435,144435020100,1,,,,,,0,719,62000,128,718,98000,128
1100,20160112,11, 1,2,       1801 ,,144435,144435,144435070600,1,,,,,,0,719,61000,128,718,98000,128
1100,20160112,11, 1,2,       1801 ,,144439,144439,144439569400,1,,,,,,0,719,62000,128,718,98000,128
1100,20160112,11, 1,2,       1801 ,,144445,144445,144445111100,1,,,,,,0,719,62000,128,718,102000,128
1100,20160112,11, 1,2,       1801 ,,144448,144448,144448402100,1,,,,,,0,719,62000,128,718,103000,128
1100,20160112,11, 1,2,       1801 ,,144449,144449,144449041100,1,,,,,,0,719,63000,128,718,103000,128
1100,20160112,11, 1,2,       1801 ,,144449,144449,144449117200,1,,,,,,0,719,64000,128,718,103000,128
1100,20160112,11, 1,2,       1801 ,,144450,144450,144450200900,1,,,,,,0,719,64000,128,718,104000,128
1100,20160112,11, 1,2,       1801 ,,144452,144452,144452025700,1,,,,,,0,719,63000,128,718,104000,128
1100,20160112,11, 1,2,       1801 ,,144452,144452,144452771200,1,,,,,,0,719,64000,128,718,104000,128
1100,20160112,11, 1,2,       1801 ,,144452,144452,144452872700,1,,,,,,0,719,63000,128,718,104000,128
1100,20160112,11, 1,2,       1801 ,,144454,144454,144454318500,1,,,,,,0,719,74000,128,718,104000,128
1100,20160112,11, 1,2,       1801 ,,144457,144457,144457250800,1,,,,,,0,719,75000,128,718,104000,128
1100,20160112,11, 1,2,       1801 ,,144457,144457,144457434600,1,,,,,,0,719,74000,128,718,104000,128
1100,20160112,11, 1,2,       1801 ,,144500,144500,144500123000,1,,,,,,0,719,74000,128,718,103000,128
1100,20160112,11, 1,2,       1801 ,,144500,144500,144500208100,1,,,,,,0,719,75000,128,718,103000,128
1100,20160112,11, 1,2,       1801 ,,144500,144500,144500212100,1,,,,,,0,719,75000,128,718,104000,128
1100,20160112,11, 1,2,       1801 ,,144502,144502,144502100900,1,,,,,,0,719,74000,128,718,104000,128
1100,20160112,11, 1,2,       1801 ,,144502,144502,144502103500,1,,,,,,0,719,74000,128,718,110000,128
1100,20160112,11, 1,2,       1801 ,,144502,144502,144502104600,1,,,,,,0,719,73000,128,718,110000,128
1100,20160112,11, 1,2,       1801 ,,144504,144504,144504804300,1,,,,,,0,719,73000,128,718,112000,128
1100,20160112,11, 1,2,       1801 ,,144505,144505,144505714100,1,,,,,,0,719,73000,128,718,125000,128
1100,20160112,11, 1,2,       1801 ,144506,144506,144506,144506306600,1,718,16,0,2000,0,0,719,73000,128,718,123000,128
1100,20160112,11, 1,2,       1801 ,,144506,144506,144506309600,1,,,,,,0,719,73000,128,718,117000,128
1100,20160112,11, 1,2,       1801 ,,144506,144506,144506310400,1,,,,,,0,719,73000,128,718,104000,128
1100,20160112,11, 1,2,       1801 ,,144506,144506,144506318100,1,,,,,,0,719,74000,128,718,104000,128
1100,20160112,11, 1,2,       1801 ,,144508,144508,144508807300,1,,,,,,0,719,74000,128,718,117000,128
1100,20160112,11, 1,2,       1801 ,,144509,144509,144509545600,1,,,,,,0,719,74000,128,718,118000,128
1100,20160112,11, 1,2,       1801 ,,144509,144509,144509547400,1,,,,,,0,719,74000,128,718,123000,128
1100,20160112,11, 1,2,       1801 ,,144512,144512,144512660300,1,,,,,,0,719,74000,128,718,124000,128
1100,20160112,11, 1,2,       1801 ,,144514,144514,144514758600,1,,,,,,0,719,74000,128,718,125000,128
1100,20160112,11, 1,2,       1801 ,,144515,144515,144515772500,1,,,,,,0,719,74000,128,718,126000,128
1100,20160112,11, 1,2,       1801 ,,144516,144516,144516174100,1,,,,,,0,719,74000,128,718,127000,128
1100,20160112,11, 1,2,       1801 ,,144519,144519,144519384400,1,,,,,,0,719,75000,128,718,127000,128
1100,20160112,11, 1,2,       1801 ,,144520,144520,144520981100,1,,,,,,0,719,75000,128,718,128000,128
1100,20160112,11, 1,2,       1801 ,,144521,144521,144521161900,1,,,,,,0,719,74000,128,718,128000,128
1100,20160112,11, 1,2,       1801 ,,144521,144521,144521839800,1,,,,,,0,719,75000,128,718,128000,128
1100,20160112,11, 1,2,       1801 ,,144522,144522,144522509100,1,,,,,,0,719,76000,128,718,128000,128
1100,20160112,11, 1,2,       1801 ,144527,144527,144527,144527683000,1,718,16,0,1000,0,0,719,76000,128,718,127000,128
1100,20160112,11, 1,2,       1801 ,,144527,144527,144527684800,1,,,,,,0,719,76000,128,718,127000,128
1100,20160112,11, 1,2,       1801 ,,144527,144527,144527685600,1,,,,,,0,719,76000,128,718,128000,128
1100,20160112,11, 1,2,       1801 ,,144529,144529,144529217600,1,,,,,,0,719,75000,128,718,128000,128
1100,20160112,11, 1,2,       1801 ,,144529,144529,144529560000,1,,,,,,0,719,75000,128,718,129000,128
1100,20160112,11, 1,2,       1801 ,,144529,144529,144529621200,1,,,,,,0,719,75000,128,718,128000,128
1100,20160112,11, 1,2,       1801 ,,144529,144529,144529640400,1,,,,,,0,719,75000,128,718,129000,128
1100,20160112,11, 1,2,       1801 ,,144530,144530,144530729300,1,,,,,,0,719,75000,128,718,128000,128
1100,20160112,11, 1,2,       1801 ,,144531,144531,144531095100,1,,,,,,0,719,75000,128,718,130000,128
1100,20160112,11, 1,2,       1801 ,,144531,144531,144531364600,1,,,,,,0,719,76000,128,718,130000,128
1100,20160112,11, 1,2,       1801 ,,144536,144536,144536524500,1,,,,,,0,719,76000,128,718,133000,128
1100,20160112,11, 1,2,       1801 ,,144541,144541,144541842600,1,,,,,,0,719,77000,128,718,133000,128
1100,20160112,11, 1,2,       1801 ,,144542,144542,144542322200,1,,,,,,0,719,76000,128,718,133000,128
1100,20160112,11, 1,2,       1801 ,144544,144544,144544,144544332400,1,719,48,0,5000,0,0,719,71000,128,718,133000,128
1100,20160112,11, 1,2,       1801 ,,144544,144544,144544643200,1,,,,,,0,719,70000,128,718,133000,128
1100,20160112,11, 1,2,       1801 ,,144545,144545,144545320700,1,,,,,,0,719,71000,128,718,133000,128
1100,20160112,11, 1,2,       1801 ,,144546,144546,144546642000,1,,,,,,0,719,71000,128,718,134000,128
1100,20160112,11, 1,2,       1801 ,,144549,144549,144549975700,1,,,,,,0,719,73000,128,718,134000,128
1100,20160112,11, 1,2,       1801 ,,144550,144550,144550024100,1,,,,,,0,719,73000,128,718,133000,128
1100,20160112,11, 1,2,       1801 ,,144551,144551,144551172400,1,,,,,,0,719,72000,128,718,133000,128
1100,20160112,11, 1,2,       1801 ,,144551,144551,144551218000,1,,,,,,0,719,72000,128,718,120000,128
1100,20160112,11, 1,2,       1801 ,,144551,144551,144551218800,1,,,,,,0,719,72000,128,718,126000,128
1100,20160112,11, 1,2,       1801 ,,144551,144551,144551227400,1,,,,,,0,719,72000,128,718,127000,128
1100,20160112,11, 1,2,       1801 ,,144551,144551,144551258700,1,,,,,,0,719,72000,128,718,126000,128
1100,20160112,11, 1,2,       1801 ,,144551,144551,144551345500,1,,,,,,0,719,72000,128,718,127000,128
1100,20160112,11, 1,2,       1801 ,,144551,144551,144551470300,1,,,,,,0,719,73000,128,718,127000,128
1100,20160112,11, 1,2,       1801 ,,144551,144551,144551792300,1,,,,,,0,719,72000,128,718,127000,128
1100,20160112,11, 1,2,       1801 ,,144551,144551,144551944400,1,,,,,,0,719,72000,128,718,126000,128
1100,20160112,11, 1,2,       1801 ,,144552,144552,144552101700,1,,,,,,0,719,73000,128,718,126000,128
1100,20160112,11, 1,2,       1801 ,,144553,144553,144553593800,1,,,,,,0,719,73000,128,718,125000,128
1100,20160112,11, 1,2,       1801 ,,144554,144554,144554741800,1,,,,,,0,719,72000,128,718,125000,128
1100,20160112,11, 1,2,       1801 ,,144556,144556,144556644700,1,,,,,,0,719,73000,128,718,125000,128
1100,20160112,11, 1,2,       1801 ,,144559,144559,144559015800,1,,,,,,0,719,74000,128,718,125000,128
1100,20160112,11, 1,2,       1801 ,,144600,144600,144600525400,1,,,,,,0,719,74000,128,718,127000,128
1100,20160112,11, 1,2,       1801 ,,144601,144601,144601935700,1,,,,,,0,719,74000,128,718,122000,128
1100,20160112,11, 1,2,       1801 ,,144603,144603,144603755900,1,,,,,,0,719,74000,128,718,123000,128
1100,20160112,11, 1,2,       1801 ,,144603,144603,144603937300,1,,,,,,0,719,74000,128,718,122000,128
1100,20160112,11, 1,2,       1801 ,,144609,144609,144609447200,1,,,,,,0,719,74000,128,718,121000,128
1100,20160112,11, 1,2,       1801 ,144609,144609,144609,144609450100,1,718,16,0,5000,0,0,719,63000,128,718,116000,128
1100,20160112,11, 1,2,       1801 ,,144609,144609,144609467000,1,,,,,,0,719,66000,128,718,116000,128
1100,20160112,11, 1,2,       1801 ,,144611,144611,144611030500,1,,,,,,0,719,66000,128,718,114000,128
1100,20160112,11, 1,2,       1801 ,,144611,144611,144611630800,1,,,,,,0,719,65000,128,718,114000,128
1100,20160112,11, 1,2,       1801 ,,144611,144611,144611633000,1,,,,,,0,719,65000,128,718,115000,128
1100,20160112,11, 1,2,       1801 ,,144611,144611,144611705400,1,,,,,,0,719,60000,128,718,115000,128
1100,20160112,11, 1,2,       1801 ,,144611,144611,144611708000,1,,,,,,0,719,60000,128,718,116000,128
1100,20160112,11, 1,2,       1801 ,,144613,144613,144613119600,1,,,,,,0,719,60000,128,718,118000,128
1100,20160112,11, 1,2,       1801 ,144613,144613,144613,144613123900,1,719,48,0,2000,0,0,719,58000,128,718,118000,128
1100,20160112,11, 1,2,       1801 ,,144613,144613,144613137900,1,,,,,,0,719,56000,128,718,118000,128
1100,20160112,11, 1,2,       1801 ,144613,144613,144613,144613141100,1,719,48,0,2000,0,0,719,54000,128,718,118000,128
1100,20160112,11, 1,2,       1801 ,,144613,144613,144613145200,1,,,,,,0,719,54000,128,718,120000,128
1100,20160112,11, 1,2,       1801 ,144613,144613,144613,144613148200,1,719,48,0,54000,0,0,720,70000,128,718,120000,128
1100,20160112,11, 1,2,       1801 ,,144613,144613,144613154600,1,,,,,,0,720,70000,128,719,10000,128
1100,20160112,11, 1,2,       1801 ,,144613,144613,144613159000,1,,,,,,0,720,69000,128,719,10000,128
1100,20160112,11, 1,2,       1801 ,,144613,144613,144613160600,1,,,,,,0,720,69000,128,719,11000,128
1100,20160112,11, 1,2,       1801 ,,144613,144613,144613162700,1,,,,,,0,720,69000,128,719,13000,128
1100,20160112,11, 1,2,       1801 ,,144613,144613,144613167000,1,,,,,,0,720,69000,128,719,16000,128
1100,20160112,11, 1,2,       1801 ,,144613,144613,144613176600,1,,,,,,0,720,69000,128,719,18000,128
1100,20160112,11, 1,2,       1801 ,,144613,144613,144613177900,1,,,,,,0,720,69000,128,719,22000,128
1100,20160112,11, 1,2,       1801 ,,144613,144613,144613179000,1,,,,,,0,720,69000,128,719,23000,128
1100,20160112,11, 1,2,       1801 ,,144613,144613,144613180700,1,,,,,,0,720,68000,128,719,23000,128
1100,20160112,11, 1,2,       1801 ,,144613,144613,144613182100,1,,,,,,0,720,68000,128,719,26000,128
1100,20160112,11, 1,2,       1801 ,,144613,144613,144613211200,1,,,,,,0,720,66000,128,719,26000,128
1100,20160112,11, 1,2,       1801 ,,144613,144613,144613217500,1,,,,,,0,720,64000,128,719,26000,128
1100,20160112,11, 1,2,       1801 ,,144613,144613,144613231000,1,,,,,,0,720,61000,128,719,26000,128
1100,20160112,11, 1,2,       1801 ,,144613,144613,144613237500,1,,,,,,0,720,60000,128,719,26000,128
1100,20160112,11, 1,2,       1801 ,,144613,144613,144613262500,1,,,,,,0,720,55000,128,719,26000,128
1100,20160112,11, 1,2,       1801 ,,144613,144613,144613275500,1,,,,,,0,720,40000,128,719,26000,128
1100,20160112,11, 1,2,       1801 ,,144613,144613,144613336700,1,,,,,,0,720,40000,128,719,33000,128
1100,20160112,11, 1,2,       1801 ,,144613,144613,144613339700,1,,,,,,0,720,37000,128,719,33000,128
1100,20160112,11, 1,2,       1801 ,,144613,144613,144613436000,1,,,,,,0,720,37000,128,719,34000,128
1100,20160112,11, 1,2,       1801 ,,144613,144613,144613442200,1,,,,,,0,720,32000,128,719,34000,128
1100,20160112,11, 1,2,       1801 ,,144613,144613,144613443500,1,,,,,,0,720,32000,128,719,35000,128
1100,20160112,11, 1,2,       1801 ,,144613,144613,144613478800,1,,,,,,0,720,32000,128,719,37000,128
1100,20160112,11, 1,2,       1801 ,,144613,144613,144613635700,1,,,,,,0,720,28000,128,719,37000,128
1100,20160112,11, 1,2,       1801 ,,144613,144613,144613638000,1,,,,,,0,720,28000,128,719,38000,128
1100,20160112,11, 1,2,       1801 ,,144613,144613,144613681100,1,,,,,,0,720,30000,128,719,38000,128
1100,20160112,11, 1,2,       1801 ,,144613,144613,144613682400,1,,,,,,0,720,30000,128,719,37000,128
1100,20160112,11, 1,2,       1801 ,,144613,144613,144613777600,1,,,,,,0,720,30000,128,719,38000,128
1100,20160112,11, 1,2,       1801 ,,144613,144613,144613779300,1,,,,,,0,720,30000,128,719,40000,128
1100,20160112,11, 1,2,       1801 ,,144613,144613,144613919100,1,,,,,,0,720,30000,128,719,42000,128
1100,20160112,11, 1,2,       1801 ,144613,144613,144613,144613945100,1,720,48,0,9000,0,0,720,21000,128,719,42000,128
1100,20160112,11, 1,2,       1801 ,,144613,144613,144613947300,1,,,,,,0,720,21000,128,719,43000,128
1100,20160112,11, 1,2,       1801 ,,144613,144613,144613948000,1,,,,,,0,720,19000,128,719,43000,128
1100,20160112,11, 1,2,       1801 ,,144613,144613,144613948900,1,,,,,,0,720,17000,128,719,43000,128
1100,20160112,11, 1,2,       1801 ,,144613,144613,144613950900,1,,,,,,0,720,20000,128,719,43000,128
1100,20160112,11, 1,2,       1801 ,,144615,144615,144615044700,1,,,,,,0,720,20000,128,719,44000,128
1100,20160112,11, 1,2,       1801 ,,144615,144615,144615319000,1,,,,,,0,720,20000,128,719,43000,128
1100,20160112,11, 1,2,       1801 ,,144615,144615,144615351400,1,,,,,,0,720,20000,128,719,44000,128
1100,20160112,11, 1,2,       1801 ,,144615,144615,144615352600,1,,,,,,0,720,19000,128,719,44000,128
1100,20160112,11, 1,2,       1801 ,,144615,144615,144615541600,1,,,,,,0,720,19000,128,719,48000,128
1100,20160112,11, 1,2,       1801 ,,144615,144615,144615576400,1,,,,,,0,720,19000,128,719,49000,128
1100,20160112,11, 1,2,       1801 ,,144615,144615,144615772200,1,,,,,,0,720,19000,128,719,50000,128
1100,20160112,11, 1,2,       1801 ,,144616,144616,144616213100,1,,,,,,0,720,19000,128,719,53000,128
1100,20160112,11, 1,2,       1801 ,,144616,144616,144616590100,1,,,,,,0,720,15000,128,719,53000,128
1100,20160112,11, 1,2,       1801 ,,144618,144618,144618028700,1,,,,,,0,720,15000,128,719,68000,128
1100,20160112,11, 1,2,       1801 ,,144618,144618,144618030000,1,,,,,,0,720,15000,128,719,69000,128
1100,20160112,11, 1,2,       1801 ,,144618,144618,144618363300,1,,,,,,0,720,15000,128,719,70000,128
1100,20160112,11, 1,2,       1801 ,,144619,144619,144619342100,1,,,,,,0,720,15000,128,719,73000,128
1100,20160112,11, 1,2,       1801 ,,144619,144619,144619789500,1,,,,,,0,720,15000,128,719,74000,128
1100,20160112,11, 1,2,       1801 ,,144619,144619,144619791200,1,,,,,,0,720,15000,128,719,79000,128
1100,20160112,11, 1,2,       1801 ,,144624,144624,144624487700,1,,,,,,0,720,15000,128,719,80000,128
1100,20160112,11, 1,2,       1801 ,,144626,144626,144626180500,1,,,,,,0,720,15000,128,719,79000,128
1100,20160112,11, 1,2,       1801 ,,144627,144627,144627268600,1,,,,,,0,720,15000,128,719,80000,128
1100,20160112,11, 1,2,       1801 ,,144627,144627,144627536200,1,,,,,,0,720,15000,128,719,81000,128
1100,20160112,11, 1,2,       1801 ,,144627,144627,144627774400,1,,,,,,0,720,16000,128,719,81000,128
1100,20160112,11, 1,2,       1801 ,,144627,144627,144627781900,1,,,,,,0,720,17000,128,719,81000,128
1100,20160112,11, 1,2,       1801 ,,144627,144627,144627805600,1,,,,,,0,720,19000,128,719,81000,128
1100,20160112,11, 1,2,       1801 ,,144627,144627,144627806400,1,,,,,,0,720,19000,128,719,66000,128
1100,20160112,11, 1,2,       1801 ,,144627,144627,144627807100,1,,,,,,0,720,19000,128,719,64000,128
1100,20160112,11, 1,2,       1801 ,,144627,144627,144627807900,1,,,,,,0,720,34000,128,719,64000,128
1100,20160112,11, 1,2,       1801 ,144627,144627,144627,144627834400,1,719,16,0,5000,0,0,720,34000,128,719,59000,128
1100,20160112,11, 1,2,       1801 ,,144627,144627,144627836000,1,,,,,,0,720,38000,128,719,59000,128
1100,20160112,11, 1,2,       1801 ,,144627,144627,144627836700,1,,,,,,0,720,40000,128,719,59000,128
1100,20160112,11, 1,2,       1801 ,,144627,144627,144627837400,1,,,,,,0,720,41000,128,719,59000,128
1100,20160112,11, 1,2,       1801 ,,144627,144627,144627838100,1,,,,,,0,720,41000,128,719,57000,128
1100,20160112,11, 1,2,       1801 ,,144627,144627,144627838800,1,,,,,,0,720,45000,128,719,57000,128
1100,20160112,11, 1,2,       1801 ,,144627,144627,144627842000,1,,,,,,0,720,45000,128,719,56000,128
1100,20160112,11, 1,2,       1801 ,,144627,144627,144627842800,1,,,,,,0,720,45000,128,719,55000,128
1100,20160112,11, 1,2,       1801 ,,144627,144627,144627873800,1,,,,,,0,720,47000,128,719,55000,128
1100,20160112,11, 1,2,       1801 ,,144633,144633,144633490400,1,,,,,,0,720,46000,128,719,55000,128
1100,20160112,11, 1,2,       1801 ,,144634,144634,144634165400,1,,,,,,0,720,44000,128,719,55000,128
1100,20160112,11, 1,2,       1801 ,,144635,144635,144635322600,1,,,,,,0,720,45000,128,719,55000,128
1100,20160112,11, 1,2,       1801 ,,144636,144636,144636881800,1,,,,,,0,720,44000,128,719,55000,128
1100,20160112,11, 1,2,       1801 ,,144638,144638,144638271800,1,,,,,,0,720,45000,128,719,55000,128
1100,20160112,11, 1,2,       1801 ,,144638,144638,144638292600,1,,,,,,0,720,47000,128,719,55000,128
1100,20160112,11, 1,2,       1801 ,,144638,144638,144638586100,1,,,,,,0,720,47000,128,719,51000,128
1100,20160112,11, 1,2,       1801 ,,144638,144638,144638640000,1,,,,,,0,720,45000,128,719,51000,128
1100,20160112,11, 1,2,       1801 ,,144650,144650,144650791300,1,,,,,,0,720,46000,128,719,51000,128
1100,20160112,11, 1,2,       1801 ,,144650,144650,144650792500,1,,,,,,0,720,46000,128,719,46000,128
1100,20160112,11, 1,2,       1801 ,,144651,144651,144651914700,1,,,,,,0,720,46000,128,719,47000,128
1100,20160112,11, 1,2,       1801 ,,144659,144659,144659506800,1,,,,,,0,720,46000,128,719,46000,128
1100,20160112,11, 1,2,       1801 ,,144700,144700,144700816400,1,,,,,,0,720,46000,128,719,47000,128
1100,20160112,11, 1,2,       1801 ,,144700,144700,144700818000,1,,,,,,0,720,46000,128,719,52000,128
1100,20160112,11, 1,2,       1801 ,,144700,144700,144700819200,1,,,,,,0,720,42000,128,719,52000,128
1100,20160112,11, 1,2,       1801 ,,144704,144704,144704028900,1,,,,,,0,720,45000,128,719,52000,128
1100,20160112,11, 1,2,       1801 ,,144705,144705,144705006900,1,,,,,,0,720,47000,128,719,52000,128
1100,20160112,11, 1,2,       1801 ,,144705,144705,144705152700,1,,,,,,0,720,47000,128,719,68000,128
1100,20160112,11, 1,2,       1801 ,,144705,144705,144705664400,1,,,,,,0,720,47000,128,719,69000,128
1100,20160112,11, 1,2,       1801 ,144718,144718,144718,144718009600,1,719,16,0,2000,0,0,720,47000,128,719,67000,128
1100,20160112,11, 1,2,       1801 ,,144722,144722,144722288300,1,,,,,,0,720,47000,128,719,67000,128
1100,20160112,11, 1,2,       1801 ,,144724,144724,144724315500,1,,,,,,0,720,60000,128,719,67000,128
1100,20160112,11, 1,2,       1801 ,,144724,144724,144724317700,1,,,,,,0,720,60000,128,719,60000,128
1100,20160112,11, 1,2,       1801 ,,144724,144724,144724318400,1,,,,,,0,720,60000,128,719,44000,128
1100,20160112,11, 1,2,       1801 ,,144724,144724,144724320000,1,,,,,,0,720,60000,128,719,60000,128
1100,20160112,11, 1,2,       1801 ,,144728,144728,144728245200,1,,,,,,0,720,60000,128,719,59000,128
1100,20160112,11, 1,2,       1801 ,,144728,144728,144728261000,1,,,,,,0,720,60000,128,719,60000,128
1100,20160112,11, 1,2,       1801 ,,144730,144730,144730419300,1,,,,,,0,720,60000,128,719,61000,128
1100,20160112,11, 1,2,       1801 ,,144733,144733,144733870300,1,,,,,,0,720,61000,128,719,61000,128
1100,20160112,11, 1,2,       1801 ,,144736,144736,144736974300,1,,,,,,0,720,60000,128,719,61000,128
1100,20160112,11, 1,2,       1801 ,,144737,144737,144737270500,1,,,,,,0,720,59000,128,719,61000,128
1100,20160112,11, 1,2,       1801 ,,144748,144748,144748744100,1,,,,,,0,720,59000,128,719,63000,128
1100,20160112,11, 1,2,       1801 ,,144749,144749,144749247900,1,,,,,,0,720,80000,128,719,63000,128
1100,20160112,11, 1,2,       1801 ,,144749,144749,144749250000,1,,,,,,0,720,80000,128,719,47000,128
1100,20160112,11, 1,2,       1801 ,,144749,144749,144749260400,1,,,,,,0,720,80000,128,719,46000,128
1100,20160112,11, 1,2,       1801 ,,144749,144749,144749261600,1,,,,,,0,720,80000,128,719,43000,128
1100,20160112,11, 1,2,       1801 ,,144749,144749,144749266300,1,,,,,,0,720,80000,128,719,42000,128
1100,20160112,11, 1,2,       1801 ,,144749,144749,144749275300,1,,,,,,0,720,80000,128,719,41000,128
1100,20160112,11, 1,2,       1801 ,,144749,144749,144749288400,1,,,,,,0,720,79000,128,719,41000,128
1100,20160112,11, 1,2,       1801 ,,144749,144749,144749290000,1,,,,,,0,720,78000,128,719,41000,128
1100,20160112,11, 1,2,       1801 ,,144749,144749,144749290800,1,,,,,,0,720,78000,128,719,40000,128
1100,20160112,11, 1,2,       1801 ,,144749,144749,144749296900,1,,,,,,0,720,77000,128,719,40000,128
1100,20160112,11, 1,2,       1801 ,,144749,144749,144749308500,1,,,,,,0,720,76000,128,719,40000,128
1100,20160112,11, 1,2,       1801 ,,144749,144749,144749311200,1,,,,,,0,720,76000,128,719,39000,128
1100,20160112,11, 1,2,       1801 ,,144749,144749,144749357700,1,,,,,,0,720,76000,128,719,40000,128
1100,20160112,11, 1,2,       1801 ,,144749,144749,144749941300,1,,,,,,0,720,76000,128,719,39000,128
1100,20160112,11, 1,2,       1801 ,,144749,144749,144749960100,1,,,,,,0,720,77000,128,719,39000,128
1100,20160112,11, 1,2,       1801 ,,144749,144749,144749963700,1,,,,,,0,720,77000,128,719,34000,128
1100,20160112,11, 1,2,       1801 ,144752,144752,144752,144752000000,1,720,48,0,1000,0,0,720,76000,128,719,34000,128
1100,20160112,11, 1,2,       1801 ,,144752,144752,144752001600,1,,,,,,0,720,75000,128,719,34000,128
1100,20160112,11, 1,2,       1801 ,,144755,144755,144755053300,1,,,,,,0,720,76000,128,719,34000,128
1100,20160112,11, 1,2,       1801 ,,144755,144755,144755061700,1,,,,,,0,720,76000,128,719,35000,128
1100,20160112,11, 1,2,       1801 ,,144755,144755,144755062300,1,,,,,,0,720,76000,128,719,36000,128
1100,20160112,11, 1,2,       1801 ,,144756,144756,144756075000,1,,,,,,0,720,76000,128,719,33000,128
1100,20160112,11, 1,2,       1801 ,,144756,144756,144756075700,1,,,,,,0,720,76000,128,719,32000,128
1100,20160112,11, 1,2,       1801 ,,144756,144756,144756082000,1,,,,,,0,720,76000,128,719,31000,128
1100,20160112,11, 1,2,       1801 ,,144756,144756,144756082700,1,,,,,,0,720,76000,128,719,30000,128
1100,20160112,11, 1,2,       1801 ,,144756,144756,144756083400,1,,,,,,0,720,76000,128,719,29000,128
1100,20160112,11, 1,2,       1801 ,144756,144756,144756,144756113100,1,719,16,0,27000,0,0,720,76000,128,719,2000,128
1100,20160112,11, 1,2,       1801 ,144756,144756,144756,144756116900,1,719,16,0,2000,0,0,719,1000,128,718,105000,128
1100,20160112,11, 1,2,       1801 ,,144756,144756,144756117800,1,,,,,,0,719,2000,128,718,105000,128
1100,20160112,11, 1,2,       1801 ,,144756,144756,144756120500,1,,,,,,0,719,4000,128,718,105000,128
1100,20160112,11, 1,2,       1801 ,,144756,144756,144756130200,1,,,,,,0,719,5000,128,718,105000,128
1100,20160112,11, 1,2,       1801 ,,144756,144756,144756131700,1,,,,,,0,719,5000,128,718,103000,128
1100,20160112,11, 1,2,       1801 ,,144756,144756,144756139700,1,,,,,,0,719,5000,128,718,101000,128
1100,20160112,11, 1,2,       1801 ,,144756,144756,144756140600,1,,,,,,0,719,5000,128,718,117000,128
1100,20160112,11, 1,2,       1801 ,,144756,144756,144756141400,1,,,,,,0,719,6000,128,718,117000,128
1100,20160112,11, 1,2,       1801 ,144756,144756,144756,144756142300,1,719,48,0,1000,0,0,719,5000,128,718,117000,128
1100,20160112,11, 1,2,       1801 ,,144756,144756,144756143600,1,,,,,,0,719,7000,128,718,117000,128
1100,20160112,11, 1,2,       1801 ,,144756,144756,144756146900,1,,,,,,0,719,7000,128,718,113000,128
1100,20160112,11, 1,2,       1801 ,,144756,144756,144756148500,1,,,,,,0,719,10000,128,718,113000,128
1100,20160112,11, 1,2,       1801 ,,144756,144756,144756153000,1,,,,,,0,719,10000,128,718,111000,128
1100,20160112,11, 1,2,       1801 ,,144756,144756,144756158300,1,,,,,,0,719,13000,128,718,111000,128
1100,20160112,11, 1,2,       1801 ,,144756,144756,144756298400,1,,,,,,0,719,15000,128,718,111000,128
1100,20160112,11, 1,2,       1801 ,,144756,144756,144756320300,1,,,,,,0,719,13000,128,718,111000,128
1100,20160112,11, 1,2,       1801 ,,144756,144756,144756389600,1,,,,,,0,719,13000,128,718,112000,128
1100,20160112,11, 1,2,       1801 ,,144756,144756,144756482000,1,,,,,,0,719,35000,128,718,112000,128
1100,20160112,11, 1,2,       1801 ,,144756,144756,144756483100,1,,,,,,0,719,35000,128,718,111000,128
1100,20160112,11, 1,2,       1801 ,,144756,144756,144756483800,1,,,,,,0,719,35000,128,718,106000,128
1100,20160112,11, 1,2,       1801 ,,144756,144756,144756493600,1,,,,,,0,719,35000,128,718,108000,128
1100,20160112,11, 1,2,       1801 ,,144756,144756,144756559500,1,,,,,,0,719,45000,128,718,108000,128
1100,20160112,11, 1,2,       1801 ,,144756,144756,144756561700,1,,,,,,0,719,48000,128,718,108000,128
1100,20160112,11, 1,2,       1801 ,,144758,144758,144758340500,1,,,,,,0,719,48000,128,718,107000,128
1100,20160112,11, 1,2,       1801 ,,144758,144758,144758773800,1,,,,,,0,719,47000,128,718,107000,128
1100,20160112,11, 1,2,       1801 ,,144758,144758,144758780500,1,,,,,,0,719,47000,128,718,108000,128
1100,20160112,11, 1,2,       1801 ,,144759,144759,144759080100,1,,,,,,0,719,47000,128,718,107000,128
1100,20160112,11, 1,2,       1801 ,,144759,144759,144759248100,1,,,,,,0,719,47000,128,718,108000,128
1100,20160112,11, 1,2,       1801 ,,144759,144759,144759250900,1,,,,,,0,719,68000,128,718,108000,128
1100,20160112,11, 1,2,       1801 ,,144759,144759,144759251900,1,,,,,,0,719,68000,128,718,107000,128
1100,20160112,11, 1,2,       1801 ,,144800,144800,144800662900,1,,,,,,0,719,69000,128,718,107000,128
1100,20160112,11, 1,2,       1801 ,144800,144800,144800,144800914100,1,719,48,0,1000,0,0,719,68000,128,718,107000,128
1100,20160112,11, 1,2,       1801 ,,144800,144800,144800916300,1,,,,,,0,719,68000,128,718,107000,128
1100,20160112,11, 1,2,       1801 ,,144801,144801,144801544200,1,,,,,,0,719,73000,128,718,107000,128
1100,20160112,11, 1,2,       1801 ,,144804,144804,144804071200,1,,,,,,0,719,73000,128,718,109000,128
1100,20160112,11, 1,2,       1801 ,,144804,144804,144804079400,1,,,,,,0,719,68000,128,718,109000,128
1100,20160112,11, 1,2,       1801 ,,144804,144804,144804087500,1,,,,,,0,719,68000,128,718,107000,128
1100,20160112,11, 1,2,       1801 ,,144804,144804,144804090500,1,,,,,,0,719,67000,128,718,107000,128
1100,20160112,11, 1,2,       1801 ,,144804,144804,144804189700,1,,,,,,0,719,67000,128,718,108000,128
1100,20160112,11, 1,2,       1801 ,,144805,144805,144805148400,1,,,,,,0,719,67000,128,718,107000,128
1100,20160112,11, 1,2,       1801 ,,144805,144805,144805150200,1,,,,,,0,719,67000,128,718,112000,128
1100,20160112,11, 1,2,       1801 ,,144806,144806,144806104900,1,,,,,,0,719,68000,128,718,112000,128
1100,20160112,11, 1,2,       1801 ,,144806,144806,144806823300,1,,,,,,0,719,69000,128,718,112000,128
1100,20160112,11, 1,2,       1801 ,,144806,144806,144806824700,1,,,,,,0,719,74000,128,718,112000,128
1100,20160112,11, 1,2,       1801 ,,144806,144806,144806828500,1,,,,,,0,719,74000,128,718,107000,128
1100,20160112,11, 1,2,       1801 ,,144806,144806,144806845000,1,,,,,,0,719,74000,128,718,108000,128
1100,20160112,11, 1,2,       1801 ,,144807,144807,144807797500,1,,,,,,0,719,73000,128,718,108000,128
1100,20160112,11, 1,2,       1801 ,,144808,144808,144808632800,1,,,,,,0,719,73000,128,718,109000,128
1100,20160112,11, 1,2,       1801 ,,144810,144810,144810505600,1,,,,,,0,719,73000,128,718,110000,128
1100,20160112,11, 1,2,       1801 ,,144811,144811,144811497600,1,,,,,,0,719,68000,128,718,110000,128
1100,20160112,11, 1,2,       1801 ,,144811,144811,144811511200,1,,,,,,0,719,65000,128,718,110000,128
1100,20160112,11, 1,2,       1801 ,144811,144811,144811,144811512700,1,719,48,0,3000,0,0,719,62000,128,718,110000,128
1100,20160112,11, 1,2,       1801 ,,144811,144811,144811515500,1,,,,,,0,719,62000,128,718,111000,128
1100,20160112,11, 1,2,       1801 ,,144811,144811,144811599400,1,,,,,,0,719,56000,128,718,111000,128
1100,20160112,11, 1,2,       1801 ,,144812,144812,144812584600,1,,,,,,0,719,56000,128,718,112000,128
1100,20160112,11, 1,2,       1801 ,,144814,144814,144814311200,1,,,,,,0,719,56000,128,718,116000,128
1100,20160112,11, 1,2,       1801 ,,144814,144814,144814312700,1,,,,,,0,719,56000,128,718,121000,128
1100,20160112,11, 1,2,       1801 ,,144814,144814,144814538800,1,,,,,,0,719,56000,128,718,124000,128
1100,20160112,11, 1,2,       1801 ,,144815,144815,144815234700,1,,,,,,0,719,56000,128,718,125000,128
1100,20160112,11, 1,2,       1801 ,144815,144815,144815,144815262700,1,719,48,0,20000,0,0,719,36000,128,718,125000,128
1100,20160112,11, 1,2,       1801 ,144815,144815,144815,144815264600,1,719,48,0,31000,0,0,719,5000,128,718,125000,128
1100,20160112,11, 1,2,       1801 ,144815,144815,144815,144815265800,1,719,48,0,5000,0,0,720,59000,128,718,125000,128
1100,20160112,11, 1,2,       1801 ,,144815,144815,144815266900,1,,,,,,0,720,59000,128,719,5000,128
1100,20160112,11, 1,2,       1801 ,,144815,144815,144815274900,1,,,,,,0,720,59000,128,719,6000,128
1100,20160112,11, 1,2,       1801 ,,144815,144815,144815275600,1,,,,,,0,720,59000,128,719,8000,128
1100,20160112,11, 1,2,       1801 ,,144815,144815,144815276400,1,,,,,,0,720,58000,128,719,8000,128
1100,20160112,11, 1,2,       1801 ,144815,144815,144815,144815278000,1,719,16,0,3000,0,0,720,58000,128,719,5000,128
1100,20160112,11, 1,2,       1801 ,,144815,144815,144815278900,1,,,,,,0,720,58000,128,719,5000,128
1100,20160112,11, 1,2,       1801 ,,144815,144815,144815281900,1,,,,,,0,720,58000,128,719,7000,128
1100,20160112,11, 1,2,       1801 ,,144815,144815,144815284000,1,,,,,,0,720,58000,128,719,8000,128
1100,20160112,11, 1,2,       1801 ,,144815,144815,144815284700,1,,,,,,0,720,53000,128,719,8000,128
1100,20160112,11, 1,2,       1801 ,,144815,144815,144815285500,1,,,,,,0,720,53000,128,719,11000,128
1100,20160112,11, 1,2,       1801 ,,144815,144815,144815286100,1,,,,,,0,720,53000,128,719,15000,128
1100,20160112,11, 1,2,       1801 ,,144815,144815,144815286900,1,,,,,,0,720,53000,128,719,17000,128
1100,20160112,11, 1,2,       1801 ,,144815,144815,144815287500,1,,,,,,0,720,53000,128,719,22000,128
1100,20160112,11, 1,2,       1801 ,,144815,144815,144815288700,1,,,,,,0,720,53000,128,719,44000,128
1100,20160112,11, 1,2,       1801 ,,144815,144815,144815290200,1,,,,,,0,720,53000,128,719,45000,128
1100,20160112,11, 1,2,       1801 ,,144815,144815,144815291100,1,,,,,,0,720,50000,128,719,45000,128
1100,20160112,11, 1,2,       1801 ,,144815,144815,144815292600,1,,,,,,0,720,50000,128,719,46000,128
1100,20160112,11, 1,2,       1801 ,,144815,144815,144815294600,1,,,,,,0,720,46000,128,719,46000,128
1100,20160112,11, 1,2,       1801 ,,144815,144815,144815296200,1,,,,,,0,720,44000,128,719,46000,128
1100,20160112,11, 1,2,       1801 ,,144815,144815,144815297600,1,,,,,,0,720,40000,128,719,46000,128
1100,20160112,11, 1,2,       1801 ,,144815,144815,144815298300,1,,,,,,0,720,40000,128,719,47000,128
1100,20160112,11, 1,2,       1801 ,,144815,144815,144815501900,1,,,,,,0,720,40000,128,719,48000,128
1100,20160112,11, 1,2,       1801 ,,144815,144815,144815661600,1,,,,,,0,720,39000,128,719,48000,128
1100,20160112,11, 1,2,       1801 ,,144815,144815,144815933800,1,,,,,,0,720,39000,128,719,49000,128
1100,20160112,11, 1,2,       1801 ,,144816,144816,144816003400,1,,,,,,0,720,40000,128,719,49000,128
1100,20160112,11, 1,2,       1801 ,,144816,144816,144816091600,1,,,,,,0,720,40000,128,719,50000,128
1100,20160112,11, 1,2,       1801 ,,144817,144817,144817621800,1,,,,,,0,720,41000,128,719,50000,128
1100,20160112,11, 1,2,       1801 ,,144818,144818,144818000800,1,,,,,,0,720,41000,128,719,49000,128
1100,20160112,11, 1,2,       1801 ,,144819,144819,144819245600,1,,,,,,0,720,41000,128,719,50000,128
1100,20160112,11, 1,2,       1801 ,,144820,144820,144820274000,1,,,,,,0,720,41000,128,719,53000,128
1100,20160112,11, 1,2,       1801 ,,144820,144820,144820275300,1,,,,,,0,720,37000,128,719,53000,128
1100,20160112,11, 1,2,       1801 ,,144821,144821,144821185400,1,,,,,,0,720,38000,128,719,53000,128
1100,20160112,11, 1,2,       1801 ,,144821,144821,144821505300,1,,,,,,0,720,38000,128,719,52000,128
1100,20160112,11, 1,2,       1801 ,,144824,144824,144824330500,1,,,,,,0,720,38000,128,719,50000,128
1100,20160112,11, 1,2,       1801 ,,144824,144824,144824332400,1,,,,,,0,720,38000,128,719,45000,128
1100,20160112,11, 1,2,       1801 ,,144827,144827,144827641700,1,,,,,,0,720,38000,128,719,46000,128
1100,20160112,11, 1,2,       1801 ,,144830,144830,144830824100,1,,,,,,0,720,38000,128,719,47000,128
1100,20160112,11, 1,2,       1801 ,,144830,144830,144830830500,1,,,,,,0,720,38000,128,719,52000,128
1100,20160112,11, 1,2,       1801 ,,144830,144830,144830900400,1,,,,,,0,720,36000,128,719,52000,128
1100,20160112,11, 1,2,       1801 ,,144830,144830,144830940700,1,,,,,,0,720,35000,128,719,52000,128
1100,20160112,11, 1,2,       1801 ,144831,144831,144831,144831482100,1,720,48,0,1000,0,0,720,34000,128,719,52000,128
1100,20160112,11, 1,2,       1801 ,,144831,144831,144831483700,1,,,,,,0,720,32000,128,719,52000,128
1100,20160112,11, 1,2,       1801 ,,144831,144831,144831486200,1,,,,,,0,720,32000,128,719,53000,128
1100,20160112,11, 1,2,       1801 ,,144831,144831,144831825200,1,,,,,,0,720,31000,128,719,53000,128
1100,20160112,11, 1,2,       1801 ,,144832,144832,144832374200,1,,,,,,0,720,31000,128,719,54000,128
1100,20160112,11, 1,2,       1801 ,,144832,144832,144832375600,1,,,,,,0,720,31000,128,719,55000,128
1100,20160112,11, 1,2,       1801 ,,144835,144835,144835712600,1,,,,,,0,720,32000,128,719,55000,128
1100,20160112,11, 1,2,       1801 ,,144840,144840,144840341100,1,,,,,,0,720,31000,128,719,55000,128
1100,20160112,11, 1,2,       1801 ,,144844,144844,144844699900,1,,,,,,0,720,32000,128,719,55000,128
1100,20160112,11, 1,2,       1801 ,,144846,144846,144846581600,1,,,,,,0,720,57000,128,719,55000,128
1100,20160112,11, 1,2,       1801 ,,144846,144846,144846582900,1,,,,,,0,720,57000,128,719,54000,128
1100,20160112,11, 1,2,       1801 ,,144846,144846,144846583700,1,,,,,,0,720,62000,128,719,54000,128
1100,20160112,11, 1,2,       1801 ,,144846,144846,144846584400,1,,,,,,0,720,65000,128,719,54000,128
1100,20160112,11, 1,2,       1801 ,,144849,144849,144849104900,1,,,,,,0,720,70000,128,719,54000,128
1100,20160112,11, 1,2,       1801 ,,144855,144855,144855576300,1,,,,,,0,720,70000,128,719,55000,128
1100,20160112,11, 1,2,       1801 ,,144856,144856,144856982200,1,,,,,,0,720,70000,128,719,52000,128
1100,20160112,11, 1,2,       1801 ,,144858,144858,144858262700,1,,,,,,0,720,71000,128,719,52000,128
1100,20160112,11, 1,2,       1801 ,,144901,144901,144901346200,1,,,,,,0,720,71000,128,719,53000,128
1100,20160112,11, 1,2,       1801 ,,144902,144902,144902180700,1,,,,,,0,720,71000,128,719,54000,128
1100,20160112,11, 1,2,       1801 ,,144905,144905,144905117400,1,,,,,,0,720,72000,128,719,54000,128
1100,20160112,11, 1,2,       1801 ,,144908,144908,144908199900,1,,,,,,0,720,72000,128,719,55000,128
1100,20160112,11, 1,2,       1801 ,,144909,144909,144909270700,1,,,,,,0,720,74000,128,719,55000,128
1100,20160112,11, 1,2,       1801 ,,144909,144909,144909275600,1,,,,,,0,720,74000,128,719,54000,128
1100,20160112,11, 1,2,       1801 ,,144909,144909,144909277600,1,,,,,,0,720,74000,128,719,49000,128
1100,20160112,11, 1,2,       1801 ,,144909,144909,144909292500,1,,,,,,0,720,74000,128,719,48000,128
1100,20160112,11, 1,2,       1801 ,,144909,144909,144909330400,1,,,,,,0,720,75000,128,719,48000,128
1100,20160112,11, 1,2,       1801 ,,144909,144909,144909343800,1,,,,,,0,720,75000,128,719,26000,128
1100,20160112,11, 1,2,       1801 ,,144909,144909,144909345700,1,,,,,,0,720,75000,128,719,25000,128
1100,20160112,11, 1,2,       1801 ,,144909,144909,144909346800,1,,,,,,0,720,79000,128,719,25000,128
1100,20160112,11, 1,2,       1801 ,144909,144909,144909,144909347600,1,719,16,0,10000,0,0,720,79000,128,719,15000,128
1100,20160112,11, 1,2,       1801 ,,144909,144909,144909349700,1,,,,,,0,720,79000,128,719,13000,128
1100,20160112,11, 1,2,       1801 ,144909,144909,144909,144909351100,1,719,16,0,7000,0,0,720,79000,128,719,6000,128
1100,20160112,11, 1,2,       1801 ,144909,144909,144909,144909354800,1,719,16,0,5000,0,0,720,79000,128,719,1000,128
1100,20160112,11, 1,2,       1801 ,144909,144909,144909,144909357300,1,719,16,0,1000,0,0,720,79000,128,718,105000,128
1100,20160112,11, 1,2,       1801 ,,144909,144909,144909367600,1,,,,,,0,719,2000,128,718,105000,128
1100,20160112,11, 1,2,       1801 ,,144909,144909,144909372000,1,,,,,,0,719,7000,128,718,105000,128
1100,20160112,11, 1,2,       1801 ,,144909,144909,144909376800,1,,,,,,0,719,8000,128,718,105000,128
1100,20160112,11, 1,2,       1801 ,,144909,144909,144909380800,1,,,,,,0,719,8000,128,718,121000,128
1100,20160112,11, 1,2,       1801 ,,144909,144909,144909381400,1,,,,,,0,719,10000,128,718,121000,128
1100,20160112,11, 1,2,       1801 ,,144909,144909,144909384300,1,,,,,,0,719,10000,128,718,119000,128
1100,20160112,11, 1,2,       1801 ,,144909,144909,144909385100,1,,,,,,0,719,14000,128,718,119000,128
1100,20160112,11, 1,2,       1801 ,,144909,144909,144909385700,1,,,,,,0,719,15000,128,718,119000,128
1100,20160112,11, 1,2,       1801 ,,144909,144909,144909390700,1,,,,,,0,719,11000,128,718,119000,128
1100,20160112,11, 1,2,       1801 ,,144909,144909,144909396400,1,,,,,,0,719,11000,128,718,117000,128
1100,20160112,11, 1,2,       1801 ,,144909,144909,144909486200,1,,,,,,0,719,11000,128,718,112000,128
1100,20160112,11, 1,2,       1801 ,,144909,144909,144909488600,1,,,,,,0,719,14000,128,718,112000,128
1100,20160112,11, 1,2,       1801 ,144909,144909,144909,144909539900,1,719,48,0,1000,0,0,719,13000,128,718,112000,128
1100,20160112,11, 1,2,       1801 ,,144909,144909,144909566300,1,,,,,,0,719,13000,128,718,112000,128
1100,20160112,11, 1,2,       1801 ,,144909,144909,144909811300,1,,,,,,0,719,13000,128,718,108000,128
1100,20160112,11, 1,2,       1801 ,144910,144910,144910,144910054300,1,719,48,0,3000,0,0,719,10000,128,718,108000,128
1100,20160112,11, 1,2,       1801 ,,144910,144910,144910186700,1,,,,,,0,719,11000,128,718,108000,128
1100,20160112,11, 1,2,       1801 ,,144910,144910,144910330600,1,,,,,,0,719,10000,128,718,108000,128
1100,20160112,11, 1,2,       1801 ,,144911,144911,144911148900,1,,,,,,0,719,9000,128,718,108000,128
1100,20160112,11, 1,2,       1801 ,,144913,144913,144913189700,1,,,,,,0,719,10000,128,718,108000,128
1100,20160112,11, 1,2,       1801 ,,144917,144917,144917014400,1,,,,,,0,719,11000,128,718,108000,128
1100,20160112,11, 1,2,       1801 ,,144917,144917,144917062400,1,,,,,,0,719,10000,128,718,108000,128
1100,20160112,11, 1,2,       1801 ,,144917,144917,144917094400,1,,,,,,0,719,10000,128,718,107000,128
1100,20160112,11, 1,2,       1801 ,,144921,144921,144921702300,1,,,,,,0,719,11000,128,718,107000,128
1100,20160112,11, 1,2,       1801 ,,144921,144921,144921815900,1,,,,,,0,719,11000,128,718,108000,128
1100,20160112,11, 1,2,       1801 ,,144924,144924,144924169200,1,,,,,,0,719,11000,128,718,109000,128
1100,20160112,11, 1,2,       1801 ,,144924,144924,144924172800,1,,,,,,0,719,11000,128,718,114000,128
1100,20160112,11, 1,2,       1801 ,,144926,144926,144926092100,1,,,,,,0,719,11000,128,718,116000,128
1100,20160112,11, 1,2,       1801 ,,144926,144926,144926289900,1,,,,,,0,719,11000,128,718,114000,128
1100,20160112,11, 1,2,       1801 ,,144926,144926,144926460200,1,,,,,,0,719,11000,128,718,116000,128
1100,20160112,11, 1,2,       1801 ,,144926,144926,144926463900,1,,,,,,0,719,9000,128,718,116000,128
1100,20160112,11, 1,2,       1801 ,144926,144926,144926,144926465100,1,719,48,0,1000,0,0,719,8000,128,718,116000,128
1100,20160112,11, 1,2,       1801 ,144926,144926,144926,144926467200,1,719,48,0,2000,0,0,719,6000,128,718,116000,128
1100,20160112,11, 1,2,       1801 ,144926,144926,144926,144926468500,1,719,48,0,2000,0,0,719,4000,128,718,116000,128
1100,20160112,11, 1,2,       1801 ,144926,144926,144926,144926470600,1,719,48,0,1000,0,0,719,3000,128,718,116000,128
1100,20160112,11, 1,2,       1801 ,144926,144926,144926,144926471700,1,719,48,0,2000,0,0,719,1000,128,718,116000,128
1100,20160112,11, 1,2,       1801 ,144926,144926,144926,144926474100,1,719,48,0,1000,0,0,720,113000,128,719,2000,128
1100,20160112,11, 1,2,       1801 ,144926,144926,144926,144926475300,1,719,16,0,2000,0,0,719,2000,128,718,116000,128
1100,20160112,11, 1,2,       1801 ,,144926,144926,144926476500,1,,,,,,0,719,5000,128,718,116000,128
1100,20160112,11, 1,2,       1801 ,144926,144926,144926,144926478800,1,719,48,0,1000,0,0,719,4000,128,718,116000,128
1100,20160112,11, 1,2,       1801 ,,144926,144926,144926480100,1,,,,,,0,719,4000,128,718,116000,128
1100,20160112,11, 1,2,       1801 ,,144926,144926,144926481800,1,,,,,,0,719,4000,128,718,114000,128
1100,20160112,11, 1,2,       1801 ,,144926,144926,144926484200,1,,,,,,0,719,4000,128,718,116000,128
1100,20160112,11, 1,2,       1801 ,,144926,144926,144926485000,1,,,,,,0,719,1000,128,718,116000,128
1100,20160112,11, 1,2,       1801 ,144926,144926,144926,144926486600,1,719,48,0,1000,0,0,720,108000,128,719,1000,128
1100,20160112,11, 1,2,       1801 ,,144926,144926,144926487500,1,,,,,,0,720,108000,128,719,1000,128
1100,20160112,11, 1,2,       1801 ,,144926,144926,144926488200,1,,,,,,0,720,108000,128,719,17000,128
1100,20160112,11, 1,2,       1801 ,,144926,144926,144926489700,1,,,,,,0,720,108000,128,719,18000,128
1100,20160112,11, 1,2,       1801 ,144926,144926,144926,144926490700,1,719,16,0,6000,0,0,720,108000,128,719,12000,128
1100,20160112,11, 1,2,       1801 ,,144926,144926,144926491900,1,,,,,,0,720,108000,128,719,12000,128
1100,20160112,11, 1,2,       1801 ,,144926,144926,144926492700,1,,,,,,0,720,109000,128,719,12000,128
1100,20160112,11, 1,2,       1801 ,144926,144926,144926,144926495500,1,719,16,0,3000,0,0,720,109000,128,719,9000,128
1100,20160112,11, 1,2,       1801 ,,144926,144926,144926497000,1,,,,,,0,720,108000,128,719,9000,128
1100,20160112,11, 1,2,       1801 ,,144926,144926,144926497800,1,,,,,,0,720,108000,128,719,10000,128
1100,20160112,11, 1,2,       1801 ,,144926,144926,144926499200,1,,,,,,0,720,108000,128,719,12000,128
1100,20160112,11, 1,2,       1801 ,,144926,144926,144926500100,1,,,,,,0,720,108000,128,719,4000,128
1100,20160112,11, 1,2,       1801 ,,144926,144926,144926501500,1,,,,,,0,720,108000,128,719,20000,128
1100,20160112,11, 1,2,       1801 ,,144926,144926,144926502900,1,,,,,,0,720,108000,128,719,19000,128
1100,20160112,11, 1,2,       1801 ,,144926,144926,144926503600,1,,,,,,0,720,108000,128,719,3000,128
1100,20160112,11, 1,2,       1801 ,,144926,144926,144926507100,1,,,,,,0,720,109000,128,719,3000,128
1100,20160112,11, 1,2,       1801 ,,144926,144926,144926507800,1,,,,,,0,720,109000,128,719,19000,128
1100,20160112,11, 1,2,       1801 ,,144926,144926,144926508500,1,,,,,,0,720,109000,128,719,3000,128
1100,20160112,11, 1,2,       1801 ,,144926,144926,144926509200,1,,,,,,0,720,93000,128,719,3000,128
1100,20160112,11, 1,2,       1801 ,,144926,144926,144926510500,1,,,,,,0,720,93000,128,719,5000,128
1100,20160112,11, 1,2,       1801 ,,144926,144926,144926511800,1,,,,,,0,720,93000,128,719,21000,128
1100,20160112,11, 1,2,       1801 ,,144926,144926,144926513400,1,,,,,,0,720,92000,128,719,21000,128
1100,20160112,11, 1,2,       1801 ,,144926,144926,144926547700,1,,,,,,0,720,86000,128,719,21000,128
1100,20160112,11, 1,2,       1801 ,,144926,144926,144926570800,1,,,,,,0,720,85000,128,719,21000,128
1100,20160112,11, 1,2,       1801 ,,144926,144926,144926608200,1,,,,,,0,720,80000,128,719,21000,128
1100,20160112,11, 1,2,       1801 ,,144927,144927,144927102700,1,,,,,,0,720,80000,128,719,20000,128
1100,20160112,11, 1,2,       1801 ,,144927,144927,144927348300,1,,,,,,0,720,81000,128,719,20000,128
1100,20160112,11, 1,2,       1801 ,,144929,144929,144929847400,1,,,,,,0,720,82000,128,719,20000,128
1100,20160112,11, 1,2,       1801 ,,144929,144929,144929849000,1,,,,,,0,720,82000,128,719,25000,128
1100,20160112,11, 1,2,       1801 ,,144929,144929,144929850000,1,,,,,,0,720,81000,128,719,25000,128
1100,20160112,11, 1,2,       1801 ,,144929,144929,144929850800,1,,,,,,0,720,79000,128,719,25000,128
1100,20160112,11, 1,2,       1801 ,144929,144929,144929,144929978900,1,720,48,0,1000,0,0,720,78000,128,719,25000,128
1100,20160112,11, 1,2,       1801 ,,144929,144929,144929983700,1,,,,,,0,720,78000,128,719,26000,128
1100,20160112,11, 1,2,       1801 ,,144930,144930,144930000500,1,,,,,,0,720,78000,128,719,25000,128
1100,20160112,11, 1,2,       1801 ,,144930,144930,144930004000,1,,,,,,0,720,78000,128,719,26000,128
1100,20160112,11, 1,2,       1801 ,,144930,144930,144930014200,1,,,,,,0,720,78000,128,719,27000,128
1100,20160112,11, 1,2,       1801 ,,144930,144930,144930183400,1,,,,,,0,720,83000,128,719,27000,128
1100,20160112,11, 1,2,       1801 ,144930,144930,144930,144930808400,1,719,16,0,6000,0,0,720,83000,128,719,21000,128
1100,20160112,11, 1,2,       1801 ,,144930,144930,144930810500,1,,,,,,0,720,84000,128,719,21000,128
1100,20160112,11, 1,2,       1801 ,,144930,144930,144930833000,1,,,,,,0,720,86000,128,719,21000,128
1100,20160112,11, 1,2,       1801 ,,144931,144931,144931448300,1,,,,,,0,720,85000,128,719,21000,128
1100,20160112,11, 1,2,       1801 ,,144931,144931,144931464200,1,,,,,,0,720,85000,128,719,20000,128
1100,20160112,11, 1,2,       1801 ,,144931,144931,144931480100,1,,,,,,0,720,86000,128,719,20000,128
1100,20160112,11, 1,2,       1801 ,,144931,144931,144931570100,1,,,,,,0,720,87000,128,719,20000,128
1100,20160112,11, 1,2,       1801 ,,144931,144931,144931930900,1,,,,,,0,720,87000,128,719,21000,128
1100,20160112,11, 1,2,       1801 ,,144931,144931,144931961000,1,,,,,,0,720,87000,128,719,20000,128
1100,20160112,11, 1,2,       1801 ,,144933,144933,144933781100,1,,,,,,0,720,99000,128,719,20000,128
1100,20160112,11, 1,2,       1801 ,,144933,144933,144933809800,1,,,,,,0,720,97000,128,719,20000,128
1100,20160112,11, 1,2,       1801 ,144933,144933,144933,144933836900,1,720,48,0,1000,0,0,720,96000,128,719,20000,128
1100,20160112,11, 1,2,       1801 ,,144933,144933,144933838700,1,,,,,,0,720,95000,128,719,20000,128
1100,20160112,11, 1,2,       1801 ,,144933,144933,144933969800,1,,,,,,0,720,96000,128,719,20000,128
1100,20160112,11, 1,2,       1801 ,,144934,144934,144934725300,1,,,,,,0,720,96000,128,719,21000,128
1100,20160112,11, 1,2,       1801 ,,144935,144935,144935517500,1,,,,,,0,720,96000,128,719,22000,128
1100,20160112,11, 1,2,       1801 ,,144935,144935,144935576300,1,,,,,,0,720,96000,128,719,23000,128
1100,20160112,11, 1,2,       1801 ,,144938,144938,144938739600,1,,,,,,0,720,96000,128,719,24000,128
1100,20160112,11, 1,2,       1801 ,,144939,144939,144939502400,1,,,,,,0,720,96000,128,719,25000,128
1100,20160112,11, 1,2,       1801 ,,144940,144940,144940014700,1,,,,,,0,720,96000,128,719,26000,128
1100,20160112,11, 1,2,       1801 ,,144940,144940,144940734200,1,,,,,,0,720,96000,128,719,25000,128
1100,20160112,11, 1,2,       1801 ,,144942,144942,144942483200,1,,,,,,0,720,96000,128,719,26000,128
1100,20160112,11, 1,2,       1801 ,,144942,144942,144942904200,1,,,,,,0,720,96000,128,719,25000,128
1100,20160112,11, 1,2,       1801 ,,144945,144945,144945576400,1,,,,,,0,720,96000,128,719,26000,128
1100,20160112,11, 1,2,       1801 ,,144946,144946,144946871000,1,,,,,,0,720,96000,128,719,27000,128
1100,20160112,11, 1,2,       1801 ,,144949,144949,144949130600,1,,,,,,0,720,98000,128,719,27000,128
1100,20160112,11, 1,2,       1801 ,,144949,144949,144949141900,1,,,,,,0,720,98000,128,719,13000,128
1100,20160112,11, 1,2,       1801 ,,144949,144949,144949145900,1,,,,,,0,720,98000,128,719,15000,128
1100,20160112,11, 1,2,       1801 ,,144949,144949,144949147800,1,,,,,,0,720,98000,128,719,31000,128
1100,20160112,11, 1,2,       1801 ,,144949,144949,144949149800,1,,,,,,0,720,98000,128,719,30000,128
1100,20160112,11, 1,2,       1801 ,,144949,144949,144949155500,1,,,,,,0,720,98000,128,719,14000,128
1100,20160112,11, 1,2,       1801 ,,144949,144949,144949159700,1,,,,,,0,720,98000,128,719,30000,128
1100,20160112,11, 1,2,       1801 ,144949,144949,144949,144949163400,1,719,16,0,1000,0,0,720,98000,128,719,29000,128
1100,20160112,11, 1,2,       1801 ,,144949,144949,144949171600,1,,,,,,0,720,98000,128,719,13000,128
1100,20160112,11, 1,2,       1801 ,,144949,144949,144949176800,1,,,,,,0,720,98000,128,719,11000,128
1100,20160112,11, 1,2,       1801 ,144949,144949,144949,144949179200,1,719,16,0,3000,0,0,720,98000,128,719,8000,128
1100,20160112,11, 1,2,       1801 ,,144949,144949,144949182300,1,,,,,,0,720,98000,128,719,24000,128
1100,20160112,11, 1,2,       1801 ,,144949,144949,144949196800,1,,,,,,0,720,98000,128,719,8000,128
1100,20160112,11, 1,2,       1801 ,,144949,144949,144949211800,1,,,,,,0,720,98000,128,719,7000,128
1100,20160112,11, 1,2,       1801 ,,144949,144949,144949277200,1,,,,,,0,720,98000,128,719,6000,128
1100,20160112,11, 1,2,       1801 ,144949,144949,144949,144949337200,1,719,16,0,6000,0,0,720,98000,128,718,105000,128
1100,20160112,11, 1,2,       1801 ,,144949,144949,144949339400,1,,,,,,0,719,1000,128,718,105000,128
1100,20160112,11, 1,2,       1801 ,,144949,144949,144949343500,1,,,,,,0,719,3000,128,718,105000,128
1100,20160112,11, 1,2,       1801 ,,144949,144949,144949344400,1,,,,,,0,719,4000,128,718,105000,128
1100,20160112,11, 1,2,       1801 ,,144949,144949,144949347800,1,,,,,,0,719,6000,128,718,105000,128
1100,20160112,11, 1,2,       1801 ,,144949,144949,144949350800,1,,,,,,0,719,10000,128,718,105000,128
1100,20160112,11, 1,2,       1801 ,,144949,144949,144949351400,1,,,,,,0,719,10000,128,718,103000,128
1100,20160112,11, 1,2,       1801 ,,144949,144949,144949352200,1,,,,,,0,719,13000,128,718,103000,128
1100,20160112,11, 1,2,       1801 ,,144949,144949,144949352800,1,,,,,,0,719,14000,128,718,103000,128
1100,20160112,11, 1,2,       1801 ,,144949,144949,144949353500,1,,,,,,0,719,14000,128,718,119000,128
1100,20160112,11, 1,2,       1801 ,,144949,144949,144949354200,1,,,,,,0,719,19000,128,718,119000,128
1100,20160112,11, 1,2,       1801 ,,144949,144949,144949354900,1,,,,,,0,719,19000,128,718,118000,128
1100,20160112,11, 1,2,       1801 ,,144949,144949,144949355800,1,,,,,,0,719,19000,128,718,116000,128
1100,20160112,11, 1,2,       1801 ,,144949,144949,144949376500,1,,,,,,0,719,19000,128,718,111000,128
1100,20160112,11, 1,2,       1801 ,,144949,144949,144949886200,1,,,,,,0,719,19000,128,718,107000,128
1100,20160112,11, 1,2,       1801 ,,144949,144949,144949982800,1,,,,,,0,719,22000,128,718,107000,128
1100,20160112,11, 1,2,       1801 ,,144950,144950,144950242100,1,,,,,,0,719,22000,128,718,106000,128
1100,20160112,11, 1,2,       1801 ,,144950,144950,144950296800,1,,,,,,0,719,22000,128,718,105000,128
1100,20160112,11, 1,2,       1801 ,,144951,144951,144951002200,1,,,,,,0,719,17000,128,718,105000,128
1100,20160112,11, 1,2,       1801 ,,144951,144951,144951003600,1,,,,,,0,719,17000,128,718,106000,128
1100,20160112,11, 1,2,       1801 ,,144951,144951,144951135200,1,,,,,,0,719,18000,128,718,106000,128
1100,20160112,11, 1,2,       1801 ,,144951,144951,144951216400,1,,,,,,0,719,18000,128,718,107000,128
1100,20160112,11, 1,2,       1801 ,,144951,144951,144951951700,1,,,,,,0,719,17000,128,718,107000,128
1100,20160112,11, 1,2,       1801 ,,144952,144952,144952189600,1,,,,,,0,719,15000,128,718,107000,128
1100,20160112,11, 1,2,       1801 ,,144952,144952,144952479700,1,,,,,,0,719,17000,128,718,107000,128
1100,20160112,11, 1,2,       1801 ,,144952,144952,144952642800,1,,,,,,0,719,18000,128,718,107000,128
1100,20160112,11, 1,2,       1801 ,,144952,144952,144952662100,1,,,,,,0,719,17000,128,718,107000,128
1100,20160112,11, 1,2,       1801 ,,144953,144953,144953616100,1,,,,,,0,719,18000,128,718,107000,128
1100,20160112,11, 1,2,       1801 ,,144953,144953,144953631500,1,,,,,,0,719,20000,128,718,107000,128
1100,20160112,11, 1,2,       1801 ,,144954,144954,144954280700,1,,,,,,0,719,18000,128,718,107000,128
1100,20160112,11, 1,2,       1801 ,,144954,144954,144954331700,1,,,,,,0,719,21000,128,718,107000,128
1100,20160112,11, 1,2,       1801 ,,144956,144956,144956632800,1,,,,,,0,719,20000,128,718,107000,128
1100,20160112,11, 1,2,       1801 ,,145000,145000,145000040700,1,,,,,,0,719,18000,128,718,107000,128
1100,20160112,11, 1,2,       1801 ,145000,145000,145000,145000042100,1,719,48,0,1000,0,0,719,17000,128,718,107000,128
1100,20160112,11, 1,2,       1801 ,145000,145000,145000,145000043100,1,719,48,0,2000,0,0,719,15000,128,718,107000,128
1100,20160112,11, 1,2,       1801 ,145000,145000,145000,145000044300,1,719,48,0,1000,0,0,719,14000,128,718,107000,128
1100,20160112,11, 1,2,       1801 ,145000,145000,145000,145000045200,1,719,48,0,1000,0,0,719,13000,128,718,107000,128
1100,20160112,11, 1,2,       1801 ,,145000,145000,145000046200,1,,,,,,0,719,13000,128,718,111000,128
1100,20160112,11, 1,2,       1801 ,,145000,145000,145000539000,1,,,,,,0,719,23000,128,718,111000,128
1100,20160112,11, 1,2,       1801 ,,145000,145000,145000541600,1,,,,,,0,719,23000,128,718,116000,128
1100,20160112,11, 1,2,       1801 ,,145000,145000,145000559300,1,,,,,,0,719,23000,128,718,121000,128
1100,20160112,11, 1,2,       1801 ,,145001,145001,145001873800,1,,,,,,0,719,23000,128,718,122000,128
1100,20160112,11, 1,2,       1801 ,,145004,145004,145004554500,1,,,,,,0,719,28000,128,718,122000,128
1100,20160112,11, 1,2,       1801 ,,145005,145005,145005273000,1,,,,,,0,719,30000,128,718,122000,128
1100,20160112,11, 1,2,       1801 ,,145005,145005,145005279500,1,,,,,,0,719,30000,128,718,118000,128
1100,20160112,11, 1,2,       1801 ,,145005,145005,145005293500,1,,,,,,0,719,31000,128,718,118000,128
1100,20160112,11, 1,2,       1801 ,,145005,145005,145005301300,1,,,,,,0,719,32000,128,718,118000,128
1100,20160112,11, 1,2,       1801 ,,145005,145005,145005308800,1,,,,,,0,719,32000,128,718,117000,128
1100,20160112,11, 1,2,       1801 ,,145005,145005,145005344100,1,,,,,,0,719,32000,128,718,116000,128
1100,20160112,11, 1,2,       1801 ,,145005,145005,145005551200,1,,,,,,0,719,30000,128,718,116000,128
1100,20160112,11, 1,2,       1801 ,,145005,145005,145005561700,1,,,,,,0,719,30000,128,718,115000,128
1100,20160112,11, 1,2,       1801 ,,145006,145006,145006013600,1,,,,,,0,719,31000,128,718,115000,128
1100,20160112,11, 1,2,       1801 ,145006,145006,145006,145006265700,1,719,48,0,4000,0,0,719,27000,128,718,115000,128
1100,20160112,11, 1,2,       1801 ,,145006,145006,145006503500,1,,,,,,0,719,27000,128,718,116000,128
1100,20160112,11, 1,2,       1801 ,,145006,145006,145006521600,1,,,,,,0,719,27000,128,718,115000,128
1100,20160112,11, 1,2,       1801 ,,145007,145007,145007229900,1,,,,,,0,719,27000,128,718,116000,128
1100,20160112,11, 1,2,       1801 ,,145008,145008,145008595200,1,,,,,,0,719,27000,128,718,120000,128
1100,20160112,11, 1,2,       1801 ,,145009,145009,145009032000,1,,,,,,0,719,26000,128,718,120000,128
1100,20160112,11, 1,2,       1801 ,,145009,145009,145009079100,1,,,,,,0,719,25000,128,718,120000,128
1100,20160112,11, 1,2,       1801 ,,145009,145009,145009508300,1,,,,,,0,719,25000,128,718,121000,128
1100,20160112,11, 1,2,       1801 ,,145009,145009,145009509800,1,,,,,,0,719,25000,128,718,126000,128
1100,20160112,11, 1,2,       1801 ,,145010,145010,145010304500,1,,,,,,0,719,25000,128,718,125000,128
1100,20160112,11, 1,2,       1801 ,,145010,145010,145010305200,1,,,,,,0,719,24000,128,718,125000,128
1100,20160112,11, 1,2,       1801 ,,145011,145011,145011154200,1,,,,,,0,719,24000,128,718,128000,128
1100,20160112,11, 1,2,       1801 ,,145011,145011,145011155600,1,,,,,,0,719,24000,128,718,132000,128
1100,20160112,11, 1,2,       1801 ,,145011,145011,145011972300,1,,,,,,0,719,25000,128,718,132000,128
1100,20160112,11, 1,2,       1801 ,,145012,145012,145012684900,1,,,,,,0,719,25000,128,718,146000,128
1100,20160112,11, 1,2,       1801 ,,145013,145013,145013842700,1,,,,,,0,719,24000,128,718,146000,128
1100,20160112,11, 1,2,       1801 ,,145017,145017,145017252300,1,,,,,,0,719,14000,128,718,146000,128
1100,20160112,11, 1,2,       1801 ,,145017,145017,145017363900,1,,,,,,0,719,9000,128,718,146000,128
1100,20160112,11, 1,2,       1801 ,145017,145017,145017,145017973700,1,719,48,0,1000,0,0,719,8000,128,718,145000,128
1100,20160112,11, 1,2,       1801 ,145017,145017,145017,145017975300,1,719,48,0,8000,0,0,720,106000,128,718,145000,128
1100,20160112,11, 1,2,       1801 ,,145017,145017,145017977000,1,,,,,,0,720,106000,128,719,1000,128
1100,20160112,11, 1,2,       1801 ,,145017,145017,145017980200,1,,,,,,0,720,106000,128,719,3000,128
1100,20160112,11, 1,2,       1801 ,,145017,145017,145017982000,1,,,,,,0,720,106000,128,719,5000,128
1100,20160112,11, 1,2,       1801 ,,145017,145017,145017982600,1,,,,,,0,720,106000,128,719,6000,128
1100,20160112,11, 1,2,       1801 ,,145017,145017,145017984000,1,,,,,,0,720,101000,128,719,6000,128
1100,20160112,11, 1,2,       1801 ,,145017,145017,145017984800,1,,,,,,0,720,101000,128,719,24000,128
1100,20160112,11, 1,2,       1801 ,,145017,145017,145017987700,1,,,,,,0,720,99000,128,719,24000,128
1100,20160112,11, 1,2,       1801 ,,145017,145017,145017988500,1,,,,,,0,720,93000,128,719,24000,128
1100,20160112,11, 1,2,       1801 ,,145017,145017,145017989400,1,,,,,,0,720,93000,128,719,29000,128
1100,20160112,11, 1,2,       1801 ,,145017,145017,145017993700,1,,,,,,0,720,93000,128,719,32000,128
1100,20160112,11, 1,2,       1801 ,,145017,145017,145017995200,1,,,,,,0,720,93000,128,719,34000,128
1100,20160112,11, 1,2,       1801 ,,145017,145017,145017995800,1,,,,,,0,720,93000,128,719,36000,128
1100,20160112,11, 1,2,       1801 ,,145018,145018,145018006100,1,,,,,,0,720,93000,128,719,37000,128
1100,20160112,11, 1,2,       1801 ,,145018,145018,145018888800,1,,,,,,0,720,93000,128,719,38000,128
1100,20160112,11, 1,2,       1801 ,,145021,145021,145021251000,1,,,,,,0,720,91000,128,719,38000,128
1100,20160112,11, 1,2,       1801 ,,145021,145021,145021273600,1,,,,,,0,720,91000,128,719,39000,128
1100,20160112,11, 1,2,       1801 ,,145021,145021,145021322500,1,,,,,,0,720,91000,128,719,40000,128
1100,20160112,11, 1,2,       1801 ,,145021,145021,145021751100,1,,,,,,0,720,91000,128,719,39000,128
1100,20160112,11, 1,2,       1801 ,,145023,145023,145023169400,1,,,,,,0,720,92000,128,719,39000,128
1100,20160112,11, 1,2,       1801 ,,145023,145023,145023368500,1,,,,,,0,720,92000,128,719,41000,128
1100,20160112,11, 1,2,       1801 ,,145023,145023,145023970600,1,,,,,,0,720,92000,128,719,42000,128
1100,20160112,11, 1,2,       1801 ,,145024,145024,145024467600,1,,,,,,0,720,91000,128,719,42000,128
1100,20160112,11, 1,2,       1801 ,,145024,145024,145024795600,1,,,,,,0,720,91000,128,719,44000,128
1100,20160112,11, 1,2,       1801 ,,145025,145025,145025288500,1,,,,,,0,720,91000,128,719,45000,128
1100,20160112,11, 1,2,       1801 ,,145025,145025,145025576500,1,,,,,,0,720,91000,128,719,47000,128
1100,20160112,11, 1,2,       1801 ,,145026,145026,145026755700,1,,,,,,0,720,90000,128,719,47000,128
1100,20160112,11, 1,2,       1801 ,,145027,145027,145027720700,1,,,,,,0,720,90000,128,719,48000,128
1100,20160112,11, 1,2,       1801 ,,145027,145027,145027739600,1,,,,,,0,720,86000,128,719,48000,128
1100,20160112,11, 1,2,       1801 ,,145028,145028,145028644000,1,,,,,,0,720,85000,128,719,48000,128
1100,20160112,11, 1,2,       1801 ,,145028,145028,145028645300,1,,,,,,0,720,86000,128,719,48000,128
1100,20160112,11, 1,2,       1801 ,,145029,145029,145029201800,1,,,,,,0,720,85000,128,719,48000,128
1100,20160112,11, 1,2,       1801 ,,145030,145030,145030052500,1,,,,,,0,720,84000,128,719,48000,128
1100,20160112,11, 1,2,       1801 ,,145030,145030,145030068100,1,,,,,,0,720,85000,128,719,48000,128
1100,20160112,11, 1,2,       1801 ,,145031,145031,145031047700,1,,,,,,0,720,85000,128,719,52000,128
1100,20160112,11, 1,2,       1801 ,,145033,145033,145033374900,1,,,,,,0,720,86000,128,719,52000,128
1100,20160112,11, 1,2,       1801 ,,145033,145033,145033376600,1,,,,,,0,720,86000,128,719,56000,128
1100,20160112,11, 1,2,       1801 ,,145033,145033,145033399300,1,,,,,,0,720,81000,128,719,56000,128
1100,20160112,11, 1,2,       1801 ,,145034,145034,145034261300,1,,,,,,0,720,82000,128,719,56000,128
1100,20160112,11, 1,2,       1801 ,,145034,145034,145034455200,1,,,,,,0,720,82000,128,719,57000,128
1100,20160112,11, 1,2,       1801 ,,145034,145034,145034543600,1,,,,,,0,720,82000,128,719,61000,128
1100,20160112,11, 1,2,       1801 ,,145034,145034,145034544800,1,,,,,,0,720,81000,128,719,61000,128
1100,20160112,11, 1,2,       1801 ,,145034,145034,145034742400,1,,,,,,0,720,82000,128,719,61000,128
1100,20160112,11, 1,2,       1801 ,,145039,145039,145039006800,1,,,,,,0,720,82000,128,719,60000,128
1100,20160112,11, 1,2,       1801 ,,145039,145039,145039792200,1,,,,,,0,720,82000,128,719,61000,128
1100,20160112,11, 1,2,       1801 ,,145046,145046,145046349900,1,,,,,,0,720,79000,128,719,61000,128
1100,20160112,11, 1,2,       1801 ,,145046,145046,145046353200,1,,,,,,0,720,75000,128,719,61000,128
1100,20160112,11, 1,2,       1801 ,,145046,145046,145046355200,1,,,,,,0,720,75000,128,719,65000,128
1100,20160112,11, 1,2,       1801 ,,145046,145046,145046865000,1,,,,,,0,720,74000,128,719,65000,128
1100,20160112,11, 1,2,       1801 ,,145046,145046,145046892900,1,,,,,,0,720,71000,128,719,65000,128
1100,20160112,11, 1,2,       1801 ,,145046,145046,145046999000,1,,,,,,0,720,72000,128,719,65000,128
1100,20160112,11, 1,2,       1801 ,,145048,145048,145048315500,1,,,,,,0,720,72000,128,719,67000,128
1100,20160112,11, 1,2,       1801 ,,145049,145049,145049736900,1,,,,,,0,720,72000,128,719,68000,128
1100,20160112,11, 1,2,       1801 ,,145049,145049,145049738200,1,,,,,,0,720,72000,128,719,69000,128
1100,20160112,11, 1,2,       1801 ,,145050,145050,145050882200,1,,,,,,0,720,72000,128,719,70000,128
1100,20160112,11, 1,2,       1801 ,,145051,145051,145051046600,1,,,,,,0,720,72000,128,719,71000,128
1100,20160112,11, 1,2,       1801 ,,145053,145053,145053989900,1,,,,,,0,720,72000,128,719,72000,128
1100,20160112,11, 1,2,       1801 ,,145057,145057,145057621200,1,,,,,,0,720,72000,128,719,73000,128
1100,20160112,11, 1,2,       1801 ,,145102,145102,145102487000,1,,,,,,0,720,72000,128,719,74000,128
1100,20160112,11, 1,2,       1801 ,,145102,145102,145102551600,1,,,,,,0,720,72000,128,719,75000,128
1100,20160112,11, 1,2,       1801 ,,145102,145102,145102553200,1,,,,,,0,720,69000,128,719,75000,128
1100,20160112,11, 1,2,       1801 ,,145102,145102,145102554000,1,,,,,,0,720,69000,128,719,79000,128
1100,20160112,11, 1,2,       1801 ,,145102,145102,145102831200,1,,,,,,0,720,69000,128,719,78000,128
1100,20160112,11, 1,2,       1801 ,,145102,145102,145102863500,1,,,,,,0,720,69000,128,719,82000,128
1100,20160112,11, 1,2,       1801 ,,145102,145102,145102871700,1,,,,,,0,720,70000,128,719,82000,128
1100,20160112,11, 1,2,       1801 ,,145103,145103,145103994100,1,,,,,,0,720,70000,128,719,83000,128
1100,20160112,11, 1,2,       1801 ,,145106,145106,145106115500,1,,,,,,0,720,70000,128,719,82000,128
1100,20160112,11, 1,2,       1801 ,,145106,145106,145106191300,1,,,,,,0,720,70000,128,719,83000,128
1100,20160112,11, 1,2,       1801 ,,145106,145106,145106312000,1,,,,,,0,720,70000,128,719,82000,128
1100,20160112,11, 1,2,       1801 ,,145106,145106,145106601500,1,,,,,,0,720,70000,128,719,83000,128
1100,20160112,11, 1,2,       1801 ,,145107,145107,145107874000,1,,,,,,0,720,70000,128,719,82000,128
1100,20160112,11, 1,2,       1801 ,,145107,145107,145107874800,1,,,,,,0,720,69000,128,719,82000,128
1100,20160112,11, 1,2,       1801 ,,145108,145108,145108216800,1,,,,,,0,720,69000,128,719,84000,128
1100,20160112,11, 1,2,       1801 ,,145109,145109,145109026700,1,,,,,,0,720,69000,128,719,80000,128
1100,20160112,11, 1,2,       1801 ,,145109,145109,145109394200,1,,,,,,0,720,69000,128,719,81000,128
1100,20160112,11, 1,2,       1801 ,,145109,145109,145109395600,1,,,,,,0,720,68000,128,719,81000,128
1100,20160112,11, 1,2,       1801 ,,145109,145109,145109592700,1,,,,,,0,720,63000,128,719,81000,128
1100,20160112,11, 1,2,       1801 ,,145109,145109,145109880500,1,,,,,,0,720,62000,128,719,81000,128
1100,20160112,11, 1,2,       1801 ,,145110,145110,145110302700,1,,,,,,0,720,67000,128,719,81000,128
1100,20160112,11, 1,2,       1801 ,,145110,145110,145110304500,1,,,,,,0,720,67000,128,719,80000,128
1100,20160112,11, 1,2,       1801 ,,145110,145110,145110343000,1,,,,,,0,720,67000,128,719,76000,128
1100,20160112,11, 1,2,       1801 ,,145110,145110,145110762300,1,,,,,,0,720,68000,128,719,76000,128
1100,20160112,11, 1,2,       1801 ,,145110,145110,145110835600,1,,,,,,0,720,68000,128,719,78000,128
1100,20160112,11, 1,2,       1801 ,,145111,145111,145111680600,1,,,,,,0,720,68000,128,719,93000,128
1100,20160112,11, 1,2,       1801 ,,145111,145111,145111681800,1,,,,,,0,720,68000,128,719,94000,128
1100,20160112,11, 1,2,       1801 ,,145112,145112,145112701000,1,,,,,,0,720,68000,128,719,93000,128
1100,20160112,11, 1,2,       1801 ,,145112,145112,145112780000,1,,,,,,0,720,68000,128,719,92000,128
1100,20160112,11, 1,2,       1801 ,,145112,145112,145112802400,1,,,,,,0,720,68000,128,719,91000,128
1100,20160112,11, 1,2,       1801 ,145112,145112,145112,145112978000,1,719,16,0,5000,0,0,720,68000,128,719,86000,128
1100,20160112,11, 1,2,       1801 ,,145112,145112,145112980000,1,,,,,,0,720,69000,128,719,86000,128
1100,20160112,11, 1,2,       1801 ,,145112,145112,145112980800,1,,,,,,0,720,69000,128,719,71000,128
1100,20160112,11, 1,2,       1801 ,,145112,145112,145112982300,1,,,,,,0,720,69000,128,719,70000,128
1100,20160112,11, 1,2,       1801 ,,145112,145112,145112983100,1,,,,,,0,720,69000,128,719,69000,128
1100,20160112,11, 1,2,       1801 ,,145113,145113,145113222200,1,,,,,,0,720,71000,128,719,69000,128
1100,20160112,11, 1,2,       1801 ,,145113,145113,145113227300,1,,,,,,0,720,74000,128,719,69000,128
1100,20160112,11, 1,2,       1801 ,,145113,145113,145113228700,1,,,,,,0,720,74000,128,719,65000,128
1100,20160112,11, 1,2,       1801 ,,145113,145113,145113241000,1,,,,,,0,720,78000,128,719,65000,128
1100,20160112,11, 1,2,       1801 ,,145113,145113,145113256000,1,,,,,,0,720,78000,128,719,63000,128
1100,20160112,11, 1,2,       1801 ,,145113,145113,145113277500,1,,,,,,0,720,78000,128,719,58000,128
1100,20160112,11, 1,2,       1801 ,,145113,145113,145113279400,1,,,,,,0,720,78000,128,719,57000,128
1100,20160112,11, 1,2,       1801 ,,145113,145113,145113297900,1,,,,,,0,720,78000,128,719,56000,128
1100,20160112,11, 1,2,       1801 ,,145113,145113,145113298900,1,,,,,,0,720,78000,128,719,38000,128
1100,20160112,11, 1,2,       1801 ,,145113,145113,145113300600,1,,,,,,0,720,78000,128,719,37000,128
1100,20160112,11, 1,2,       1801 ,,145113,145113,145113303600,1,,,,,,0,720,82000,128,719,37000,128
1100,20160112,11, 1,2,       1801 ,,145113,145113,145113311100,1,,,,,,0,720,82000,128,719,35000,128
1100,20160112,11, 1,2,       1801 ,,145113,145113,145113320600,1,,,,,,0,720,82000,128,719,37000,128
1100,20160112,11, 1,2,       1801 ,,145113,145113,145113437600,1,,,,,,0,720,82000,128,719,36000,128
1100,20160112,11, 1,2,       1801 ,,145113,145113,145113438300,1,,,,,,0,720,82000,128,719,35000,128
1100,20160112,11, 1,2,       1801 ,,145113,145113,145113466500,1,,,,,,0,720,82000,128,719,36000,128
1100,20160112,11, 1,2,       1801 ,,145113,145113,145113467200,1,,,,,,0,720,82000,128,719,37000,128
1100,20160112,11, 1,2,       1801 ,,145113,145113,145113690600,1,,,,,,0,720,80000,128,719,37000,128
1100,20160112,11, 1,2,       1801 ,,145113,145113,145113785500,1,,,,,,0,720,80000,128,719,33000,128
1100,20160112,11, 1,2,       1801 ,,145113,145113,145113787000,1,,,,,,0,720,76000,128,719,33000,128
1100,20160112,11, 1,2,       1801 ,,145113,145113,145113902800,1,,,,,,0,720,76000,128,719,34000,128
1100,20160112,11, 1,2,       1801 ,,145115,145115,145115372400,1,,,,,,0,720,76000,128,719,35000,128
1100,20160112,11, 1,2,       1801 ,,145116,145116,145116388800,1,,,,,,0,720,77000,128,719,35000,128
1100,20160112,11, 1,2,       1801 ,,145117,145117,145117498100,1,,,,,,0,720,77000,128,719,34000,128
1100,20160112,11, 1,2,       1801 ,,145117,145117,145117500200,1,,,,,,0,720,77000,128,719,49000,128
1100,20160112,11, 1,2,       1801 ,,145117,145117,145117501400,1,,,,,,0,720,76000,128,719,49000,128
1100,20160112,11, 1,2,       1801 ,,145118,145118,145118078300,1,,,,,,0,720,76000,128,719,50000,128
1100,20160112,11, 1,2,       1801 ,,145118,145118,145118122400,1,,,,,,0,720,76000,128,719,48000,128
1100,20160112,11, 1,2,       1801 ,,145118,145118,145118850200,1,,,,,,0,720,78000,128,719,48000,128
1100,20160112,11, 1,2,       1801 ,,145118,145118,145118851600,1,,,,,,0,720,79000,128,719,48000,128
1100,20160112,11, 1,2,       1801 ,,145118,145118,145118852400,1,,,,,,0,720,79000,128,719,33000,128
1100,20160112,11, 1,2,       1801 ,,145119,145119,145119071500,1,,,,,,0,720,79000,128,719,34000,128
1100,20160112,11, 1,2,       1801 ,,145119,145119,145119074500,1,,,,,,0,720,79000,128,719,49000,128
1100,20160112,11, 1,2,       1801 ,,145119,145119,145119741700,1,,,,,,0,720,79000,128,719,48000,128
1100,20160112,11, 1,2,       1801 ,145120,145120,145120,145120269000,1,720,48,0,1000,0,0,720,78000,128,719,48000,128
1100,20160112,11, 1,2,       1801 ,,145120,145120,145120270600,1,,,,,,0,720,77000,128,719,48000,128
1100,20160112,11, 1,2,       1801 ,,145120,145120,145120271400,1,,,,,,0,720,75000,128,719,48000,128
1100,20160112,11, 1,2,       1801 ,,145120,145120,145120272100,1,,,,,,0,720,75000,128,719,52000,128
1100,20160112,11, 1,2,       1801 ,,145120,145120,145120272800,1,,,,,,0,720,75000,128,719,57000,128
1100,20160112,11, 1,2,       1801 ,,145120,145120,145120367400,1,,,,,,0,720,75000,128,719,58000,128
1100,20160112,11, 1,2,       1801 ,,145123,145123,145123164300,1,,,,,,0,720,75000,128,719,57000,128
1100,20160112,11, 1,2,       1801 ,,145124,145124,145124010500,1,,,,,,0,720,75000,128,719,58000,128
1100,20160112,11, 1,2,       1801 ,,145124,145124,145124456500,1,,,,,,0,720,75000,128,719,59000,128
1100,20160112,11, 1,2,       1801 ,,145125,145125,145125044000,1,,,,,,0,720,89000,128,719,59000,128
1100,20160112,11, 1,2,       1801 ,,145125,145125,145125045400,1,,,,,,0,720,90000,128,719,59000,128
1100,20160112,11, 1,2,       1801 ,,145125,145125,145125046000,1,,,,,,0,720,90000,128,719,60000,128
1100,20160112,11, 1,2,       1801 ,,145125,145125,145125046700,1,,,,,,0,720,91000,128,719,60000,128
1100,20160112,11, 1,2,       1801 ,145126,145126,145126,145126760500,1,720,48,0,1000,0,0,720,90000,128,719,60000,128
1100,20160112,11, 1,2,       1801 ,,145126,145126,145126762100,1,,,,,,0,720,89000,128,719,60000,128
1100,20160112,11, 1,2,       1801 ,,145126,145126,145126901400,1,,,,,,0,720,90000,128,719,60000,128
1100,20160112,11, 1,2,       1801 ,,145127,145127,145127048000,1,,,,,,0,720,91000,128,719,60000,128
1100,20160112,11, 1,2,       1801 ,,145128,145128,145128721200,1,,,,,,0,720,91000,128,719,59000,128
1100,20160112,11, 1,2,       1801 ,,145129,145129,145129071900,1,,,,,,0,720,91000,128,719,60000,128
1100,20160112,11, 1,2,       1801 ,,145129,145129,145129935400,1,,,,,,0,720,92000,128,719,60000,128
1100,20160112,11, 1,2,       1801 ,,145131,145131,145131960700,1,,,,,,0,720,92000,128,719,64000,128
1100,20160112,11, 1,2,       1801 ,,145132,145132,145132160200,1,,,,,,0,720,91000,128,719,64000,128
1100,20160112,11, 1,2,       1801 ,,145133,145133,145133630500,1,,,,,,0,720,92000,128,719,64000,128
1100,20160112,11, 1,2,       1801 ,,145135,145135,145135602400,1,,,,,,0,720,92000,128,719,63000,128
1100,20160112,11, 1,2,       1801 ,,145136,145136,145136482100,1,,,,,,0,720,92000,128,719,64000,128
1100,20160112,11, 1,2,       1801 ,,145138,145138,145138850000,1,,,,,,0,720,91000,128,719,64000,128
1100,20160112,11, 1,2,       1801 ,,145139,145139,145139309000,1,,,,,,0,720,91000,128,719,87000,128
1100,20160112,11, 1,2,       1801 ,,145139,145139,145139310400,1,,,,,,0,720,90000,128,719,87000,128
1100,20160112,11, 1,2,       1801 ,,145141,145141,145141849800,1,,,,,,0,720,90000,128,719,86000,128
1100,20160112,11, 1,2,       1801 ,,145143,145143,145143400000,1,,,,,,0,720,90000,128,719,87000,128
1100,20160112,11, 1,2,       1801 ,,145144,145144,145144423300,1,,,,,,0,720,90000,128,719,86000,128
1100,20160112,11, 1,2,       1801 ,,145144,145144,145144489900,1,,,,,,0,720,91000,128,719,86000,128
1100,20160112,11, 1,2,       1801 ,,145145,145145,145145910800,1,,,,,,0,720,91000,128,719,87000,128
1100,20160112,11, 1,2,       1801 ,,145145,145145,145145929900,1,,,,,,0,720,90000,128,719,87000,128
1100,20160112,11, 1,2,       1801 ,,145146,145146,145146999500,1,,,,,,0,720,90000,128,719,86000,128
1100,20160112,11, 1,2,       1801 ,,145147,145147,145147041400,1,,,,,,0,720,90000,128,719,87000,128
1100,20160112,11, 1,2,       1801 ,,145147,145147,145147061600,1,,,,,,0,720,90000,128,719,86000,128
1100,20160112,11, 1,2,       1801 ,,145147,145147,145147112600,1,,,,,,0,720,90000,128,719,87000,128
1100,20160112,11, 1,2,       1801 ,,145147,145147,145147235900,1,,,,,,0,720,90000,128,719,86000,128
1100,20160112,11, 1,2,       1801 ,,145147,145147,145147300700,1,,,,,,0,720,90000,128,719,87000,128
1100,20160112,11, 1,2,       1801 ,,145147,145147,145147520900,1,,,,,,0,720,90000,128,719,86000,128
1100,20160112,11, 1,2,       1801 ,145148,145148,145148,145148373800,1,720,48,0,2000,0,0,720,88000,128,719,84000,128
1100,20160112,11, 1,2,       1801 ,145148,145148,145148,145148388900,1,720,48,0,2000,0,0,720,86000,128,719,82000,128
1100,20160112,11, 1,2,       1801 ,,145149,145149,145149247200,1,,,,,,0,720,107000,128,719,82000,128
1100,20160112,11, 1,2,       1801 ,,145149,145149,145149248400,1,,,,,,0,720,108000,128,719,82000,128
1100,20160112,11, 1,2,       1801 ,,145149,145149,145149477000,1,,,,,,0,720,108000,128,719,83000,128
1100,20160112,11, 1,2,       1801 ,,145152,145152,145152388300,1,,,,,,0,720,108000,128,719,84000,128
1100,20160112,11, 1,2,       1801 ,,145152,145152,145152389600,1,,,,,,0,720,109000,128,719,84000,128
1100,20160112,11, 1,2,       1801 ,,145154,145154,145154068700,1,,,,,,0,720,109000,128,719,82000,128
1100,20160112,11, 1,2,       1801 ,,145155,145155,145155848000,1,,,,,,0,720,111000,128,719,82000,128
1100,20160112,11, 1,2,       1801 ,,145156,145156,145156209600,1,,,,,,0,720,111000,128,719,83000,128
1100,20160112,11, 1,2,       1801 ,,145200,145200,145200527300,1,,,,,,0,720,111000,128,719,87000,128
1100,20160112,11, 1,2,       1801 ,,145200,145200,145200571600,1,,,,,,0,720,111000,128,719,82000,128
1100,20160112,11, 1,2,       1801 ,,145202,145202,145202770600,1,,,,,,0,720,110000,128,719,82000,128
1100,20160112,11, 1,2,       1801 ,,145204,145204,145204045800,1,,,,,,0,720,110000,128,719,83000,128
1100,20160112,11, 1,2,       1801 ,,145204,145204,145204047200,1,,,,,,0,720,109000,128,719,83000,128
1100,20160112,11, 1,2,       1801 ,,145205,145205,145205448300,1,,,,,,0,720,109000,128,719,85000,128
1100,20160112,11, 1,2,       1801 ,,145206,145206,145206975000,1,,,,,,0,720,109000,128,719,70000,128
1100,20160112,11, 1,2,       1801 ,,145206,145206,145206976400,1,,,,,,0,720,110000,128,719,70000,128
1100,20160112,11, 1,2,       1801 ,,145206,145206,145206981400,1,,,,,,0,720,110000,128,719,76000,128
1100,20160112,11, 1,2,       1801 ,,145207,145207,145207448100,1,,,,,,0,720,109000,128,719,76000,128
1100,20160112,11, 1,2,       1801 ,,145208,145208,145208434900,1,,,,,,0,720,109000,128,719,75000,128
1100,20160112,11, 1,2,       1801 ,,145208,145208,145208735000,1,,,,,,0,720,109000,128,719,78000,128
1100,20160112,11, 1,2,       1801 ,,145209,145209,145209394100,1,,,,,,0,720,109000,128,719,88000,128
1100,20160112,11, 1,2,       1801 ,,145209,145209,145209824400,1,,,,,,0,720,107000,128,719,88000,128
1100,20160112,11, 1,2,       1801 ,,145210,145210,145210126300,1,,,,,,0,720,107000,128,719,87000,128
1100,20160112,11, 1,2,       1801 ,,145210,145210,145210789200,1,,,,,,0,720,108000,128,719,87000,128
1100,20160112,11, 1,2,       1801 ,,145215,145215,145215770000,1,,,,,,0,720,108000,128,719,86000,128
1100,20160112,11, 1,2,       1801 ,,145216,145216,145216041500,1,,,,,,0,720,108000,128,719,94000,128
1100,20160112,11, 1,2,       1801 ,,145216,145216,145216193100,1,,,,,,0,720,103000,128,719,94000,128
1100,20160112,11, 1,2,       1801 ,,145219,145219,145219262600,1,,,,,,0,720,108000,128,719,94000,128
1100,20160112,11, 1,2,       1801 ,,145219,145219,145219866400,1,,,,,,0,720,108000,128,719,95000,128
1100,20160112,11, 1,2,       1801 ,,145222,145222,145222500500,1,,,,,,0,720,109000,128,719,95000,128
1100,20160112,11, 1,2,       1801 ,,145222,145222,145222541400,1,,,,,,0,720,109000,128,719,94000,128
1100,20160112,11, 1,2,       1801 ,,145223,145223,145223259100,1,,,,,,0,720,109000,128,719,93000,128
1100,20160112,11, 1,2,       1801 ,,145225,145225,145225903500,1,,,,,,0,720,109000,128,719,94000,128
1100,20160112,11, 1,2,       1801 ,,145225,145225,145225906200,1,,,,,,0,720,109000,128,719,93000,128
1100,20160112,11, 1,2,       1801 ,,145225,145225,145225922400,1,,,,,,0,720,109000,128,719,94000,128
1100,20160112,11, 1,2,       1801 ,,145226,145226,145226048900,1,,,,,,0,720,109000,128,719,95000,128
1100,20160112,11, 1,2,       1801 ,,145226,145226,145226091900,1,,,,,,0,720,109000,128,719,94000,128
1100,20160112,11, 1,2,       1801 ,,145226,145226,145226121700,1,,,,,,0,720,111000,128,719,94000,128
1100,20160112,11, 1,2,       1801 ,,145226,145226,145226150900,1,,,,,,0,720,111000,128,719,89000,128
1100,20160112,11, 1,2,       1801 ,,145226,145226,145226181000,1,,,,,,0,720,109000,128,719,89000,128
1100,20160112,11, 1,2,       1801 ,,145227,145227,145227185700,1,,,,,,0,720,109000,128,719,90000,128
1100,20160112,11, 1,2,       1801 ,,145227,145227,145227201700,1,,,,,,0,720,109000,128,719,89000,128
1100,20160112,11, 1,2,       1801 ,,145227,145227,145227209900,1,,,,,,0,720,108000,128,719,89000,128
1100,20160112,11, 1,2,       1801 ,,145227,145227,145227211100,1,,,,,,0,720,108000,128,719,90000,128
1100,20160112,11, 1,2,       1801 ,,145229,145229,145229309800,1,,,,,,0,720,110000,128,719,90000,128
1100,20160112,11, 1,2,       1801 ,,145236,145236,145236778400,1,,,,,,0,720,110000,128,719,89000,128
1100,20160112,11, 1,2,       1801 ,,145236,145236,145236780100,1,,,,,,0,720,110000,128,719,94000,128
1100,20160112,11, 1,2,       1801 ,,145237,145237,145237761700,1,,,,,,0,720,109000,128,719,94000,128
1100,20160112,11, 1,2,       1801 ,,145238,145238,145238709600,1,,,,,,0,720,109000,128,719,83000,128
1100,20160112,11, 1,2,       1801 ,,145243,145243,145243511100,1,,,,,,0,720,111000,128,719,83000,128
1100,20160112,11, 1,2,       1801 ,,145244,145244,145244239000,1,,,,,,0,720,111000,128,719,80000,128
1100,20160112,11, 1,2,       1801 ,145244,145244,145244,145244928800,1,719,16,0,60000,0,0,720,111000,128,719,20000,128
1100,20160112,11, 1,2,       1801 ,145244,145244,145244,145244934400,1,719,16,0,2000,0,0,720,111000,128,719,18000,128
1100,20160112,11, 1,2,       1801 ,,145244,145244,145244935400,1,,,,,,0,720,112000,128,719,18000,128
1100,20160112,11, 1,2,       1801 ,,145244,145244,145244936900,1,,,,,,0,720,112000,128,719,13000,128
1100,20160112,11, 1,2,       1801 ,145244,145244,145244,145244937700,1,719,16,0,1000,0,0,720,112000,128,719,12000,128
1100,20160112,11, 1,2,       1801 ,145244,145244,145244,145244939100,1,719,16,0,1000,0,0,720,112000,128,719,11000,128
1100,20160112,11, 1,2,       1801 ,145244,145244,145244,145244940100,1,719,16,0,1000,0,0,720,112000,128,719,10000,128
1100,20160112,11, 1,2,       1801 ,,145244,145244,145244941100,1,,,,,,0,720,112000,128,719,9000,128
1100,20160112,11, 1,2,       1801 ,,145244,145244,145244942600,1,,,,,,0,720,112000,128,719,11000,128
1100,20160112,11, 1,2,       1801 ,,145244,145244,145244944200,1,,,,,,0,720,118000,128,719,11000,128
1100,20160112,11, 1,2,       1801 ,,145244,145244,145244945000,1,,,,,,0,720,118000,128,719,13000,128
1100,20160112,11, 1,2,       1801 ,,145245,145245,145245051200,1,,,,,,0,720,118000,128,719,14000,128
1100,20160112,11, 1,2,       1801 ,145245,145245,145245,145245559800,1,720,48,0,1000,0,0,720,117000,128,719,14000,128
1100,20160112,11, 1,2,       1801 ,,145245,145245,145245576400,1,,,,,,0,720,117000,128,719,16000,128
1100,20160112,11, 1,2,       1801 ,,145245,145245,145245884500,1,,,,,,0,720,115000,128,719,16000,128
1100,20160112,11, 1,2,       1801 ,,145245,145245,145245997600,1,,,,,,0,720,115000,128,719,17000,128
1100,20160112,11, 1,2,       1801 ,,145246,145246,145246301200,1,,,,,,0,720,115000,128,719,19000,128
1100,20160112,11, 1,2,       1801 ,,145250,145250,145250978800,1,,,,,,0,720,115000,128,719,18000,128
1100,20160112,11, 1,2,       1801 ,,145251,145251,145251094600,1,,,,,,0,720,129000,128,719,18000,128
1100,20160112,11, 1,2,       1801 ,,145251,145251,145251299600,1,,,,,,0,720,129000,128,719,19000,128
1100,20160112,11, 1,2,       1801 ,,145251,145251,145251926600,1,,,,,,0,720,127000,128,719,19000,128
1100,20160112,11, 1,2,       1801 ,,145251,145251,145251927800,1,,,,,,0,720,125000,128,719,19000,128
1100,20160112,11, 1,2,       1801 ,,145251,145251,145251928500,1,,,,,,0,720,126000,128,719,19000,128
1100,20160112,11, 1,2,       1801 ,,145252,145252,145252894400,1,,,,,,0,720,126000,128,719,21000,128
1100,20160112,11, 1,2,       1801 ,,145252,145252,145252895900,1,,,,,,0,720,120000,128,719,21000,128
1100,20160112,11, 1,2,       1801 ,,145253,145253,145253106100,1,,,,,,0,720,120000,128,719,22000,128
1100,20160112,11, 1,2,       1801 ,145253,145253,145253,145253211400,1,719,16,0,1000,0,0,720,119000,128,719,21000,128
1100,20160112,11, 1,2,       1801 ,,145253,145253,145253212900,1,,,,,,0,720,119000,128,719,19000,128
1100,20160112,11, 1,2,       1801 ,145253,145253,145253,145253224900,1,719,16,0,4000,0,0,720,119000,128,719,15000,128
1100,20160112,11, 1,2,       1801 ,,145254,145254,145254747400,1,,,,,,0,720,119000,128,719,14000,128
1100,20160112,11, 1,2,       1801 ,,145254,145254,145254963800,1,,,,,,0,720,119000,128,719,15000,128
1100,20160112,11, 1,2,       1801 ,,145254,145254,145254966400,1,,,,,,0,720,119000,128,719,21000,128
1100,20160112,11, 1,2,       1801 ,,145254,145254,145254968700,1,,,,,,0,720,119000,128,719,22000,128
1100,20160112,11, 1,2,       1801 ,,145255,145255,145255833200,1,,,,,,0,720,119000,128,719,21000,128
1100,20160112,11, 1,2,       1801 ,,145255,145255,145255919000,1,,,,,,0,720,119000,128,719,22000,128
1100,20160112,11, 1,2,       1801 ,,145256,145256,145256449900,1,,,,,,0,720,119000,128,719,21000,128
1100,20160112,11, 1,2,       1801 ,,145259,145259,145259387900,1,,,,,,0,720,119000,128,719,22000,128
1100,20160112,11, 1,2,       1801 ,,145259,145259,145259562200,1,,,,,,0,720,119000,128,719,21000,128
1100,20160112,11, 1,2,       1801 ,,145259,145259,145259583400,1,,,,,,0,720,119000,128,719,22000,128
1100,20160112,11, 1,2,       1801 ,,145259,145259,145259603200,1,,,,,,0,720,119000,128,719,21000,128
1100,20160112,11, 1,2,       1801 ,,145300,145300,145300010100,1,,,,,,0,720,119000,128,719,22000,128
1100,20160112,11, 1,2,       1801 ,,145301,145301,145301281100,1,,,,,,0,720,119000,128,719,21000,128
1100,20160112,11, 1,2,       1801 ,,145301,145301,145301318000,1,,,,,,0,720,119000,128,719,22000,128
1100,20160112,11, 1,2,       1801 ,,145302,145302,145302873900,1,,,,,,0,720,119000,128,719,23000,128
1100,20160112,11, 1,2,       1801 ,,145302,145302,145302933300,1,,,,,,0,720,119000,128,719,24000,128
1100,20160112,11, 1,2,       1801 ,,145304,145304,145304258500,1,,,,,,0,720,119000,128,719,23000,128
1100,20160112,11, 1,2,       1801 ,,145304,145304,145304491500,1,,,,,,0,720,119000,128,719,24000,128
1100,20160112,11, 1,2,       1801 ,,145305,145305,145305155000,1,,,,,,0,720,119000,128,719,23000,128
1100,20160112,11, 1,2,       1801 ,,145305,145305,145305322300,1,,,,,,0,720,119000,128,719,24000,128
1100,20160112,11, 1,2,       1801 ,,145306,145306,145306071400,1,,,,,,0,720,119000,128,719,23000,128
1100,20160112,11, 1,2,       1801 ,,145307,145307,145307530900,1,,,,,,0,720,119000,128,719,24000,128
1100,20160112,11, 1,2,       1801 ,,145308,145308,145308197800,1,,,,,,0,720,119000,128,719,26000,128
1100,20160112,11, 1,2,       1801 ,,145308,145308,145308199800,1,,,,,,0,720,119000,128,719,34000,128
1100,20160112,11, 1,2,       1801 ,145309,145309,145309,145309111200,1,720,48,0,1000,0,0,720,118000,128,719,34000,128
1100,20160112,11, 1,2,       1801 ,,145309,145309,145309261900,1,,,,,,0,720,118000,128,719,33000,128
1100,20160112,11, 1,2,       1801 ,,145309,145309,145309379800,1,,,,,,0,720,118000,128,719,25000,128
1100,20160112,11, 1,2,       1801 ,,145312,145312,145312614500,1,,,,,,0,720,118000,128,719,33000,128
1100,20160112,11, 1,2,       1801 ,,145312,145312,145312616200,1,,,,,,0,720,118000,128,719,38000,128
1100,20160112,11, 1,2,       1801 ,145312,145312,145312,145312688500,1,719,16,0,1000,0,0,720,118000,128,719,37000,128
1100,20160112,11, 1,2,       1801 ,145312,145312,145312,145312711700,1,720,48,0,1000,0,0,720,117000,128,719,37000,128
1100,20160112,11, 1,2,       1801 ,,145313,145313,145313191600,1,,,,,,0,720,117000,128,719,36000,128
1100,20160112,11, 1,2,       1801 ,,145313,145313,145313734100,1,,,,,,0,720,117000,128,719,37000,128
1100,20160112,11, 1,2,       1801 ,,145315,145315,145315115400,1,,,,,,0,720,117000,128,719,38000,128
1100,20160112,11, 1,2,       1801 ,,145316,145316,145316155900,1,,,,,,0,720,117000,128,719,37000,128
1100,20160112,11, 1,2,       1801 ,,145316,145316,145316157400,1,,,,,,0,720,117000,128,719,38000,128
1100,20160112,11, 1,2,       1801 ,,145316,145316,145316688900,1,,,,,,0,720,117000,128,719,39000,128
1100,20160112,11, 1,2,       1801 ,,145319,145319,145319872100,1,,,,,,0,720,117000,128,719,38000,128
1100,20160112,11, 1,2,       1801 ,,145320,145320,145320575700,1,,,,,,0,720,117000,128,719,30000,128
1100,20160112,11, 1,2,       1801 ,,145322,145322,145322160100,1,,,,,,0,720,117000,128,719,25000,128
1100,20160112,11, 1,2,       1801 ,,145323,145323,145323346500,1,,,,,,0,720,117000,128,719,28000,128
1100,20160112,11, 1,2,       1801 ,,145324,145324,145324151300,1,,,,,,0,720,117000,128,719,29000,128
1100,20160112,11, 1,2,       1801 ,,145325,145325,145325754000,1,,,,,,0,720,117000,128,719,28000,128
1100,20160112,11, 1,2,       1801 ,,145326,145326,145326055300,1,,,,,,0,720,117000,128,719,29000,128
1100,20160112,11, 1,2,       1801 ,,145326,145326,145326218700,1,,,,,,0,720,117000,128,719,28000,128
1100,20160112,11, 1,2,       1801 ,,145326,145326,145326541800,1,,,,,,0,720,119000,128,719,28000,128
1100,20160112,11, 1,2,       1801 ,,145326,145326,145326543100,1,,,,,,0,720,119000,128,719,27000,128
1100,20160112,11, 1,2,       1801 ,,145326,145326,145326870000,1,,,,,,0,720,119000,128,719,35000,128
1100,20160112,11, 1,2,       1801 ,,145327,145327,145327546400,1,,,,,,0,720,119000,128,719,36000,128
1100,20160112,11, 1,2,       1801 ,,145328,145328,145328431900,1,,,,,,0,720,119000,128,719,35000,128
1100,20160112,11, 1,2,       1801 ,,145328,145328,145328434100,1,,,,,,0,720,119000,128,719,27000,128
1100,20160112,11, 1,2,       1801 ,,145328,145328,145328882600,1,,,,,,0,720,119000,128,719,26000,128
1100,20160112,11, 1,2,       1801 ,145329,145329,145329,145329201800,1,719,16,0,9000,0,0,720,119000,128,719,17000,128
1100,20160112,11, 1,2,       1801 ,145329,145329,145329,145329204200,1,719,16,0,2000,0,0,720,119000,128,719,15000,128
1100,20160112,11, 1,2,       1801 ,145329,145329,145329,145329205600,1,719,16,0,15000,0,0,720,119000,128,718,128000,128
1100,20160112,11, 1,2,       1801 ,,145329,145329,145329209000,1,,,,,,0,720,123000,128,718,128000,128
1100,20160112,11, 1,2,       1801 ,,145329,145329,145329211000,1,,,,,,0,720,123000,128,719,2000,128
1100,20160112,11, 1,2,       1801 ,,145329,145329,145329213400,1,,,,,,0,720,125000,128,719,2000,128
1100,20160112,11, 1,2,       1801 ,145329,145329,145329,145329214400,1,719,16,0,1000,0,0,720,125000,128,719,1000,128
1100,20160112,11, 1,2,       1801 ,,145329,145329,145329215600,1,,,,,,0,720,125000,128,719,1000,128
1100,20160112,11, 1,2,       1801 ,,145329,145329,145329217300,1,,,,,,0,720,127000,128,719,1000,128
1100,20160112,11, 1,2,       1801 ,145329,145329,145329,145329218100,1,719,16,0,1000,0,0,720,127000,128,718,128000,128
1100,20160112,11, 1,2,       1801 ,,145329,145329,145329219100,1,,,,,,0,720,127000,128,718,124000,128
1100,20160112,11, 1,2,       1801 ,,145329,145329,145329222500,1,,,,,,0,720,127000,128,718,132000,128
1100,20160112,11, 1,2,       1801 ,,145329,145329,145329224400,1,,,,,,0,720,132000,128,718,132000,128
1100,20160112,11, 1,2,       1801 ,,145329,145329,145329229200,1,,,,,,0,719,1000,128,718,132000,128
1100,20160112,11, 1,2,       1801 ,145329,145329,145329,145329230000,1,719,48,0,1000,0,0,720,132000,128,719,3000,128
1100,20160112,11, 1,2,       1801 ,,145329,145329,145329231300,1,,,,,,0,720,132000,128,719,3000,128
1100,20160112,11, 1,2,       1801 ,,145329,145329,145329234400,1,,,,,,0,720,127000,128,719,3000,128
1100,20160112,11, 1,2,       1801 ,,145329,145329,145329237000,1,,,,,,0,720,125000,128,719,3000,128
1100,20160112,11, 1,2,       1801 ,,145329,145329,145329239800,1,,,,,,0,720,125000,128,719,4000,128
1100,20160112,11, 1,2,       1801 ,,145329,145329,145329240800,1,,,,,,0,720,126000,128,719,4000,128
1100,20160112,11, 1,2,       1801 ,,145329,145329,145329242700,1,,,,,,0,720,128000,128,719,4000,128
1100,20160112,11, 1,2,       1801 ,,145329,145329,145329245600,1,,,,,,0,720,128000,128,719,3000,128
1100,20160112,11, 1,2,       1801 ,145329,145329,145329,145329246800,1,719,16,0,3000,0,0,720,128000,128,718,132000,128
1100,20160112,11, 1,2,       1801 ,,145329,145329,145329248000,1,,,,,,0,720,130000,128,718,132000,128
1100,20160112,11, 1,2,       1801 ,,145329,145329,145329250900,1,,,,,,0,720,130000,128,719,1000,128
1100,20160112,11, 1,2,       1801 ,,145329,145329,145329253000,1,,,,,,0,720,134000,128,719,1000,128
1100,20160112,11, 1,2,       1801 ,,145329,145329,145329260800,1,,,,,,0,720,140000,128,719,1000,128
1100,20160112,11, 1,2,       1801 ,,145329,145329,145329285300,1,,,,,,0,720,134000,128,719,1000,128
1100,20160112,11, 1,2,       1801 ,,145329,145329,145329286800,1,,,,,,0,720,134000,128,719,5000,128
1100,20160112,11, 1,2,       1801 ,,145329,145329,145329310200,1,,,,,,0,720,134000,128,719,7000,128
1100,20160112,11, 1,2,       1801 ,145329,145329,145329,145329490300,1,719,16,0,1000,0,0,720,133000,128,719,6000,128
1100,20160112,11, 1,2,       1801 ,,145329,145329,145329600600,1,,,,,,0,720,133000,128,719,7000,128
1100,20160112,11, 1,2,       1801 ,,145330,145330,145330180500,1,,,,,,0,720,133000,128,719,8000,128
1100,20160112,11, 1,2,       1801 ,,145330,145330,145330232500,1,,,,,,0,720,133000,128,719,10000,128
1100,20160112,11, 1,2,       1801 ,145330,145330,145330,145330242100,1,719,16,0,1000,0,0,720,133000,128,719,9000,128
1100,20160112,11, 1,2,       1801 ,,145330,145330,145330590000,1,,,,,,0,720,131000,128,719,9000,128
1100,20160112,11, 1,2,       1801 ,,145332,145332,145332395100,1,,,,,,0,720,131000,128,719,12000,128
1100,20160112,11, 1,2,       1801 ,,145332,145332,145332420200,1,,,,,,0,720,132000,128,719,12000,128
1100,20160112,11, 1,2,       1801 ,,145332,145332,145332421500,1,,,,,,0,720,138000,128,719,12000,128
1100,20160112,11, 1,2,       1801 ,,145335,145335,145335576400,1,,,,,,0,720,138000,128,719,14000,128
1100,20160112,11, 1,2,       1801 ,145339,145339,145339,145339225900,1,719,16,0,1000,0,0,720,137000,128,719,13000,128
1100,20160112,11, 1,2,       1801 ,,145339,145339,145339227700,1,,,,,,0,720,136000,128,719,13000,128
1100,20160112,11, 1,2,       1801 ,145340,145340,145340,145340802300,1,719,16,0,1000,0,0,720,136000,128,719,12000,128
1100,20160112,11, 1,2,       1801 ,,145342,145342,145342726200,1,,,,,,0,720,136000,128,719,9000,128
1100,20160112,11, 1,2,       1801 ,,145344,145344,145344827700,1,,,,,,0,720,134000,128,719,9000,128
1100,20160112,11, 1,2,       1801 ,145344,145344,145344,145344923100,1,719,16,0,9000,0,0,720,134000,128,718,137000,128
1100,20160112,11, 1,2,       1801 ,,145344,145344,145344924500,1,,,,,,0,720,134000,128,718,137000,128
1100,20160112,11, 1,2,       1801 ,,145344,145344,145344925200,1,,,,,,0,719,1000,128,718,137000,128
1100,20160112,11, 1,2,       1801 ,,145344,145344,145344926500,1,,,,,,0,719,1000,128,718,136000,128
1100,20160112,11, 1,2,       1801 ,,145344,145344,145344927300,1,,,,,,0,719,2000,128,718,136000,128
1100,20160112,11, 1,2,       1801 ,145344,145344,145344,145344931200,1,719,48,0,1000,0,0,719,1000,128,718,136000,128
1100,20160112,11, 1,2,       1801 ,,145344,145344,145344932100,1,,,,,,0,719,1000,128,718,138000,128
1100,20160112,11, 1,2,       1801 ,145344,145344,145344,145344932900,1,719,48,0,1000,0,0,720,139000,128,718,138000,128
1100,20160112,11, 1,2,       1801 ,,145344,145344,145344936400,1,,,,,,0,720,139000,128,719,1000,128
1100,20160112,11, 1,2,       1801 ,,145344,145344,145344939400,1,,,,,,0,720,136000,128,719,1000,128
1100,20160112,11, 1,2,       1801 ,,145344,145344,145344941800,1,,,,,,0,720,138000,128,719,1000,128
1100,20160112,11, 1,2,       1801 ,,145344,145344,145344942500,1,,,,,,0,720,133000,128,719,1000,128
1100,20160112,11, 1,2,       1801 ,,145344,145344,145344943200,1,,,,,,0,720,132000,128,719,1000,128
1100,20160112,11, 1,2,       1801 ,,145344,145344,145344951600,1,,,,,,0,720,135000,128,719,1000,128
1100,20160112,11, 1,2,       1801 ,,145344,145344,145344956800,1,,,,,,0,720,136000,128,719,1000,128
1100,20160112,11, 1,2,       1801 ,,145345,145345,145345029700,1,,,,,,0,720,136000,128,719,3000,128
1100,20160112,11, 1,2,       1801 ,,145345,145345,145345121500,1,,,,,,0,720,134000,128,719,3000,128
1100,20160112,11, 1,2,       1801 ,145345,145345,145345,145345141300,1,719,16,0,1000,0,0,720,134000,128,719,2000,128
1100,20160112,11, 1,2,       1801 ,,145345,145345,145345211500,1,,,,,,0,720,134000,128,719,3000,128
1100,20160112,11, 1,2,       1801 ,,145345,145345,145345282200,1,,,,,,0,720,134000,128,719,4000,128
1100,20160112,11, 1,2,       1801 ,,145345,145345,145345284800,1,,,,,,0,720,134000,128,719,7000,128
1100,20160112,11, 1,2,       1801 ,,145345,145345,145345351800,1,,,,,,0,720,134000,128,719,6000,128
1100,20160112,11, 1,2,       1801 ,145345,145345,145345,145345358100,1,719,16,0,1000,0,0,720,134000,128,719,5000,128
1100,20160112,11, 1,2,       1801 ,,145345,145345,145345426800,1,,,,,,0,720,134000,128,719,6000,128
1100,20160112,11, 1,2,       1801 ,,145345,145345,145345459200,1,,,,,,0,720,134000,128,719,7000,128
1100,20160112,11, 1,2,       1801 ,,145345,145345,145345460400,1,,,,,,0,720,134000,128,719,6000,128
1100,20160112,11, 1,2,       1801 ,,145345,145345,145345493600,1,,,,,,0,720,134000,128,719,7000,128
1100,20160112,11, 1,2,       1801 ,,145345,145345,145345576400,1,,,,,,0,720,134000,128,719,9000,128
1100,20160112,11, 1,2,       1801 ,,145346,145346,145346247600,1,,,,,,0,720,134000,128,719,10000,128
1100,20160112,11, 1,2,       1801 ,145346,145346,145346,145346293600,1,719,16,0,3000,0,0,720,134000,128,719,7000,128
1100,20160112,11, 1,2,       1801 ,,145346,145346,145346295800,1,,,,,,0,720,134000,128,719,7000,128
1100,20160112,11, 1,2,       1801 ,,145348,145348,145348186000,1,,,,,,0,720,134000,128,719,8000,128
1100,20160112,11, 1,2,       1801 ,,145350,145350,145350831600,1,,,,,,0,720,135000,128,719,8000,128
1100,20160112,11, 1,2,       1801 ,,145351,145351,145351552000,1,,,,,,0,720,129000,128,719,8000,128
1100,20160112,11, 1,2,       1801 ,,145351,145351,145351553200,1,,,,,,0,720,129000,128,719,10000,128
1100,20160112,11, 1,2,       1801 ,,145351,145351,145351556500,1,,,,,,0,720,129000,128,719,18000,128
1100,20160112,11, 1,2,       1801 ,,145351,145351,145351559100,1,,,,,,0,720,129000,128,719,19000,128
1100,20160112,11, 1,2,       1801 ,,145351,145351,145351706800,1,,,,,,0,720,128000,128,719,19000,128
1100,20160112,11, 1,2,       1801 ,,145352,145352,145352289900,1,,,,,,0,720,127000,128,719,19000,128
1100,20160112,11, 1,2,       1801 ,145352,145352,145352,145352324000,1,719,16,0,1000,0,0,720,127000,128,719,18000,128
1100,20160112,11, 1,2,       1801 ,,145352,145352,145352326700,1,,,,,,0,720,127000,128,719,17000,128
1100,20160112,11, 1,2,       1801 ,,145352,145352,145352392800,1,,,,,,0,720,126000,128,719,17000,128
1100,20160112,11, 1,2,       1801 ,145352,145352,145352,145352435500,1,719,16,0,1000,0,0,720,126000,128,719,16000,128
1100,20160112,11, 1,2,       1801 ,,145352,145352,145352438000,1,,,,,,0,720,126000,128,719,8000,128
1100,20160112,11, 1,2,       1801 ,,145352,145352,145352440300,1,,,,,,0,720,126000,128,719,16000,128
1100,20160112,11, 1,2,       1801 ,,145354,145354,145354174800,1,,,,,,0,720,126000,128,719,17000,128
1100,20160112,11, 1,2,       1801 ,,145354,145354,145354464400,1,,,,,,0,720,127000,128,719,17000,128
1100,20160112,11, 1,2,       1801 ,,145356,145356,145356477100,1,,,,,,0,720,127000,128,719,9000,128
1100,20160112,11, 1,2,       1801 ,,145359,145359,145359300800,1,,,,,,0,720,127000,128,719,7000,128
1100,20160112,11, 1,2,       1801 ,,145400,145400,145400659700,1,,,,,,0,720,127000,128,719,9000,128
1100,20160112,11, 1,2,       1801 ,,145400,145400,145400842700,1,,,,,,0,720,128000,128,719,9000,128
1100,20160112,11, 1,2,       1801 ,,145402,145402,145402225900,1,,,,,,0,720,128000,128,719,10000,128
1100,20160112,11, 1,2,       1801 ,,145402,145402,145402581700,1,,,,,,0,720,128000,128,719,11000,128
1100,20160112,11, 1,2,       1801 ,,145403,145403,145403174500,1,,,,,,0,720,128000,128,719,12000,128
1100,20160112,11, 1,2,       1801 ,,145403,145403,145403176000,1,,,,,,0,720,128000,128,719,17000,128
1100,20160112,11, 1,2,       1801 ,,145403,145403,145403177200,1,,,,,,0,720,126000,128,719,17000,128
1100,20160112,11, 1,2,       1801 ,,145403,145403,145403178700,1,,,,,,0,720,126000,128,719,20000,128
1100,20160112,11, 1,2,       1801 ,,145403,145403,145403180500,1,,,,,,0,720,126000,128,719,28000,128
1100,20160112,11, 1,2,       1801 ,,145403,145403,145403182300,1,,,,,,0,720,126000,128,719,30000,128
1100,20160112,11, 1,2,       1801 ,,145404,145404,145404945400,1,,,,,,0,720,126000,128,719,32000,128
1100,20160112,11, 1,2,       1801 ,145406,145406,145406,145406227100,1,719,16,0,11000,0,0,720,113000,128,719,21000,128
1100,20160112,11, 1,2,       1801 ,,145406,145406,145406230800,1,,,,,,0,720,113000,128,719,13000,128
1100,20160112,11, 1,2,       1801 ,,145406,145406,145406237200,1,,,,,,0,720,112000,128,719,13000,128
1100,20160112,11, 1,2,       1801 ,145406,145406,145406,145406274700,1,719,16,0,2000,0,0,720,112000,128,719,11000,128
1100,20160112,11, 1,2,       1801 ,,145406,145406,145406276200,1,,,,,,0,720,114000,128,719,11000,128
1100,20160112,11, 1,2,       1801 ,145406,145406,145406,145406277100,1,719,16,0,11000,0,0,720,114000,128,718,124000,128
1100,20160112,11, 1,2,       1801 ,,145406,145406,145406278800,1,,,,,,0,719,1000,128,718,124000,128
1100,20160112,11, 1,2,       1801 ,,145406,145406,145406283400,1,,,,,,0,719,2000,128,718,124000,128
1100,20160112,11, 1,2,       1801 ,,145406,145406,145406285400,1,,,,,,0,719,2000,128,718,132000,128
1100,20160112,11, 1,2,       1801 ,145406,145406,145406,145406287700,1,719,48,0,1000,0,0,719,1000,128,718,132000,128
1100,20160112,11, 1,2,       1801 ,145406,145406,145406,145406288600,1,719,48,0,1000,0,0,720,127000,128,718,132000,128
1100,20160112,11, 1,2,       1801 ,,145406,145406,145406289400,1,,,,,,0,720,127000,128,719,1000,128
1100,20160112,11, 1,2,       1801 ,,145406,145406,145406290200,1,,,,,,0,720,131000,128,719,1000,128
1100,20160112,11, 1,2,       1801 ,,145406,145406,145406298300,1,,,,,,0,720,125000,128,719,1000,128
1100,20160112,11, 1,2,       1801 ,,145406,145406,145406299800,1,,,,,,0,720,124000,128,719,1000,128
1100,20160112,11, 1,2,       1801 ,,145406,145406,145406305900,1,,,,,,0,720,122000,128,719,1000,128
1100,20160112,11, 1,2,       1801 ,,145406,145406,145406307400,1,,,,,,0,720,117000,128,719,1000,128
1100,20160112,11, 1,2,       1801 ,,145406,145406,145406310300,1,,,,,,0,720,113000,128,719,1000,128
1100,20160112,11, 1,2,       1801 ,,145406,145406,145406320300,1,,,,,,0,720,116000,128,719,1000,128
1100,20160112,11, 1,2,       1801 ,145406,145406,145406,145406779400,1,719,16,0,1000,0,0,720,116000,128,718,132000,128
1100,20160112,11, 1,2,       1801 ,,145406,145406,145406780900,1,,,,,,0,720,116000,128,718,132000,128
1100,20160112,11, 1,2,       1801 ,,145407,145407,145407266500,1,,,,,,0,719,1000,128,718,132000,128
1100,20160112,11, 1,2,       1801 ,145407,145407,145407,145407267800,1,719,48,0,1000,0,0,720,116000,128,718,132000,128
1100,20160112,11, 1,2,       1801 ,,145407,145407,145407268700,1,,,,,,0,720,116000,128,719,1000,128
1100,20160112,11, 1,2,       1801 ,,145407,145407,145407269300,1,,,,,,0,720,114000,128,719,1000,128
1100,20160112,11, 1,2,       1801 ,,145407,145407,145407270900,1,,,,,,0,720,116000,128,719,1000,128
1100,20160112,11, 1,2,       1801 ,,145407,145407,145407277000,1,,,,,,0,720,113000,128,719,1000,128
1100,20160112,11, 1,2,       1801 ,,145407,145407,145407289900,1,,,,,,0,720,116000,128,719,1000,128
1100,20160112,11, 1,2,       1801 ,,145407,145407,145407292500,1,,,,,,0,720,116000,128,719,3000,128
1100,20160112,11, 1,2,       1801 ,,145407,145407,145407340000,1,,,,,,0,720,116000,128,719,4000,128
1100,20160112,11, 1,2,       1801 ,145408,145408,145408,145408386000,1,719,16,0,4000,0,0,719,5000,128,718,130000,128
1100,20160112,11, 1,2,       1801 ,,145408,145408,145408387600,1,,,,,,0,719,6000,128,718,130000,128
1100,20160112,11, 1,2,       1801 ,145408,145408,145408,145408389200,1,719,48,0,5000,0,0,719,1000,128,718,130000,128
1100,20160112,11, 1,2,       1801 ,,145408,145408,145408390300,1,,,,,,0,719,1000,128,718,130000,128
1100,20160112,11, 1,2,       1801 ,,145408,145408,145408393300,1,,,,,,0,719,3000,128,718,130000,128
1100,20160112,11, 1,2,       1801 ,,145408,145408,145408394700,1,,,,,,0,719,3000,128,718,128000,128
1100,20160112,11, 1,2,       1801 ,145408,145408,145408,145408395400,1,719,48,0,3000,0,0,720,116000,128,719,3000,128
1100,20160112,11, 1,2,       1801 ,,145408,145408,145408400000,1,,,,,,0,720,113000,128,719,3000,128
1100,20160112,11, 1,2,       1801 ,,145408,145408,145408404000,1,,,,,,0,720,113000,128,719,5000,128
1100,20160112,11, 1,2,       1801 ,,145408,145408,145408411800,1,,,,,,0,720,116000,128,719,5000,128
1100,20160112,11, 1,2,       1801 ,,145408,145408,145408784400,1,,,,,,0,720,116000,128,719,7000,128
1100,20160112,11, 1,2,       1801 ,,145409,145409,145409646000,1,,,,,,0,720,116000,128,719,24000,128
1100,20160112,11, 1,2,       1801 ,,145409,145409,145409647200,1,,,,,,0,720,114000,128,719,24000,128
1100,20160112,11, 1,2,       1801 ,,145409,145409,145409647900,1,,,,,,0,720,112000,128,719,24000,128
1100,20160112,11, 1,2,       1801 ,,145409,145409,145409648800,1,,,,,,0,720,112000,128,719,32000,128
1100,20160112,11, 1,2,       1801 ,,145409,145409,145409689500,1,,,,,,0,720,112000,128,719,33000,128
1100,20160112,11, 1,2,       1801 ,,145411,145411,145411849200,1,,,,,,0,720,113000,128,719,33000,128
1100,20160112,11, 1,2,       1801 ,,145412,145412,145412521700,1,,,,,,0,720,113000,128,719,34000,128
1100,20160112,11, 1,2,       1801 ,,145412,145412,145412538000,1,,,,,,0,720,113000,128,719,35000,128
1100,20160112,11, 1,2,       1801 ,,145412,145412,145412637300,1,,,,,,0,720,109000,128,719,35000,128
1100,20160112,11, 1,2,       1801 ,,145413,145413,145413832000,1,,,,,,0,720,109000,128,719,34000,128
1100,20160112,11, 1,2,       1801 ,,145415,145415,145415083300,1,,,,,,0,720,109000,128,719,36000,128
1100,20160112,11, 1,2,       1801 ,,145416,145416,145416472500,1,,,,,,0,720,109000,128,719,19000,128
1100,20160112,11, 1,2,       1801 ,,145416,145416,145416474800,1,,,,,,0,720,109000,128,719,11000,128
1100,20160112,11, 1,2,       1801 ,,145418,145418,145418191100,1,,,,,,0,720,109000,128,719,15000,128
1100,20160112,11, 1,2,       1801 ,,145423,145423,145423680300,1,,,,,,0,720,109000,128,719,23000,128
1100,20160112,11, 1,2,       1801 ,,145423,145423,145423681600,1,,,,,,0,720,109000,128,719,26000,128
1100,20160112,11, 1,2,       1801 ,,145423,145423,145423682300,1,,,,,,0,720,109000,128,719,31000,128
1100,20160112,11, 1,2,       1801 ,,145423,145423,145423683100,1,,,,,,0,720,109000,128,719,33000,128
1100,20160112,11, 1,2,       1801 ,,145425,145425,145425587000,1,,,,,,0,720,109000,128,719,34000,128
1100,20160112,11, 1,2,       1801 ,,145426,145426,145426341200,1,,,,,,0,720,111000,128,719,34000,128
1100,20160112,11, 1,2,       1801 ,,145426,145426,145426398000,1,,,,,,0,720,111000,128,719,35000,128
1100,20160112,11, 1,2,       1801 ,,145426,145426,145426869700,1,,,,,,0,720,111000,128,719,36000,128
1100,20160112,11, 1,2,       1801 ,,145427,145427,145427163200,1,,,,,,0,720,109000,128,719,36000,128
1100,20160112,11, 1,2,       1801 ,,145429,145429,145429945000,1,,,,,,0,720,110000,128,719,36000,128
1100,20160112,11, 1,2,       1801 ,,145430,145430,145430800800,1,,,,,,0,720,111000,128,719,36000,128
1100,20160112,11, 1,2,       1801 ,,145431,145431,145431160500,1,,,,,,0,720,113000,128,719,36000,128
1100,20160112,11, 1,2,       1801 ,,145438,145438,145438870300,1,,,,,,0,720,113000,128,719,38000,128
1100,20160112,11, 1,2,       1801 ,145443,145443,145443,145443007200,1,719,16,0,3000,0,0,720,113000,128,719,35000,128
1100,20160112,11, 1,2,       1801 ,,145443,145443,145443009000,1,,,,,,0,720,120000,128,719,35000,128
1100,20160112,11, 1,2,       1801 ,,145443,145443,145443010700,1,,,,,,0,720,120000,128,719,27000,128
1100,20160112,11, 1,2,       1801 ,,145443,145443,145443012000,1,,,,,,0,720,120000,128,719,22000,128
1100,20160112,11, 1,2,       1801 ,,145443,145443,145443013300,1,,,,,,0,720,120000,128,719,20000,128
1100,20160112,11, 1,2,       1801 ,,145443,145443,145443014000,1,,,,,,0,720,120000,128,719,17000,128
1100,20160112,11, 1,2,       1801 ,,145443,145443,145443019400,1,,,,,,0,720,120000,128,719,18000,128
1100,20160112,11, 1,2,       1801 ,145448,145448,145448,145448193100,1,720,48,0,2000,0,0,720,118000,128,719,16000,128
1100,20160112,11, 1,2,       1801 ,145448,145448,145448,145448609200,1,719,16,0,1000,0,0,720,118000,128,719,15000,128
1100,20160112,11, 1,2,       1801 ,,145448,145448,145448862200,1,,,,,,0,720,133000,128,719,15000,128
1100,20160112,11, 1,2,       1801 ,,145450,145450,145450356600,1,,,,,,0,720,132000,128,719,15000,128
1100,20160112,11, 1,2,       1801 ,,145450,145450,145450357900,1,,,,,,0,720,131000,128,719,15000,128
1100,20160112,11, 1,2,       1801 ,145451,145451,145451,145451389000,1,719,16,0,2000,0,0,720,131000,128,719,13000,128
1100,20160112,11, 1,2,       1801 ,,145451,145451,145451391300,1,,,,,,0,720,131000,128,719,13000,128
1100,20160112,11, 1,2,       1801 ,,145454,145454,145454540500,1,,,,,,0,720,133000,128,719,13000,128
1100,20160112,11, 1,2,       1801 ,145455,145455,145455,145455522500,1,719,16,0,5000,0,0,720,133000,128,719,8000,128
1100,20160112,11, 1,2,       1801 ,,145455,145455,145455524700,1,,,,,,0,720,139000,128,719,8000,128
1100,20160112,11, 1,2,       1801 ,145455,145455,145455,145455526000,1,719,16,0,1000,0,0,720,139000,128,719,7000,128
1100,20160112,11, 1,2,       1801 ,,145455,145455,145455576300,1,,,,,,0,720,139000,128,719,9000,128
1100,20160112,11, 1,2,       1801 ,,145455,145455,145455609300,1,,,,,,0,720,137000,128,719,9000,128
1100,20160112,11, 1,2,       1801 ,145457,145457,145457,145457239300,1,719,16,0,1000,0,0,720,136000,128,719,8000,128
1100,20160112,11, 1,2,       1801 ,,145457,145457,145457240700,1,,,,,,0,720,136000,128,719,9000,128
1100,20160112,11, 1,2,       1801 ,,145457,145457,145457347300,1,,,,,,0,720,136000,128,719,10000,128
1100,20160112,11, 1,2,       1801 ,,145500,145500,145500344200,1,,,,,,0,720,136000,128,719,9000,128
1100,20160112,11, 1,2,       1801 ,,145500,145500,145500477700,1,,,,,,0,720,136000,128,719,19000,128
1100,20160112,11, 1,2,       1801 ,,145500,145500,145500479800,1,,,,,,0,720,136000,128,719,25000,128
1100,20160112,11, 1,2,       1801 ,,145500,145500,145500480500,1,,,,,,0,720,130000,128,719,25000,128
1100,20160112,11, 1,2,       1801 ,,145500,145500,145500503200,1,,,,,,0,720,130000,128,719,26000,128
1100,20160112,11, 1,2,       1801 ,,145500,145500,145500841200,1,,,,,,0,720,130000,128,719,28000,128
1100,20160112,11, 1,2,       1801 ,145501,145501,145501,145501278500,1,719,16,0,1000,0,0,720,129000,128,719,27000,128
1100,20160112,11, 1,2,       1801 ,,145501,145501,145501280500,1,,,,,,0,720,129000,128,719,31000,128
1100,20160112,11, 1,2,       1801 ,,145501,145501,145501302100,1,,,,,,0,720,129000,128,719,32000,128
1100,20160112,11, 1,2,       1801 ,,145501,145501,145501340000,1,,,,,,0,720,129000,128,719,35000,128
1100,20160112,11, 1,2,       1801 ,,145501,145501,145501545400,1,,,,,,0,720,129000,128,719,37000,128
1100,20160112,11, 1,2,       1801 ,,145501,145501,145501547600,1,,,,,,0,720,128000,128,719,37000,128
1100,20160112,11, 1,2,       1801 ,,145501,145501,145501653300,1,,,,,,0,720,128000,128,719,39000,128
1100,20160112,11, 1,2,       1801 ,,145502,145502,145502268000,1,,,,,,0,720,129000,128,719,39000,128
1100,20160112,11, 1,2,       1801 ,,145502,145502,145502500700,1,,,,,,0,720,129000,128,719,38000,128
1100,20160112,11, 1,2,       1801 ,,145502,145502,145502550400,1,,,,,,0,720,129000,128,719,39000,128
1100,20160112,11, 1,2,       1801 ,,145502,145502,145502562800,1,,,,,,0,720,129000,128,719,38000,128
1100,20160112,11, 1,2,       1801 ,,145503,145503,145503545100,1,,,,,,0,720,129000,128,719,39000,128
1100,20160112,11, 1,2,       1801 ,145504,145504,145504,145504311900,1,719,16,0,1000,0,0,720,129000,128,719,38000,128
1100,20160112,11, 1,2,       1801 ,,145504,145504,145504338300,1,,,,,,0,720,129000,128,719,36000,128
1100,20160112,11, 1,2,       1801 ,,145504,145504,145504875700,1,,,,,,0,720,129000,128,719,37000,128
1100,20160112,11, 1,2,       1801 ,,145504,145504,145504881000,1,,,,,,0,720,129000,128,719,36000,128
1100,20160112,11, 1,2,       1801 ,,145504,145504,145504892400,1,,,,,,0,720,129000,128,719,37000,128
1100,20160112,11, 1,2,       1801 ,,145505,145505,145505369300,1,,,,,,0,720,129000,128,719,36000,128
1100,20160112,11, 1,2,       1801 ,,145505,145505,145505842200,1,,,,,,0,720,129000,128,719,46000,128
1100,20160112,11, 1,2,       1801 ,,145505,145505,145505888400,1,,,,,,0,720,129000,128,719,47000,128
1100,20160112,11, 1,2,       1801 ,,145505,145505,145505925300,1,,,,,,0,720,129000,128,719,46000,128
1100,20160112,11, 1,2,       1801 ,,145506,145506,145506655900,1,,,,,,0,720,129000,128,719,44000,128
1100,20160112,11, 1,2,       1801 ,,145506,145506,145506665100,1,,,,,,0,720,129000,128,719,46000,128
1100,20160112,11, 1,2,       1801 ,,145507,145507,145507106600,1,,,,,,0,720,129000,128,719,47000,128
1100,20160112,11, 1,2,       1801 ,,145508,145508,145508480700,1,,,,,,0,720,129000,128,719,49000,128
1100,20160112,11, 1,2,       1801 ,,145509,145509,145509314400,1,,,,,,0,720,130000,128,719,49000,128
1100,20160112,11, 1,2,       1801 ,,145510,145510,145510569000,1,,,,,,0,720,130000,128,719,50000,128
1100,20160112,11, 1,2,       1801 ,,145514,145514,145514514900,1,,,,,,0,720,129000,128,719,50000,128
1100,20160112,11, 1,2,       1801 ,,145514,145514,145514516500,1,,,,,,0,720,129000,128,719,51000,128
1100,20160112,11, 1,2,       1801 ,,145514,145514,145514517200,1,,,,,,0,720,130000,128,719,51000,128
1100,20160112,11, 1,2,       1801 ,,145514,145514,145514517800,1,,,,,,0,720,129000,128,719,51000,128
1100,20160112,11, 1,2,       1801 ,,145515,145515,145515538200,1,,,,,,0,720,129000,128,719,55000,128
1100,20160112,11, 1,2,       1801 ,,145516,145516,145516340000,1,,,,,,0,720,129000,128,719,56000,128
1100,20160112,11, 1,2,       1801 ,,145516,145516,145516343800,1,,,,,,0,720,129000,128,719,61000,128
1100,20160112,11, 1,2,       1801 ,,145516,145516,145516344600,1,,,,,,0,720,129000,128,719,64000,128
1100,20160112,11, 1,2,       1801 ,,145517,145517,145517302200,1,,,,,,0,720,129000,128,719,84000,128
1100,20160112,11, 1,2,       1801 ,,145517,145517,145517303400,1,,,,,,0,720,128000,128,719,84000,128
1100,20160112,11, 1,2,       1801 ,,145517,145517,145517304100,1,,,,,,0,720,124000,128,719,84000,128
1100,20160112,11, 1,2,       1801 ,,145517,145517,145517304900,1,,,,,,0,720,124000,128,719,86000,128
1100,20160112,11, 1,2,       1801 ,,145519,145519,145519837900,1,,,,,,0,720,124000,128,719,87000,128
1100,20160112,11, 1,2,       1801 ,,145523,145523,145523053500,1,,,,,,0,720,124000,128,719,88000,128
1100,20160112,11, 1,2,       1801 ,,145523,145523,145523128600,1,,,,,,0,720,123000,128,719,88000,128
1100,20160112,11, 1,2,       1801 ,145524,145524,145524,145524271200,1,719,16,0,2000,0,0,720,123000,128,719,86000,128
1100,20160112,11, 1,2,       1801 ,,145529,145529,145529246600,1,,,,,,0,720,102000,128,719,86000,128
1100,20160112,11, 1,2,       1801 ,145529,145529,145529,145529251600,1,719,16,0,21000,0,0,720,102000,128,719,65000,128
1100,20160112,11, 1,2,       1801 ,,145529,145529,145529253700,1,,,,,,0,720,102000,128,719,64000,128
1100,20160112,11, 1,2,       1801 ,,145529,145529,145529256300,1,,,,,,0,720,102000,128,719,70000,128
1100,20160112,11, 1,2,       1801 ,,145529,145529,145529351800,1,,,,,,0,720,102000,128,719,65000,128
1100,20160112,11, 1,2,       1801 ,,145529,145529,145529361200,1,,,,,,0,720,104000,128,719,65000,128
1100,20160112,11, 1,2,       1801 ,,145529,145529,145529363300,1,,,,,,0,720,104000,128,719,62000,128
1100,20160112,11, 1,2,       1801 ,,145529,145529,145529364300,1,,,,,,0,720,104000,128,719,60000,128
1100,20160112,11, 1,2,       1801 ,,145529,145529,145529372700,1,,,,,,0,720,110000,128,719,60000,128
1100,20160112,11, 1,2,       1801 ,,145529,145529,145529383900,1,,,,,,0,720,110000,128,719,59000,128
1100,20160112,11, 1,2,       1801 ,,145529,145529,145529384800,1,,,,,,0,720,110000,128,719,60000,128
1100,20160112,11, 1,2,       1801 ,,145529,145529,145529428700,1,,,,,,0,720,110000,128,719,59000,128
1100,20160112,11, 1,2,       1801 ,,145529,145529,145529466000,1,,,,,,0,720,108000,128,719,59000,128
1100,20160112,11, 1,2,       1801 ,,145530,145530,145530044400,1,,,,,,0,720,108000,128,719,60000,128
1100,20160112,11, 1,2,       1801 ,,145530,145530,145530146900,1,,,,,,0,720,107000,128,719,60000,128
1100,20160112,11, 1,2,       1801 ,,145530,145530,145530250700,1,,,,,,0,720,107000,128,719,61000,128
1100,20160112,11, 1,2,       1801 ,145533,145533,145533,145533115500,1,719,16,0,1000,0,0,720,107000,128,719,60000,128
1100,20160112,11, 1,2,       1801 ,,145533,145533,145533661500,1,,,,,,0,720,112000,128,719,60000,128
1100,20160112,11, 1,2,       1801 ,,145534,145534,145534709900,1,,,,,,0,720,112000,128,719,61000,128
1100,20160112,11, 1,2,       1801 ,,145535,145535,145535576400,1,,,,,,0,720,112000,128,719,63000,128
1100,20160112,11, 1,2,       1801 ,,145535,145535,145535577700,1,,,,,,0,720,113000,128,719,63000,128
1100,20160112,11, 1,2,       1801 ,,145537,145537,145537549200,1,,,,,,0,720,113000,128,719,62000,128
1100,20160112,11, 1,2,       1801 ,,145538,145538,145538282300,1,,,,,,0,720,113000,128,719,63000,128
1100,20160112,11, 1,2,       1801 ,,145538,145538,145538287000,1,,,,,,0,720,113000,128,719,64000,128
1100,20160112,11, 1,2,       1801 ,,145538,145538,145538441200,1,,,,,,0,720,113000,128,719,63000,128
1100,20160112,11, 1,2,       1801 ,,145540,145540,145540609800,1,,,,,,0,720,113000,128,719,64000,128
1100,20160112,11, 1,2,       1801 ,,145540,145540,145540623800,1,,,,,,0,720,113000,128,719,65000,128
1100,20160112,11, 1,2,       1801 ,,145540,145540,145540625100,1,,,,,,0,720,112000,128,719,65000,128
1100,20160112,11, 1,2,       1801 ,,145540,145540,145540652900,1,,,,,,0,720,112000,128,719,64000,128
1100,20160112,11, 1,2,       1801 ,,145540,145540,145540712300,1,,,,,,0,720,112000,128,719,65000,128
1100,20160112,11, 1,2,       1801 ,,145543,145543,145543989700,1,,,,,,0,720,112000,128,719,64000,128
1100,20160112,11, 1,2,       1801 ,,145544,145544,145544009400,1,,,,,,0,720,112000,128,719,63000,128
1100,20160112,11, 1,2,       1801 ,,145544,145544,145544159500,1,,,,,,0,720,110000,128,719,63000,128
1100,20160112,11, 1,2,       1801 ,,145546,145546,145546159700,1,,,,,,0,720,112000,128,719,63000,128
1100,20160112,11, 1,2,       1801 ,,145546,145546,145546982100,1,,,,,,0,720,112000,128,719,64000,128
1100,20160112,11, 1,2,       1801 ,,145547,145547,145547900900,1,,,,,,0,720,112000,128,719,63000,128
1100,20160112,11, 1,2,       1801 ,145548,145548,145548,145548198700,1,720,48,0,2000,0,0,720,110000,128,719,61000,128
1100,20160112,11, 1,2,       1801 ,,145548,145548,145548200200,1,,,,,,0,720,110000,128,719,62000,128
1100,20160112,11, 1,2,       1801 ,,145548,145548,145548201300,1,,,,,,0,720,110000,128,719,63000,128
1100,20160112,11, 1,2,       1801 ,,145549,145549,145549247000,1,,,,,,0,720,131000,128,719,63000,128
1100,20160112,11, 1,2,       1801 ,,145549,145549,145549248200,1,,,,,,0,720,131000,128,719,62000,128
1100,20160112,11, 1,2,       1801 ,,145549,145549,145549525200,1,,,,,,0,720,132000,128,719,62000,128
1100,20160112,11, 1,2,       1801 ,,145549,145549,145549975600,1,,,,,,0,720,133000,128,719,62000,128
1100,20160112,11, 1,2,       1801 ,,145549,145549,145549976800,1,,,,,,0,720,134000,128,719,62000,128
1100,20160112,11, 1,2,       1801 ,,145549,145549,145549977500,1,,,,,,0,720,134000,128,719,61000,128
1100,20160112,11, 1,2,       1801 ,,145553,145553,145553167100,1,,,,,,0,720,133000,128,719,61000,128
1100,20160112,11, 1,2,       1801 ,145553,145553,145553,145553177200,1,719,16,0,1000,0,0,720,133000,128,719,60000,128
1100,20160112,11, 1,2,       1801 ,145553,145553,145553,145553459000,1,719,16,0,1000,0,0,720,133000,128,719,59000,128
1100,20160112,11, 1,2,       1801 ,,145554,145554,145554432400,1,,,,,,0,720,133000,128,719,60000,128
1100,20160112,11, 1,2,       1801 ,,145554,145554,145554615400,1,,,,,,0,720,133000,128,719,61000,128
1100,20160112,11, 1,2,       1801 ,,145555,145555,145555576400,1,,,,,,0,720,133000,128,719,62000,128
1100,20160112,11, 1,2,       1801 ,,145555,145555,145555578400,1,,,,,,0,720,133000,128,719,63000,128
1100,20160112,11, 1,2,       1801 ,,145556,145556,145556961800,1,,,,,,0,720,133000,128,719,64000,128
1100,20160112,11, 1,2,       1801 ,,145557,145557,145557604600,1,,,,,,0,720,132000,128,719,64000,128
1100,20160112,11, 1,2,       1801 ,,145557,145557,145557606100,1,,,,,,0,720,131000,128,719,64000,128
1100,20160112,11, 1,2,       1801 ,,145558,145558,145558772100,1,,,,,,0,720,131000,128,719,63000,128
1100,20160112,11, 1,2,       1801 ,145558,145558,145558,145558961600,1,719,16,0,2000,0,0,720,131000,128,719,61000,128
1100,20160112,11, 1,2,       1801 ,,145559,145559,145559433800,1,,,,,,0,720,122000,128,719,61000,128
1100,20160112,11, 1,2,       1801 ,,145559,145559,145559435800,1,,,,,,0,720,107000,128,719,61000,128
1100,20160112,11, 1,2,       1801 ,,145559,145559,145559437000,1,,,,,,0,720,107000,128,719,62000,128
1100,20160112,11, 1,2,       1801 ,,145559,145559,145559439000,1,,,,,,0,720,106000,128,719,62000,128
1100,20160112,11, 1,2,       1801 ,,145559,145559,145559441700,1,,,,,,0,720,103000,128,719,62000,128
1100,20160112,11, 1,2,       1801 ,,145559,145559,145559632200,1,,,,,,0,720,103000,128,719,63000,128
1100,20160112,11, 1,2,       1801 ,,145600,145600,145600161300,1,,,,,,0,720,103000,128,719,62000,128
1100,20160112,11, 1,2,       1801 ,,145601,145601,145601017900,1,,,,,,0,720,103000,128,719,63000,128
1100,20160112,11, 1,2,       1801 ,145601,145601,145601,145601024200,1,720,48,0,1000,0,0,720,102000,128,719,63000,128
1100,20160112,11, 1,2,       1801 ,,145601,145601,145601026400,1,,,,,,0,720,102000,128,719,64000,128
1100,20160112,11, 1,2,       1801 ,,145606,145606,145606515200,1,,,,,,0,720,102000,128,719,66000,128
1100,20160112,11, 1,2,       1801 ,,145606,145606,145606856900,1,,,,,,0,720,101000,128,719,66000,128
1100,20160112,11, 1,2,       1801 ,,145608,145608,145608263700,1,,,,,,0,720,101000,128,719,69000,128
1100,20160112,11, 1,2,       1801 ,145609,145609,145609,145609442100,1,719,16,0,1000,0,0,720,101000,128,719,68000,128
1100,20160112,11, 1,2,       1801 ,,145609,145609,145609538700,1,,,,,,0,720,101000,128,719,68000,128
1100,20160112,11, 1,2,       1801 ,,145609,145609,145609666800,1,,,,,,0,720,105000,128,719,68000,128
1100,20160112,11, 1,2,       1801 ,,145609,145609,145609667500,1,,,,,,0,720,105000,128,719,67000,128
1100,20160112,11, 1,2,       1801 ,,145609,145609,145609668200,1,,,,,,0,720,105000,128,719,66000,128
1100,20160112,11, 1,2,       1801 ,,145609,145609,145609669000,1,,,,,,0,720,105000,128,719,64000,128
1100,20160112,11, 1,2,       1801 ,145609,145609,145609,145609669700,1,719,16,0,16000,0,0,720,105000,128,719,48000,128
1100,20160112,11, 1,2,       1801 ,,145609,145609,145609671700,1,,,,,,0,720,105000,128,719,47000,128
1100,20160112,11, 1,2,       1801 ,,145609,145609,145609672500,1,,,,,,0,720,105000,128,719,41000,128
1100,20160112,11, 1,2,       1801 ,145609,145609,145609,145609674700,1,719,16,0,4000,0,0,720,105000,128,719,37000,128
1100,20160112,11, 1,2,       1801 ,,145609,145609,145609675700,1,,,,,,0,720,101000,128,719,37000,128
1100,20160112,11, 1,2,       1801 ,,145609,145609,145609676500,1,,,,,,0,720,105000,128,719,37000,128
1100,20160112,11, 1,2,       1801 ,,145609,145609,145609677200,1,,,,,,0,720,105000,128,719,36000,128
1100,20160112,11, 1,2,       1801 ,,145609,145609,145609677900,1,,,,,,0,720,107000,128,719,36000,128
1100,20160112,11, 1,2,       1801 ,,145609,145609,145609893600,1,,,,,,0,720,105000,128,719,36000,128
1100,20160112,11, 1,2,       1801 ,,145612,145612,145612387400,1,,,,,,0,720,105000,128,719,41000,128
1100,20160112,11, 1,2,       1801 ,,145612,145612,145612389400,1,,,,,,0,720,105000,128,719,48000,128
1100,20160112,11, 1,2,       1801 ,,145612,145612,145612390500,1,,,,,,0,720,105000,128,719,49000,128
1100,20160112,11, 1,2,       1801 ,,145613,145613,145613506700,1,,,,,,0,720,106000,128,719,49000,128
1100,20160112,11, 1,2,       1801 ,,145613,145613,145613508100,1,,,,,,0,720,106000,128,719,48000,128
1100,20160112,11, 1,2,       1801 ,,145613,145613,145613811700,1,,,,,,0,720,106000,128,719,50000,128
1100,20160112,11, 1,2,       1801 ,,145620,145620,145620925000,1,,,,,,0,720,102000,128,719,50000,128
1100,20160112,11, 1,2,       1801 ,145621,145621,145621,145621060000,1,720,48,0,2000,0,0,720,100000,128,719,50000,128
1100,20160112,11, 1,2,       1801 ,,145621,145621,145621061500,1,,,,,,0,720,100000,128,719,51000,128
1100,20160112,11, 1,2,       1801 ,,145622,145622,145622144800,1,,,,,,0,720,101000,128,719,51000,128
1100,20160112,11, 1,2,       1801 ,,145622,145622,145622219900,1,,,,,,0,720,101000,128,719,52000,128
1100,20160112,11, 1,2,       1801 ,,145622,145622,145622332400,1,,,,,,0,720,100000,128,719,52000,128
1100,20160112,11, 1,2,       1801 ,,145622,145622,145622342200,1,,,,,,0,720,94000,128,719,52000,128
1100,20160112,11, 1,2,       1801 ,,145622,145622,145622406000,1,,,,,,0,720,93000,128,719,52000,128
1100,20160112,11, 1,2,       1801 ,,145622,145622,145622838200,1,,,,,,0,720,93000,128,719,54000,128
1100,20160112,11, 1,2,       1801 ,,145622,145622,145622839400,1,,,,,,0,720,93000,128,719,55000,128
1100,20160112,11, 1,2,       1801 ,,145624,145624,145624618900,1,,,,,,0,720,94000,128,719,55000,128
1100,20160112,11, 1,2,       1801 ,,145624,145624,145624631200,1,,,,,,0,720,93000,128,719,55000,128
1100,20160112,11, 1,2,       1801 ,,145625,145625,145625067900,1,,,,,,0,720,93000,128,719,60000,128
1100,20160112,11, 1,2,       1801 ,,145625,145625,145625069300,1,,,,,,0,720,93000,128,719,62000,128
1100,20160112,11, 1,2,       1801 ,,145627,145627,145627460800,1,,,,,,0,720,94000,128,719,62000,128
1100,20160112,11, 1,2,       1801 ,,145628,145628,145628101500,1,,,,,,0,720,93000,128,719,62000,128
1100,20160112,11, 1,2,       1801 ,,145628,145628,145628613900,1,,,,,,0,720,94000,128,719,62000,128
1100,20160112,11, 1,2,       1801 ,,145628,145628,145628756400,1,,,,,,0,720,94000,128,719,63000,128
1100,20160112,11, 1,2,       1801 ,,145629,145629,145629885300,1,,,,,,0,720,94000,128,719,64000,128
1100,20160112,11, 1,2,       1801 ,,145630,145630,145630507000,1,,,,,,0,720,94000,128,719,69000,128
1100,20160112,11, 1,2,       1801 ,,145630,145630,145630845000,1,,,,,,0,720,94000,128,719,74000,128
1100,20160112,11, 1,2,       1801 ,,145631,145631,145631905000,1,,,,,,0,720,93000,128,719,74000,128
1100,20160112,11, 1,2,       1801 ,,145632,145632,145632011500,1,,,,,,0,720,94000,128,719,74000,128
1100,20160112,11, 1,2,       1801 ,,145632,145632,145632067800,1,,,,,,0,720,94000,128,719,79000,128
1100,20160112,11, 1,2,       1801 ,,145632,145632,145632080600,1,,,,,,0,720,93000,128,719,79000,128
1100,20160112,11, 1,2,       1801 ,145632,145632,145632,145632220300,1,719,16,0,1000,0,0,720,93000,128,719,78000,128
1100,20160112,11, 1,2,       1801 ,,145632,145632,145632221600,1,,,,,,0,720,94000,128,719,78000,128
1100,20160112,11, 1,2,       1801 ,,145633,145633,145633017300,1,,,,,,0,720,94000,128,719,80000,128
1100,20160112,11, 1,2,       1801 ,,145633,145633,145633623700,1,,,,,,0,720,93000,128,719,80000,128
1100,20160112,11, 1,2,       1801 ,,145634,145634,145634278600,1,,,,,,0,720,94000,128,719,80000,128
1100,20160112,11, 1,2,       1801 ,,145635,145635,145635439800,1,,,,,,0,720,96000,128,719,80000,128
1100,20160112,11, 1,2,       1801 ,,145635,145635,145635441500,1,,,,,,0,720,96000,128,719,78000,128
1100,20160112,11, 1,2,       1801 ,,145635,145635,145635443100,1,,,,,,0,720,102000,128,719,78000,128
1100,20160112,11, 1,2,       1801 ,,145636,145636,145636671300,1,,,,,,0,720,101000,128,719,78000,128
1100,20160112,11, 1,2,       1801 ,,145639,145639,145639981600,1,,,,,,0,720,102000,128,719,78000,128
1100,20160112,11, 1,2,       1801 ,,145641,145641,145641091000,1,,,,,,0,720,102000,128,719,79000,128
1100,20160112,11, 1,2,       1801 ,,145641,145641,145641904500,1,,,,,,0,720,103000,128,719,79000,128
1100,20160112,11, 1,2,       1801 ,,145645,145645,145645165000,1,,,,,,0,720,101000,128,719,79000,128
1100,20160112,11, 1,2,       1801 ,,145645,145645,145645770300,1,,,,,,0,720,103000,128,719,79000,128
1100,20160112,11, 1,2,       1801 ,,145645,145645,145645808900,1,,,,,,0,720,103000,128,719,78000,128
1100,20160112,11, 1,2,       1801 ,,145645,145645,145645838000,1,,,,,,0,720,103000,128,719,77000,128
1100,20160112,11, 1,2,       1801 ,,145645,145645,145645838700,1,,,,,,0,720,103000,128,719,78000,128
1100,20160112,11, 1,2,       1801 ,,145645,145645,145645905400,1,,,,,,0,720,103000,128,719,77000,128
1100,20160112,11, 1,2,       1801 ,,145645,145645,145645949800,1,,,,,,0,720,103000,128,719,78000,128
1100,20160112,11, 1,2,       1801 ,,145645,145645,145645952200,1,,,,,,0,720,103000,128,719,79000,128
1100,20160112,11, 1,2,       1801 ,,145646,145646,145646111100,1,,,,,,0,720,103000,128,719,83000,128
1100,20160112,11, 1,2,       1801 ,145648,145648,145648,145648245400,1,720,48,0,3000,0,0,720,100000,128,719,80000,128
1100,20160112,11, 1,2,       1801 ,,145648,145648,145648247100,1,,,,,,0,720,98000,128,719,80000,128
1100,20160112,11, 1,2,       1801 ,,145649,145649,145649190900,1,,,,,,0,720,97000,128,719,80000,128
1100,20160112,11, 1,2,       1801 ,145650,145650,145650,145650401200,1,719,16,0,1000,0,0,720,97000,128,719,79000,128
1100,20160112,11, 1,2,       1801 ,,145650,145650,145650699800,1,,,,,,0,720,97000,128,719,78000,128
1100,20160112,11, 1,2,       1801 ,,145650,145650,145650740000,1,,,,,,0,720,97000,128,719,79000,128
1100,20160112,11, 1,2,       1801 ,,145651,145651,145651057300,1,,,,,,0,720,97000,128,719,80000,128
1100,20160112,11, 1,2,       1801 ,,145651,145651,145651967600,1,,,,,,0,720,97000,128,719,81000,128
1100,20160112,11, 1,2,       1801 ,,145653,145653,145653936200,1,,,,,,0,720,97000,128,719,86000,128
1100,20160112,11, 1,2,       1801 ,,145655,145655,145655241500,1,,,,,,0,720,97000,128,719,85000,128
1100,20160112,11, 1,2,       1801 ,,145655,145655,145655295300,1,,,,,,0,720,97000,128,719,86000,128
1100,20160112,11, 1,2,       1801 ,,145655,145655,145655989400,1,,,,,,0,720,98000,128,719,86000,128
1100,20160112,11, 1,2,       1801 ,,145656,145656,145656047200,1,,,,,,0,720,98000,128,719,91000,128
1100,20160112,11, 1,2,       1801 ,,145656,145656,145656800700,1,,,,,,0,720,98000,128,719,90000,128
1100,20160112,11, 1,2,       1801 ,,145657,145657,145657529900,1,,,,,,0,720,99000,128,719,90000,128
1100,20160112,11, 1,2,       1801 ,,145700,145700,145700046100,1,,,,,,0,720,99000,128,719,91000,128
1100,20160112,11, 1,2,       1801 ,,145700,145700,145700423200,1,,,,,,0,720,98000,128,719,91000,128
1100,20160112,11, 1,2,       1801 ,145700,145700,145700,145700425800,1,719,16,0,1000,0,0,720,97000,128,719,90000,128
1100,20160112,11, 1,2,       1801 ,,145700,145700,145700443200,1,,,,,,0,720,99000,128,719,90000,128
1100,20160112,11, 1,2,       1801 ,,145700,145700,145700899500,1,,,,,,0,720,98000,128,719,90000,128
1100,20160112,11, 1,2,       1801 ,,145700,145700,145700919000,1,,,,,,0,720,98000,128,719,89000,128
1100,20160112,11, 1,2,       1801 ,,145700,145700,145700920300,1,,,,,,0,720,98000,128,719,88000,128
1100,20160112,11, 1,2,       1801 ,145700,145700,145700,145700923900,1,719,16,0,3000,0,0,720,98000,128,719,85000,128
1100,20160112,11, 1,2,       1801 ,,145700,145700,145700925300,1,,,,,,0,720,98000,128,719,84000,128
1100,20160112,11, 1,2,       1801 ,,145700,145700,145700926000,1,,,,,,0,720,98000,128,719,83000,128
1100,20160112,11, 1,2,       1801 ,,145700,145700,145700959000,1,,,,,,0,720,98000,128,719,82000,128
1100,20160112,11, 1,2,       1801 ,,145700,145700,145700998500,1,,,,,,0,720,96000,128,719,82000,128
1100,20160112,11, 1,2,       1801 ,,145700,145700,145700999800,1,,,,,,0,720,96000,128,719,83000,128
1100,20160112,11, 1,2,       1801 ,,145701,145701,145701016500,1,,,,,,0,720,96000,128,719,80000,128
1100,20160112,11, 1,2,       1801 ,,145701,145701,145701116500,1,,,,,,0,720,96000,128,719,81000,128
1100,20160112,11, 1,2,       1801 ,,145701,145701,145701125900,1,,,,,,0,720,96000,128,719,82000,128
1100,20160112,11, 1,2,       1801 ,,145703,145703,145703961200,1,,,,,,0,720,96000,128,719,83000,128
1100,20160112,11, 1,2,       1801 ,,145704,145704,145704245200,1,,,,,,0,720,96000,128,719,78000,128
1100,20160112,11, 1,2,       1801 ,,145704,145704,145704886300,1,,,,,,0,720,96000,128,719,77000,128
1100,20160112,11, 1,2,       1801 ,,145704,145704,145704887800,1,,,,,,0,720,96000,128,719,76000,128
1100,20160112,11, 1,2,       1801 ,,145704,145704,145704973200,1,,,,,,0,720,96000,128,719,77000,128
1100,20160112,11, 1,2,       1801 ,,145705,145705,145705343300,1,,,,,,0,720,96000,128,719,76000,128
1100,20160112,11, 1,2,       1801 ,,145705,145705,145705576300,1,,,,,,0,720,96000,128,719,77000,128
1100,20160112,11, 1,2,       1801 ,,145705,145705,145705898800,1,,,,,,0,720,96000,128,719,78000,128
1100,20160112,11, 1,2,       1801 ,,145706,145706,145706156100,1,,,,,,0,720,96000,128,719,79000,128
1100,20160112,11, 1,2,       1801 ,,145706,145706,145706981600,1,,,,,,0,720,96000,128,719,78000,128
1100,20160112,11, 1,2,       1801 ,,145706,145706,145706996100,1,,,,,,0,720,96000,128,719,79000,128
1100,20160112,11, 1,2,       1801 ,,145707,145707,145707159700,1,,,,,,0,720,96000,128,719,80000,128
1100,20160112,11, 1,2,       1801 ,,145707,145707,145707555500,1,,,,,,0,720,96000,128,719,81000,128
1100,20160112,11, 1,2,       1801 ,,145708,145708,145708195200,1,,,,,,0,720,96000,128,719,83000,128
1100,20160112,11, 1,2,       1801 ,,145710,145710,145710820700,1,,,,,,0,720,96000,128,719,84000,128
1100,20160112,11, 1,2,       1801 ,,145711,145711,145711077300,1,,,,,,0,720,96000,128,719,85000,128
1100,20160112,11, 1,2,       1801 ,,145711,145711,145711960700,1,,,,,,0,720,98000,128,719,85000,128
1100,20160112,11, 1,2,       1801 ,,145711,145711,145711965500,1,,,,,,0,720,98000,128,719,84000,128
1100,20160112,11, 1,2,       1801 ,,145712,145712,145712026200,1,,,,,,0,720,96000,128,719,84000,128
1100,20160112,11, 1,2,       1801 ,,145713,145713,145713759200,1,,,,,,0,720,96000,128,719,89000,128
1100,20160112,11, 1,2,       1801 ,,145714,145714,145714428400,1,,,,,,0,720,96000,128,719,88000,128
1100,20160112,11, 1,2,       1801 ,,145714,145714,145714430700,1,,,,,,0,720,96000,128,719,87000,128
1100,20160112,11, 1,2,       1801 ,,145714,145714,145714431500,1,,,,,,0,720,96000,128,719,86000,128
1100,20160112,11, 1,2,       1801 ,,145714,145714,145714528000,1,,,,,,0,720,96000,128,719,87000,128
1100,20160112,11, 1,2,       1801 ,,145714,145714,145714534700,1,,,,,,0,720,96000,128,719,88000,128
1100,20160112,11, 1,2,       1801 ,,145714,145714,145714870400,1,,,,,,0,720,96000,128,719,89000,128
1100,20160112,11, 1,2,       1801 ,,145716,145716,145716342600,1,,,,,,0,720,96000,128,719,90000,128
1100,20160112,11, 1,2,       1801 ,,145718,145718,145718353500,1,,,,,,0,720,96000,128,719,89000,128
1100,20160112,11, 1,2,       1801 ,145718,145718,145718,145718749100,1,719,16,0,2000,0,0,720,94000,128,719,87000,128
1100,20160112,11, 1,2,       1801 ,,145719,145719,145719501100,1,,,,,,0,720,94000,128,719,87000,128
1100,20160112,11, 1,2,       1801 ,,145720,145720,145720100900,1,,,,,,0,720,96000,128,719,87000,128
1100,20160112,11, 1,2,       1801 ,145720,145720,145720,145720527900,1,720,48,0,1000,0,0,720,95000,128,719,86000,128
1100,20160112,11, 1,2,       1801 ,,145722,145722,145722387600,1,,,,,,0,720,95000,128,719,87000,128
1100,20160112,11, 1,2,       1801 ,,145723,145723,145723000600,1,,,,,,0,720,95000,128,719,86000,128
1100,20160112,11, 1,2,       1801 ,,145723,145723,145723031000,1,,,,,,0,720,95000,128,719,87000,128
1100,20160112,11, 1,2,       1801 ,,145724,145724,145724019400,1,,,,,,0,720,95000,128,719,86000,128
1100,20160112,11, 1,2,       1801 ,,145724,145724,145724138900,1,,,,,,0,720,93000,128,719,86000,128
1100,20160112,11, 1,2,       1801 ,,145724,145724,145724159100,1,,,,,,0,720,91000,128,719,86000,128
1100,20160112,11, 1,2,       1801 ,,145726,145726,145726158900,1,,,,,,0,720,93000,128,719,86000,128
1100,20160112,11, 1,2,       1801 ,145727,145727,145727,145727193100,1,720,48,0,1000,0,0,720,92000,128,719,86000,128
1100,20160112,11, 1,2,       1801 ,,145730,145730,145730239700,1,,,,,,0,720,92000,128,719,86000,128
1100,20160112,11, 1,2,       1801 ,145730,145730,145730,145730527200,1,720,48,0,5000,0,0,720,87000,128,719,86000,128
1100,20160112,11, 1,2,       1801 ,,145730,145730,145730529100,1,,,,,,0,720,87000,128,719,81000,128
1100,20160112,11, 1,2,       1801 ,145732,145732,145732,145732544600,1,720,48,0,87000,0,0,721,86000,128,719,81000,128
1100,20160112,11, 1,2,       1801 ,,145732,145732,145732546300,1,,,,,,0,721,86000,128,720,2000,128
1100,20160112,11, 1,2,       1801 ,,145732,145732,145732547500,1,,,,,,0,721,84000,128,720,2000,128
1100,20160112,11, 1,2,       1801 ,,145732,145732,145732550700,1,,,,,,0,721,86000,128,720,2000,128
1100,20160112,11, 1,2,       1801 ,,145732,145732,145732553600,1,,,,,,0,721,86000,128,720,4000,128
1100,20160112,11, 1,2,       1801 ,145732,145732,145732,145732555500,1,720,16,0,3000,0,0,721,86000,128,720,1000,128
1100,20160112,11, 1,2,       1801 ,,145732,145732,145732556600,1,,,,,,0,721,84000,128,720,1000,128
1100,20160112,11, 1,2,       1801 ,,145732,145732,145732558300,1,,,,,,0,721,84000,128,720,3000,128
1100,20160112,11, 1,2,       1801 ,145732,145732,145732,145732566400,1,720,16,0,3000,0,0,721,84000,128,719,120000,128
1100,20160112,11, 1,2,       1801 ,,145732,145732,145732567100,1,,,,,,0,721,84000,128,719,120000,128
1100,20160112,11, 1,2,       1801 ,,145732,145732,145732568700,1,,,,,,0,720,1000,128,719,120000,128
1100,20160112,11, 1,2,       1801 ,,145732,145732,145732569400,1,,,,,,0,720,3000,128,719,120000,128
1100,20160112,11, 1,2,       1801 ,145732,145732,145732,145732570100,1,720,48,0,2000,0,0,720,1000,128,719,120000,128
1100,20160112,11, 1,2,       1801 ,,145732,145732,145732571100,1,,,,,,0,720,1000,128,719,122000,128
1100,20160112,11, 1,2,       1801 ,145732,145732,145732,145732573500,1,720,48,0,1000,0,0,721,84000,128,719,121000,128
1100,20160112,11, 1,2,       1801 ,,145732,145732,145732574400,1,,,,,,0,721,83000,128,719,121000,128
1100,20160112,11, 1,2,       1801 ,,145732,145732,145732575900,1,,,,,,0,721,83000,128,719,126000,128
1100,20160112,11, 1,2,       1801 ,,145732,145732,145732576600,1,,,,,,0,721,83000,128,719,121000,128
1100,20160112,11, 1,2,       1801 ,,145732,145732,145732578200,1,,,,,,0,721,81000,128,719,121000,128
1100,20160112,11, 1,2,       1801 ,,145732,145732,145732579000,1,,,,,,0,721,81000,128,719,125000,128
1100,20160112,11, 1,2,       1801 ,,145732,145732,145732581100,1,,,,,,0,721,77000,128,719,125000,128
1100,20160112,11, 1,2,       1801 ,,145732,145732,145732581900,1,,,,,,0,721,77000,128,719,123000,128
1100,20160112,11, 1,2,       1801 ,,145732,145732,145732585400,1,,,,,,0,721,77000,128,720,2000,128
1100,20160112,11, 1,2,       1801 ,,145732,145732,145732586200,1,,,,,,0,721,79000,128,720,2000,128
1100,20160112,11, 1,2,       1801 ,,145732,145732,145732587900,1,,,,,,0,721,81000,128,720,2000,128
1100,20160112,11, 1,2,       1801 ,,145732,145732,145732590600,1,,,,,,0,721,81000,128,720,3000,128
1100,20160112,11, 1,2,       1801 ,145732,145732,145732,145732594500,1,720,16,0,3000,0,0,720,1000,128,719,124000,128
1100,20160112,11, 1,2,       1801 ,,145732,145732,145732595400,1,,,,,,0,720,1000,128,719,124000,128
1100,20160112,11, 1,2,       1801 ,,145732,145732,145732597100,1,,,,,,0,720,1000,128,719,122000,128
1100,20160112,11, 1,2,       1801 ,145732,145732,145732,145732597900,1,720,48,0,1000,0,0,721,81000,128,719,122000,128
1100,20160112,11, 1,2,       1801 ,,145732,145732,145732598800,1,,,,,,0,721,81000,128,720,2000,128
1100,20160112,11, 1,2,       1801 ,,145732,145732,145732599700,1,,,,,,0,721,81000,128,720,4000,128
1100,20160112,11, 1,2,       1801 ,,145732,145732,145732600400,1,,,,,,0,721,81000,128,720,5000,128
1100,20160112,11, 1,2,       1801 ,,145732,145732,145732601800,1,,,,,,0,721,81000,128,720,7000,128
1100,20160112,11, 1,2,       1801 ,,145732,145732,145732602900,1,,,,,,0,721,81000,128,720,8000,128
1100,20160112,11, 1,2,       1801 ,,145732,145732,145732603600,1,,,,,,0,721,81000,128,720,10000,128
1100,20160112,11, 1,2,       1801 ,,145732,145732,145732604200,1,,,,,,0,721,81000,128,720,11000,128
1100,20160112,11, 1,2,       1801 ,,145732,145732,145732605500,1,,,,,,0,721,81000,128,720,9000,128
1100,20160112,11, 1,2,       1801 ,,145732,145732,145732606300,1,,,,,,0,721,81000,128,720,7000,128
1100,20160112,11, 1,2,       1801 ,,145732,145732,145732607100,1,,,,,,0,721,81000,128,720,6000,128
1100,20160112,11, 1,2,       1801 ,,145732,145732,145732607900,1,,,,,,0,721,81000,128,720,4000,128
1100,20160112,11, 1,2,       1801 ,,145732,145732,145732609000,1,,,,,,0,721,81000,128,720,3000,128
1100,20160112,11, 1,2,       1801 ,,145732,145732,145732611500,1,,,,,,0,721,81000,128,720,2000,128
1100,20160112,11, 1,2,       1801 ,145732,145732,145732,145732612300,1,720,16,0,2000,0,0,720,3000,128,719,122000,128
1100,20160112,11, 1,2,       1801 ,,145732,145732,145732613500,1,,,,,,0,720,3000,128,719,122000,128
1100,20160112,11, 1,2,       1801 ,,145732,145732,145732614300,1,,,,,,0,720,7000,128,719,122000,128
1100,20160112,11, 1,2,       1801 ,,145732,145732,145732616700,1,,,,,,0,720,7000,128,719,120000,128
1100,20160112,11, 1,2,       1801 ,145732,145732,145732,145732620400,1,720,48,0,7000,0,0,721,61000,128,720,1000,128
1100,20160112,11, 1,2,       1801 ,,145732,145732,145732621200,1,,,,,,0,721,61000,128,720,1000,128
1100,20160112,11, 1,2,       1801 ,,145732,145732,145732622900,1,,,,,,0,721,61000,128,720,3000,128
1100,20160112,11, 1,2,       1801 ,,145732,145732,145732623500,1,,,,,,0,721,61000,128,720,5000,128
1100,20160112,11, 1,2,       1801 ,,145732,145732,145732625200,1,,,,,,0,721,61000,128,720,6000,128
1100,20160112,11, 1,2,       1801 ,,145732,145732,145732626000,1,,,,,,0,721,61000,128,720,5000,128
1100,20160112,11, 1,2,       1801 ,,145732,145732,145732626900,1,,,,,,0,721,61000,128,720,7000,128
1100,20160112,11, 1,2,       1801 ,,145732,145732,145732627700,1,,,,,,0,721,61000,128,720,8000,128
1100,20160112,11, 1,2,       1801 ,,145732,145732,145732629500,1,,,,,,0,721,61000,128,720,9000,128
1100,20160112,11, 1,2,       1801 ,,145732,145732,145732630300,1,,,,,,0,721,61000,128,720,8000,128
1100,20160112,11, 1,2,       1801 ,,145732,145732,145732631300,1,,,,,,0,721,61000,128,720,6000,128
1100,20160112,11, 1,2,       1801 ,,145732,145732,145732632200,1,,,,,,0,721,61000,128,720,5000,128
1100,20160112,11, 1,2,       1801 ,,145732,145732,145732633200,1,,,,,,0,721,61000,128,720,8000,128
1100,20160112,11, 1,2,       1801 ,,145732,145732,145732635100,1,,,,,,0,721,61000,128,720,7000,128
1100,20160112,11, 1,2,       1801 ,,145732,145732,145732636000,1,,,,,,0,721,61000,128,720,5000,128
1100,20160112,11, 1,2,       1801 ,,145732,145732,145732638400,1,,,,,,0,721,61000,128,720,3000,128
1100,20160112,11, 1,2,       1801 ,,145732,145732,145732640400,1,,,,,,0,721,61000,128,720,5000,128
1100,20160112,11, 1,2,       1801 ,,145732,145732,145732642700,1,,,,,,0,721,61000,128,720,2000,128
1100,20160112,11, 1,2,       1801 ,,145732,145732,145732645000,1,,,,,,0,721,61000,128,720,3000,128
1100,20160112,11, 1,2,       1801 ,,145732,145732,145732645800,1,,,,,,0,721,61000,128,720,5000,128
1100,20160112,11, 1,2,       1801 ,,145732,145732,145732646600,1,,,,,,0,721,61000,128,720,6000,128
1100,20160112,11, 1,2,       1801 ,,145732,145732,145732647400,1,,,,,,0,721,61000,128,720,7000,128
1100,20160112,11, 1,2,       1801 ,,145732,145732,145732648200,1,,,,,,0,721,61000,128,720,9000,128
1100,20160112,11, 1,2,       1801 ,,145732,145732,145732649600,1,,,,,,0,721,61000,128,720,11000,128
1100,20160112,11, 1,2,       1801 ,,145732,145732,145732652700,1,,,,,,0,721,56000,128,720,11000,128
1100,20160112,11, 1,2,       1801 ,,145732,145732,145732656100,1,,,,,,0,721,56000,128,720,19000,128
1100,20160112,11, 1,2,       1801 ,,145732,145732,145732657700,1,,,,,,0,721,54000,128,720,19000,128
1100,20160112,11, 1,2,       1801 ,,145733,145733,145733414200,1,,,,,,0,721,54000,128,720,20000,128
1100,20160112,11, 1,2,       1801 ,,145733,145733,145733466700,1,,,,,,0,721,54000,128,720,21000,128
1100,20160112,11, 1,2,       1801 ,,145733,145733,145733468000,1,,,,,,0,721,54000,128,720,22000,128
1100,20160112,11, 1,2,       1801 ,,145734,145734,145734005700,1,,,,,,0,721,73000,128,720,22000,128
1100,20160112,11, 1,2,       1801 ,,145734,145734,145734006900,1,,,,,,0,721,73000,128,720,21000,128
1100,20160112,11, 1,2,       1801 ,,145734,145734,145734007700,1,,,,,,0,721,73000,128,720,13000,128
1100,20160112,11, 1,2,       1801 ,,145734,145734,145734519400,1,,,,,,0,721,73000,128,720,14000,128
1100,20160112,11, 1,2,       1801 ,,145734,145734,145734653900,1,,,,,,0,721,73000,128,720,15000,128
1100,20160112,11, 1,2,       1801 ,,145735,145735,145735580800,1,,,,,,0,721,73000,128,720,18000,128
1100,20160112,11, 1,2,       1801 ,,145736,145736,145736125600,1,,,,,,0,721,73000,128,720,20000,128
1100,20160112,11, 1,2,       1801 ,,145736,145736,145736158900,1,,,,,,0,721,75000,128,720,20000,128
1100,20160112,11, 1,2,       1801 ,,145736,145736,145736437300,1,,,,,,0,721,75000,128,720,19000,128
1100,20160112,11, 1,2,       1801 ,,145736,145736,145736455800,1,,,,,,0,721,75000,128,720,20000,128
1100,20160112,11, 1,2,       1801 ,,145736,145736,145736990600,1,,,,,,0,721,84000,128,720,20000,128
1100,20160112,11, 1,2,       1801 ,,145737,145737,145737592200,1,,,,,,0,721,91000,128,720,20000,128
1100,20160112,11, 1,2,       1801 ,,145738,145738,145738282700,1,,,,,,0,721,103000,128,720,20000,128
1100,20160112,11, 1,2,       1801 ,,145738,145738,145738942000,1,,,,,,0,721,120000,128,720,20000,128
1100,20160112,11, 1,2,       1801 ,,145738,145738,145738943700,1,,,,,,0,721,125000,128,720,20000,128
1100,20160112,11, 1,2,       1801 ,,145739,145739,145739118500,1,,,,,,0,721,125000,128,720,22000,128
1100,20160112,11, 1,2,       1801 ,,145740,145740,145740946200,1,,,,,,0,721,125000,128,720,27000,128
1100,20160112,11, 1,2,       1801 ,145742,145742,145742,145742932000,1,720,16,0,1000,0,0,721,125000,128,720,26000,128
1100,20160112,11, 1,2,       1801 ,,145742,145742,145742934000,1,,,,,,0,721,125000,128,720,26000,128
1100,20160112,11, 1,2,       1801 ,,145742,145742,145742948400,1,,,,,,0,721,125000,128,720,25000,128
1100,20160112,11, 1,2,       1801 ,,145743,145743,145743075100,1,,,,,,0,721,125000,128,720,26000,128
1100,20160112,11, 1,2,       1801 ,,145745,145745,145745762500,1,,,,,,0,721,125000,128,720,25000,128
1100,20160112,11, 1,2,       1801 ,,145746,145746,145746429500,1,,,,,,0,721,125000,128,720,24000,128
1100,20160112,11, 1,2,       1801 ,,145746,145746,145746483700,1,,,,,,0,721,125000,128,720,23000,128
1100,20160112,11, 1,2,       1801 ,,145746,145746,145746537600,1,,,,,,0,721,131000,128,720,23000,128
1100,20160112,11, 1,2,       1801 ,,145748,145748,145748195200,1,,,,,,0,721,131000,128,720,34000,128
1100,20160112,11, 1,2,       1801 ,,145749,145749,145749722400,1,,,,,,0,721,131000,128,720,37000,128
1100,20160112,11, 1,2,       1801 ,,145750,145750,145750251400,1,,,,,,0,721,112000,128,720,37000,128
1100,20160112,11, 1,2,       1801 ,,145751,145751,145751005100,1,,,,,,0,721,131000,128,720,37000,128
1100,20160112,11, 1,2,       1801 ,,145753,145753,145753028600,1,,,,,,0,721,130000,128,720,37000,128
1100,20160112,11, 1,2,       1801 ,,145754,145754,145754440800,1,,,,,,0,721,128000,128,720,37000,128
1100,20160112,11, 1,2,       1801 ,,145756,145756,145756982200,1,,,,,,0,721,126000,128,720,37000,128
1100,20160112,11, 1,2,       1801 ,,145757,145757,145757421600,1,,,,,,0,721,126000,128,720,38000,128
1100,20160112,11, 1,2,       1801 ,,145757,145757,145757803700,1,,,,,,0,721,126000,128,720,39000,128
1100,20160112,11, 1,2,       1801 ,,145759,145759,145759450500,1,,,,,,0,721,121000,128,720,39000,128
1100,20160112,11, 1,2,       1801 ,,145759,145759,145759681100,1,,,,,,0,721,121000,128,720,47000,128
1100,20160112,11, 1,2,       1801 ,,145759,145759,145759683500,1,,,,,,0,721,121000,128,720,48000,128
1100,20160112,11, 1,2,       1801 ,,145800,145800,145800034700,1,,,,,,0,721,121000,128,720,47000,128
1100,20160112,11, 1,2,       1801 ,,145800,145800,145800036300,1,,,,,,0,721,121000,128,720,46000,128
1100,20160112,11, 1,2,       1801 ,,145800,145800,145800041200,1,,,,,,0,721,121000,128,720,38000,128
1100,20160112,11, 1,2,       1801 ,,145800,145800,145800064500,1,,,,,,0,721,121000,128,720,39000,128
1100,20160112,11, 1,2,       1801 ,,145800,145800,145800084100,1,,,,,,0,721,121000,128,720,38000,128
1100,20160112,11, 1,2,       1801 ,,145800,145800,145800086400,1,,,,,,0,721,121000,128,720,43000,128
1100,20160112,11, 1,2,       1801 ,,145800,145800,145800092600,1,,,,,,0,721,121000,128,720,38000,128
1100,20160112,11, 1,2,       1801 ,,145800,145800,145800232900,1,,,,,,0,721,121000,128,720,43000,128
1100,20160112,11, 1,2,       1801 ,,145800,145800,145800253000,1,,,,,,0,721,121000,128,720,38000,128
1100,20160112,11, 1,2,       1801 ,,145800,145800,145800272700,1,,,,,,0,721,121000,128,720,43000,128
1100,20160112,11, 1,2,       1801 ,,145800,145800,145800292900,1,,,,,,0,721,121000,128,720,38000,128
1100,20160112,11, 1,2,       1801 ,,145800,145800,145800313100,1,,,,,,0,721,121000,128,720,43000,128
1100,20160112,11, 1,2,       1801 ,,145800,145800,145800482000,1,,,,,,0,721,121000,128,720,42000,128
1100,20160112,11, 1,2,       1801 ,,145800,145800,145800484100,1,,,,,,0,721,121000,128,720,49000,128
1100,20160112,11, 1,2,       1801 ,,145800,145800,145800519400,1,,,,,,0,721,125000,128,720,49000,128
1100,20160112,11, 1,2,       1801 ,,145800,145800,145800735600,1,,,,,,0,721,125000,128,720,50000,128
1100,20160112,11, 1,2,       1801 ,,145800,145800,145800791900,1,,,,,,0,721,125000,128,720,45000,128
1100,20160112,11, 1,2,       1801 ,,145800,145800,145800794000,1,,,,,,0,721,125000,128,720,38000,128
1100,20160112,11, 1,2,       1801 ,,145800,145800,145800911600,1,,,,,,0,721,125000,128,720,43000,128
1100,20160112,11, 1,2,       1801 ,,145800,145800,145800913800,1,,,,,,0,721,125000,128,720,50000,128
1100,20160112,11, 1,2,       1801 ,,145801,145801,145801878900,1,,,,,,0,721,126000,128,720,50000,128
1100,20160112,11, 1,2,       1801 ,,145802,145802,145802292100,1,,,,,,0,721,126000,128,720,45000,128
1100,20160112,11, 1,2,       1801 ,,145802,145802,145802295100,1,,,,,,0,721,126000,128,720,38000,128
1100,20160112,11, 1,2,       1801 ,,145802,145802,145802841400,1,,,,,,0,721,126000,128,720,43000,128
1100,20160112,11, 1,2,       1801 ,,145802,145802,145802844400,1,,,,,,0,721,126000,128,720,50000,128
1100,20160112,11, 1,2,       1801 ,,145802,145802,145802848100,1,,,,,,0,721,126000,128,720,45000,128
1100,20160112,11, 1,2,       1801 ,,145802,145802,145802933900,1,,,,,,0,721,126000,128,720,50000,128
1100,20160112,11, 1,2,       1801 ,,145803,145803,145803115700,1,,,,,,0,721,126000,128,720,51000,128
1100,20160112,11, 1,2,       1801 ,,145803,145803,145803259400,1,,,,,,0,721,126000,128,720,46000,128
1100,20160112,11, 1,2,       1801 ,,145803,145803,145803311600,1,,,,,,0,721,126000,128,720,51000,128
1100,20160112,11, 1,2,       1801 ,,145804,145804,145804302100,1,,,,,,0,721,127000,128,720,51000,128
1100,20160112,11, 1,2,       1801 ,,145804,145804,145804308100,1,,,,,,0,721,131000,128,720,51000,128
1100,20160112,11, 1,2,       1801 ,,145804,145804,145804385600,1,,,,,,0,721,131000,128,720,46000,128
1100,20160112,11, 1,2,       1801 ,,145804,145804,145804439100,1,,,,,,0,721,131000,128,720,51000,128
1100,20160112,11, 1,2,       1801 ,,145804,145804,145804599900,1,,,,,,0,721,131000,128,720,46000,128
1100,20160112,11, 1,2,       1801 ,,145804,145804,145804754900,1,,,,,,0,721,131000,128,720,51000,128
1100,20160112,11, 1,2,       1801 ,,145805,145805,145805923400,1,,,,,,0,721,131000,128,720,46000,128
1100,20160112,11, 1,2,       1801 ,,145805,145805,145805926600,1,,,,,,0,721,131000,128,720,39000,128
1100,20160112,11, 1,2,       1801 ,145806,145806,145806,145806714000,1,720,16,0,1000,0,0,721,131000,128,720,38000,128
1100,20160112,11, 1,2,       1801 ,,145806,145806,145806748600,1,,,,,,0,721,131000,128,720,38000,128
1100,20160112,11, 1,2,       1801 ,145806,145806,145806,145806771200,1,720,16,0,7000,0,0,721,131000,128,720,31000,128
1100,20160112,11, 1,2,       1801 ,145806,145806,145806,145806775000,1,720,16,0,6000,0,0,721,131000,128,720,25000,128
1100,20160112,11, 1,2,       1801 ,145806,145806,145806,145806777500,1,720,16,0,25000,0,0,721,131000,128,719,128000,128
1100,20160112,11, 1,2,       1801 ,,145806,145806,145806782700,1,,,,,,0,720,6000,128,719,128000,128
1100,20160112,11, 1,2,       1801 ,,145806,145806,145806785000,1,,,,,,0,720,7000,128,719,128000,128
1100,20160112,11, 1,2,       1801 ,,145806,145806,145806788000,1,,,,,,0,720,9000,128,719,128000,128
1100,20160112,11, 1,2,       1801 ,,145806,145806,145806791400,1,,,,,,0,720,13000,128,719,128000,128
1100,20160112,11, 1,2,       1801 ,,145806,145806,145806792800,1,,,,,,0,720,17000,128,719,128000,128
1100,20160112,11, 1,2,       1801 ,,145806,145806,145806793900,1,,,,,,0,720,19000,128,719,128000,128
1100,20160112,11, 1,2,       1801 ,145806,145806,145806,145806795200,1,720,48,0,2000,0,0,720,17000,128,719,128000,128
1100,20160112,11, 1,2,       1801 ,,145806,145806,145806801100,1,,,,,,0,720,18000,128,719,128000,128
1100,20160112,11, 1,2,       1801 ,145806,145806,145806,145806802200,1,720,48,0,6000,0,0,720,12000,128,719,128000,128
1100,20160112,11, 1,2,       1801 ,,145806,145806,145806805800,1,,,,,,0,720,12000,128,719,135000,128
1100,20160112,11, 1,2,       1801 ,,145806,145806,145806808900,1,,,,,,0,720,17000,128,719,135000,128
1100,20160112,11, 1,2,       1801 ,,145806,145806,145806811300,1,,,,,,0,720,23000,128,719,135000,128
1100,20160112,11, 1,2,       1801 ,,145806,145806,145806815500,1,,,,,,0,720,26000,128,719,135000,128
1100,20160112,11, 1,2,       1801 ,,145806,145806,145806817500,1,,,,,,0,720,26000,128,719,131000,128
1100,20160112,11, 1,2,       1801 ,,145806,145806,145806820000,1,,,,,,0,720,29000,128,719,131000,128
1100,20160112,11, 1,2,       1801 ,,145806,145806,145806822000,1,,,,,,0,720,29000,128,719,130000,128
1100,20160112,11, 1,2,       1801 ,,145806,145806,145806823800,1,,,,,,0,720,29000,128,719,128000,128
1100,20160112,11, 1,2,       1801 ,,145806,145806,145806825600,1,,,,,,0,720,29000,128,719,123000,128
1100,20160112,11, 1,2,       1801 ,,145806,145806,145806827900,1,,,,,,0,720,29000,128,719,120000,128
1100,20160112,11, 1,2,       1801 ,,145806,145806,145806840900,1,,,,,,0,720,28000,128,719,120000,128
1100,20160112,11, 1,2,       1801 ,,145807,145807,145807066800,1,,,,,,0,720,29000,128,719,120000,128
1100,20160112,11, 1,2,       1801 ,,145807,145807,145807110400,1,,,,,,0,720,29000,128,719,116000,128
1100,20160112,11, 1,2,       1801 ,,145807,145807,145807127000,1,,,,,,0,720,29000,128,719,111000,128
1100,20160112,11, 1,2,       1801 ,,145807,145807,145807130700,1,,,,,,0,720,34000,128,719,111000,128
1100,20160112,11, 1,2,       1801 ,145807,145807,145807,145807520200,1,720,48,0,6000,0,0,720,28000,128,719,111000,128
1100,20160112,11, 1,2,       1801 ,,145807,145807,145807522300,1,,,,,,0,720,26000,128,719,111000,128
1100,20160112,11, 1,2,       1801 ,145807,145807,145807,145807561000,1,720,48,0,9000,0,0,720,17000,128,719,111000,128
1100,20160112,11, 1,2,       1801 ,145807,145807,145807,145807563000,1,720,48,0,5000,0,0,720,12000,128,719,111000,128
1100,20160112,11, 1,2,       1801 ,,145807,145807,145807564000,1,,,,,,0,720,12000,128,719,111000,128
1100,20160112,11, 1,2,       1801 ,145807,145807,145807,145807594400,1,720,48,0,9000,0,0,720,3000,128,719,111000,128
1100,20160112,11, 1,2,       1801 ,,145807,145807,145807596900,1,,,,,,0,720,7000,128,719,111000,128
1100,20160112,11, 1,2,       1801 ,,145807,145807,145807597600,1,,,,,,0,720,11000,128,719,111000,128
1100,20160112,11, 1,2,       1801 ,145807,145807,145807,145807629700,1,720,48,0,11000,0,0,721,119000,128,719,111000,128
1100,20160112,11, 1,2,       1801 ,,145807,145807,145807631500,1,,,,,,0,721,119000,128,719,113000,128
1100,20160112,11, 1,2,       1801 ,,145807,145807,145807767500,1,,,,,,0,720,4000,128,719,113000,128
1100,20160112,11, 1,2,       1801 ,,145807,145807,145807769000,1,,,,,,0,720,7000,128,719,113000,128
1100,20160112,11, 1,2,       1801 ,,145807,145807,145807769600,1,,,,,,0,720,11000,128,719,113000,128
1100,20160112,11, 1,2,       1801 ,,145807,145807,145807771800,1,,,,,,0,720,14000,128,719,113000,128
1100,20160112,11, 1,2,       1801 ,,145807,145807,145807773300,1,,,,,,0,720,16000,128,719,113000,128
1100,20160112,11, 1,2,       1801 ,,145807,145807,145807774000,1,,,,,,0,720,19000,128,719,113000,128
1100,20160112,11, 1,2,       1801 ,,145807,145807,145807774700,1,,,,,,0,720,19000,128,719,111000,128
1100,20160112,11, 1,2,       1801 ,145807,145807,145807,145807817700,1,720,48,0,17000,0,0,720,2000,128,719,111000,128
1100,20160112,11, 1,2,       1801 ,,145807,145807,145807821600,1,,,,,,0,721,124000,128,719,111000,128
1100,20160112,11, 1,2,       1801 ,,145807,145807,145807823000,1,,,,,,0,721,124000,128,720,2000,128
1100,20160112,11, 1,2,       1801 ,145807,145807,145807,145807824200,1,720,16,0,2000,0,0,720,2000,128,719,113000,128
1100,20160112,11, 1,2,       1801 ,145807,145807,145807,145807825100,1,720,48,0,2000,0,0,721,124000,128,720,4000,128
1100,20160112,11, 1,2,       1801 ,,145807,145807,145807826000,1,,,,,,0,721,124000,128,720,4000,128
1100,20160112,11, 1,2,       1801 ,145807,145807,145807,145807827500,1,720,16,0,2000,0,0,721,124000,128,720,2000,128
1100,20160112,11, 1,2,       1801 ,145807,145807,145807,145807828500,1,720,16,0,2000,0,0,720,3000,128,719,112000,128
1100,20160112,11, 1,2,       1801 ,,145807,145807,145807829400,1,,,,,,0,721,124000,128,719,112000,128
1100,20160112,11, 1,2,       1801 ,,145807,145807,145807960700,1,,,,,,0,721,118000,128,719,112000,128
1100,20160112,11, 1,2,       1801 ,,145808,145808,145808348500,1,,,,,,0,721,118000,128,719,114000,128
1100,20160112,11, 1,2,       1801 ,,145808,145808,145808808000,1,,,,,,0,721,118000,128,720,1000,128
1100,20160112,11, 1,2,       1801 ,,145808,145808,145808862600,1,,,,,,0,721,118000,128,720,3000,128
1100,20160112,11, 1,2,       1801 ,,145808,145808,145808866600,1,,,,,,0,721,118000,128,720,2000,128
1100,20160112,11, 1,2,       1801 ,,145808,145808,145808882400,1,,,,,,0,721,118000,128,720,3000,128
1100,20160112,11, 1,2,       1801 ,,145808,145808,145808903700,1,,,,,,0,721,118000,128,720,2000,128
1100,20160112,11, 1,2,       1801 ,,145809,145809,145809006100,1,,,,,,0,721,137000,128,720,2000,128
1100,20160112,11, 1,2,       1801 ,145809,145809,145809,145809743800,1,720,16,0,1000,0,0,721,137000,128,720,1000,128
1100,20160112,11, 1,2,       1801 ,,145810,145810,145810133400,1,,,,,,0,721,137000,128,720,2000,128
1100,20160112,11, 1,2,       1801 ,145813,145813,145813,145813375700,1,721,48,0,1000,0,0,721,136000,128,720,2000,128
1100,20160112,11, 1,2,       1801 ,,145813,145813,145813377500,1,,,,,,0,721,136000,128,720,2000,128
1100,20160112,11, 1,2,       1801 ,,145815,145815,145815076000,1,,,,,,0,721,136000,128,720,3000,128
1100,20160112,11, 1,2,       1801 ,145816,145816,145816,145816264100,1,721,48,0,1000,0,0,721,135000,128,720,3000,128
1100,20160112,11, 1,2,       1801 ,,145816,145816,145816265800,1,,,,,,0,721,135000,128,720,7000,128
1100,20160112,11, 1,2,       1801 ,,145816,145816,145816266500,1,,,,,,0,721,135000,128,720,11000,128
1100,20160112,11, 1,2,       1801 ,,145818,145818,145818381400,1,,,,,,0,721,135000,128,720,14000,128
1100,20160112,11, 1,2,       1801 ,145821,145821,145821,145821410600,1,721,48,0,3000,0,0,721,132000,128,720,14000,128
1100,20160112,11, 1,2,       1801 ,,145821,145821,145821413000,1,,,,,,0,721,132000,128,720,14000,128
1100,20160112,11, 1,2,       1801 ,,145821,145821,145821417700,1,,,,,,0,721,131000,128,720,14000,128
1100,20160112,11, 1,2,       1801 ,,145821,145821,145821846100,1,,,,,,0,721,131000,128,720,15000,128
1100,20160112,11, 1,2,       1801 ,,145822,145822,145822162300,1,,,,,,0,721,129000,128,720,15000,128
1100,20160112,11, 1,2,       1801 ,,145822,145822,145822603400,1,,,,,,0,721,131000,128,720,15000,128
1100,20160112,11, 1,2,       1801 ,,145823,145823,145823732900,1,,,,,,0,721,131000,128,720,16000,128
1100,20160112,11, 1,2,       1801 ,,145823,145823,145823734200,1,,,,,,0,721,131000,128,720,17000,128
1100,20160112,11, 1,2,       1801 ,,145823,145823,145823743500,1,,,,,,0,721,126000,128,720,17000,128
1100,20160112,11, 1,2,       1801 ,,145825,145825,145825734700,1,,,,,,0,721,126000,128,720,22000,128
1100,20160112,11, 1,2,       1801 ,,145825,145825,145825736100,1,,,,,,0,721,124000,128,720,22000,128
1100,20160112,11, 1,2,       1801 ,,145825,145825,145825736800,1,,,,,,0,721,124000,128,720,29000,128
1100,20160112,11, 1,2,       1801 ,,145825,145825,145825762800,1,,,,,,0,721,124000,128,720,30000,128
1100,20160112,11, 1,2,       1801 ,145826,145826,145826,145826159400,1,720,16,0,2000,0,0,721,124000,128,720,28000,128
1100,20160112,11, 1,2,       1801 ,,145826,145826,145826421000,1,,,,,,0,721,124000,128,720,27000,128
1100,20160112,11, 1,2,       1801 ,,145826,145826,145826446000,1,,,,,,0,721,124000,128,720,26000,128
1100,20160112,11, 1,2,       1801 ,145827,145827,145827,145827094800,1,720,16,0,2000,0,0,721,124000,128,720,24000,128
1100,20160112,11, 1,2,       1801 ,,145827,145827,145827097300,1,,,,,,0,721,124000,128,720,23000,128
1100,20160112,11, 1,2,       1801 ,,145827,145827,145827098100,1,,,,,,0,721,124000,128,720,16000,128
1100,20160112,11, 1,2,       1801 ,,145829,145829,145829861300,1,,,,,,0,721,124000,128,720,23000,128
1100,20160112,11, 1,2,       1801 ,,145829,145829,145829863800,1,,,,,,0,721,124000,128,720,24000,128
1100,20160112,11, 1,2,       1801 ,,145830,145830,145830147800,1,,,,,,0,721,124000,128,720,25000,128
1100,20160112,11, 1,2,       1801 ,,145830,145830,145830296800,1,,,,,,0,721,124000,128,720,24000,128
1100,20160112,11, 1,2,       1801 ,,145831,145831,145831755600,1,,,,,,0,721,124000,128,720,25000,128
1100,20160112,11, 1,2,       1801 ,,145831,145831,145831957500,1,,,,,,0,721,124000,128,720,24000,128
1100,20160112,11, 1,2,       1801 ,,145831,145831,145831959800,1,,,,,,0,721,124000,128,720,17000,128
1100,20160112,11, 1,2,       1801 ,,145833,145833,145833769300,1,,,,,,0,721,124000,128,720,18000,128
1100,20160112,11, 1,2,       1801 ,,145833,145833,145833771700,1,,,,,,0,721,124000,128,720,25000,128
1100,20160112,11, 1,2,       1801 ,,145834,145834,145834966100,1,,,,,,0,721,124000,128,720,24000,128
1100,20160112,11, 1,2,       1801 ,,145836,145836,145836931400,1,,,,,,0,721,124000,128,720,25000,128
1100,20160112,11, 1,2,       1801 ,,145837,145837,145837458300,1,,,,,,0,721,124000,128,720,24000,128
1100,20160112,11, 1,2,       1801 ,,145838,145838,145838160400,1,,,,,,0,721,124000,128,720,25000,128
1100,20160112,11, 1,2,       1801 ,,145839,145839,145839274000,1,,,,,,0,721,124000,128,720,26000,128
1100,20160112,11, 1,2,       1801 ,,145841,145841,145841775700,1,,,,,,0,721,124000,128,720,27000,128
1100,20160112,11, 1,2,       1801 ,,145844,145844,145844276800,1,,,,,,0,721,124000,128,720,28000,128
1100,20160112,11, 1,2,       1801 ,,145845,145845,145845576400,1,,,,,,0,721,124000,128,720,30000,128
1100,20160112,11, 1,2,       1801 ,,145846,145846,145846920900,1,,,,,,0,721,124000,128,720,29000,128
1100,20160112,11, 1,2,       1801 ,,145846,145846,145846923700,1,,,,,,0,721,124000,128,720,28000,128
1100,20160112,11, 1,2,       1801 ,,145846,145846,145846934200,1,,,,,,0,721,124000,128,720,27000,128
1100,20160112,11, 1,2,       1801 ,,145847,145847,145847258800,1,,,,,,0,721,124000,128,720,20000,128
1100,20160112,11, 1,2,       1801 ,,145847,145847,145847546000,1,,,,,,0,721,124000,128,720,17000,128
1100,20160112,11, 1,2,       1801 ,,145847,145847,145847561800,1,,,,,,0,721,124000,128,720,21000,128
1100,20160112,11, 1,2,       1801 ,,145847,145847,145847665900,1,,,,,,0,721,124000,128,720,22000,128
1100,20160112,11, 1,2,       1801 ,,145848,145848,145848328600,1,,,,,,0,721,124000,128,720,21000,128
1100,20160112,11, 1,2,       1801 ,,145851,145851,145851787300,1,,,,,,0,721,124000,128,720,22000,128
1100,20160112,11, 1,2,       1801 ,,145852,145852,145852784100,1,,,,,,0,721,124000,128,720,23000,128
1100,20160112,11, 1,2,       1801 ,145855,145855,145855,145855126000,1,721,48,0,10000,0,0,721,114000,128,720,23000,128
1100,20160112,11, 1,2,       1801 ,,145855,145855,145855127300,1,,,,,,0,721,114000,128,720,23000,128
1100,20160112,11, 1,2,       1801 ,,145855,145855,145855128700,1,,,,,,0,721,114000,128,720,24000,128
1100,20160112,11, 1,2,       1801 ,,145855,145855,145855129800,1,,,,,,0,721,114000,128,720,26000,128
1100,20160112,11, 1,2,       1801 ,,145855,145855,145855130600,1,,,,,,0,721,110000,128,720,26000,128
1100,20160112,11, 1,2,       1801 ,,145855,145855,145855131500,1,,,,,,0,721,110000,128,720,33000,128
1100,20160112,11, 1,2,       1801 ,,145855,145855,145855132300,1,,,,,,0,721,110000,128,720,32000,128
1100,20160112,11, 1,2,       1801 ,145855,145855,145855,145855140700,1,720,16,0,1000,0,0,721,110000,128,720,31000,128
1100,20160112,11, 1,2,       1801 ,,145855,145855,145855285400,1,,,,,,0,721,110000,128,720,32000,128
1100,20160112,11, 1,2,       1801 ,145855,145855,145855,145855635300,1,721,48,0,10000,0,0,721,100000,128,720,32000,128
1100,20160112,11, 1,2,       1801 ,,145855,145855,145855637600,1,,,,,,0,721,100000,128,720,33000,128
1100,20160112,11, 1,2,       1801 ,145855,145855,145855,145855647500,1,720,16,0,2000,0,0,721,100000,128,720,31000,128
1100,20160112,11, 1,2,       1801 ,,145855,145855,145855649100,1,,,,,,0,721,100000,128,720,30000,128
1100,20160112,11, 1,2,       1801 ,,145855,145855,145855749100,1,,,,,,0,721,100000,128,720,34000,128
1100,20160112,11, 1,2,       1801 ,145856,145856,145856,145856143300,1,721,48,0,10000,0,0,721,90000,128,720,34000,128
1100,20160112,11, 1,2,       1801 ,,145856,145856,145856145700,1,,,,,,0,721,90000,128,720,35000,128
1100,20160112,11, 1,2,       1801 ,145856,145856,145856,145856155900,1,720,16,0,1000,0,0,721,90000,128,720,34000,128
1100,20160112,11, 1,2,       1801 ,,145856,145856,145856842400,1,,,,,,0,721,90000,128,720,34000,128
1100,20160112,11, 1,2,       1801 ,,145859,145859,145859152800,1,,,,,,0,721,90000,128,720,35000,128
1100,20160112,11, 1,2,       1801 ,,145859,145859,145859917900,1,,,,,,0,721,90000,128,720,51000,128
1100,20160112,11, 1,2,       1801 ,,145900,145900,145900031800,1,,,,,,0,721,91000,128,720,51000,128
1100,20160112,11, 1,2,       1801 ,,145900,145900,145900083500,1,,,,,,0,721,91000,128,720,46000,128
1100,20160112,11, 1,2,       1801 ,,145900,145900,145900085100,1,,,,,,0,721,91000,128,720,45000,128
1100,20160112,11, 1,2,       1801 ,,145900,145900,145900087100,1,,,,,,0,721,91000,128,720,44000,128
1100,20160112,11, 1,2,       1801 ,,145900,145900,145900089200,1,,,,,,0,721,91000,128,720,43000,128
1100,20160112,11, 1,2,       1801 ,145900,145900,145900,145900104000,1,721,48,0,1000,0,0,721,90000,128,720,43000,128
1100,20160112,11, 1,2,       1801 ,,145900,145900,145900110700,1,,,,,,0,721,90000,128,720,42000,128
1100,20160112,11, 1,2,       1801 ,,145900,145900,145900155600,1,,,,,,0,721,90000,128,720,47000,128
1100,20160112,11, 1,2,       1801 ,,145900,145900,145900158500,1,,,,,,0,721,90000,128,720,48000,128
1100,20160112,11, 1,2,       1801 ,,145900,145900,145900697200,1,,,,,,0,721,90000,128,720,47000,128
1100,20160112,11, 1,2,       1801 ,,145901,145901,145901031000,1,,,,,,0,721,89000,128,720,47000,128
1100,20160112,11, 1,2,       1801 ,,145901,145901,145901032700,1,,,,,,0,721,89000,128,720,31000,128
1100,20160112,11, 1,2,       1801 ,,145901,145901,145901033900,1,,,,,,0,721,89000,128,720,30000,128
1100,20160112,11, 1,2,       1801 ,,145902,145902,145902748500,1,,,,,,0,721,89000,128,720,31000,128
1100,20160112,11, 1,2,       1801 ,,145903,145903,145903195700,1,,,,,,0,721,89000,128,720,32000,128
1100,20160112,11, 1,2,       1801 ,,145903,145903,145903290600,1,,,,,,0,721,89000,128,720,33000,128
1100,20160112,11, 1,2,       1801 ,145903,145903,145903,145903696200,1,721,48,0,1000,0,0,721,88000,128,720,33000,128
1100,20160112,11, 1,2,       1801 ,,145903,145903,145903708200,1,,,,,,0,721,88000,128,720,33000,128
1100,20160112,11, 1,2,       1801 ,145903,145903,145903,145903844600,1,721,48,0,1000,0,0,721,87000,128,720,33000,128
1100,20160112,11, 1,2,       1801 ,,145905,145905,145905136200,1,,,,,,0,721,87000,128,720,29000,128
1100,20160112,11, 1,2,       1801 ,,145905,145905,145905146300,1,,,,,,0,721,87000,128,720,35000,128
1100,20160112,11, 1,2,       1801 ,,145906,145906,145906292500,1,,,,,,0,721,87000,128,720,36000,128
1100,20160112,11, 1,2,       1801 ,145907,145907,145907,145907013200,1,720,16,0,1000,0,0,721,87000,128,720,35000,128
1100,20160112,11, 1,2,       1801 ,145907,145907,145907,145907025800,1,720,16,0,1000,0,0,721,87000,128,720,34000,128
1100,20160112,11, 1,2,       1801 ,,145908,145908,145908239600,1,,,,,,0,721,87000,128,720,33000,128
1100,20160112,11, 1,2,       1801 ,,145908,145908,145908280000,1,,,,,,0,721,87000,128,720,34000,128
1100,20160112,11, 1,2,       1801 ,,145908,145908,145908794500,1,,,,,,0,721,87000,128,720,35000,128
1100,20160112,11, 1,2,       1801 ,,145909,145909,145909043800,1,,,,,,0,721,87000,128,720,38000,128
1100,20160112,11, 1,2,       1801 ,,145910,145910,145910533900,1,,,,,,0,721,87000,128,720,43000,128
1100,20160112,11, 1,2,       1801 ,,145910,145910,145910774500,1,,,,,,0,721,87000,128,720,44000,128
1100,20160112,11, 1,2,       1801 ,,145911,145911,145911419500,1,,,,,,0,721,90000,128,720,44000,128
1100,20160112,11, 1,2,       1801 ,,145912,145912,145912009500,1,,,,,,0,721,90000,128,720,37000,128
1100,20160112,11, 1,2,       1801 ,,145912,145912,145912017100,1,,,,,,0,721,90000,128,720,35000,128
1100,20160112,11, 1,2,       1801 ,,145915,145915,145915761800,1,,,,,,0,721,90000,128,720,36000,128
1100,20160112,11, 1,2,       1801 ,,145916,145916,145916106700,1,,,,,,0,721,90000,128,720,41000,128
1100,20160112,11, 1,2,       1801 ,,145917,145917,145917176000,1,,,,,,0,721,90000,128,720,40000,128
1100,20160112,11, 1,2,       1801 ,,145917,145917,145917197900,1,,,,,,0,721,90000,128,720,41000,128
1100,20160112,11, 1,2,       1801 ,,145920,145920,145920016600,1,,,,,,0,721,90000,128,720,40000,128
1100,20160112,11, 1,2,       1801 ,,145920,145920,145920081400,1,,,,,,0,721,90000,128,720,35000,128
1100,20160112,11, 1,2,       1801 ,,145920,145920,145920082700,1,,,,,,0,721,90000,128,720,34000,128
1100,20160112,11, 1,2,       1801 ,,145920,145920,145920859600,1,,,,,,0,721,90000,128,720,35000,128
1100,20160112,11, 1,2,       1801 ,,145922,145922,145922713000,1,,,,,,0,721,90000,128,720,40000,128
1100,20160112,11, 1,2,       1801 ,145924,145924,145924,145924068200,1,721,48,0,1000,0,0,721,89000,128,720,40000,128
1100,20160112,11, 1,2,       1801 ,,145925,145925,145925161700,1,,,,,,0,721,89000,128,720,40000,128
1100,20160112,11, 1,2,       1801 ,,145926,145926,145926037300,1,,,,,,0,721,89000,128,720,41000,128
1100,20160112,11, 1,2,       1801 ,,145927,145927,145927500400,1,,,,,,0,721,89000,128,720,40000,128
1100,20160112,11, 1,2,       1801 ,,145927,145927,145927512500,1,,,,,,0,721,89000,128,720,35000,128
1100,20160112,11, 1,2,       1801 ,,145927,145927,145927964500,1,,,,,,0,721,89000,128,720,40000,128
1100,20160112,11, 1,2,       1801 ,,145927,145927,145927966200,1,,,,,,0,721,89000,128,720,41000,128
1100,20160112,11, 1,2,       1801 ,,145929,145929,145929043100,1,,,,,,0,721,89000,128,720,36000,128
1100,20160112,11, 1,2,       1801 ,,145929,145929,145929044400,1,,,,,,0,721,89000,128,720,35000,128
1100,20160112,11, 1,2,       1801 ,,145930,145930,145930084400,1,,,,,,0,721,89000,128,720,40000,128
1100,20160112,11, 1,2,       1801 ,,145930,145930,145930086300,1,,,,,,0,721,89000,128,720,41000,128
1100,20160112,11, 1,2,       1801 ,,145930,145930,145930090100,1,,,,,,0,721,89000,128,720,40000,128
1100,20160112,11, 1,2,       1801 ,,145930,145930,145930093800,1,,,,,,0,721,89000,128,720,35000,128
1100,20160112,11, 1,2,       1801 ,,145930,145930,145930101600,1,,,,,,0,721,89000,128,720,34000,128
1100,20160112,11, 1,2,       1801 ,,145930,145930,145930107800,1,,,,,,0,721,89000,128,720,33000,128
1100,20160112,11, 1,2,       1801 ,,145930,145930,145930108800,1,,,,,,0,721,89000,128,720,32000,128
1100,20160112,11, 1,2,       1801 ,,145930,145930,145930175600,1,,,,,,0,721,105000,128,720,32000,128
1100,20160112,11, 1,2,       1801 ,145930,145930,145930,145930246500,1,721,48,0,2000,0,0,721,103000,128,720,32000,128
1100,20160112,11, 1,2,       1801 ,,145930,145930,145930247500,1,,,,,,0,721,103000,128,720,32000,128
1100,20160112,11, 1,2,       1801 ,,145930,145930,145930249400,1,,,,,,0,721,103000,128,720,33000,128
1100,20160112,11, 1,2,       1801 ,,145930,145930,145930250300,1,,,,,,0,721,103000,128,720,32000,128
1100,20160112,11, 1,2,       1801 ,,145930,145930,145930251100,1,,,,,,0,721,103000,128,720,33000,128
1100,20160112,11, 1,2,       1801 ,,145930,145930,145930262000,1,,,,,,0,721,103000,128,720,38000,128
1100,20160112,11, 1,2,       1801 ,,145930,145930,145930265100,1,,,,,,0,721,103000,128,720,39000,128
1100,20160112,11, 1,2,       1801 ,145930,145930,145930,145930456500,1,720,16,0,1000,0,0,721,103000,128,720,38000,128
1100,20160112,11, 1,2,       1801 ,,145930,145930,145930459600,1,,,,,,0,721,103000,128,720,37000,128
1100,20160112,11, 1,2,       1801 ,,145930,145930,145930460500,1,,,,,,0,721,103000,128,720,36000,128
1100,20160112,11, 1,2,       1801 ,,145930,145930,145930461300,1,,,,,,0,721,103000,128,720,35000,128
1100,20160112,11, 1,2,       1801 ,145931,145931,145931,145931760600,1,721,48,0,1000,0,0,721,102000,128,720,35000,128
1100,20160112,11, 1,2,       1801 ,,145931,145931,145931964100,1,,,,,,0,721,105000,128,720,35000,128
1100,20160112,11, 1,2,       1801 ,,145932,145932,145932411400,1,,,,,,0,721,105000,128,720,37000,128
1100,20160112,11, 1,2,       1801 ,,145932,145932,145932753300,1,,,,,,0,721,105000,128,720,31000,128
1100,20160112,11, 1,2,       1801 ,,145932,145932,145932760100,1,,,,,,0,721,105000,128,720,37000,128
1100,20160112,11, 1,2,       1801 ,,145933,145933,145933812200,1,,,,,,0,721,105000,128,720,38000,128
1100,20160112,11, 1,2,       1801 ,145935,145935,145935,145935008700,1,721,48,0,1000,0,0,721,104000,128,720,38000,128
1100,20160112,11, 1,2,       1801 ,,145935,145935,145935010200,1,,,,,,0,721,104000,128,720,39000,128
1100,20160112,11, 1,2,       1801 ,145935,145935,145935,145935048600,1,720,16,0,1000,0,0,721,104000,128,720,38000,128
1100,20160112,11, 1,2,       1801 ,,145935,145935,145935050100,1,,,,,,0,721,104000,128,720,37000,128
1100,20160112,11, 1,2,       1801 ,,145935,145935,145935527800,1,,,,,,0,721,104000,128,720,36000,128
1100,20160112,11, 1,2,       1801 ,,145935,145935,145935652500,1,,,,,,0,721,104000,128,720,37000,128
1100,20160112,11, 1,2,       1801 ,,145935,145935,145935730800,1,,,,,,0,721,106000,128,720,37000,128
1100,20160112,11, 1,2,       1801 ,,145936,145936,145936034100,1,,,,,,0,721,106000,128,720,32000,128
1100,20160112,11, 1,2,       1801 ,,145936,145936,145936314600,1,,,,,,0,721,106000,128,720,33000,128
1100,20160112,11, 1,2,       1801 ,,145937,145937,145937015700,1,,,,,,0,721,106000,128,720,38000,128
1100,20160112,11, 1,2,       1801 ,,145937,145937,145937020000,1,,,,,,0,721,106000,128,720,39000,128
1100,20160112,11, 1,2,       1801 ,,145937,145937,145937491600,1,,,,,,0,721,90000,128,720,39000,128
1100,20160112,11, 1,2,       1801 ,,145937,145937,145937714600,1,,,,,,0,721,96000,128,720,39000,128
1100,20160112,11, 1,2,       1801 ,145937,145937,145937,145937987500,1,721,48,0,2000,0,0,721,94000,128,720,39000,128
1100,20160112,11, 1,2,       1801 ,,145937,145937,145937989300,1,,,,,,0,721,94000,128,720,43000,128
1100,20160112,11, 1,2,       1801 ,,145938,145938,145938486600,1,,,,,,0,721,88000,128,720,43000,128
1100,20160112,11, 1,2,       1801 ,,145938,145938,145938488300,1,,,,,,0,721,94000,128,720,43000,128
1100,20160112,11, 1,2,       1801 ,,145938,145938,145938816600,1,,,,,,0,721,94000,128,720,44000,128
1100,20160112,11, 1,2,       1801 ,,145944,145944,145944076100,1,,,,,,0,721,94000,128,720,42000,128
1100,20160112,11, 1,2,       1801 ,,145945,145945,145945632900,1,,,,,,0,721,94000,128,720,43000,128
1100,20160112,11, 1,2,       1801 ,,145946,145946,145946083900,1,,,,,,0,721,98000,128,720,43000,128
1100,20160112,11, 1,2,       1801 ,,145947,145947,145947600900,1,,,,,,0,721,98000,128,720,44000,128
1100,20160112,11, 1,2,       1801 ,,145947,145947,145947781400,1,,,,,,0,721,98000,128,720,45000,128
1100,20160112,11, 1,2,       1801 ,,145948,145948,145948486400,1,,,,,,0,721,92000,128,720,45000,128
1100,20160112,11, 1,2,       1801 ,145948,145948,145948,145948488200,1,720,16,0,2000,0,0,721,92000,128,720,43000,128
1100,20160112,11, 1,2,       1801 ,,145948,145948,145948489200,1,,,,,,0,721,92000,128,720,42000,128
1100,20160112,11, 1,2,       1801 ,,145948,145948,145948490000,1,,,,,,0,721,93000,128,720,42000,128
1100,20160112,11, 1,2,       1801 ,,145949,145949,145949003400,1,,,,,,0,721,93000,128,720,37000,128
1100,20160112,11, 1,2,       1801 ,,145949,145949,145949011400,1,,,,,,0,721,93000,128,720,42000,128
1100,20160112,11, 1,2,       1801 ,,145949,145949,145949040600,1,,,,,,0,721,93000,128,720,37000,128
1100,20160112,11, 1,2,       1801 ,,145949,145949,145949050100,1,,,,,,0,721,93000,128,720,42000,128
1100,20160112,11, 1,2,       1801 ,,145949,145949,145949086200,1,,,,,,0,721,93000,128,720,37000,128
1100,20160112,11, 1,2,       1801 ,,145949,145949,145949093900,1,,,,,,0,721,93000,128,720,42000,128
1100,20160112,11, 1,2,       1801 ,,145949,145949,145949111800,1,,,,,,0,721,93000,128,720,37000,128
1100,20160112,11, 1,2,       1801 ,,145949,145949,145949115900,1,,,,,,0,721,93000,128,720,42000,128
1100,20160112,11, 1,2,       1801 ,,145949,145949,145949121100,1,,,,,,0,721,93000,128,720,37000,128
1100,20160112,11, 1,2,       1801 ,,145949,145949,145949123200,1,,,,,,0,721,93000,128,720,38000,128
1100,20160112,11, 1,2,       1801 ,,145949,145949,145949311600,1,,,,,,0,721,93000,128,720,37000,128
1100,20160112,11, 1,2,       1801 ,,145949,145949,145949358700,1,,,,,,0,721,93000,128,720,38000,128
1100,20160112,11, 1,2,       1801 ,,145950,145950,145950001500,1,,,,,,0,721,93000,128,720,33000,128
1100,20160112,11, 1,2,       1801 ,,145950,145950,145950012500,1,,,,,,0,721,94000,128,720,33000,128
1100,20160112,11, 1,2,       1801 ,,145950,145950,145950022400,1,,,,,,0,721,94000,128,720,32000,128
1100,20160112,11, 1,2,       1801 ,,145950,145950,145950112100,1,,,,,,0,721,94000,128,720,33000,128
1100,20160112,11, 1,2,       1801 ,,145950,145950,145950127300,1,,,,,,0,721,94000,128,720,32000,128
1100,20160112,11, 1,2,       1801 ,,145950,145950,145950128800,1,,,,,,0,721,94000,128,720,37000,128
1100,20160112,11, 1,2,       1801 ,,145951,145951,145951042300,1,,,,,,0,721,94000,128,720,32000,128
1100,20160112,11, 1,2,       1801 ,,145951,145951,145951231900,1,,,,,,0,721,111000,128,720,32000,128
1100,20160112,11, 1,2,       1801 ,145951,145951,145951,145951233300,1,720,16,0,1000,0,0,721,111000,128,720,31000,128
1100,20160112,11, 1,2,       1801 ,,145951,145951,145951234400,1,,,,,,0,721,111000,128,720,31000,128
1100,20160112,11, 1,2,       1801 ,,145951,145951,145951236100,1,,,,,,0,721,111000,128,720,30000,128
1100,20160112,11, 1,2,       1801 ,,145951,145951,145951237000,1,,,,,,0,721,111000,128,720,29000,128
1100,20160112,11, 1,2,       1801 ,,145951,145951,145951237700,1,,,,,,0,721,111000,128,720,28000,128
1100,20160112,11, 1,2,       1801 ,145951,145951,145951,145951240200,1,720,16,0,7000,0,0,721,111000,128,720,21000,128
1100,20160112,11, 1,2,       1801 ,,145951,145951,145951241500,1,,,,,,0,721,111000,128,720,21000,128
1100,20160112,11, 1,2,       1801 ,145951,145951,145951,145951411300,1,720,16,0,10000,0,0,721,111000,128,720,11000,128
1100,20160112,11, 1,2,       1801 ,,145951,145951,145951529500,1,,,,,,0,721,111000,128,720,11000,128
1100,20160112,11, 1,2,       1801 ,145952,145952,145952,145952733300,1,720,16,0,8000,0,0,721,111000,128,720,3000,128
1100,20160112,11, 1,2,       1801 ,,145952,145952,145952735300,1,,,,,,0,721,111000,128,720,7000,128
1100,20160112,11, 1,2,       1801 ,,145952,145952,145952740300,1,,,,,,0,721,111000,128,720,8000,128
1100,20160112,11, 1,2,       1801 ,,145953,145953,145953029600,1,,,,,,0,721,111000,128,720,9000,128
1100,20160112,11, 1,2,       1801 ,,145953,145953,145953617200,1,,,,,,0,721,107000,128,720,9000,128
1100,20160112,11, 1,2,       1801 ,,145954,145954,145954343200,1,,,,,,0,721,107000,128,720,8000,128
1100,20160112,11, 1,2,       1801 ,,145954,145954,145954350900,1,,,,,,0,721,107000,128,720,9000,128
1100,20160112,11, 1,2,       1801 ,,145954,145954,145954794700,1,,,,,,0,721,107000,128,720,10000,128
1100,20160112,11, 1,2,       1801 ,,145954,145954,145954795800,1,,,,,,0,721,107000,128,720,11000,128
1100,20160112,11, 1,2,       1801 ,,145954,145954,145954796700,1,,,,,,0,721,107000,128,720,12000,128
1100,20160112,11, 1,2,       1801 ,,145955,145955,145955197100,1,,,,,,0,721,107000,128,720,17000,128
1100,20160112,11, 1,2,       1801 ,,145955,145955,145955372400,1,,,,,,0,721,107000,128,720,12000,128
1100,20160112,11, 1,2,       1801 ,,145955,145955,145955374500,1,,,,,,0,721,107000,128,720,8000,128
1100,20160112,11, 1,2,       1801 ,,145955,145955,145955375200,1,,,,,,0,721,107000,128,720,7000,128
1100,20160112,11, 1,2,       1801 ,,145955,145955,145955489100,1,,,,,,0,721,107000,128,720,6000,128
1100,20160112,11, 1,2,       1801 ,,145955,145955,145955923600,1,,,,,,0,721,107000,128,720,5000,128
1100,20160112,11, 1,2,       1801 ,,145955,145955,145955924400,1,,,,,,0,721,107000,128,720,4000,128
1100,20160112,11, 1,2,       1801 ,,145955,145955,145955925200,1,,,,,,0,721,107000,128,720,3000,128
1100,20160112,11, 1,2,       1801 ,,145955,145955,145955926700,1,,,,,,0,721,107000,128,720,7000,128
1100,20160112,11, 1,2,       1801 ,,145957,145957,145957527600,1,,,,,,0,721,90000,128,720,7000,128
1100,20160112,11, 1,2,       1801 ,,145957,145957,145957530000,1,,,,,,0,721,90000,128,720,3000,128
1100,20160112,11, 1,2,       1801 ,145958,145958,145958,145958017000,1,720,16,0,3000,0,0,721,90000,128,719,83000,128
1100,20160112,11, 1,2,       1801 ,,145958,145958,145958019100,1,,,,,,0,721,89000,128,719,83000,128
1100,20160112,11, 1,2,       1801 ,,145958,145958,145958020300,1,,,,,,0,721,89000,128,719,81000,128
1100,20160112,11, 1,2,       1801 ,,145958,145958,145958021400,1,,,,,,0,720,6000,128,719,81000,128
1100,20160112,11, 1,2,       1801 ,,145958,145958,145958022300,1,,,,,,0,720,6000,128,719,80000,128
1100,20160112,11, 1,2,       1801 ,145958,145958,145958,145958023300,1,720,48,0,1000,0,0,720,5000,128,719,80000,128
1100,20160112,11, 1,2,       1801 ,,145958,145958,145958024500,1,,,,,,0,720,8000,128,719,80000,128
1100,20160112,11, 1,2,       1801 ,145958,145958,145958,145958025700,1,720,48,0,2000,0,0,720,6000,128,719,80000,128
1100,20160112,11, 1,2,       1801 ,,145958,145958,145958026800,1,,,,,,0,720,10000,128,719,80000,128
1100,20160112,11, 1,2,       1801 ,,145958,145958,145958027800,1,,,,,,0,720,10000,128,719,76000,128
1100,20160112,11, 1,2,       1801 ,,145958,145958,145958085300,1,,,,,,0,720,10000,128,719,72000,128
1100,20160112,11, 1,2,       1801 ,,145958,145958,145958259000,1,,,,,,0,720,12000,128,719,72000,128
1100,20160112,11, 1,2,       1801 ,,145958,145958,145958774600,1,,,,,,0,720,9000,128,719,72000,128
1100,20160112,11, 1,2,       1801 ,,145959,145959,145959463500,1,,,,,,0,720,9000,128,719,71000,128
1100,20160112,11, 1,2,       1801 ,150000,150000,150000,150000000000,1,720,48,128,829000,0,1,721,88000,128,719,61000,128
